1 -0.0939512081244
2 -0.000893721223231
3 -0.000633984664463
4 -0.000668705809051
5 -0.000157046181256
6 -0.000185656211897
7 -5.57210728549e-05
8 -6.26153357846e-05
9 -1.94185558208e-05
10 -2.60736028669e-05
11 -6.72226775639e-06
12 -1.2075483735e-05
13 -2.59354100641e-06
14 -5.347161104e-06
15 -1.14576346798e-06
16 -2.11210012558e-06
17 -5.26287848097e-07
18 -7.48086710236e-07
19 -2.28066080952e-07
20 -2.57730064206e-07
21 -9.06394166492e-08
22 -9.96735236194e-08
23 -3.46814943707e-08
24 -4.56143379706e-08
25 -1.45451217956e-08
26 -2.19325970277e-08
27 -7.62900435271e-09
28 -9.78655146165e-09
29 -4.99468670158e-09
30 -3.88230769131e-09
31 -3.7945550933e-09
32 -1.41517749583e-09
33 -3.21122774525e-09
34 -5.34215587466e-10
35 -2.94737279839e-09
36 -2.44529508575e-10
37 -2.84217712921e-09
38 -1.39077141785e-10
39 -2.80455301856e-09
40 -9.04908367516e-11
41 -2.79130528355e-09
42 -6.57332852702e-11
43 -2.78601907682e-09
44 -5.4094125785e-11
45 -2.78355914138e-09
46 -4.93899666331e-11
47 -2.78238222286e-09
48 -4.77383699546e-11
49 -2.78186526846e-09
50 -4.71843664702e-11
51 -2.78166409583e-09
52 -4.69711468259e-11
53 -2.781592462e-09
