-0.0828292428295 0.996563754374 1.6537205741 -0.0
0.3014502157 0.264126963394 0.719502268892 0.457154698038
-0.0306476648192 0.403710286216 1.64656599024 0.452092249902
-0.338236030295 0.215432769174 2.57446022328 0.456875331408
0.205728521254 0.171094546606 0.693745223082 0.659173541846
-0.224472526074 0.14648173259 2.56342007356 0.658311715476
-0.0149310554001 0.270695404977 1.62589863191 0.652621078112
-0.0134396043035 0.198918492574 1.63825717578 0.806291456051
0.0998212594986 0.0759773854231 0.650589066181 1.03793759433
-0.105958919158 0.0705509660017 2.55416728879 1.03061300514
-0.00300456391622 0.12753171944 1.59435131552 1.0295563605
0.0894620453127 0.0704385467637 0.666983967811 1.08637456986
-0.0927355399298 0.0616611495287 2.55480448569 1.09747483124
-0.00483059535973 0.113977589417 1.61315295328 1.08542806186
-0.00347082299225 0.10197294353 1.60481989707 1.14123442351
-0.0630020904617 -0.0215717293707 -2.81170706204 1.35457930065
0.0622762109408 -0.0180258363601 -0.281749823019 1.36797388109
-0.0551612895777 0.0384496025975 2.53285630698 1.34974778677
0.052466406429 0.0405330944952 0.657779655021 1.35678465004
-0.00155272054257 0.0671528597863 1.59391438793 1.35025826135
-0.0015345772898 0.0644447234451 1.59460413073 1.37083199546
-0.03715151743 0.0264402972794 2.52306524453 1.54392804128
-0.0012065197495 0.0438563961674 1.59830008025 1.56322821509
0.034959010359 0.0245575244206 0.612379239275 1.57651582306
0.0310549087318 0.0109099455105 0.337842685092 1.70690485144
-0.0247231993293 0.0183215293208 2.50383368706 1.74057530075
0.00692397445765 0.0300292824651 1.3441827614 1.73984130649
-9.10413949251e-05 0.0308464915426 1.57374775258 1.73936395298
0.0250159507627 0.0176279067239 0.613851096038 1.74332934414
0.0148992523903 -0.0290516540136 -1.09691860109 1.71096369595
0.0176046767037 -0.0259476575313 -0.974667443514 1.73117308282
0.0221612927387 -0.0188098509347 -0.703779827622 1.76906319111
-0.00141804149384 -0.0310787971647 -1.61639199975 1.73509480621
-0.00977502015882 -0.029731928393 -1.8884359151 1.73210723218
-0.014080151655 -0.02752733251 -2.04359928103 1.73818693065
0.00407483684143 -0.029365326272 -1.43291327472 1.75920226851
-0.0157084304704 -0.0252010917616 -2.12818909632 1.75837219889
-0.0189304802057 -0.0205775206887 -2.31452983294 1.78847872025
0.0156132712796 -0.0215891443904 -0.944668925842 1.81260879741
0.00816192134857 -0.024996806912 -1.25519155758 1.8191772839
-0.00536623481236 -0.0247706615438 -1.78413636271 1.83758179578
-0.0203314853594 0.0143439187806 2.52718310954 1.84680394984
0.000387013327082 0.0252129590308 1.55544775405 1.84013968771
0.0202757004909 0.0138774676827 0.600205398239 1.8531132046
0.00065130253169 0.0232106182611 1.54274314608 1.88137593963
-0.0205035053939 -0.00148933504914 -3.06908193435 1.94226410174
-0.00477711964691 -0.0188283176181 -1.8192730354 1.97059997975
-0.0139840428212 0.00944723008799 2.54745001927 2.04092767577
0.0103287209631 -0.0156551584056 -0.987587237824 1.98813576609
0.000650991551964 0.0163117370554 1.53090810059 2.0575373096
0.0136760148886 0.00822917696031 0.541685677393 2.06880428583
-0.0150593860449 -0.00602768767235 -2.76086113907 2.06072686889
-0.00935547211594 -0.0139492608031 -2.16157135177 2.04330626602
-0.00983889314706 0.0113620686285 2.28447308042 2.09885406674
0.0106093819726 -0.0131573572841 -0.892197853493 2.04016390725
0.0137788206073 -0.00689879445075 -0.46419230528 2.08638914754
0.00860013990574 -0.0139847595835 -1.01944564187 2.05470223521
0.000835533112558 0.0143535187416 1.51265091309 2.1210343802
0.00667329194756 -0.0132378937957 -1.10386990247 2.10572695509
0.00921295334623 -0.0111122556665 -0.878573235371 2.11905991896
-0.00428605087915 -0.0145250274427 -1.85773363623 2.09506898114
-0.00712405048444 -0.0124123552348 -2.09183988503 2.12334639163
-0.00380135301461 -0.0136623375875 -1.84216844725 2.1279149409
0.00428416628688 -0.0122087167262 -1.23331064598 2.17377087785
-0.00955723785479 0.00678361888214 2.52432729683 2.22322946482
0.0100604119683 0.00563295374776 0.510421960708 2.23139929678
-0.00262902178058 0.0113800321623 1.79783381478 2.22494875282
0.000241162759332 0.0118879102963 1.5505127211 2.21601380517
0.000711397757149 0.0114720204039 1.50886408182 2.23296259391
-0.00728642394607 -0.0100414089801 -2.1985223217 2.19476635837
-0.0103622548615 -0.00413363497985 -2.76202396243 2.24787498855
-0.00729981934 -0.00840449445537 -2.28596802019 2.24896276127
-0.00336869756589 -0.0117057276212 -1.85100658922 2.20394667368
-0.00198129503789 -0.0118751038385 -1.73611796689 2.20979142761
0.00104843165812 -0.0122567960354 -1.48546523885 2.19901479666
0.00791635160215 -0.00966913714529 -0.884742318005 2.19115602074
0.00981101020597 -0.00562702993995 -0.520738134083 2.24102756997
0.00661982569637 -0.00990340932103 -0.981567679742 2.21509768332
0.00318338088835 -0.0113763354564 -1.2979500863 2.21926308149
0.00161924246924 -0.0112411420878 -1.42773430677 2.23895318033
0.00677420991531 -0.00890528941198 -0.920485426351 2.24641130728
-0.00479094535127 -0.00952669812301 -2.0367586351 2.27046230834
-0.00803937650172 0.00682765900382 2.43751837335 2.27593602552
0.00651729666253 0.00871434775919 0.928652644174 2.26032876187
-3.2414320651e-05 0.0109929505896 1.57374496433 2.25524835994
-0.00421913692793 0.00933090641345 1.99545166773 2.29070458404
0.000437494392821 0.0103678691827 1.52862420879 2.28407712469
0.00621100561663 0.00787036310743 0.902697841282 2.30129043553
0.00796490330156 0.00550962183342 0.605159071326 2.3185981066
-0.00190182862527 -0.00993565347383 -1.75992318108 2.29681675016
-0.0030075872239 -0.00917580083341 -1.88753499543 2.32008101789
-0.00172254463848 0.00947938350171 1.75054978807 2.32119629205
0.00828213203964 -0.00447098326766 -0.495005367571 2.33289151215
-0.00475216409492 -0.0077226380093 -2.12242984551 2.35152130056
0.00698029387408 -0.00587778105715 -0.69986259709 2.34834710998
0.00369813131561 -0.00833941401692 -1.15340089525 2.34849970138
0.00104253971255 0.00886935448017 1.4537892009 2.35914612519
0.00842311041805 -0.000412985301425 -0.04899079157 2.38778779072
0.00438137147299 0.00663228726153 0.986996830578 2.417366247
-0.00320248974101 -0.00686490798375 -2.00728783282 2.44144104267
-0.00113518312972 -0.00755448903975 -1.71994644715 2.43722447631
0.00417695097426 -0.00675033229577 -1.0166844335 2.41803878325
0.00342097587083 -0.00698311810512 -1.11526751574 2.42835313962
0.00556433169551 -0.00514334719242 -0.746102271632 2.44129772488
-0.00663508487097 0.00319275428439 2.69310378462 2.45562425663
-0.00246845817899 0.00688307783135 1.91513598191 2.45909723618
0.00727497363588 -0.00108789354936 -0.148439231728 2.45612864446
-0.00683765669934 -0.00189109173528 -2.87176727403 2.47422841654
-0.00488612519234 -0.00568524940392 -2.28074477004 2.44666499806
-0.0042208577871 -0.00589455399764 -2.19222007907 2.46338210231
0.00177418511856 -0.00725026743185 -1.33080627172 2.44881927744
0.00261990822287 -0.00644385992123 -1.1846352777 2.48406855331
0.00374875669325 -0.00559305404136 -0.980315547278 2.50035542659
0.00423730903762 -0.00500005166438 -0.8677827574 2.51383760312
0.00139468206756 -0.00662011237134 -1.36315919235 2.49796482244
-0.00326851578771 -0.00571176941168 -2.09055561557 2.51179615155
-0.00220876975877 -0.0065210660602 -1.89738072978 2.48920643719
-0.00232157069884 -0.00606553375573 -1.93634237041 2.51838878273
-0.0017502653705 -0.00623396714582 -1.84451212976 2.51990243981
0.00184041213296 0.00651639322039 1.29553752983 2.49753112761
-0.00639369229679 -0.00178313189015 -2.86961426853 2.50749601971
0.00607812146928 0.000601957143438 0.0987148077257 2.54908967962
0.00615500853023 -0.0017963606426 -0.283966265277 2.52480845533
-0.00349045317407 -0.00492365014202 -2.18748099209 2.55505972408
0.00247778148127 -0.00584457864626 -1.16981938293 2.52979907378
0.00348747167053 -0.00483471640599 -0.945891688664 2.56123445008
0.0028170429511 -0.00504468451603 -1.06151309376 2.57685416382
0.000107943511852 0.00621361822555 1.55342598778 2.54043051788
0.00583985888513 -0.00135536642693 -0.228051429953 2.55840817224
-0.0042318881874 0.00338988467274 2.46622177894 2.60862730658
-0.00531530059365 -0.0022259621869 -2.74499887781 2.57818499544
-0.00585927120538 0.000258751171782 3.09746034525 2.56937795211
-0.00163144364763 -0.00547746274788 -1.86027635451 2.58230767028
-0.00560343818597 -0.000292823264672 -3.08938236123 2.59150566544
0.00442994313169 0.00301999897034 0.598354661836 2.61426350673
0.00534742243755 -0.0010767486591 -0.1987014137 2.60563410366
0.00442537701732 -0.00300796357271 -0.596976868175 2.6152480848
-0.00037237193728 -0.00535821503764 -1.64018029016 2.61335768687
-0.00488709201236 0.00108217352389 2.9236739498 2.64861160357
0.00466772615809 0.000497035460082 0.106083677418 2.68072288547
0.00441224023095 -0.00192792002525 -0.411947121166 2.6680040692
-0.00137498671102 -0.00482632707045 -1.84833650261 2.64732520853
0.00122980214257 -0.00485780861626 -1.32284589732 2.64805394913
-0.00278043385246 -0.00402178221122 -2.17568904732 2.66035003397
-0.00483323121735 -0.000824465235753 -2.97263629747 2.65894924597
-0.00309669005387 -0.00342572455566 -2.30579048647 2.68890670148
-0.00202880779681 -0.00399169916043 -2.04102744797 2.70432380165
-0.00272892915381 -0.00338977649415 -2.24860709692 2.71858978361
0.00270854243765 -0.00351700604312 -0.91453768417 2.70865276651
0.00160001763103 -0.00410271931966 -1.19894932977 2.71265781715
0.00102427731864 0.00479454047744 1.36032608773 2.65898153307
-0.00391420788109 -0.00190858630681 -2.68791033521 2.71824565319
-0.00301017704136 -0.00247272644348 -2.45390532711 2.77395637816
-0.00353749828221 0.00230150664208 2.56479371829 2.73392600791
0.0037336639582 0.00169226597799 0.425549515101 2.74847324208
0.00274238440596 0.00324985572397 0.869884648314 2.73014515586
-0.0014935840696 0.00418066321967 1.91392422428 2.70861211264
0.00028269013884 0.00449709993318 1.50801838585 2.70117535931
-0.00273214694289 0.00270520495709 2.36114943256 2.78051221711
0.00400484079807 -0.00127634598457 -0.308523985037 2.73594157025
0.00226102733073 0.00314826385226 0.947971430496 2.7764685726
0.00235753118687 -0.00297836434087 -0.901227680609 2.78657442351
0.00404285416278 0.00014058900952 0.0347606850231 2.7551000431
0.00395468939781 -0.000561983953202 -0.141160575165 2.76142839794
-0.00421209143837 -0.000645923607373 -2.98942818597 2.72908700489
-0.00414478115188 1.7616875818e-05 3.13734230379 2.74294812856
-0.00331129209624 -0.00170791884496 -2.66539596979 2.79623582524
0.00335152374533 0.00159246410244 0.443567696222 2.79827901179
-0.00381412398071 0.000508072844339 3.0091640054 2.78012492089
0.000333855985777 0.00425504754379 1.49249557642 2.72829035103
-0.000733078545328 0.00422680302245 1.74252377529 2.72574557586
0.0014457665721 0.00361208810533 1.19006769617 2.77458515936
0.00292055883375 0.00200316607358 0.601189530154 2.82160014481
-0.00344000269105 0.00137710095537 2.76081067583 2.79898136922
0.000858684320269 0.00367466213672 1.34123841987 2.78985547597
-0.00160678941805 0.00354181532813 1.99669195846 2.77477009095
-0.00288396847804 0.00206641291906 2.51986714399 2.82070482159
-0.00127552179172 0.00363927159477 1.90790601208 2.77902012458
-0.00178623093921 0.0030776309089 2.09667305084 2.81921774531
-0.00236050251703 0.00253961115329 2.31965882051 2.83220144514
-0.00375287405683 -0.000719390662887 -2.95219952276 2.78359509077
-0.000217975823764 0.00404856559361 1.62458465341 2.75397267245
-0.000132686662829 -0.00362589864406 -1.60737415069 2.80949200088
0.000803270531766 -0.00372112687005 -1.35819109773 2.78547795061
0.00244392049455 -0.0021514649057 -0.721842729837 2.86362761773
0.00352807557594 -0.000471930018337 -0.132974796466 2.81906769612
-0.00281259077435 0.00155660526353 2.63611083696 2.87002535882
0.00253121532544 0.00210516675476 0.6937630509 2.85809507268
-0.00292514309677 0.000308574645297 3.03649092446 2.9144392461
5.19694278789e-05 0.00369035783848 1.55671476747 2.800966351
-0.00186112107854 -0.00114976373153 -2.58820196681 3.06246808458
-0.00173970069853 0.0021681984693 2.24698164506 2.94267666047
0.00108351868539 0.0028257191496 1.20463912046 2.900201538
-0.00043443086785 0.00327798023856 1.70255851889 2.85591097741
0.00275963229184 0.000643579265168 0.229116827026 2.93308883461
0.00226866896837 0.00104670777924 0.432273241491 2.99603421329
-0.000448137396963 -0.000585349923332 -2.22419990103 3.60632666923
0.0013816564209 0.00038895721861 0.274413150505 3.27316932745
0.000670055028219 0.00172925011265 1.20112681526 3.14506212502
2.26792077163e-05 1.24291146657e-05 0.501337223731 5.28137304114
