#0.31    0.1360439191    -4.55172
#0.3    0.1815611191    -2.63756963
#0.29    0.2079368154    -1.96955687
#0.28    0.2276323841    -1.6848302
#0.27    0.2444806861    -1.56177019
0.26    0.260098388    -1.3054699
0.25    0.2753038579    -1.40501155
0.24    0.2905539734    -1.55743991
0.23    0.3061283725    -1.60555015
0.22    0.322183874    -1.66134278
0.21    0.3387973018    -1.72056596
0.2    0.3560029614    -1.7774535
0.19    0.3737774964    -1.82786422
0.18    0.3920561386    -1.866918962
0.17    0.41072532822    -1.889849374
0.16    0.42962382196    -1.892659095
0.15    0.44855041291    -1.871292752
0.14    0.46726334043    -1.822948786
0.13    0.48549282829    -1.74575098
0.12    0.50295033809    -1.639019218
0.11    0.51934053027    -1.506603482
0.1    0.53440656509    -1.35191247
0.09    0.54792568979    -1.181537891
0.08    0.5597410687    -1.004990422
0.07    0.56979097292    -0.828627116
0.06    0.57807724408    -0.603041403
0.05    0.58410765811    -0.348594087
0.04    0.58759359898    -0.391220777
0.03    0.59150580675    -0.293563023
