0.29    0.4177270603    6.26500892
0.28    0.3550769711    1.67019645
0.27    0.3383750066    0.24440239
0.26    0.3359309827    -0.314856686
0.25    0.33907954956    -0.558364515
0.24    0.34466319471    -0.67275187
0.23    0.35139071341    -0.72903265
0.22    0.35868103991    -0.755572232
0.21    0.36623676223    -0.763687665
0.2    0.37387363888    -0.758533965
0.19    0.38145897853    -0.743037026
0.18    0.38888934879    -0.718826441
0.17    0.3960776132    -0.687771154
0.16    0.40295532474    -0.651955606
0.15    0.4094748808    -0.610881113
0.14    0.41558369193    -0.566668459
0.13    0.42125037652    -0.519779462
0.12    0.42644817114    -0.471264809
0.11    0.43116081923    -0.421873389
0.1    0.43537955312    -0.372255343
0.09    0.43910210655    -0.323243421
0.08    0.44233454076    -0.27539597
0.07    0.44508850046    -0.229125535
0.06    0.44737975581    -0.184910798
0.05    0.44922886379    -0.143003952
0.04    0.45065890331    -0.1026195564
0.03    0.451685098874    -0.064314202
0.02    0.452328240894    -0.02761050773
0.01    0.452604345971    85.6225440674
0.0    -0.403621094702    4.84708209477
