#0.29    0.427556319    5.84925917
#0.28    0.3690637273    1.79744338
0.27    0.3510892935    -0.23535009
0.26    0.3487357926    -0.43363698
0.25    0.3530721624    -0.75524765
0.24    0.3606246389    -0.92427482
0.23    0.3698673871    -1.01866562
0.22    0.3800540433    -1.068598673
0.21    0.39074003003    -1.089451832
0.2    0.40163454835    -1.087583162
0.19    0.41251037997    -1.068042093
0.18    0.4231908009    -1.033417745
0.17    0.43352497835    -0.986414464
0.16    0.44338912299    -0.927608791
0.15    0.4526652109    -0.859073801
0.14    0.46125594891    -0.784995819
0.13    0.4691059071    -0.705423982
0.12    0.47616014692    -0.623824907
0.11    0.48239839599    -0.542898623
0.1    0.48782738222    -0.464680245
0.09    0.49247418467    -0.389384354
0.08    0.49636802821    -0.31910145
0.07    0.49955904271    -0.255404013
0.06    0.50211308284    -0.198644298
0.05    0.50409952582    -0.150203212
0.04    0.50560155794    -0.10681102
0.03    0.50666966814    -0.0711020902
0.02    0.507380689042    -0.0410531792
0.01    0.507791220834    55.8094817466
