0.32 0.143754208375
0.31 0.14162910128
0.3 0.139352909433
0.29 0.136978723877
0.28 0.134503656231
0.27 0.131920012614
0.26 0.129219596805
0.25 0.126394260602
0.24 0.123435892967
0.23 0.1203364864
0.22 0.117088332
0.21 0.113684128559
0.2 0.110117166487
0.19 0.106381617855
0.18 0.102472854967
0.17 0.0983877942614
0.16 0.0941252050886
0.15 0.0896859479077
0.14 0.0850732879429
0.13 0.0802929580735
0.12 0.0753532132864
0.11 0.0702647640204
0.1 0.0650403731602
0.09 0.0596943993499
0.08 0.0542422773649
0.07 0.0486998547054
0.06 0.0430829023874
0.05 0.0374062844977
0.04 0.0316836423362
0.03 0.0259269114999
0.02 0.0201461078494
0.01 0.0143494599911