0.25 -0.45008105352
0.23 -0.448289836807
0.21 -0.446552017436
0.19 -0.444861433596
0.17 -0.443220105434
0.15 -0.44166258033
0.13 -0.440173148966
0.11 -0.438753277597
0.09 -0.43745938027
0.07 -0.436350848357
0.05 -0.435472365823
0.03 -0.434851086628
0.01 -0.434494601322
-0.01 -0.434395035332
-0.03 -0.434541382253
-0.05 -0.434912038146
-0.07 -0.435501850156
-0.09 -0.436302722008
-0.11 -0.437304994726
-0.13 -0.438496189675
-0.15 -0.439860305347
-0.17 -0.441378136303
-0.19 -0.443028373456
-0.21 -0.444789240679
-0.23 -0.446640309623
