1.0 -3.48863593251
2.0 -3.51360953236
3.0 -3.53218697261
4.0 -3.54717595612
5.0 -3.5590804463
6.0 -3.56866433463
7.0 -3.57650290967
8.0 -3.58252115288
9.0 -3.5874195687
10.0 -3.59145161045
11.0 -3.59475835387
12.0 -3.5973886483
13.0 -3.59974871952
14.0 -3.60169019407
15.0 -3.60334325815
16.0 -3.60474883547
17.0 -3.60600650888
18.0 -3.60697309335
19.0 -3.60782573175
20.0 -3.6084515133
21.0 -3.60903963032
22.0 -3.60973544894
23.0 -3.61023019886
24.0 -3.61058024807
25.0 -3.6109291824
26.0 -3.61124141836
27.0 -3.61151913254
28.0 -3.61168642332
29.0 -3.61194939164



31.0 -3.61254365264
32.0 -3.61269510589
33.0 -3.61260826431
34.0 -3.61264719202
35.0 -3.61273036853
36.0 -3.61274357699
37.0 -3.61292108448
38.0 -3.61302174105
39.0 -3.61297904324
40.0 -3.61307021891
41.0 -3.61312480668
42.0 -3.61316452602
43.0 -3.61313387094
44.0 -3.61309126441
45.0 -3.61317984339
46.0 -3.6131576942
47.0 -3.61311912018
48.0 -3.61308512997
49.0 -3.61318013194
50.0 -3.61321997447
51.0 -3.61316419922
52.0 -3.61319777995
53.0 -3.61327013891
54.0 -3.61331438604
55.0 -3.6132361065
56.0 -3.61318718767


57.0 -3.61312377086
58.0 -3.61309888352
59.0 -3.61305344941
60.0 -3.61302563478
61.0 -3.61305400337
62.0 -3.61320477565
63.0 -3.61331421782
64.0 -3.61329790615
65.0 -3.61332607238
66.0 -3.6133792853
67.0 -3.61337543365
68.0 -3.61329379112
69.0 -3.61331670348
70.0 -3.61335058974
71.0 -3.61329949053
72.0 -3.61319442221
73.0 -3.61314642823
74.0 -3.61315715371
75.0 -3.61307582744
76.0 -3.61317065902
77.0 -3.61311468612
78.0 -3.61316438995
79.0 -3.61316793695
80.0 -3.61318330757
81.0 -3.61318426678
82.0 -3.61316341202
83.0 -3.61314001803
83.0 -3.61314001803
84.0 -3.61317599757
85.0 -3.61319135219
86.0 -3.61320350623
87.0 -3.61322307729
88.0 -3.61327164058
89.0 -3.61325020952
90.0 -3.61325391163
91.0 -3.61327936265
92.0 -3.61332915341
93.0 -3.61337632834
94.0 -3.61342154304
95.0 -3.61343795015
96.0 -3.61345861197
97.0 -3.61305922351
98.0 -3.61323733218
99.0 -3.61339640941
100.0 -3.61342673
101.0 -3.613245598
102.0 -3.61323666023
103.0 -3.61316944013
104.0 -3.61318325742
105.0 -3.613212458
106.0 -3.61322323072
107.0 -3.61325717701
108.0 -3.6132072514
109.0 -3.61315004101
110.0 -3.61318146425
                        
