0.0452143988875 0.0 0.0 1.54816984171
0.0376210144883 0.0 0.0 1.64009624437
0.0328532589353 0.0 0.0 1.70785216621
0.0279395287934 0.0 0.0 1.78885639512
0.0262136517352 0.0 0.0 1.82073747266
0.0244962161578 0.00127197723589 0.0518788649915 1.85394515175
0.0244962161578 -0.00127197723589 -0.0518788649915 1.85394515175
0.0214542608778 0.0 0.0 1.92091600551
0.0211135096128 0.0 0.0 1.92892108869
0.0191126109317 0.0 0.0 1.9787034518
0.0175165870247 0.0 0.0 2.02230350849
0.0158805714084 0.0 0.0 2.07132942046
0.0150286644874 0.00076254185178 0.0506956877551 2.09825517922
0.0150286644874 -0.00076254185178 -0.0506956877551 2.09825517922
0.01148794591 0.0 0.0 2.23322848754
0.0105630984074 0.0 0.0 2.27519431697
0.00913050599975 0.0 0.0 2.34806708213
0.00866921787443 0.0 0.0 2.37398835141
0.00760372426617 0.0 0.0 2.43955855835
0.00739017083718 0.0 0.0 2.45380221347
0.00683026240555 0.000273570922273 0.0400313717071 2.49279535856
0.00683026240555 -0.000273570922273 -0.0400313717071 2.49279535856
0.00675137232536 0.0 0.0 2.49900474365
0.00651545173112 8.31139115424e-05 0.0127557392998 2.51674868854
0.00651545173112 -8.31139115424e-05 -0.0127557392998 2.51674868854
0.00600633465158 0.0 0.0 2.55747029572
0.00550806510998 0.0 0.0 2.6007709386
0.00511127450692 0.000116749317853 0.0228375564579 2.63802284597
0.00511127450692 -0.000116749317853 -0.0228375564579 2.63802284597
0.00502454080975 0.0 0.0 2.64671060518
0.00432685178939 0.0 0.0 2.72145753542
0.00420359716499 0.000136675575598 0.0325025063609 2.73564317646
0.00420359716499 -0.000136675575598 -0.0325025063609 2.73564317646
0.00416681472256 0.0 0.0 2.74030169528
0.00396756071789 0.000151088359938 0.0380625276431 2.76443962444
0.00396756071789 -0.000151088359938 -0.0380625276431 2.76443962444
0.00381103644429 0.000162953657898 0.0427323277871 2.78447039514
0.00381103644429 -0.000162953657898 -0.0427323277871 2.78447039514
0.00346599797979 0.000721301668646 0.205179353335 2.82177800838
0.00346599797979 -0.000721301668646 -0.205179353335 2.82177800838
0.00354399925852 0.0 0.0 2.82124972773
0.00334105056218 0.0 0.0 2.85073499094
0.00323252354207 0.0 0.0 2.86724608221
0.00306997809314 0.0 0.0 2.8930424266
0.00299512124256 0.000113361291304 0.0378305910935 2.90502740951
0.00299512124256 -0.000113361291304 -0.0378305910935 2.90502740951
0.00292630828794 7.6882763924e-06 0.00262728938515 2.91700508452
0.00292630828794 -7.6882763924e-06 -0.00262728938515 2.91700508452
-5.9579419489e-05 0.00187715122789 1.60252495062 3.13874825921
-5.9579419489e-05 -0.00187715122789 -1.60252495062 3.13874825921
0.00233799405491 0.00068991545161 0.286944877696 3.00835780042
0.00233799405491 -0.00068991545161 -0.286944877696 3.00835780042
0.00273045566612 0.000151781530517 0.0555312006558 2.95087206141
0.00273045566612 -0.000151781530517 -0.0555312006558 2.95087206141
0.00273417640272 0.0 0.0 2.95096251046
0.00265607059536 0.000166952541848 0.0627743801343 2.96446793067
0.00265607059536 -0.000166952541848 -0.0627743801343 2.96446793067
0.00247090011514 6.95561725492e-05 0.0281427031597 3.00138835874
0.00247090011514 -6.95561725492e-05 -0.0281427031597 3.00138835874
0.00235695925508 0.000179500884948 0.0760110941202 3.02374565632
0.00235695925508 -0.000179500884948 -0.0760110941202 3.02374565632
0.00241327939072 0.0 0.0 3.01338435671
0.00204803643427 0.000302809765264 0.146790219013 3.09003059153
0.00204803643427 -0.000302809765264 -0.146790219013 3.09003059153
0.00225514701177 0.0 0.0 3.04727005723
0.00216396925417 0.00012705265422 0.0586454560815 3.06704524729
0.00216396925417 -0.00012705265422 -0.0586454560815 3.06704524729
0.00216655809983 2.79389127527e-05 0.0128948142273 3.06726617968
0.00216655809983 -2.79389127527e-05 -0.0128948142273 3.06726617968
0.00206608799394 0.0 0.0 3.09104915887
0.000274963303689 0.00120785984556 1.34696572725 3.34682156654
0.000274963303689 -0.00120785984556 -1.34696572725 3.34682156654
0.00198584335364 0.00010905619869 0.0548617109271 3.1101029663
0.00198584335364 -0.00010905619869 -0.0548617109271 3.1101029663
0.00181526637472 0.000232043708295 0.127139507153 3.15170948176
0.00181526637472 -0.000232043708295 -0.127139507153 3.15170948176
0.00165373484025 0.000335279421886 0.200029490455 3.19228912898
0.00165373484025 -0.000335279421886 -0.200029490455 3.19228912898
0.0018833610389 5.64021307013e-05 0.0299386453422 3.13712454174
0.0018833610389 -5.64021307013e-05 -0.0299386453422 3.13712454174
0.00190111681042 0.0 0.0 3.13265688527
0.00169507079394 0.000191029211834 0.112223390354 3.18686023293
0.00169507079394 -0.000191029211834 -0.112223390354 3.18686023293
0.00182898439856 0.0 0.0 3.15199721982
0.00162529244196 0.000148410956459 0.0910608539693 3.20895786648
0.00162529244196 -0.000148410956459 -0.0910608539693 3.20895786648
0.00177238245007 0.0 0.0 3.16771531024
0.00174883732358 0.0 0.0 3.17440204919
0.0016099829119 0.0 0.0 3.21576585688
0.00166886244302 2.09441449455e-05 0.0125492940177 3.19776715602
0.00166886244302 -2.09441449455e-05 -0.0125492940177 3.19776715602
0.00154877047715 2.85677257097e-05 0.0184433309469 3.23506190776
0.00154877047715 -2.85677257097e-05 -0.0184433309469 3.23506190776
0.00148546860584 0.000192222936128 0.128687114302 3.25186092753
0.00148546860584 -0.000192222936128 -0.128687114302 3.25186092753
0.00149830146074 0.000112650619628 0.0750443574316 3.25030234863
0.00149830146074 -0.000112650619628 -0.0750443574316 3.25030234863
0.00147258199987 0.0 0.0 3.26036897824
0.00140989937605 0.000232948783585 0.163744376681 3.2753852457
0.00140989937605 -0.000232948783585 -0.163744376681 3.2753852457
0.0013752121633 0.0 0.0 3.29457362959
0.00134499894854 8.88018627674e-05 0.0659280560883 3.30459360861
0.00134499894854 -8.88018627674e-05 -0.0659280560883 3.30459360861
0.0011595058058 0.000384619000172 0.320288322509 3.35378367973
0.0011595058058 -0.000384619000172 -0.320288322509 3.35378367973
0.00119777163208 0.000174173033441 0.144402092945 3.35841500154
0.00119777163208 -0.000174173033441 -0.144402092945 3.35841500154
0.00130128106049 0.000104035259977 0.0797786535016 3.32061018518
0.00130128106049 -0.000104035259977 -0.0797786535016 3.32061018518
0.00127832718156 0.0 0.0 3.33110147259
-0.000432105283645 0.0 3.14159265359 3.87342064364
0.0010213540197 0.000314402354822 0.2986237687 3.42067954334
0.0010213540197 -0.000314402354822 -0.2986237687 3.42067954334
0.00115066304746 0.000213410663233 0.183383811875 3.37525351432
0.00115066304746 -0.000213410663233 -0.183383811875 3.37525351432
-0.0003560204494 0.0 3.14159265359 3.97026119331
0.0010109587106 0.000212577349883 0.207253676469 3.4376117989
0.0010109587106 -0.000212577349883 -0.207253676469 3.4376117989
0.0010453358836 0.000158447151294 0.150430273957 3.42602972945
0.0010453358836 -0.000158447151294 -0.150430273957 3.42602972945
0.00110441503358 3.98556532668e-05 0.0360719150459 3.40389436644
0.00110441503358 -3.98556532668e-05 -0.0360719150459 3.40389436644
0.000973545527282 0.0 0.0 3.46728298382
0.00089197660883 0.000170716268598 0.189104109138 3.5020414363
0.00089197660883 -0.000170716268598 -0.189104109138 3.5020414363
0.000860603707203 0.000175054516198 0.200671259274 3.51880267563
0.000860603707203 -0.000175054516198 -0.200671259274 3.51880267563
0.000719347457881 0.00027291487451 0.362615867574 3.5849637485
0.000719347457881 -0.00027291487451 -0.362615867574 3.5849637485
-0.000238434621751 1.30171400902e-05 3.0870526273 4.16996368134
-0.000238434621751 -1.30171400902e-05 -3.0870526273 4.16996368134
0.000379299533334 0.000368788967633 0.771349191685 3.77223208521
0.000379299533334 -0.000368788967633 -0.771349191685 3.77223208521
0.000813381959383 0.000107887614515 0.131871010684 3.55279472194
0.000813381959383 -0.000107887614515 -0.131871010684 3.55279472194
0.000728375102089 0.000165492869183 0.223415338039 3.59976337944
0.000728375102089 -0.000165492869183 -0.223415338039 3.59976337944
0.000666158153647 0.000211766483324 0.307789769305 3.63292441821
0.000666158153647 -0.000211766483324 -0.307789769305 3.63292441821
0.000529941527337 0.000281998267639 0.48902071683 3.70903985108
0.000529941527337 -0.000281998267639 -0.48902071683 3.70903985108
-0.000167334982766 8.26569520305e-05 2.68278792153 4.29317394889
-0.000167334982766 -8.26569520305e-05 -2.68278792153 4.29317394889
-0.00017622291916 8.52719980895e-06 3.09324165704 4.32129570653
-0.00017622291916 -8.52719980895e-06 -3.09324165704 4.32129570653
7.19759914068e-06 0.000249735273262 1.54198338757 4.14734697896
7.19759914068e-06 -0.000249735273262 -1.54198338757 4.14734697896
0.000377591222676 0.000282021124344 0.641511163022 3.83002209321
0.000377591222676 -0.000282021124344 -0.641511163022 3.83002209321
2.86664760798e-06 0.000200985832608 1.55653436014 4.25608721581
2.86664760798e-06 -0.000200985832608 -1.55653436014 4.25608721581
0.000564811633536 0.0 0.0 3.73950913719
0.000428910882789 0.000247356270162 0.523116822116 3.80534922898
0.000428910882789 -0.000247356270162 -0.523116822116 3.80534922898
0.000588624929667 0.000163402661425 0.270782400673 3.70030141579
0.000588624929667 -0.000163402661425 -0.270782400673 3.70030141579
0.000527944882042 0.000180608227249 0.329616784373 3.74559094915
0.000527944882042 -0.000180608227249 -0.329616784373 3.74559094915
0.000414084633034 0.000195931989818 0.44195330176 3.84421174541
0.000414084633034 -0.000195931989818 -0.44195330176 3.84421174541
0.000260975508486 0.000228380992457 0.718889509179 3.9833897753
0.000260975508486 -0.000228380992457 -0.718889509179 3.9833897753
0.000305256135741 0.000224186961761 0.633456713524 3.93933533085
0.000305256135741 -0.000224186961761 -0.633456713524 3.93933533085
0.000134007770035 0.000181130870134 0.933829722864 4.19900741253
0.000134007770035 -0.000181130870134 -0.933829722864 4.19900741253
0.000195127873209 0.000174140887216 0.728625332078 4.12447348881
0.000195127873209 -0.000174140887216 -0.728625332078 4.12447348881
0.000248996181129 0.00017409638069 0.610184131612 4.04953200138
0.000248996181129 -0.00017409638069 -0.610184131612 4.04953200138
2.24774153196e-05 0.000127263265661 1.39597788084 4.47694672032
2.24774153196e-05 -0.000127263265661 -1.39597788084 4.47694672032
-9.13405952006e-05 0.0 3.14159265359 4.65045761695
-4.16199919767e-05 7.4552261747e-05 2.0799636264 4.68418153779
-4.16199919767e-05 -7.4552261747e-05 -2.0799636264 4.68418153779
-7.99767544709e-05 0.0 3.14159265359 4.71688726731
-7.29088791417e-05 3.50627636738e-05 2.69333162193 4.71113721125
-7.29088791417e-05 -3.50627636738e-05 -2.69333162193 4.71113721125
-7.32297591562e-05 2.54942860183e-05 2.8065748639 4.73235396169
-7.32297591562e-05 -2.54942860183e-05 -2.8065748639 4.73235396169
0.000103345613931 0.000126583242506 0.886120594494 4.35961655145
0.000103345613931 -0.000126583242506 -0.886120594494 4.35961655145
6.8242211736e-06 0.000110450815525 1.50908960811 4.55451758772
6.8242211736e-06 -0.000110450815525 -1.50908960811 4.55451758772
0.000405170287205 0.000144055459083 0.341604343431 3.8758424795
0.000405170287205 -0.000144055459083 -0.341604343431 3.8758424795
-6.89074469332e-06 8.61118381104e-05 1.65064705541 4.67833610014
-6.89074469332e-06 -8.61118381104e-05 -1.65064705541 4.67833610014
-4.79821588323e-05 3.96713428127e-05 2.45072631398 4.84210889193
-4.79821588323e-05 -3.96713428127e-05 -2.45072631398 4.84210889193
0.000339648346579 2.67221614654e-05 0.0785142330361 3.992257168
0.000339648346579 -2.67221614654e-05 -0.0785142330361 3.992257168
0.000198454071654 0.000102821062919 0.478030515641 4.20302985622
0.000198454071654 -0.000102821062919 -0.478030515641 4.20302985622
4.6391441259e-05 8.86065628083e-05 1.08847363326 4.60508797964
4.6391441259e-05 -8.86065628083e-05 -1.08847363326 4.60508797964
2.89552849516e-06 7.29499097494e-05 1.53112514216 4.76247520611
2.89552849516e-06 -7.29499097494e-05 -1.53112514216 4.76247520611
1.40482895774e-06 0.0 0.0 6.73779750042
5.4636697818e-05 0.0 0.0 4.90740238989
