0.0324482509957 0.0 0.0 1.71405436786
0.0242662035329 0.0 0.0 1.85933534891
0.0212771677089 0.0 0.0 1.92506035988
0.0189070294973 0.0 0.0 1.9841107475
0.0181190786285 0.0 0.0 2.00539491399
0.0160783332419 0.0 0.0 2.06514133736
0.0143967894366 0.0 0.0 2.12037502652
0.0131845878746 0.00114070845472 0.0863034137455 2.16248897246
0.0131845878746 -0.00114070845472 -0.0863034137455 2.16248897246
0.0122008358921 0.00192994513504 0.156881541497 2.19694704628
0.0122008358921 -0.00192994513504 -0.156881541497 2.19694704628
0.0120451638063 0.0 0.0 2.20954602174
0.011644822208 0.0 0.0 2.22644682171
0.0113085453774 0.0 0.0 2.24109830548
0.0105185053884 0.0 0.0 2.27730957755
0.00869171361616 0.00231382782036 0.26017671873 2.35557515762
0.00869171361616 -0.00231382782036 -0.26017671873 2.35557515762
0.00942596574645 0.00121208563852 0.127888261328 2.32804349571
0.00942596574645 -0.00121208563852 -0.127888261328 2.32804349571
0.00821184619784 0.00180182425397 0.215994801775 2.38933348084
0.00821184619784 -0.00180182425397 -0.215994801775 2.38933348084
0.00858128638928 0.000526639192117 0.0612937836884 2.37814590328
0.00858128638928 -0.000526639192117 -0.0612937836884 2.37814590328
0.00856694367063 0.0 0.0 2.37992212059
0.00787781220078 0.00124836915003 0.157159661269 2.41565214943
0.00787781220078 -0.00124836915003 -0.157159661269 2.41565214943
0.00752503421392 0.000300629588209 0.0399293601474 2.44436126642
0.00752503421392 -0.000300629588209 -0.0399293601474 2.44436126642
0.00668640020906 0.00131690417825 0.194463696954 2.49432559146
0.00668640020906 -0.00131690417825 -0.194463696954 2.49432559146
0.00710995495543 0.0 0.0 2.47312968528
0.00647505158251 0.0 0.0 2.51989935251
0.00500544712756 0.00154607776742 0.299582677314 2.62583293787
0.00500544712756 -0.00154607776742 -0.299582677314 2.62583293787
0.00549817759494 0.000122971774838 0.0223621871016 2.60154426674
0.00549817759494 -0.000122971774838 -0.0223621871016 2.60154426674
0.00498893897967 0.0 0.0 2.65026601058
0.00481623249938 0.000197472217374 0.0409784351409 2.66746172226
0.00481623249938 -0.000197472217374 -0.0409784351409 2.66746172226
0.00413359397759 0.000824752544334 0.196938137331 2.73454452853
0.00413359397759 -0.000824752544334 -0.196938137331 2.73454452853
0.00401832995049 0.000282800118439 0.0702616763533 2.75720925635
0.00401832995049 -0.000282800118439 -0.0702616763533 2.75720925635
0.003459235111 0.00065188411956 0.186263088581 2.82462978389
0.003459235111 -0.00065188411956 -0.186263088581 2.82462978389
0.00362390633258 0.0 0.0 2.81010136878
0.00340504759248 0.0 0.0 2.84124818112
0.00296967081003 0.00056256675551 0.187218905244 2.90083768182
0.00296967081003 -0.00056256675551 -0.187218905244 2.90083768182
0.00290658646086 0.0 0.0 2.92038796193
0.00276527283949 0.00022289500885 0.0804311782026 2.94368894599
0.00276527283949 -0.00022289500885 -0.0804311782026 2.94368894599
0.00249843972709 0.0 0.0 2.99604442555
0.00239078994879 1.27422420644e-05 0.00532966997841 3.01805862119
0.00239078994879 -1.27422420644e-05 -0.00532966997841 3.01805862119
0.00217678572477 0.00019844171297 0.0909114340868 3.06288388952
0.00217678572477 -0.00019844171297 -0.0909114340868 3.06288388952
0.00212231183519 0.0 0.0 3.07762464808
0.00198129279861 7.35838763881e-05 0.0371222629367 3.11165826462
0.00198129279861 -7.35838763881e-05 -0.0371222629367 3.11165826462
0.00151769291874 0.00062674489412 0.391627739484 3.2059167071
0.00151769291874 -0.00062674489412 -0.391627739484 3.2059167071
0.00156259984793 0.000508075909307 0.314365577067 3.20557771377
0.00156259984793 -0.000508075909307 -0.314365577067 3.20557771377
0.0017598287788 0.000183044703343 0.103640114325 3.16857924029
0.0017598287788 -0.000183044703343 -0.103640114325 3.16857924029
0.0011687178537 0.000590421988402 0.467789222096 3.31909733247
0.0011687178537 -0.000590421988402 -0.467789222096 3.31909733247
0.00156284308131 0.000264401182702 0.167592702364 3.2235693667
0.00156284308131 -0.000264401182702 -0.167592702364 3.2235693667
0.00157961317783 0.0 0.0 3.22528764304
0.00155390080827 0.0 0.0 3.23349342951
0.00123066976774 0.000371441826753 0.29312648413 3.32830272814
0.00123066976774 -0.000371441826753 -0.29312648413 3.32830272814
0.00137120953508 0.000231959628218 0.167577766797 3.28897734399
0.00137120953508 -0.000231959628218 -0.167577766797 3.28897734399
0.00143227863012 4.91571434424e-05 0.0343074698379 3.27395001927
0.00143227863012 -4.91571434424e-05 -0.0343074698379 3.27395001927
0.00142165276862 7.86148518479e-05 0.0552419468208 3.2772042748
0.00142165276862 -7.86148518479e-05 -0.0552419468208 3.2772042748
0.00131588620324 3.12771611734e-05 0.0237644204897 3.31648126055
0.00131588620324 -3.12771611734e-05 -0.0237644204897 3.31648126055
0.00124438489865 0.000119500962052 0.0957385682289 3.34226198674
0.00124438489865 -0.000119500962052 -0.0957385682289 3.34226198674
0.0010072371586 0.000473227767292 0.439219630296 3.40040820785
0.0010072371586 -0.000473227767292 -0.439219630296 3.40040820785
0.00116541517191 0.000282524519487 0.237835627051 3.36306212943
0.00116541517191 -0.000282524519487 -0.237835627051 3.36306212943
0.00102783628899 0.000314077100585 0.296560057352 3.41783267072
0.00102783628899 -0.000314077100585 -0.296560057352 3.41783267072
0.001160142342 0.000151697927989 0.130020364579 3.37536800075
0.001160142342 -0.000151697927989 -0.130020364579 3.37536800075
0.0012103442965 0.0 0.0 3.35842520864
0.00118385617926 0.0 0.0 3.36948911006
0.00115691090454 0.0 0.0 3.38100091966
0.00109875461908 0.0 0.0 3.40678895251
0.00100390864959 0.000222086656027 0.217715569209 3.43998229103
0.00100390864959 -0.000222086656027 -0.217715569209 3.43998229103
0.00104588022168 9.65278727635e-05 0.092032706785 3.42932771459
0.00104588022168 -9.65278727635e-05 -0.092032706785 3.42932771459
0.00108295817815 0.0 0.0 3.41402946419
0.000969123728442 0.000117011225275 0.120157570427 3.46594095426
0.000969123728442 -0.000117011225275 -0.120157570427 3.46594095426
0.0010259063783 0.0 0.0 3.44108939281
0.000970437708271 0.0 0.0 3.4688816713
0.000749395169738 0.000398607641606 0.488845270661 3.5358366383
0.000749395169738 -0.000398607641606 -0.488845270661 3.5358366383
0.000690878871893 0.000394136680632 0.518435224416 3.56833422263
0.000690878871893 -0.000394136680632 -0.518435224416 3.56833422263
0.000839650099675 0.000289466392719 0.331986953579 3.51318728149
0.000839650099675 -0.000289466392719 -0.331986953579 3.51318728149
0.000902990833975 0.000195673162054 0.213395242935 3.49342722848
0.000902990833975 -0.000195673162054 -0.213395242935 3.49342722848
0.000926318805448 0.00012636525675 0.135579704855 3.48753643776
0.000926318805448 -0.00012636525675 -0.135579704855 3.48753643776
0.000848719790593 0.000230811080833 0.265530347108 3.51805303409
0.000848719790593 -0.000230811080833 -0.265530347108 3.51805303409
0.000724430343573 0.000310114674853 0.404477162252 3.57299559151
0.000724430343573 -0.000310114674853 -0.404477162252 3.57299559151
0.000604267550282 0.000326920602679 0.495922353773 3.64156305156
0.000604267550282 -0.000326920602679 -0.495922353773 3.64156305156
0.000815491958124 0.000146036855303 0.177199951683 3.5479681144
0.000815491958124 -0.000146036855303 -0.177199951683 3.5479681144
0.00074969115487 0.000214728569813 0.278954491681 3.57821304752
0.00074969115487 -0.000214728569813 -0.278954491681 3.57821304752
0.000526903823961 0.000313178196081 0.5362728344 3.69861324989
0.000526903823961 -0.000313178196081 -0.5362728344 3.69861324989
0.000694595516797 0.000203634300642 0.28517866669 3.61547700397
0.000694595516797 -0.000203634300642 -0.28517866669 3.61547700397
0.00045557309513 0.000267270390525 0.530559261003 3.77303116077
0.00045557309513 -0.000267270390525 -0.530559261003 3.77303116077
0.000599702667884 0.000241289279011 0.382529032616 3.6720275701
0.000599702667884 -0.000241289279011 -0.382529032616 3.6720275701
0.000697009663925 0.0 0.0 3.63435564114
0.000676089561028 0.0 0.0 3.64959250198
0.000592083167408 0.000214190313585 0.347110250956 3.68518530331
0.000592083167408 -0.000214190313585 -0.347110250956 3.68518530331
0.000541332387857 0.000207876284325 0.366645122667 3.72635027022
0.000541332387857 -0.000207876284325 -0.366645122667 3.72635027022
0.000342479905553 0.000294650345859 0.710468408372 3.85115008619
0.000342479905553 -0.000294650345859 -0.710468408372 3.85115008619
0.000419246430693 0.000263030017037 0.560314407772 3.80555052407
0.000419246430693 -0.000263030017037 -0.560314407772 3.80555052407
0.000379026133703 0.000243078297388 0.570251416305 3.852825664
0.000379026133703 -0.000243078297388 -0.570251416305 3.852825664
0.00043064566 0.00021961780641 0.471594412101 3.81732009414
0.00043064566 -0.00021961780641 -0.471594412101 3.81732009414
0.000311439097177 0.000251736338991 0.679781693715 3.91145256981
0.000311439097177 -0.000251736338991 -0.679781693715 3.91145256981
0.00042476707484 0.000152182859032 0.344026474341 3.85179348137
0.00042476707484 -0.000152182859032 -0.344026474341 3.85179348137
0.000231314322993 0.000208361403903 0.733241310781 4.0373429458
0.000231314322993 -0.000208361403903 -0.733241310781 4.0373429458
0.000320840787709 0.000195059545773 0.546254579479 3.94364947093
0.000320840787709 -0.000195059545773 -0.546254579479 3.94364947093
0.000289277071535 0.000203881338892 0.613937546076 3.97324087063
0.000289277071535 -0.000203881338892 -0.613937546076 3.97324087063
0.000158113791089 0.000184956693475 0.863482191739 4.16054828357
0.000158113791089 -0.000184956693475 -0.863482191739 4.16054828357
0.000229260900277 0.000169815593504 0.637528250088 4.08097910239
0.000229260900277 -0.000169815593504 -0.637528250088 4.08097910239
0.000196555872588 0.000169912260902 0.71282209747 4.12776831047
0.000196555872588 -0.000169912260902 -0.71282209747 4.12776831047
-2.58174148191e-05 0.0 3.14159265359 5.28223065038
6.88757040777e-05 0.000152495672525 1.14656547745 4.34777611093
6.88757040777e-05 -0.000152495672525 -1.14656547745 4.34777611093
0.000121428891223 0.00015684987802 0.912003335457 4.26271241639
0.000121428891223 -0.00015684987802 -0.912003335457 4.26271241639
5.17110304435e-05 0.000137157495465 1.21025643972 4.41396363467
5.17110304435e-05 -0.000137157495465 -1.21025643972 4.41396363467
3.47339984374e-05 0.000123696297056 1.29704535197 4.47986692505
3.47339984374e-05 -0.000123696297056 -1.29704535197 4.47986692505
-3.93253831691e-06 6.49216225865e-05 1.63129603415 4.82024929859
-3.93253831691e-06 -6.49216225865e-05 -1.63129603415 4.82024929859
0.000149378522056 0.000133970166765 0.731072187563 4.2569647554
0.000149378522056 -0.000133970166765 -0.731072187563 4.2569647554
0.000116609077559 0.000129976705933 0.839556015561 4.32645347765
0.000116609077559 -0.000129976705933 -0.839556015561 4.32645347765
-3.12809969804e-05 1.13966760699e-05 2.79220717082 5.15509045957
-3.12809969804e-05 -1.13966760699e-05 -2.79220717082 5.15509045957
-2.19361357354e-05 2.54742897597e-05 2.28170438755 5.15023251967
-2.19361357354e-05 -2.54742897597e-05 -2.28170438755 5.15023251967
5.02149117811e-05 9.88018568139e-05 1.10057962587 4.55375540405
5.02149117811e-05 -9.88018568139e-05 -1.10057962587 4.55375540405
2.84229287406e-05 7.66208293157e-05 1.21557610317 4.70608882539
2.84229287406e-05 -7.66208293157e-05 -1.21557610317 4.70608882539
-9.23334742692e-06 4.67089265065e-05 1.76595861792 4.97620448513
-9.23334742692e-06 -4.67089265065e-05 -1.76595861792 4.97620448513
-6.49486542585e-06 4.17631915566e-05 1.72507697074 5.03577320871
-6.49486542585e-06 -4.17631915566e-05 -1.72507697074 5.03577320871
8.6706037553e-05 9.88787651278e-05 0.850895530658 4.46821286271
8.6706037553e-05 -9.88787651278e-05 -0.850895530658 4.46821286271
1.70783097635e-05 4.84303790343e-05 1.2317748421 4.93838983978
1.70783097635e-05 -4.84303790343e-05 -1.2317748421 4.93838983978
0.000238540552932 0.0 0.0 4.17048561442
0.000121953213441 3.78329378901e-05 0.300810947052 4.48296510579
0.000121953213441 -3.78329378901e-05 -0.300810947052 4.48296510579
-2.96890094887e-06 1.70034658548e-05 1.74365932097 5.48353877295
-2.96890094887e-06 -1.70034658548e-05 -1.74365932097 5.48353877295
3.61442762799e-07 0.0 0.0 7.41658107019
