16 0.0274810864927 0.027521641627
15 0.0274811686606 0.027521641627
14 0.0274835661936 0.027521641627
13 0.027484931226 0.027521641627
12 0.0274861797895 0.027521641627
11 0.0274878309675 0.0275216416269
10 0.0274883742579 0.0275216416269
9 0.0274902089568 0.0275216416269
8 0.0274893411082 0.0275216416269
7 0.0274873949644 0.0275216416269
6 0.0274830520803 0.0275216416269
5 0.0274796764761 0.0275216416269
4 0.0274758687383 0.027521641627
3 0.0274728218911 0.027521641627
2 0.0274677560258 0.027521641627
1 0.0274633703632 0.027521641627
