2 0.07814668327
4 0.0170657648254
6 0.00443573647778
8 0.00125007705915
10 0.000370184564832
12 0.000113251361626
14 3.53973770339e-05
16 1.12191740915e-05
18 3.58824138842e-06
20 1.15439096866e-06
22 3.72809463987e-07
24 1.20701591294e-07
26 3.91437791963e-08
28 1.2708572081e-08
30 4.12912492045e-09
32 1.34227857995e-09
34 4.36496980054e-10
36 1.41979697096e-10
38 4.61896640727e-11
40 1.5028325806e-11
42 4.88991225983e-12
44 1.59097734986e-12
46 5.17513115694e-13
48 1.68227411168e-13
50 5.45648595751e-14
52 1.76386683037e-14
54 5.59014640134e-15
56 1.68007968648e-15
58 4.08527378593e-16
60 -5.20417042793e-18
62 -1.26634813746e-16
3 -0.0398894697466
5 -0.00914633441329
7 -0.00242291059448
9 -0.000691812923392
11 -0.000206886447908
13 -6.37381978127e-05
15 -2.00174701203e-05
17 -6.36486892389e-06
19 -2.03999544365e-06
21 -6.57213635279e-07
23 -2.12442551722e-07
25 -6.88231159875e-08
27 -2.23286696962e-08
29 -7.2513282167e-09
31 -2.35646515408e-09
33 -7.66129339656e-10
35 -2.49160688609e-10
37 -8.10497762654e-11
39 -2.63687708821e-11
41 -8.5796630217e-12
43 -2.79171217393e-12
45 -9.08341110661e-13
47 -2.95520552474e-13
49 -9.61297014213e-14
51 -3.12683906545e-14
53 -1.0162877484e-14
55 -3.29510724262e-15
57 -1.07032438468e-15
59 -3.46944695195e-16
61 -1.06685493773e-16
63 -3.98986399475e-17
