2.0    -0.00070053208015
3.0    -0.00248691233305
4.0    0.000123325172169
5.0    -0.000233602596438
6.0    -1.87207629053e-05
7.0    -3.80357963111e-05
8.0    -1.65692308687e-05
9.0    4.78400783929e-06
10.0    -9.77248000602e-06
11.0    3.35182137273e-06
12.0    -4.08390712294e-06
13.0    -7.26033456144e-07
14.0    -1.25377675428e-06
15.0    -1.53402756245e-06
16.0    -3.08849145122e-07
17.0    -9.06797568841e-07
18.0    -9.39057223135e-08
19.0    -3.0908724554e-07
20.0    -5.31810516309e-08
21.0    -4.99063020517e-08
22.0    -3.24496210521e-08
23.0    7.305640664e-09
24.0    -1.48204934704e-08
25.0    3.9558698534e-09
#26.0    -3.95111709753e-09
27.0    -2.63384840383e-09
#28.0    7.72249319731e-10
29.0    -3.497855213e-09
#30.0    2.24757772924e-09
31.0    -2.09257610502e-09
#32.0    2.58682875908e-09

