0.00249806042122 0.0 0.0 2.99612033987
0.00220132417736 0.0 0.0 3.05934810044
0.0021089324697 0.0 0.0 3.08078669903
0.00197961509546 0.0 0.0 3.1124264247
0.00156433869016 0.0 0.0 3.23014605325
0.00148051630451 5.15564146677e-05 0.034809201039 3.25737921751
0.00148051630451 -5.15564146677e-05 -0.034809201039 3.25737921751
0.00127094075134 0.0 0.0 3.33399895182
0.00114695688524 4.89729977789e-05 0.0426722830079 3.38486614619
0.00114695688524 -4.89729977789e-05 -0.0426722830079 3.38486614619
0.00103611740068 0.0 0.0 3.43613741022
0.00100704608957 0.000233679542956 0.228009333084 3.43725568247
0.00100704608957 -0.000233679542956 -0.228009333084 3.43725568247
0.000966478857111 0.0 0.0 3.47092556764
0.000892928103731 0.000247964520065 0.270872964107 3.49193040454
0.000892928103731 -0.000247964520065 -0.270872964107 3.49193040454
0.000822351059016 9.59113714632e-05 0.116106133207 3.54829382964
0.000822351059016 -9.59113714632e-05 -0.116106133207 3.54829382964
0.000809487272781 0.0 0.0 3.55955475365
0.000762504628902 0.0 0.0 3.5894509894
0.000709514786643 0.000217239958567 0.297117760784 3.60306229869
0.000709514786643 -0.000217239958567 -0.297117760784 3.60306229869
-0.000510731150116 0.0 3.14159265359 3.78983361562
0.000725062588138 0.00012472623077 0.170354053143 3.60733579812
0.000725062588138 -0.00012472623077 -0.170354053143 3.60733579812
-0.000473151019831 0.0 3.14159265359 3.8280479698
0.000586928371729 0.000173953606408 0.288132042129 3.69925516353
0.000586928371729 -0.000173953606408 -0.288132042129 3.69925516353
0.000569647482256 8.02179054141e-05 0.139900340696 3.73033734905
0.000569647482256 -8.02179054141e-05 -0.139900340696 3.73033734905
0.000573498572145 6.80370980153e-06 0.011862960027 3.73184237228
0.000573498572145 -6.80370980153e-06 -0.011862960027 3.73184237228
0.000514036916399 0.0 0.0 3.78660773665
0.000444003216822 0.000203186309056 0.429175521472 3.81230429887
0.000444003216822 -0.000203186309056 -0.429175521472 3.81230429887
0.000478033930798 3.40380382894e-05 0.0710842592841 3.82165011326
0.000478033930798 -3.40380382894e-05 -0.0710842592841 3.82165011326
0.000462396476643 7.61027070903e-05 0.163120870519 3.83286211422
0.000462396476643 -7.61027070903e-05 -0.163120870519 3.83286211422
0.000406621341491 0.0 0.0 3.90381408523
0.000433193337744 0.000133333354293 0.29858981054 3.84953494989
0.000433193337744 -0.000133333354293 -0.29858981054 3.84953494989
0.000200437728023 0.000319657918937 1.01073267768 3.94123289682
0.000200437728023 -0.000319657918937 -1.01073267768 3.94123289682
0.000127889636262 0.000341842207537 1.21279833705 3.95783127236
0.000127889636262 -0.000341842207537 -1.21279833705 3.95783127236
0.000361678051878 0.0 0.0 3.96237805065
0.000372452864817 9.65078103908e-05 0.253538128677 3.93145445521
0.000372452864817 -9.65078103908e-05 -0.253538128677 3.93145445521
0.000319781041062 0.000133691984159 0.395989256143 3.9836656346
0.000319781041062 -0.000133691984159 -0.395989256143 3.9836656346
2.22423245776e-05 0.000335521138348 1.50460130791 3.99881655295
2.22423245776e-05 -0.000335521138348 -1.50460130791 3.99881655295
-0.000316763915069 0.0 3.14159265359 4.02867690448
0.000268843103738 0.00012612122231 0.438644575109 4.06096240686
0.000268843103738 -0.00012612122231 -0.438644575109 4.06096240686
-0.000306986262086 0.0 3.14159265359 4.04435378014
-5.1904382796e-05 0.000280251087097 1.75392795849 4.08148072212
-5.1904382796e-05 -0.000280251087097 -1.75392795849 4.08148072212
4.03086217234e-05 0.000269622680178 1.42239529998 4.10371748431
4.03086217234e-05 -0.000269622680178 -1.42239529998 4.10371748431
6.20142742351e-05 0.000257590476902 1.33454463712 4.11798428181
6.20142742351e-05 -0.000257590476902 -1.33454463712 4.11798428181
0.000231055392976 0.0 0.0 4.18642653988
0.00019996556456 0.000129684985794 0.575345774881 4.17091291311
0.00019996556456 -0.000129684985794 -0.575345774881 4.17091291311
-3.94680156818e-05 0.000232149345391 1.73919748192 4.17694132917
-3.94680156818e-05 -0.000232149345391 -1.73919748192 4.17694132917
0.000144433163906 9.06001760795e-05 0.560237886772 4.33839553624
0.000144433163906 -9.06001760795e-05 -0.560237886772 4.33839553624
-0.00021981565893 0.0 3.14159265359 4.21136063841
-0.000240568529926 5.08436431565e-05 2.93330988326 4.15532801774
-0.000240568529926 -5.08436431565e-05 -2.93330988326 4.15532801774
-0.000235589627209 8.57130835198e-06 3.10522632637 4.1763788668
-0.000235589627209 -8.57130835198e-06 -3.10522632637 4.1763788668
-0.000206695446856 2.09172146438e-05 3.04073776995 4.23958481005
-0.000206695446856 -2.09172146438e-05 -3.04073776995 4.23958481005
-0.000156949989054 0.000117582953872 2.49861997501 4.26841794883
-0.000156949989054 -0.000117582953872 -2.49861997501 4.26841794883
-0.000174630347441 8.64726462923e-05 2.6818121952 4.27159579165
-0.000174630347441 -8.64726462923e-05 -2.6818121952 4.27159579165
4.60933879605e-05 0.000183167946373 1.32426956606 4.2872032387
4.60933879605e-05 -0.000183167946373 -1.32426956606 4.2872032387
4.99848278101e-05 0.000153702628484 1.25637923219 4.36511260285
4.99848278101e-05 -0.000153702628484 -1.25637923219 4.36511260285
-0.00016671359159 3.24311210784e-05 2.94946031425 4.34033056554
-0.00016671359159 -3.24311210784e-05 -2.94946031425 4.34033056554
-0.000113722835691 0.0 3.14159265359 4.54087316788
-2.08140790972e-05 0.000152094773707 1.70680090917 4.3908647216
-2.08140790972e-05 -0.000152094773707 -1.70680090917 4.3908647216
-0.000107594080819 6.68474079567e-05 2.58566376536 4.4869661718
-0.000107594080819 -6.68474079567e-05 -2.58566376536 4.4869661718
-6.7473983168e-05 0.000103336723627 2.14924439471 4.49997969368
-6.7473983168e-05 -0.000103336723627 -2.14924439471 4.49997969368
-3.31472278786e-05 0.000125990375044 1.82805966188 4.4729206122
-3.31472278786e-05 -0.000125990375044 -1.82805966188 4.4729206122
5.21971818443e-05 0.000100403007759 1.09137411535 4.54335148177
5.21971818443e-05 -0.000100403007759 -1.09137411535 4.54335148177
-4.73442918094e-06 0.0 3.14159265359 6.13032469586
-2.19979821312e-05 0.0 3.14159265359 5.36227991506
