0.0511765442893 0.0 0.0 1.48623698563
0.0490392071083 0.0 0.0 1.50756757788
0.0480103707114 0.0 0.0 1.51816911746
0.0413513923509 0.0 0.0 1.59282459287
0.0402661634482 0.00139158280631 0.0345458584558 1.60582347624
0.0402661634482 -0.00139158280631 -0.0345458584558 1.60582347624
0.0271081295179 0.00132162299003 0.0487151776992 1.80336727999
0.0271081295179 -0.00132162299003 -0.0487151776992 1.80336727999
0.0269047702543 0.0 0.0 1.80772583761
0.0226611144367 0.00155531219502 0.068526062456 1.89237754666
0.0226611144367 -0.00155531219502 -0.068526062456 1.89237754666
0.021392992019 0.0 0.0 1.92234594317
0.0190424066467 0.00471134896366 0.24254285667 1.96569017404
0.0190424066467 -0.00471134896366 -0.24254285667 1.96569017404
0.0178933823012 0.0 0.0 2.01166216917
0.0164564396593 0.0 0.0 2.05351920486
0.016275900544 0.00406209059504 0.244580515415 2.04392845063
0.016275900544 -0.00406209059504 -0.244580515415 2.04392845063
0.0137532113904 0.000156187264645 0.0113559332674 2.14320922324
0.0137532113904 -0.000156187264645 -0.0113559332674 2.14320922324
0.0116195342233 0.0 0.0 2.22753380621
0.00981877284117 0.0 0.0 2.31172956484
0.00854352755595 0.0 0.0 2.38129064686
-0.00713438794604 0.000696300220483 3.04430302651 2.46904434652
-0.00713438794604 -0.000696300220483 -3.04430302651 2.46904434652
-0.005501315645 0.0 3.14159265359 2.60138400358
-0.00561154914313 0.000981896773765 2.9683684843 2.58392475629
-0.00561154914313 -0.000981896773765 -2.9683684843 2.58392475629
0.00729489734057 0.000193757178639 0.0265544017574 2.46011378006
0.00729489734057 -0.000193757178639 -0.0265544017574 2.46011378006
-0.00439413950657 0.000387224307186 3.05369680906 2.71180786617
-0.00439413950657 -0.000387224307186 -3.05369680906 2.71180786617
-0.0038183737785 0.0 3.14159265359 2.78396532972
0.00182467408402 0.0044070394731 1.17824860268 2.67272061264
0.00182467408402 -0.0044070394731 -1.17824860268 2.67272061264
0.0055808491217 0.0 0.0 2.59420717091
0.00545553426455 0.0 0.0 2.60556236208
-0.00323478679722 0.0 3.14159265359 2.86689612912
0.00532662182825 0.000113099131027 0.0212296166371 2.61740633992
0.00532662182825 -0.000113099131027 -0.0212296166371 2.61740633992
-0.00293594992168 0.0 3.14159265359 2.91536211251
-0.00292492657935 0.000616719149793 2.93378703055 2.90636854951
-0.00292492657935 -0.000616719149793 -2.93378703055 2.90636854951
0.00458843055362 0.000529271658095 0.114841626055 2.68880419752
0.00458843055362 -0.000529271658095 -0.114841626055 2.68880419752
0.00455402675495 0.0 0.0 2.69587171816
0.00447042631822 0.0 0.0 2.70513575085
-9.3192576987e-05 0.00274245370092 1.60476471457 2.94916260568
-9.3192576987e-05 -0.00274245370092 -1.60476471457 2.94916260568
-0.00253224256684 0.0 3.14159265359 2.9893249894
0.00395664714604 0.0 0.0 2.76617914632
0.0036261372608 0.0 0.0 2.80979365638
0.00371366278483 0.00035205687751 0.0945179702632 2.79563156289
0.00371366278483 -0.00035205687751 -0.0945179702632 2.79563156289
0.00354021483763 0.000471590155924 0.132429834348 2.81738664163
0.00354021483763 -0.000471590155924 -0.132429834348 2.81738664163
0.00300516276712 0.0 0.0 2.90371177351
0.00324509802739 0.000361104749256 0.110821076756 2.86222822724
0.00324509802739 -0.000361104749256 -0.110821076756 2.86222822724
0.00288551516518 0.000800255373815 0.270536073255 2.90550081942
0.00288551516518 -0.000800255373815 -0.270536073255 2.90550081942
0.00282386745712 0.000461239000578 0.161906214931 2.92824170868
0.00282386745712 -0.000461239000578 -0.161906214931 2.92824170868
-0.00188727326376 0.000132528565898 3.07148549387 3.13508134327
-0.00188727326376 -0.000132528565898 -3.07148549387 3.13508134327
-0.00162394363276 0.0 3.14159265359 3.21144887337
0.00233592140649 0.000441553848278 0.186823355443 3.02089745145
0.00233592140649 -0.000441553848278 -0.186823355443 3.02089745145
0.00204258039319 0.000773391027285 0.36195310546 3.06327699952
0.00204258039319 -0.000773391027285 -0.36195310546 3.06327699952
-0.00128597110197 0.000699254255297 2.643556085 3.26336350534
-0.00128597110197 -0.000699254255297 -2.643556085 3.26336350534
-0.0014061574887 0.000155999635758 3.03110409189 3.28038907962
-0.0014061574887 -0.000155999635758 -3.03110409189 3.28038907962
-0.000874880697382 0.0 3.14159265359 3.52071151338
-0.00101136050815 0.00042027604966 2.74774901381 3.40840518289
-0.00101136050815 -0.00042027604966 -2.74774901381 3.40840518289
-0.000732209501118 0.000667463016878 2.40241984679 3.45851090161
-0.000732209501118 -0.000667463016878 -2.40241984679 3.45851090161
0.000113684274782 0.00139211438702 1.48931410969 3.28680409504
0.000113684274782 -0.00139211438702 -1.48931410969 3.28680409504
-0.000206499312557 0.00104926608085 1.76511651733 3.42033206551
-0.000206499312557 -0.00104926608085 -1.76511651733 3.42033206551
1.71171342752e-05 0.00121061292035 1.55665803911 3.35826427648
1.71171342752e-05 -0.00121061292035 -1.55665803911 3.35826427648
0.00063417914557 0.00116734293205 1.07313693074 3.31185799734
0.00063417914557 -0.00116734293205 -1.07313693074 3.31185799734
-0.000497568856762 0.000435569338041 2.42253892556 3.66066421558
-0.000497568856762 -0.000435569338041 -2.42253892556 3.66066421558
0.000360278223702 0.00110754840597 1.25629905008 3.37765733497
0.000360278223702 -0.00110754840597 -1.25629905008 3.37765733497
0.00206885890243 0.0 0.0 3.09037903928
0.0010553190341 0.000739741998592 0.611373507261 3.32703525165
0.0010553190341 -0.000739741998592 -0.611373507261 3.32703525165
0.000445707079286 0.000584969885321 0.919702583033 3.60753347644
0.000445707079286 -0.000584969885321 -0.919702583033 3.60753347644
0.00133574436207 0.000178679821485 0.132978559874 3.30469936872
0.00133574436207 -0.000178679821485 -0.132978559874 3.30469936872
-0.000100496814841 0.0 3.14159265359 4.60269226205
-2.11438158187e-06 0.0 3.14159265359 6.53337409225
