2 0.0215528485928
4 0.00289657338037
6 0.00059900132654
8 0.000135743464875
10 3.18375531507e-05
12 7.59618964528e-06
14 1.83042624483e-06
16 4.43835684351e-07
18 1.08069958392e-07
20 2.63907751485e-08
22 6.4582592052e-09
24 1.58294711367e-09
26 3.88471400881e-10
28 9.54325923841e-11
30 2.34718217085e-11
32 5.77878023211e-12
34 1.42977296669e-12
36 3.57630591807e-13
38 9.33073063258e-14
40 2.73461808753e-14
42 1.18516307879e-14
44 7.48012762841e-15
46 6.89032164658e-15
48 6.63358257214e-15
50 6.59888810262e-15
52 6.67521593556e-15
3 -0.00610646189125
5 -0.00112666694507
7 -0.000249927519945
9 -5.84005553122e-05
11 -1.3959290297e-05
13 -3.37640760094e-06
15 -8.22230859676e-07
17 -2.0105782602e-07
19 -4.92925104623e-08
21 -1.21055694149e-08
23 -2.97645048192e-09
25 -7.32431025552e-10
27 -1.8036501459e-10
29 -4.44444897552e-11
31 -1.0968038977e-11
33 -2.720199066e-12
35 -6.84736989331e-13
37 -1.81389625542e-13
39 -5.83352810501e-14
41 -2.83870149609e-14
43 -2.12052597703e-14
45 -1.96925808993e-14
47 -1.90750193418e-14
49 -1.91999194321e-14
51 -1.9061141554e-14
53 -1.90264470845e-14
55 -1.89639970394e-14
