16 2.65157979601e-05 2.65652279654e-05
15 2.6520347771e-05 2.65652279654e-05
14 2.65255897266e-05 2.65652280771e-05
13 2.65334588392e-05 2.65652279533e-05
12 2.65357120487e-05 2.65652280939e-05
11 2.65401201996e-05 2.65652279596e-05
10 2.65418301032e-05 2.65652280987e-05
9 2.65443557653e-05 2.65652279657e-05
8 2.65432439781e-05 2.65652281049e-05
7 2.65427667618e-05 2.65652279718e-05
6 2.65383636571e-05 2.65652281109e-05
5 2.65331352976e-05 2.65652279778e-05
4 2.65264641659e-05 2.65652281183e-05
3 2.65232803986e-05 2.65652279836e-05
2 2.65167672987e-05 2.65652281132e-05
1 2.65129997742e-05 2.65652279995e-05


