0.49 0.0116233282108
0.48 0.0153309830843
0.47 0.0231266789995
0.46 0.0271402038768
0.45 0.0306703849917
0.44 0.0343836928561
0.43 0.0395216884626
0.42 0.0430572801335
0.41 0.0454649969965
0.4 0.0473119555075
0.39 0.0488810651339
0.38 0.0503467391089
0.37 0.0518207744286
0.36 0.053618322132
0.35 0.0557858813693
0.34 0.058136538077
0.33 0.0606936703404
0.32 0.0634770801548
0.31 0.0665030724687
0.3 0.0697863475595
0.29 0.0733381378549
0.28 0.0771673366302
0.27 0.0812791868428
0.26 0.0856746724564
0.25 0.0903502787713
0.24 0.0952978219899
0.23 0.100502252797
0.22 0.105942991213
0.21 0.111593413211
0.2 0.117419881871
0.19 0.123384706326
0.18 0.129442819384
0.17 0.135545406268
0.16 0.141641735131
0.15 0.147716463685
0.14 0.151801251276
0.13 0.153960510027
0.12 0.155880549619
0.11 0.157558419682
0.1 0.158950368512
0.09 0.160061216113
0.08 0.162370624852
0.07 0.163761536044
0.06 0.16089652522
0.05 0.158220899552
0.04 0.155207764974
0.03 0.151844518388
0.02 0.148180680932
0.01 0.144310712024
0.0 0.140343992339
-0.01 0.136382206677
-0.02 0.132504587234
-0.03 0.12876323834
-0.04 0.125181312072
-0.05 0.121758042626
-0.06 0.118475533365
-0.07 0.11530469481
-0.08 0.112212149066
-0.09 0.109162515377
-0.1 0.106124561835
-0.11 0.103072753391
-0.12 0.0999870562667
-0.13 0.0968571927675
-0.14 0.0936787007403
-0.15 0.0904536392771
-0.16 0.0871918795763
-0.17 0.0839068872583
-0.18 0.0806157764316
-0.19 0.0773378186968
-0.2 0.0740931221508
-0.21 0.0709011935846
-0.22 0.067780196973
-0.23 0.0647460589923
-0.24 0.061811583301
-0.25 0.0590692129738
-0.26 0.0565563964768
-0.27 0.0541262575873
-0.28 0.0517837860591
-0.29 0.0495330104512
-0.3 0.0473767499581
-0.31 0.0453175550238
-0.32 0.0433565107015
-0.33 0.04149176356
-0.34 0.0397238687351
-0.35 0.0380499033959
-0.36 0.0364678176503
-0.37 0.0349746530955
-0.38 0.0335671337056
-0.39 0.0322419262572
-0.4 0.030995198664
-0.41 0.0298231717736
-0.42 0.0287221819287
-0.43 0.0276877931996
-0.44 0.0267164538796
-0.45 0.0258042187906
-0.46 0.0249476955321
