2 0.0180339574473
4 0.00157119129092
6 0.000200061012864
8 2.78422000826e-05
10 4.03436368983e-06
12 6.01637457368e-07
14 9.27618003244e-08
16 1.50514533198e-08
18 2.64849028819e-09
20 5.22418254489e-10
22 1.17434222069e-10
24 2.96660890298e-11
26 8.13205752737e-12
28 2.33531249894e-12
30 6.78457290348e-13
32 1.80640225e-13
34 3.71508379615e-14
36 -9.22178999829e-15
38 -2.36477504245e-14
40 -2.91225377147e-14
42 -2.96360158636e-14
3 -0.00359411473909
5 -0.000413928900308
7 -5.51309347029e-05
9 -7.74261610013e-06
11 -1.09043217303e-06
13 -1.47039499812e-07
15 -1.72426364506e-08
17 -1.11440619927e-09
19 2.85947217293e-10
21 1.82467388421e-10
23 7.03860372764e-11
25 2.38451411394e-11
27 7.69292268776e-12
29 2.42181275034e-12
31 7.60266849475e-13
33 2.36748121107e-13
35 7.33441085643e-14
37 1.99909533372e-14
39 5.30825383649e-15
41 2.06085148946e-15
43 1.62370117351e-15
45 1.15879528195e-15
