2 0.0328014955505
4 0.00255278489605
6 0.000352840064186
8 7.00146080498e-05
10 1.68871373847e-05
12 4.41659328181e-06
14 1.19596715806e-06
16 3.30419025765e-07
18 9.27670594786e-08
20 2.64479926987e-08
22 7.6583411418e-09
24 2.25295658518e-09
26 6.73448338762e-10
28 2.04588457287e-10
30 6.31350249858e-11
32 1.97910576816e-11
34 6.30122343193e-12
36 2.03520533759e-12
38 6.4900862462e-13
40 2.13287720818e-13
42 7.25669524471e-14
44 2.24820162487e-14
46 3.69149155688e-15
48 -8.18789480661e-16
50 -5.96744875736e-15
52 -5.87030424271e-15
54 -6.99440505514e-15
56 -5.37070388162e-15
58 -7.32747196253e-15
60 -6.05071548421e-15
62 -5.57887069874e-15
3 -0.00174227197233
5 -5.37781843064e-05
7 2.22442824208e-05
9 7.17145739321e-06
11 1.83754007144e-06
13 4.38807221295e-07
15 1.00315552705e-07
17 2.17967749683e-08
19 4.35992632969e-09
21 7.34736951835e-10
23 6.90815182836e-11
25 -1.93272967075e-11
27 -1.64207397679e-11
29 -7.73065639281e-12
31 -3.0588309663e-12
33 -1.10678827214e-12
35 -3.8138242564e-13
37 -1.26877675033e-13
39 -4.67403893367e-14
41 -1.63133395681e-14
43 -1.01030295241e-14
45 -5.16947595841e-15
47 -4.39231984117e-15
49 -3.17801340799e-15
51 -2.33146835171e-15
53 -1.75554015769e-15
55 -2.04003480775e-15
57 -1.44328993201e-15
59 -1.88044024796e-15
61 -2.08860706508e-15
63 -1.82492909673e-15
65 -1.80411241502e-15
