0.0449034485635 0.0 0.0 1.55162034088
0.0370846798775 0.0 0.0 1.64727566798
0.0329514763404 0.0 0.0 1.70635960678
0.0318658287859 0.0 0.0 1.72311052063
0.0302552493806 0.0 0.0 1.74904278816
0.0267941825991 0.0 0.0 1.80978524111
0.0261646782249 0.0 0.0 1.82167246858
0.0252627555781 0.0 0.0 1.8392120397
0.022887592674 0.0 0.0 1.88858015994
0.0207839918206 0.0 0.0 1.9367861063
0.0198724493389 0.0 0.0 1.95921048091
0.016459523442 0.0 0.0 2.05342551832
0.0154428668706 0.0 0.0 2.08530403674
0.0126290369154 0.0 0.0 2.18587829963
0.0122648269966 0.0 0.0 2.20050985341
0.00592002972988 0.0 0.0 2.56470690408
-0.00412275476743 0.000931406933205 2.91940405873 2.73317200391
-0.00412275476743 -0.000931406933205 -2.91940405873 2.73317200391
-0.00407627740506 0.000434974045918 3.03528628301 2.74845495529
-0.00407627740506 -0.000434974045918 -3.03528628301 2.74845495529
-0.00391921090417 0.000607587647206 2.9877889559 2.7649951141
-0.00391921090417 -0.000607587647206 -2.9877889559 2.7649951141
-0.00341199192639 0.0 3.14159265359 2.8402295078
-0.00244022567422 0.000612270568192 2.89576019229 2.99256930337
-0.00244022567422 -0.000612270568192 -2.89576019229 2.99256930337
0.00469360849363 0.0 0.0 2.68077679537
-0.0023706153155 0.00057179786672 2.90491116414 3.00816559522
-0.0023706153155 -0.00057179786672 -2.90491116414 3.00816559522
0.00432674566093 0.0 0.0 2.7214697995
0.00451804538556 0.000554756508414 0.122175291261 2.69609688645
0.00451804538556 -0.000554756508414 -0.122175291261 2.69609688645
0.00221574634908 0.00252919407387 0.851361682822 2.84753641026
0.00221574634908 -0.00252919407387 -0.851361682822 2.84753641026
0.00422701412332 0.0 0.0 2.73312970809
-0.00158401243807 0.000287862486118 2.96182457272 3.2157740322
-0.00158401243807 -0.000287862486118 -2.96182457272 3.2157740322
0.00396079533187 0.0 0.0 2.76565521625
0.003804765207 0.000507554455543 0.132616718071 2.78134075087
0.003804765207 -0.000507554455543 -0.132616718071 2.78134075087
0.00166610530935 0.00196098089053 0.866517960163 2.98130270876
0.00166610530935 -0.00196098089053 -0.866517960163 2.98130270876
-0.000591690295189 0.00139839180543 1.97107519092 3.24504272313
-0.000591690295189 -0.00139839180543 -1.97107519092 3.24504272313
0.000371473940964 0.00178588679341 1.36571533401 3.15333099743
0.000371473940964 -0.00178588679341 -1.36571533401 3.15333099743
0.0034422958523 4.68464661702e-05 0.0136082360158 2.83576201819
0.0034422958523 -4.68464661702e-05 -0.0136082360158 2.83576201819
0.00321740263561 0.0 0.0 2.86959043992
0.00315499056895 0.0 0.0 2.87938488612
0.000374124365143 0.00136756535632 1.30376039389 3.27931858161
0.000374124365143 -0.00136756535632 -1.30376039389 3.27931858161
-0.000769002583804 0.0 3.14159265359 3.58520811426
-0.000638267728402 0.0 3.14159265359 3.67837636282
0.000811396272483 0.00122470864027 0.985668681818 3.26155029755
0.000811396272483 -0.00122470864027 -0.985668681818 3.26155029755
0.0015175220755 0.00112024108686 0.635908919846 3.13659110788
0.0015175220755 -0.00112024108686 -0.635908919846 3.13659110788
-0.000552361691903 0.0 3.14159265359 3.75065374365
-0.000392517470421 0.000382505484375 2.36911208069 3.75455403292
-0.000392517470421 -0.000382505484375 -2.36911208069 3.75455403292
-0.000466269196328 0.0 3.14159265359 3.83537370805
-0.000298256468609 0.000309664328935 2.33743131972 3.87593175167
-0.000298256468609 -0.000309664328935 -2.33743131972 3.87593175167
-0.000339918924133 9.45818757253e-05 2.87020900373 3.97475889403
-0.000339918924133 -9.45818757253e-05 -2.87020900373 3.97475889403
-4.03181256181e-05 0.0 3.14159265359 5.05935471146
-0.000106311382963 0.000371227245099 1.84970966752 3.92964240667
-0.000106311382963 -0.000371227245099 -1.84970966752 3.92964240667
3.10975561394e-05 0.0 0.0 5.1891906613
7.00788602928e-05 0.000442866110948 1.41385820449 3.85493869663
7.00788602928e-05 -0.000442866110948 -1.41385820449 3.85493869663
0.000746776379911 0.000749537462174 0.787243417415 3.42566126087
0.000746776379911 -0.000749537462174 -0.787243417415 3.42566126087
0.00034124823937 0.000520817340982 0.990762540865 3.69075781227
0.00034124823937 -0.000520817340982 -0.990762540865 3.69075781227
0.000310631805043 0.000260436146096 0.697725612957 3.90536388513
0.000310631805043 -0.000260436146096 -0.697725612957 3.90536388513
0.000581603610027 0.0 0.0 3.72486071235
0.000736639781953 0.0 0.0 3.60670577394
0.00104751436306 0.000462728875058 0.415963618307 3.38610299251
0.00104751436306 -0.000462728875058 -0.415963618307 3.38610299251
0.00289427301452 0.00016947562177 0.0584887196433 2.92165493791
0.00289427301452 -0.00016947562177 -0.0584887196433 2.92165493791
0.00283818091982 0.0 0.0 2.93229597661
0.00272838185997 0.0 0.0 2.9520232854
0.00269879412116 0.0 0.0 2.95747511376
0.00261547521799 0.000204955139642 0.078202674574 2.97162425962
0.00261547521799 -0.000204955139642 -0.078202674574 2.97162425962
0.00150563961787 0.0 0.0 3.2492687379
0.00218930248833 0.000466838060398 0.210089468739 3.05096960565
0.00218930248833 -0.000466838060398 -0.210089468739 3.05096960565
0.00228501270003 0.00019321959903 0.0843588474593 3.03891063039
0.00228501270003 -0.00019321959903 -0.0843588474593 3.03891063039
0.00205284350025 0.000389995351994 0.187740830263 3.08540077668
0.00205284350025 -0.000389995351994 -0.187740830263 3.08540077668
0.00150496756249 0.000291570852747 0.191368146208 3.24028009196
0.00150496756249 -0.000291570852747 -0.191368146208 3.24028009196
0.00175845100638 0.000304842037101 0.171652284632 3.16425839703
0.00175845100638 -0.000304842037101 -0.171652284632 3.16425839703
0.0020575019762 0.0 0.0 3.09313133246
