8   0.999872                  0.99999814
10 0.9998290            ""
12 0.99978506                 0.9999967
14 0.9997410                 ""
16  0.999697            0.999995417638
18 0.9996531                ""
20  0.99960921                0.999994055
22 0.999565257            ""
24 0.9995213                  0.999992693
26  0.999477347591                           ""
28  0.9994333957                         0.999991331532
30  0.99938944                          ""
32  0.999345497964                          0.9999899695