2 0.283925318812
4 0.0715281226961
6 0.0181908909086
8 0.00465721188396
10 0.00119298158433
12 0.000304497505934
14 7.71991975214e-05
16 1.93887048812e-05
18 4.81073342812e-06
20 1.1755077806e-06
22 2.81704946578e-07
24 6.58174240664e-08
26 1.48536451819e-08
28 3.18639332975e-09
30 6.29352396586e-10
32 1.05687694707e-10
3 -0.154174054617
5 -0.0368780062907
7 -0.0092815282531
9 -0.00236745268504
11 -0.000604651953691
13 -0.000153772138702
15 -3.88051047486e-05
17 -9.68932934516e-06
19 -2.38673988828e-06
21 -5.77907518277e-07
23 -1.36873961713e-07
25 -3.14779519742e-08
27 -6.94537973661e-09
29 -1.43811213632e-09
31 -2.66260020976e-10
33 -3.80892956064e-11
