1.0 0.0 0.0 -0.0
0.128590282296 0.0 0.0 1.02556201769
0.124115004326 0.0 0.0 1.04327334448
0.118425424185 0.0 0.0 1.06673592415
0.103687650079 0.0 0.0 1.13318613181
0.0854547145065 0.0 0.0 1.22988434913
0.0811205701934 0.0 0.0 1.25590935508
0.071639701252 0.0 0.0 1.31805293596
0.0660450179041 0.0 0.0 1.35870934001
0.0651156426627 0.000466096610368 0.0071578599417 1.36578242713
0.0651156426627 -0.000466096610368 -0.0071578599417 1.36578242713
0.0598929050625 0.00804905615159 0.133590395546 1.4031236811
0.0598929050625 -0.00804905615159 -0.133590395546 1.4031236811
0.0586010773025 0.00542438736056 0.0923016152199 1.41636817104
0.0586010773025 -0.00542438736056 -0.0923016152199 1.41636817104
0.0500505863975 0.0 0.0 1.49736052853
0.0499235051137 0.0 0.0 1.49863167138
0.0493842567073 0.0 0.0 1.50406179786
0.0482445323 0.0 0.0 1.51573638891
0.0452075559006 0.0 0.0 1.54824552009
0.0416758200899 0.0 0.0 1.58891708616
0.0400082125355 0.0 0.0 1.60933526628
0.0368523177221 0.0 0.0 1.6504183831
0.0352641088241 0.00301885805154 0.0853988876401 1.67061932677
0.0352641088241 -0.00301885805154 -0.0853988876401 1.67061932677
0.0340955696718 0.0 0.0 1.68929391239
0.025065306629 0.000526551716116 0.0210041029332 1.8430249963
0.025065306629 -0.000526551716116 -0.0210041029332 1.8430249963
0.023981227598 0.000379618607054 0.015828501755 1.86517933107
0.023981227598 -0.000379618607054 -0.015828501755 1.86517933107
0.0224230294682 0.000670014721729 0.029871762919 1.89861025976
0.0224230294682 -0.000670014721729 -0.029871762919 1.89861025976
0.021788430667 0.000486867192176 0.0223414981806 1.91306328069
0.021788430667 -0.000486867192176 -0.0223414981806 1.91306328069
0.0199771914452 0.00349399298681 0.173147771882 1.9490492517
0.0199771914452 -0.00349399298681 -0.173147771882 1.9490492517
0.0184910690158 0.00415505891945 0.221034836617 1.9829188385
0.0184910690158 -0.00415505891945 -0.221034836617 1.9829188385
0.0198286824079 0.0 0.0 1.96031289152
0.018786229745 0.0 0.0 1.98731556895
0.0192053841793 0.0 0.0 1.97628230663
0.0191566458533 0.0 0.0 1.97755279081
-0.0121521098581 0.0 3.14159265359 2.2051262367
-0.0122056495682 0.0 3.14159265359 2.20292817754
0.0179705099769 0.00435477081162 0.237745712153 1.99524568332
0.0179705099769 -0.00435477081162 -0.237745712153 1.99524568332
0.0176925947271 0.00309510211018 0.173185232499 2.00976848542
0.0176925947271 -0.00309510211018 -0.173185232499 2.00976848542
0.0186059406722 0.00199919682746 0.10703870885 1.98926737151
0.0186059406722 -0.00199919682746 -0.10703870885 1.98926737151
0.0158338263775 0.00339101208864 0.210975540291 2.0615921458
0.0158338263775 -0.00339101208864 -0.210975540291 2.0615921458
0.0160231687704 0.0020367681704 0.126435871476 2.06285257694
0.0160231687704 -0.0020367681704 -0.126435871476 2.06285257694
0.016541856059 0.000384353301169 0.0232310180121 2.05079575746
0.016541856059 -0.000384353301169 -0.0232310180121 2.05079575746
0.0166767019624 0.0 0.0 2.04687131284
0.0154124823789 0.000600943421414 0.0389709555646 2.08590899691
0.0154124823789 -0.000600943421414 -0.0389709555646 2.08590899691
-0.00930788047661 0.0 3.14159265359 2.33844693728
-0.00857923108471 0.0 3.14159265359 2.37920549333
0.0145569406655 0.00063748900818 0.0437648242093 2.11436469581
0.0145569406655 -0.00063748900818 -0.0437648242093 2.11436469581
0.0129141949817 0.00201831167474 0.155032170842 2.1686811243
0.0129141949817 -0.00201831167474 -0.155032170842 2.1686811243
0.0133571726042 0.00135484698355 0.101086439209 2.15529190269
0.0133571726042 -0.00135484698355 -0.101086439209 2.15529190269
0.0134346045474 0.00151548994419 0.112330094599 2.15179956701
0.0134346045474 -0.00151548994419 -0.112330094599 2.15179956701
0.0102676499138 0.00581446606426 0.515263744213 2.21984107009
0.0102676499138 -0.00581446606426 -0.515263744213 2.21984107009
0.00940456143834 0.00605492209856 0.572024295901 2.24658358324
0.00940456143834 -0.00605492209856 -0.572024295901 2.24658358324
0.0116565193833 0.00193000038584 0.164084005371 2.21918351379
0.0116565193833 -0.00193000038584 -0.164084005371 2.21918351379
0.0125402406041 0.000944749587014 0.0751953888305 2.18799135773
0.0125402406041 -0.000944749587014 -0.0751953888305 2.18799135773
0.0126020544057 0.0 0.0 2.18694771512
0.0124046414411 0.0 0.0 2.19484228332
0.011257138649 0.0 0.0 2.2433764025
-0.00560363899193 0.0 3.14159265359 2.59216953615
0.00924382151392 0.00265783022488 0.2799729581 2.32204224358
0.00924382151392 -0.00265783022488 -0.2799729581 2.32204224358
0.0109914510941 0.0012835277542 0.116248598629 2.25193266989
0.0109914510941 -0.0012835277542 -0.116248598629 2.25193266989
0.0110233678965 0.0 0.0 2.2538689526
0.0103867644219 0.000480120000994 0.0461913320945 2.28307786796
0.0103867644219 -0.000480120000994 -0.0461913320945 2.28307786796
0.00981688880662 0.000790709704109 0.0803723460459 2.31020884431
0.00981688880662 -0.000790709704109 -0.0803723460459 2.31020884431
-0.00473020102273 0.0 3.14159265359 2.67689378893
-0.0047077816485 0.0 3.14159265359 2.67926923474
0.00445285302663 0.0049736063376 0.840585853773 2.50464234699
0.00445285302663 -0.0049736063376 -0.840585853773 2.50464234699
0.00677138255768 0.00345079473625 0.471309592009 2.43980522095
0.00677138255768 -0.00345079473625 -0.471309592009 2.43980522095
0.00886894034398 0.00217689280384 0.240692958861 2.34797465972
0.00886894034398 -0.00217689280384 -0.240692958861 2.34797465972
0.00956133024733 0.000612314770539 0.0639534175461 2.32399099951
0.00956133024733 -0.000612314770539 -0.0639534175461 2.32399099951
0.00863460646719 0.00142832456106 0.163934102437 2.36923966333
0.00863460646719 -0.00142832456106 -0.163934102437 2.36923966333
0.00922151447436 0.0 0.0 2.34310799761
0.00867225837048 0.0 0.0 2.37381302054
0.00855640329938 0.000893360597369 0.104031498344 2.37782714361
0.00855640329938 -0.000893360597369 -0.104031498344 2.37782714361
0.00800341174571 0.00147259320025 0.181960509089 2.40562018892
0.00800341174571 -0.00147259320025 -0.181960509089 2.40562018892
0.00793823045899 0.00113900789276 0.142511176647 2.41293780743
0.00793823045899 -0.00113900789276 -0.142511176647 2.41293780743
-0.00333430128076 0.000732113244669 2.92545233055 2.83997482213
-0.00333430128076 -0.000732113244669 -2.92545233055 2.83997482213
0.0041119621703 0.00392819258782 0.762545669074 2.58480969838
0.0041119621703 -0.00392819258782 -0.762545669074 2.58480969838
0.00265290755248 0.00412099244733 0.998824132454 2.65915076018
0.00265290755248 -0.00412099244733 -0.998824132454 2.65915076018
0.00676574319229 0.00223938149892 0.319638496617 2.47195222467
0.00676574319229 -0.00223938149892 -0.319638496617 2.47195222467
0.00714728568448 0.00158179296197 0.21780310758 2.4585567916
0.00714728568448 -0.00158179296197 -0.21780310758 2.4585567916
0.00729351546584 0.0 0.0 2.46038480897
0.00643481782176 0.00162560829809 0.247449539449 2.50754923707
0.00643481782176 -0.00162560829809 -0.247449539449 2.50754923707
0.00638155801451 0.00123739644759 0.191525219029 2.51794440718
0.00638155801451 -0.00123739644759 -0.191525219029 2.51794440718
0.00508818721866 0.00190744653498 0.358663205087 2.60754288573
0.00508818721866 -0.00190744653498 -0.358663205087 2.60754288573
-0.00197706530098 0.00200307161166 2.34966055903 2.93649565206
-0.00197706530098 -0.00200307161166 -2.34966055903 2.93649565206
0.00470137567268 0.00160999844934 0.329935343521 2.65222715528
0.00470137567268 -0.00160999844934 -0.329935343521 2.65222715528
0.00526410635232 0.000738013645416 0.139289471051 2.61855578573
0.00526410635232 -0.000738013645416 -0.139289471051 2.61855578573
-0.00106068612918 0.00292079697753 1.91913731008 2.88697991933
-0.00106068612918 -0.00292079697753 -1.91913731008 2.88697991933
0.00344037604333 0.00263256044538 0.653155541754 2.72085847462
0.00344037604333 -0.00263256044538 -0.653155541754 2.72085847462
0.0041078601567 0.00153743844491 0.358128301192 2.7146527517
0.0041078601567 -0.00153743844491 -0.358128301192 2.7146527517
0.000345425094588 0.00314416230614 1.46137279545 2.87810452085
0.000345425094588 -0.00314416230614 -1.46137279545 2.87810452085
0.00298386948564 0.00235651577444 0.668460618464 2.78608911932
0.00298386948564 -0.00235651577444 -0.668460618464 2.78608911932
0.00313325764704 0.00215926805535 0.603403347634 2.78568999691
0.00313325764704 -0.00215926805535 -0.603403347634 2.78568999691
-0.000782347501069 0.00259265176581 1.86386309447 2.95575041303
-0.000782347501069 -0.00259265176581 -1.86386309447 2.95575041303
-0.00197400868939 0.00136322378786 2.53721244108 3.01635649533
-0.00197400868939 -0.00136322378786 -2.53721244108 3.01635649533
0.00349338405876 0.000639294513654 0.180998710244 2.82020693738
0.00349338405876 -0.000639294513654 -0.180998710244 2.82020693738
-0.00188651437653 0.0 3.14159265359 3.13651219892
0.0018568396298 0.00218084759389 0.865472509836 2.9277237141
0.0018568396298 -0.00218084759389 -0.865472509836 2.9277237141
0.000549894953276 0.00281571998359 1.37792924133 2.92691098215
0.000549894953276 -0.00281571998359 -1.37792924133 2.92691098215
0.000495104598899 0.00275760960032 1.39314780366 2.93876392985
0.000495104598899 -0.00275760960032 -1.39314780366 2.93876392985
0.000800739476802 0.00268672853781 1.28114314295 2.93844072263
0.000800739476802 -0.00268672853781 -1.28114314295 2.93844072263
-0.00143712834639 0.00156594764778 2.31332498655 3.07688629786
-0.00143712834639 -0.00156594764778 -2.31332498655 3.07688629786
-0.000521254732278 0.00218492331697 1.80498770198 3.04924867392
-0.000521254732278 -0.00218492331697 -1.80498770198 3.04924867392
-0.00143407704271 0.00143851744661 2.35464870976 3.09955602494
-0.00143407704271 -0.00143851744661 -2.35464870976 3.09955602494
0.00100029460765 0.00251913223536 1.19281055282 2.95531767199
0.00100029460765 -0.00251913223536 -1.19281055282 2.95531767199
-0.000168472314812 0.00215367262634 1.64886294098 3.06876519878
-0.000168472314812 -0.00215367262634 -1.64886294098 3.06876519878
0.00208322619746 0.00129892152737 0.55753030356 3.00481411269
0.00208322619746 -0.00129892152737 -0.55753030356 3.00481411269
-0.00162094644479 0.000495772053869 2.84477441528 3.19001605546
-0.00162094644479 -0.000495772053869 -2.84477441528 3.19001605546
0.00046975381667 0.00224902024795 1.36488624206 3.03795479979
0.00046975381667 -0.00224902024795 -1.36488624206 3.03795479979
0.000789212296397 0.00238203091832 1.250859693 2.99386219165
0.000789212296397 -0.00238203091832 -1.250859693 2.99386219165
-0.000468288947472 0.00172062209345 1.83652270166 3.16467031808
-0.000468288947472 -0.00172062209345 -1.83652270166 3.16467031808
-0.00103283938185 0.00120392251604 2.2798561576 3.22319151281
-0.00103283938185 -0.00120392251604 -2.2798561576 3.22319151281
-0.00138280680583 0.000561753227829 2.75571745589 3.25363282762
-0.00138280680583 -0.000561753227829 -2.75571745589 3.25363282762
0.00167028526244 0.00167818638624 0.787757779953 3.02291103395
0.00167028526244 -0.00167818638624 -0.787757779953 3.02291103395
0.000157013611385 0.00159436832906 1.47263271456 3.21822592397
0.000157013611385 -0.00159436832906 -1.47263271456 3.21822592397
-0.000523434219224 0.00129611470774 1.95461612558 3.28642121568
-0.000523434219224 -0.00129611470774 -1.95461612558 3.28642121568
-0.00144749860481 0.0 3.14159265359 3.26895915619
-0.00139589544429 0.0 3.14159265359 3.28710958704
-0.00105858281109 0.000775247709649 2.50948689713 3.31806316135
-0.00105858281109 -0.000775247709649 -2.50948689713 3.31806316135
-0.000851468750424 0.00035637991169 2.74520020613 3.49391816251
-0.000851468750424 -0.00035637991169 -2.74520020613 3.49391816251
0.000423369558585 0.000925963213031 1.14195390494 3.44487913263
0.000423369558585 -0.000925963213031 -1.14195390494 3.44487913263
-0.000369786991198 0.0 3.14159265359 3.95129170879
0.000157886541372 0.0 0.0 4.37681693773
