0.00379541527874 0.0 0.0 2.78698072313
0.00326914521394 0.0 0.0 2.86161336536
0.00309644491089 0.0 0.0 2.88875031426
0.00295081106784 0.0 0.0 2.91283760408
0.00254992106687 0.0 0.0 2.98584643723
0.00245619999512 0.0 0.0 3.00456992039
0.00220921097929 8.41280429009e-05 0.0380621921033 3.05719765497
0.00220921097929 -8.41280429009e-05 -0.0380621921033 3.05719765497
0.00217024381732 0.0 0.0 3.06645787976
0.00198227231777 0.000104300955439 0.0525683885506 3.11106455124
0.00198227231777 -0.000104300955439 -0.0525683885506 3.11106455124
0.00181776048001 0.0 0.0 3.15507502054
0.00159766399656 0.0 0.0 3.21960635936
0.00140015887421 8.41230192648e-05 0.060008916797 3.28468397525
0.00140015887421 -8.41230192648e-05 -0.060008916797 3.28468397525
0.00130012881754 0.0 0.0 3.32264596451
0.00125160004465 0.000163675758788 0.130035291269 3.33742699366
0.00125160004465 -0.000163675758788 -0.130035291269 3.33742699366
0.00122574046391 0.0 0.0 3.35210507863
0.00108263015438 0.000253254547018 0.22979322908 3.40086185877
0.00108263015438 -0.000253254547018 -0.22979322908 3.40086185877
0.00112555727624 0.000110040114141 0.0974553012166 3.39236035271
0.00112555727624 -0.000110040114141 -0.0974553012166 3.39236035271
0.00112521887487 0.0 0.0 3.39488885341
0.00108238171681 0.0 0.0 3.4142956863
0.00104212555796 0.0 0.0 3.43324642292
0.000910212365746 0.00024586213164 0.263819138794 3.48331050353
0.000910212365746 -0.00024586213164 -0.263819138794 3.48331050353
0.000956662388773 0.000121239574208 0.126059814934 3.47204666881
0.000956662388773 -0.000121239574208 -0.126059814934 3.47204666881
0.000925898991459 0.0 0.0 3.49237270488
0.000911618766309 0.0 0.0 3.50014433734
0.00089837832992 5.16811355733e-05 0.0574638057169 3.50663366082
0.00089837832992 -5.16811355733e-05 -0.0574638057169 3.50663366082
0.000806539628031 0.000144964100307 0.177837083981 3.55343022567
0.000806539628031 -0.000144964100307 -0.177837083981 3.55343022567
0.000857791818837 2.69027872665e-05 0.0313525625944 3.53032877559
0.000857791818837 -2.69027872665e-05 -0.0313525625944 3.53032877559
0.000791256650197 7.021185764e-05 0.0885028195823 3.56898334098
0.000791256650197 -7.021185764e-05 -0.0885028195823 3.56898334098
0.000761939037769 6.15541192309e-05 0.0806110845535 3.588195705
0.000761939037769 -6.15541192309e-05 -0.0806110845535 3.588195705
-0.000392639342364 2.54748458086e-05 3.0768024321 3.92025935743
-0.000392639342364 -2.54748458086e-05 -3.0768024321 3.92025935743
0.000702390074538 6.13041336449e-05 0.0870587133622 3.62861362
0.000702390074538 -6.13041336449e-05 -0.0870587133622 3.62861362
0.000686294662193 0.0 0.0 3.64210174287
0.000628468824697 8.68614444815e-05 0.137341120715 3.6813815212
0.000628468824697 -8.68614444815e-05 -0.137341120715 3.6813815212
0.000637595015192 3.30728131032e-05 0.0518247445167 3.67823187248
0.000637595015192 -3.30728131032e-05 -0.0518247445167 3.67823187248
0.000635554782264 0.0 0.0 3.68050613382
0.000491547681083 0.000147036066909 0.290657334891 3.7875511266
0.000491547681083 -0.000147036066909 -0.290657334891 3.7875511266
0.000560086260043 8.01526555544e-05 0.142142590373 3.73864164467
0.000560086260043 -8.01526555544e-05 -0.142142590373 3.73864164467
0.000594780277641 0.0 0.0 3.71365925095
0.000564377946282 2.74090772858e-05 0.0485269829685 3.73930425846
0.000564377946282 -2.74090772858e-05 -0.0485269829685 3.73930425846
0.000560085326464 1.84230745814e-06 0.0032893216921 3.74370800366
0.000560085326464 -1.84230745814e-06 -0.0032893216921 3.74370800366
-0.000272344049545 0.0 3.14159265359 4.10422220147
0.000423031068188 0.000197557298304 0.436904320196 3.83471084699
0.000423031068188 -0.000197557298304 -0.436904320196 3.83471084699
0.00039990540408 0.000147035456074 0.352333859911 3.88044228096
0.00039990540408 -0.000147035456074 -0.352333859911 3.88044228096
0.000497232884123 9.88339986061e-05 0.196210688851 3.7935389748
0.000497232884123 -9.88339986061e-05 -0.196210688851 3.7935389748
0.000513139321688 3.58189910273e-05 0.0696905936175 3.78626640488
0.000513139321688 -3.58189910273e-05 -0.0696905936175 3.78626640488
0.000518891161254 0.0 0.0 3.78190820268
0.000432262552549 0.00011138282457 0.252188116334 3.85716753688
0.000432262552549 -0.00011138282457 -0.252188116334 3.85716753688
0.000489047023324 5.57518477989e-05 0.113510950761 3.80829783025
0.000489047023324 -5.57518477989e-05 -0.113510950761 3.80829783025
0.000460061300011 8.37933167346e-05 0.180160271782 3.83391669764
0.000460061300011 -8.37933167346e-05 -0.180160271782 3.83391669764
0.000485212189311 0.0 0.0 3.81546212948
0.000476121738523 0.0 0.0 3.82491849162
-0.000253876357801 0.0 3.14159265359 4.13933159489
-0.000237674153757 2.74795089804e-05 3.02648532637 4.1689851972
-0.000237674153757 -2.74795089804e-05 -3.02648532637 4.1689851972
0.000413614012271 9.72254876533e-05 0.230871976554 3.88184312184
0.000413614012271 -9.72254876533e-05 -0.230871976554 3.88184312184
0.000461267227456 0.0 0.0 3.8407665069
0.000435235930423 6.5975988113e-05 0.150441391868 3.86413152662
0.000435235930423 -6.5975988113e-05 -0.150441391868 3.86413152662
0.000437602016431 6.08694507642e-05 0.138210914755 3.86230950332
0.000437602016431 -6.08694507642e-05 -0.138210914755 3.86230950332
0.000231362926303 0.000196069687991 0.703014752298 4.05044507043
0.000231362926303 -0.000196069687991 -0.703014752298 4.05044507043
0.00043913763324 1.23857743149e-05 0.0281972908112 3.86515004119
0.00043913763324 -1.23857743149e-05 -0.0281972908112 3.86515004119
-0.000221726360007 0.0 3.14159265359 4.20703327448
0.00033814981222 0.000110234843959 0.315130766322 3.97076177885
0.00033814981222 -0.000110234843959 -0.315130766322 3.97076177885
0.00036731048075 9.11738433974e-05 0.243302760609 3.93970412201
0.00036731048075 -9.11738433974e-05 -0.243302760609 3.93970412201
0.000387114306177 6.73453690884e-05 0.172243824854 3.92094132086
0.000387114306177 -6.73453690884e-05 -0.172243824854 3.92094132086
0.000303486823059 0.000129228596075 0.402558956752 4.0084287871
0.000303486823059 -0.000129228596075 -0.402558956752 4.0084287871
0.000402491646738 1.90639788354e-05 0.0473295331411 3.908357877
0.000402491646738 -1.90639788354e-05 -0.0473295331411 3.908357877
0.000371259035901 4.44279417383e-05 0.119101932635 3.94575053082
0.000371259035901 -4.44279417383e-05 -0.119101932635 3.94575053082
0.000320066833119 8.87369456796e-05 0.270452217196 4.00497689681
0.000320066833119 -8.87369456796e-05 -0.270452217196 4.00497689681
0.000339905273602 7.03675121398e-05 0.204137267052 3.98293061622
0.000339905273602 -7.03675121398e-05 -0.204137267052 3.98293061622
-0.000198094124736 0.0 3.14159265359 4.26338413139
-0.000188498781356 2.96461941134e-05 2.98559524651 4.28210087389
-0.000188498781356 -2.96461941134e-05 -2.98559524651 4.28210087389
0.000258066960804 0.000122643608035 0.443643711767 4.08023659152
0.000258066960804 -0.000122643608035 -0.443643711767 4.08023659152
0.000309261540553 4.23788548118e-05 0.136184221771 4.03601067627
0.000309261540553 -4.23788548118e-05 -0.136184221771 4.03601067627
0.000292448521887 6.31361719861e-05 0.21262491939 4.05722240817
0.000292448521887 -6.31361719861e-05 -0.21262491939 4.05722240817
0.000251558570255 8.38632884418e-05 0.321787875345 4.11757100645
0.000251558570255 -8.38632884418e-05 -0.321787875345 4.11757100645
0.000250091022492 6.29464254398e-05 0.246572438236 4.13148675596
0.000250091022492 -6.29464254398e-05 -0.246572438236 4.13148675596
-0.000164123327294 0.0 3.14159265359 4.35744620853
0.000230593164408 7.94232065828e-05 0.331704100761 4.15940116151
0.000230593164408 -7.94232065828e-05 -0.331704100761 4.15940116151
0.000202965548054 8.1349457199e-05 0.381199516204 4.21399338522
0.000202965548054 -8.1349457199e-05 -0.381199516204 4.21399338522
-0.00015482961705 0.0 3.14159265359 4.38659264525
-0.000150492043398 1.28499493319e-05 3.05641302481 4.39898408147
-0.000150492043398 -1.28499493319e-05 -3.05641302481 4.39898408147
-0.000125980829514 5.17279532682e-05 2.75198035 4.450740113
-0.000125980829514 -5.17279532682e-05 -2.75198035 4.450740113
0.000201678708518 0.0 0.0 4.25441733936
0.000167138700401 7.70492230556e-05 0.43195530572 4.30016981246
0.000167138700401 -7.70492230556e-05 -0.43195530572 4.30016981246
0.000162457517512 8.1661585906e-05 0.465776735339 4.3062274235
0.000162457517512 -8.1661585906e-05 -0.465776735339 4.3062274235
0.000147997075463 8.40030386068e-05 0.516254682325 4.33934063332
0.000147997075463 -8.40030386068e-05 -0.516254682325 4.33934063332
9.98936791579e-05 9.74014210966e-05 0.772766701658 4.43865189524
9.98936791579e-05 -9.74014210966e-05 -0.772766701658 4.43865189524
-0.000132531466266 2.53060323422e-05 2.95292016339 4.45539259724
-0.000132531466266 -2.53060323422e-05 -2.95292016339 4.45539259724
-0.000128333901634 3.18379594305e-05 2.89841536696 4.46550569694
-0.000128333901634 -3.18379594305e-05 -2.89841536696 4.46550569694
-8.32410345889e-05 7.1379163798e-05 2.43276069717 4.55908915541
-8.32410345889e-05 -7.1379163798e-05 -2.43276069717 4.55908915541
0.000121989560178 8.04571727455e-05 0.583053533827 4.41549721405
0.000121989560178 -8.04571727455e-05 -0.583053533827 4.41549721405
0.000167487534932 0.0 0.0 4.34730081389
-0.000103998582667 5.37961333867e-05 2.6642187253 4.52629002455
-0.000103998582667 -5.37961333867e-05 -2.6642187253 4.52629002455
-0.000116471770837 4.09300903485e-05 2.80365656608 4.49982005874
-0.000116471770837 -4.09300903485e-05 -2.80365656608 4.49982005874
0.000112586786787 7.0320289128e-05 0.558302563637 4.46354748051
0.000112586786787 -7.0320289128e-05 -0.558302563637 4.46354748051
0.000157159188104 0.0 0.0 4.37912566467
-0.000128414358719 8.88850713133e-06 3.0724854852 4.47892927073
-0.000128414358719 -8.88850713133e-06 -3.0724854852 4.47892927073
9.73654822205e-05 6.58246757889e-05 0.594475882156 4.52441527095
9.73654822205e-05 -6.58246757889e-05 -0.594475882156 4.52441527095
7.31143994596e-05 6.89466526568e-05 0.756068860051 4.60269853643
7.31143994596e-05 -6.89466526568e-05 -0.756068860051 4.60269853643
5.92863991984e-05 5.49763008841e-05 0.747695082538 4.71143651729
5.92863991984e-05 -5.49763008841e-05 -0.747695082538 4.71143651729
-0.000115795028894 1.37763369968e-05 3.02317750591 4.52833070097
-0.000115795028894 -1.37763369968e-05 -3.02317750591 4.52833070097
-8.33014322539e-05 4.51393276333e-05 2.64500546229 4.63215872408
-8.33014322539e-05 -4.51393276333e-05 -2.64500546229 4.63215872408
-1.54970175875e-05 6.17055259722e-05 1.81685209123 4.83127743322
-1.54970175875e-05 -6.17055259722e-05 -1.81685209123 4.83127743322
-6.58625209963e-05 5.05558004901e-05 2.48692495593 4.69816227255
-6.58625209963e-05 -5.05558004901e-05 -2.48692495593 4.69816227255
-8.84362545328e-05 3.64576630009e-05 2.750572508 4.62737437449
-8.84362545328e-05 -3.64576630009e-05 -2.750572508 4.62737437449
-9.57578087448e-06 5.7273742531e-05 1.73645727306 4.87694164235
-9.57578087448e-06 -5.7273742531e-05 -1.73645727306 4.87694164235
-4.63843794825e-05 5.12502897103e-05 2.30639775733 4.78980556535
-4.63843794825e-05 -5.12502897103e-05 -2.30639775733 4.78980556535
9.50486579926e-05 3.60995556382e-05 0.362972926927 4.5968737506
9.50486579926e-05 -3.60995556382e-05 -0.362972926927 4.5968737506
3.39761633362e-05 4.69015773675e-05 0.94387228947 4.87826778461
3.39761633362e-05 -4.69015773675e-05 -0.94387228947 4.87826778461
2.51857015949e-05 4.47097934943e-05 1.05778789976 4.93875841128
2.51857015949e-05 -4.47097934943e-05 -1.05778789976 4.93875841128
-0.000100546819818 1.72786050442e-05 2.97140854619 4.5951676537
-0.000100546819818 -1.72786050442e-05 -2.97140854619 4.5951676537
-4.61061693385e-05 4.06182095759e-05 2.41939069891 4.84867545299
-4.61061693385e-05 -4.06182095759e-05 -2.41939069891 4.84867545299
-1.93153664478e-05 3.40608880097e-05 2.0866607698 5.07397271596
-1.93153664478e-05 -3.40608880097e-05 -2.0866607698 5.07397271596
2.9079448765e-06 2.8455912059e-05 1.4689586059 5.23098008259
2.9079448765e-06 -2.8455912059e-05 -1.4689586059 5.23098008259
-0.000105694861308 0.0 3.14159265359 4.57747714105
-7.962465183e-05 1.73962000775e-05 2.92649496218 4.70743634479
-7.962465183e-05 -1.73962000775e-05 -2.92649496218 4.70743634479
7.96498835287e-07 0.0 0.0 7.02152008494
-5.29927930807e-05 1.41209482518e-05 2.88117460883 4.90552775431
-5.29927930807e-05 -1.41209482518e-05 -2.88117460883 4.90552775431
