0.25 0.108372907763
0.24 0.105650291977
0.23 0.102303633152
0.22 0.0987507575396
0.21 0.0950502664881
0.2 0.0912257274696
0.19 0.0872923019948
0.18 0.083261112129
0.17 0.0791404898211
0.16 0.074937213239
0.15 0.0706566067036
0.14 0.0663029247793
0.13 0.0618800245508
0.12 0.0573918242142
0.11 0.0528419836895
0.1 0.0482346933164
0.09 0.0435742664242
0.08 0.0388650555822
0.07 0.0341120219018
0.06 0.0293200706022
0.05 0.0244945664979
0.04 0.0196407735519
0.03 0.0147641652715
0.02 0.0098703897279
0.01 0.00496483391863
0.0 0.000109548561662
-0.01 0.00485884082432
-0.02 0.00976573975063
-0.03 0.0146617356089
-0.04 0.0195413333173
-0.05 0.02439883111
-0.06 0.0292286145232
-0.07 0.0340250703211
-0.08 0.0387827576121
-0.09 0.0434961368723
-0.1 0.0481600798551
-0.11 0.0527693739548
-0.12 0.0573190987889
-0.13 0.0618043408825
-0.14 0.0662207052104
-0.15 0.0705637808423
-0.16 0.0748296747295
-0.17 0.0790147097809
-0.18 0.0831155394406
-0.19 0.0871293565567
-0.2 0.091053474509
-0.21 0.0948858397615
-0.22 0.0986248844785
-0.23 0.10226915522
-0.24 0.105817897846
