0.25 0.270417414521
0.24 0.275746334862
0.23 0.283054280611
0.22 0.290178119248
0.21 0.296810732911
0.2 0.30291903449
0.19 0.308537788576
0.18 0.313715325242
0.17 0.318498122667
0.16 0.322926695969
0.15 0.327035355155
0.14 0.330846605036
0.13 0.335332705537
0.12 0.340216126823
0.11 0.34470041354
0.1 0.348776958918
0.09 0.352440501125
0.08 0.35568964125
0.07 0.358523356869
0.06 0.360944669326
0.05 0.362956540555
0.04 0.3645632726
0.03 0.365770586503
0.02 0.366583436617
0.01 0.367006980501
0.0 0.367046209527
-0.01 0.366706195905
-0.02 0.365991068109
-0.03 0.364905143815
-0.04 0.363452654916
-0.05 0.361638548252
-0.06 0.359467033679
-0.07 0.356943411727
-0.08 0.354072881743
-0.09 0.350862162051
-0.1 0.347318694043
-0.11 0.343449718162
-0.12 0.339263467552
-0.13 0.33476842679
-0.14 0.329974516855
-0.15 0.324891240169
-0.16 0.319969146612
-0.17 0.315694046307
-0.18 0.311214121516
-0.19 0.306536943668
-0.2 0.30167352138
-0.21 0.29663561117
-0.22 0.291434674568
-0.23 0.28608437017
-0.24 0.280597250702
