0.25 0.300975340709
0.24 0.302009881737
0.23 0.307576123863
0.22 0.314042262264
0.21 0.320728934788
0.2 0.327417730968
0.19 0.334002012619
0.18 0.34041776737
0.17 0.346616456144
0.16 0.352563959051
0.15 0.358235584768
0.14 0.363612811438
0.13 0.368682032938
0.12 0.373429628052
0.11 0.377843806945
0.1 0.38191366581
0.09 0.385627835045
0.08 0.38897740384
0.07 0.391951629646
0.06 0.394543152161
0.05 0.396745237027
0.04 0.398551483972
0.03 0.399959682942
0.02 0.40096506953
0.01 0.401565798328
0.0 0.401762282884
-0.01 0.401554710977
-0.02 0.400943368686
-0.03 0.399930976139
-0.04 0.398520950617
-0.05 0.396716447702
-0.06 0.394523110512
-0.07 0.391947473188
-0.08 0.388996469851
-0.09 0.385677762405
-0.1 0.382001838947
-0.11 0.377978844749
-0.12 0.373620960696
-0.13 0.368940923377
-0.14 0.363953231824
-0.15 0.358672965405
-0.16 0.353116708225
-0.17 0.347300626838
-0.18 0.341242643014
-0.19 0.334961172018
-0.2 0.32847553844
-0.21 0.321802911361
-0.22 0.314961432416
-0.23 0.307970679007
-0.24 0.300847149512
