0.25 0.249005473911
0.24 0.256048212057
0.23 0.262883416246
0.22 0.269081857133
0.21 0.274757813979
0.2 0.279978413827
0.19 0.284780320608
0.18 0.289184777097
0.17 0.293207620592
0.16 0.296863192396
0.15 0.300169240634
0.14 0.303138965858
0.13 0.306743051868
0.12 0.310708079021
0.11 0.314245886125
0.1 0.317360129496
0.09 0.320059901729
0.08 0.322360028417
0.07 0.324277723901
0.06 0.325832365711
0.05 0.327043977941
0.04 0.327932347954
0.03 0.328517636748
0.02 0.328816186673
0.01 0.328843452889
0.0 0.328611711997
-0.01 0.328131553814
-0.02 0.32741047057
-0.03 0.326453902384
-0.04 0.325264591105
-0.05 0.32384715141
-0.06 0.322199635279
-0.07 0.320322509609
-0.08 0.318213848215
-0.09 0.315873094635
-0.1 0.313295718905
-0.11 0.310480034734
-0.12 0.307422258893
-0.13 0.304118218121
-0.14 0.30056444295
-0.15 0.296756660896
-0.16 0.293130640245
-0.17 0.290157227393
-0.18 0.286969852335
-0.19 0.283560250389
-0.2 0.279926040267
-0.21 0.276063972437
-0.22 0.271973069038
-0.23 0.267653152405
-0.24 0.263106530697
