1 -0.124921901644
2 -0.00130200373727
3 -0.000334206986196
4 -3.68255954353e-05
5 -2.09789433374e-05
6 -7.80114733858e-06
7 -7.73052430831e-06
8 -2.54959785801e-06
9 -3.62568108526e-06
10 -1.07499500882e-06
11 -1.83475999666e-06
12 -5.65311224611e-07
13 -9.52348393423e-07
14 -3.29264310417e-07
15 -4.82028814075e-07
16 -1.87306146818e-07
17 -2.31510292932e-07
18 -9.88775532916e-08
19 -1.05501734085e-07
20 -4.92097777571e-08
21 -4.70125080122e-08
22 -2.5109407736e-08
23 -2.17865612331e-08
24 -1.505222697e-08
25 -1.1268063335e-08
26 -1.13446269612e-08
27 -6.71020067491e-09
28 -1.00039022295e-08
29 -4.52416408447e-09
30 -9.41634470325e-09
31 -3.37816562964e-09
32 -9.07879120755e-09
33 -2.76774199382e-09
34 -8.86893708367e-09
35 -2.45791250637e-09
36 -8.74922810349e-09
37 -2.31230079341e-09
38 -8.68998707894e-09
39 -2.24869922703e-09
40 -8.66472193867e-09
41 -2.22193441788e-09
42 -8.65519269062e-09
43 -2.21033182129e-09
