1 0.0024521592623
2 -2.32016953762e-05
3 3.06496019314e-05
4 1.21318766812e-05
5 3.26596299701e-06
6 1.88191372311e-06
7 1.06060045377e-06
8 6.08748902299e-07
9 3.74648067293e-07
10 1.96638057033e-07
11 1.55301761705e-07
12 7.22905004356e-08
13 7.09005164188e-08
14 3.3262616452e-08
15 3.4234579325e-08
16 1.78477662536e-08
17 1.81072801302e-08
18 1.02279343233e-08
19 1.15051468344e-08
20 6.44925150783e-09
21 9.02762773043e-09
22 4.80796205279e-09
23 8.13104227611e-09
24 4.19979150935e-09
25 7.78616933688e-09
26 3.99767759608e-09
27 7.63722275785e-09
28 3.92755820401e-09
29 7.56918499146e-09
30 3.89748921591e-09
31 7.53930927844e-09
32 3.882531803e-09
33 7.52729973751e-09
34 3.87537494283e-09
35 7.52283731663e-09
36 3.8723852909e-09
37 7.52120069437e-09
38 3.87130419301e-09
39 7.52055152181e-09
40 3.87094187607e-09
41 7.52026604357e-09
42 3.87080957912e-09
43 7.52013660111e-09
