2 0.0221478095002
4 0.00330729198307
6 0.000718153764658
8 0.000172531288065
10 4.32152061005e-05
12 1.10415158724e-05
14 2.85065087967e-06
16 7.40345627671e-07
18 1.92967648839e-07
20 5.04082448699e-08
22 1.31852295054e-08
24 3.45085850867e-09
26 9.03075406122e-10
28 2.36127534192e-10
30 6.16303258427e-11
32 1.60468097143e-11
34 4.15924933383e-12
36 1.07126113535e-12
38 2.70942990266e-13
40 6.69880817483e-14
42 1.36279876273e-14
44 1.48492329544e-15
46 -1.4155343564e-15
48 -2.99760216649e-15
50 -2.72698530424e-15
52 -2.74780198595e-15
54 -2.72698530424e-15
56 -2.68535194081e-15
58 -2.50494069931e-15
60 -2.64371857739e-15
62 -2.60902410787e-15
3 -0.00682870083485
5 -0.00132583495123
7 -0.00030573736893
9 -7.53563831339e-05
11 -1.91470168822e-05
13 -4.93836258422e-06
15 -1.28365306525e-06
17 -3.35075466221e-07
19 -8.7665451419e-08
21 -2.2961374295e-08
23 -6.01581313237e-09
25 -1.57549478325e-09
27 -4.12162776131e-10
29 -1.0762694902e-10
31 -2.80219528137e-11
33 -7.26721460786e-12
35 -1.87574955568e-12
37 -4.80344930498e-13
39 -1.23470678126e-13
41 -3.32511795875e-14
43 -9.31893451295e-15
45 -4.47558656802e-15
47 -3.87884169228e-15
49 -3.47638584586e-15
51 -3.65679708736e-15
53 -4.31599200823e-15
55 -4.38538094727e-15
57 -4.41313652288e-15
59 -4.36456426556e-15
61 -4.33680868994e-15
63 -4.31599200823e-15
65 -4.35762537165e-15
