1 0.0454074313843
2 -0.000538029563327
3 -0.000409541014946
4 -0.000128870130684
5 -6.56410371543e-05
6 -1.0234212501e-05
7 1.7974625314e-06
8 4.45735290536e-06
9 9.5755253296e-07
10 4.58868488928e-07
11 1.14843815513e-07
12 -4.22736928823e-07
13 6.31206040408e-07
14 -2.59719865253e-07
15 8.04051817821e-07
16 -2.09019031139e-07
17 8.0861617463e-07
18 -2.15666869474e-07
19 8.0531948235e-07
20 -2.18641896005e-07
21 8.06168026724e-07
22 -2.18443644562e-07
23 8.06648521812e-07
24 -2.18286389381e-07
25 8.06687182553e-07
26 -2.18290867104e-07
27 8.06678103121e-07
28 -2.1829934238e-07
29 8.06678879278e-07
30 -2.18299516852e-07
31 8.0668008498e-07
32 -2.18299098825e-07
33 8.0668025626e-07
34 -2.18299073984e-07
35 8.06680237608e-07
36 -2.18299095633e-07
37 8.06680235887e-07
38 -2.18299097077e-07
39 8.06680238802e-07
40 -2.18299096022e-07
41 8.06680239357e-07
42 -2.18299096133e-07
43 8.06680239829e-07
1 0.0466477306893
2 -0.00038577942126
3 -0.000473840610293
4 -0.000136184034086
5 -7.97576993871e-05
6 -1.43198956636e-05
7 1.01369965352e-06
8 4.78269215895e-06
9 2.01205135564e-06
10 9.11712143115e-07
11 3.34711679928e-07
12 -3.35270756768e-07
13 5.71135004596e-07
14 -2.50812962538e-07
15 7.52761074918e-07
16 -1.88183322591e-07
17 7.70959581675e-07
18 -1.89490231894e-07
19 7.67017223957e-07
20 -1.93016589267e-07
21 7.66709849137e-07
22 -1.93252938319e-07
23 7.67079706865e-07
24 -1.93105570589e-07
25 7.67162743609e-07
26 -1.93086749506e-07
27 7.67159201692e-07
28 -1.93093544321e-07
29 7.6715686595e-07
30 -1.93095097634e-07
31 7.67157341375e-07
32 -1.93094894657e-07
33 7.67157591369e-07
34 -1.93094810141e-07
35 7.6715760669e-07
36 -1.9309481622e-07
37 7.67157599862e-07
38 -1.93094821327e-07
39 7.67157599835e-07
40 -1.93094821466e-07
41 7.67157599807e-07
42 -1.93094821188e-07
43 7.67157600501e-07
1 0.0475858630279
2 -0.000193058170593
3 -0.000483287357538
4 -0.000130426776408
5 -9.10964650631e-05
6 -1.98911744685e-05
7 -1.85133138117e-06
8 4.06164975353e-06
9 2.6062570791e-06
10 1.32045198686e-06
11 6.28660152269e-07
12 -1.96581317419e-07
13 5.33278383036e-07
14 -2.48175969747e-07
15 6.82610158093e-07
16 -1.86693695753e-07
17 7.15170398985e-07
18 -1.79903664799e-07
19 7.13898319016e-07
20 -1.82667227983e-07
21 7.12794860996e-07
22 -1.83360845341e-07
23 7.12884599297e-07
24 -1.83311463231e-07
25 7.12977270945e-07
26 -1.83276406329e-07
27 7.12988378726e-07
28 -1.8327625656e-07
29 7.12986295198e-07
30 -1.83278158317e-07
31 7.12985844059e-07
32 -1.83278394184e-07
33 7.12985966961e-07
34 -1.83278332233e-07
35 7.12986015838e-07
36 -1.83278316523e-07
37 7.12986018225e-07
38 -1.83278319105e-07
39 7.12986015783e-07
40 -1.8327831966e-07
41 7.12986015866e-07
42 -1.83278319354e-07
43 7.12986015866e-07
1 0.0483670207453
2 7.62674800525e-06
3 -0.000470672964092
4 -0.00011608800293
5 -9.85127399195e-05
6 -2.48369813829e-05
7 -5.74609392276e-06
8 2.6472977431e-06
9 2.60882652317e-06
10 1.56040742386e-06
11 9.07360121621e-07
12 1.01667669561e-08
13 5.39987273701e-07
14 -1.8255840048e-07
15 6.18242718631e-07
16 -1.4295417039e-07
17 6.55159598295e-07
18 -1.30631391232e-07
19 6.58189319047e-07
20 -1.31366815703e-07
21 6.57241400692e-07
22 -1.32145136861e-07
23 6.57063406351e-07
24 -1.32230605132e-07
25 6.57104621299e-07
26 -1.32208631154e-07
27 6.57122501219e-07
28 -1.32202577163e-07
29 6.57123707004e-07
30 -1.32203029635e-07
31 6.57123191417e-07
32 -1.32203417574e-07
33 6.57123104736e-07
34 -1.32203454795e-07
35 6.57123125969e-07
36 -1.32203442194e-07
37 6.57123135295e-07
38 -1.3220343914e-07
39 6.57123136183e-07
40 -1.32203439807e-07
41 6.57123135683e-07
42 -1.32203439085e-07
43 6.57123136183e-07
1 0.0490195190602
2 0.000215640780813
3 -0.000445831875573
4 -9.44437099411e-05
5 -0.000101294954948
6 -2.82670608724e-05
7 -9.85479415469e-06
8 8.26575349638e-07
9 2.01991843066e-06
10 1.51851945143e-06
11 1.04107416191e-06
12 1.78863763495e-07
13 5.39672471378e-07
14 -1.12200242375e-07
15 5.36307109444e-07
16 -1.07059315829e-07
17 5.64837461858e-07
18 -9.49352202406e-08
19 5.70809453898e-07
20 -9.36656372186e-08
21 5.70721465282e-07
22 -9.41074227157e-08
23 5.70489418983e-07
24 -9.42540805959e-08
25 5.70467886596e-07
26 -9.42609196253e-08
27 5.70477416528e-07
28 -9.42560614003e-08
29 5.70480399836e-07
30 -9.42551332261e-08
31 5.70480538586e-07
32 -9.4255240779e-08
33 5.70480444745e-07
34 -9.42553056715e-08
35 5.70480428508e-07
36 -9.42553137762e-08
37 5.70480430478e-07
38 -9.42553113614e-08
39 5.7048043231e-07
40 -9.42553110006e-08
41 5.70480432005e-07
42 -9.42553113337e-08
43 5.70480431672e-07
1 0.0495415987815
2 0.000436264486371
3 -0.000413000079491
4 -6.59684089142e-05
5 -9.90547378378e-05
6 -2.9507387545e-05
7 -1.3340214615e-05
8 -9.56410702607e-07
9 1.10347651144e-06
10 1.30048125688e-06
11 1.06928251206e-06
12 3.46399533863e-07
13 5.89215144786e-07
14 2.50931738999e-08
15 5.23517315415e-07
16 -2.90826138172e-09
17 5.35989137962e-07
18 3.93081550643e-09
19 5.41926009734e-07
20 6.03886110562e-09
21 5.42646930529e-07
22 6.05805017262e-09
23 5.42555517569e-07
24 5.95496313371e-09
25 5.42513619306e-07
26 5.93193069665e-09
27 5.42511043977e-07
28 5.9315123091e-09
29 5.42512628016e-07
30 5.9323117807e-09
31 5.42513083429e-07
32 5.93245505498e-09
33 5.42513109575e-07
34 5.93244281477e-09
35 5.42513097335e-07
36 5.93243318359e-09
37 5.42513094448e-07
38 5.93243140723e-09
39 5.42513093116e-07
40 5.93243115743e-09
41 5.42513093782e-07
42 5.93243140723e-09
43 5.42513093366e-07
1 0.0499119186074
2 0.000674511008005
3 -0.000374598908458
4 -3.12907074643e-05
5 -9.19395818402e-05
6 -2.82731103652e-05
7 -1.56665873975e-05
8 -2.39596352872e-06
9 8.72387363737e-08
10 9.55390752788e-07
11 9.79982833077e-07
12 4.57074607885e-07
13 6.41216469977e-07
14 1.72578308255e-07
15 5.49351068385e-07
16 1.24254588812e-07
17 5.46264956519e-07
18 1.23995659573e-07
19 5.49784930415e-07
20 1.25582362204e-07
21 5.50733597143e-07
22 1.25863386241e-07
23 5.50806547484e-07
24 1.25845930121e-07
25 5.50786658893e-07
26 1.25828580083e-07
27 5.50780166836e-07
28 1.25825214942e-07
29 5.50779734015e-07
30 1.25825129427e-07
31 5.50779928526e-07
32 1.25825231456e-07
33 5.50779992003e-07
34 1.25825253439e-07
35 5.50779998082e-07
36 1.25825253328e-07
37 5.50779996888e-07
38 1.25825252578e-07
39 5.50779997166e-07
40 1.25825252439e-07
41 5.50779996888e-07
42 1.25825251912e-07
43 5.50779996333e-07
1 0.0500937189138
2 0.000934535310734
3 -0.000332599678392
4 8.37705812193e-06
5 -8.0792647119e-05
6 -2.4541223127e-05
7 -1.66384313089e-05
8 -3.22820364107e-06
9 -8.6695416332e-07
10 5.87439056426e-07
11 7.50001056843e-07
12 5.01931324309e-07
13 6.07905010719e-07
14 2.9792112935e-07
15 5.25007036151e-07
16 2.46348746569e-07
17 5.12860713286e-07
18 2.40751796915e-07
19 5.13440196109e-07
20 2.4114673694e-07
21 5.14074313313e-07
22 2.41399538414e-07
23 5.14206304564e-07
24 2.41433687709e-07
25 5.14214315711e-07
26 2.41430355596e-07
27 5.14211489777e-07
28 2.41428003284e-07
29 5.1421059577e-07
30 2.41427534492e-07
31 5.1421050723e-07
32 2.41427504599e-07
33 5.14210522329e-07
34 2.41427513648e-07
35 5.14210529434e-07
36 2.41427516062e-07
37 5.14210530267e-07
38 2.41427516423e-07
39 5.14210530156e-07
40 2.41427516118e-07
41 5.14210530406e-07
42 2.41427516035e-07
43 5.142105306e-07
1 0.050036612069
2 0.00121972158419
3 -0.000288377634116
4 5.14649814884e-05
5 -6.67079707842e-05
6 -1.85094147421e-05
7 -1.6166811546e-05
8 -3.2695387549e-06
9 -1.51299999579e-06
10 3.43695647803e-07
11 5.21046340463e-07
12 5.39463312271e-07
13 5.65222034427e-07
14 4.25465645659e-07
15 5.12647240741e-07
16 3.83773211016e-07
17 4.9922475337e-07
18 3.76284967324e-07
19 4.97903608648e-07
20 3.7568329378e-07
21 4.98068450761e-07
22 3.75758186816e-07
23 4.98158685386e-07
24 3.75790783796e-07
25 4.98175820873e-07
26 3.75795003005e-07
27 4.98177028713e-07
28 3.75794700247e-07
29 4.98176755653e-07
30 3.75794443341e-07
31 4.98176651348e-07
32 3.75794384694e-07
33 4.98176636277e-07
34 3.75794378421e-07
35 4.9817663636e-07
36 3.75794377949e-07
37 4.98176636693e-07
38 3.75794378282e-07
39 4.98176636915e-07
40 3.75794378865e-07
41 4.98176636804e-07
42 3.75794378282e-07
43 4.98176636859e-07
1 0.0496804665737
2 0.00153244479526
3 -0.000243402540049
4 9.58254880635e-05
5 -5.15216102164e-05
6 -1.09760367934e-05
7 -1.46265514808e-05
8 -2.71248492002e-06
9 -1.85074106371e-06
10 1.60946294597e-07
11 2.94100857667e-07
12 4.76082357578e-07
13 4.70942694147e-07
14 4.33281131904e-07
15 4.52661924e-07
16 4.06319799501e-07
17 4.42998165096e-07
18 3.99733282239e-07
19 4.41191308764e-07
20 3.98727551962e-07
21 4.41048480251e-07
22 3.98649841138e-07
23 4.410714394e-07
24 3.98656948369e-07
25 4.41082238789e-07
26 3.98660402162e-07
27 4.41084344507e-07
28 3.98660919082e-07
29 4.41084552202e-07
30 3.986609175e-07
31 4.41084541405e-07
32 3.98660896336e-07
33 4.4108453226e-07
34 3.9866089023e-07
35 4.41084530553e-07
36 3.98660889064e-07
37 4.41084529512e-07
38 3.98660888634e-07
39 4.41084529901e-07
40 3.98660888704e-07
41 4.41084530081e-07
42 3.98660888912e-07
43 4.41084529776e-07
1 0.0489671906243
2 0.00187100875148
3 -0.000197527899993
4 0.000139830484859
5 -3.70752996837e-05
6 -2.43207003867e-06
7 -1.23483762829e-05
8 -1.55858722468e-06
9 -1.78602412736e-06
10 2.23908910052e-07
11 2.37197522929e-07
12 5.14022798451e-07
13 4.81505498959e-07
14 5.10727300521e-07
15 4.89758822164e-07
16 4.96398179062e-07
17 4.85232966321e-07
18 4.91849674419e-07
19 4.83856075928e-07
20 4.90922787852e-07
21 4.83632777326e-07
22 4.90787003343e-07
23 4.83615220384e-07
24 4.90774287126e-07
25 4.83617302982e-07
26 4.90774248685e-07
27 4.83618400701e-07
28 4.90774504674e-07
29 4.83618636526e-07
30 4.90774555009e-07
31 4.83618667349e-07
32 4.90774558493e-07
33 4.8361866925e-07
34 4.90774557299e-07
35 4.83618669153e-07
36 4.90774556647e-07
37 4.8361866839e-07
38 4.90774556827e-07
39 4.83618669139e-07
40 4.90774556591e-07
41 4.83618668848e-07
42 4.90774556647e-07
43 4.83618668654e-07
1 0.0478638852973
2 0.0022260496202
3 -0.000149550248723
4 0.000182739043254
5 -2.55286667506e-05
6 6.71587301219e-06
7 -9.95900139407e-06
8 4.02585791509e-08
9 -1.52868956979e-06
10 5.483790817e-07
11 2.50980588604e-07
12 7.10432233195e-07
13 5.10511380544e-07
14 7.15960107381e-07
15 5.33890900337e-07
16 7.08876561756e-07
17 5.33458604984e-07
18 7.06101783057e-07
19 5.32754003052e-07
20 7.0542556431e-07
21 5.32582142637e-07
22 7.05298497522e-07
23 5.32555779365e-07
24 7.05279268126e-07
25 5.32553454058e-07
26 7.05276984592e-07
27 5.32553561264e-07
28 7.05276801349e-07
29 5.32553656327e-07
30 7.0527679967e-07
31 5.32553680113e-07
32 7.05276801238e-07
33 5.32553683499e-07
34 7.05276801335e-07
35 5.32553683763e-07
36 7.05276801169e-07
37 5.32553683402e-07
38 7.05276801238e-07
39 5.32553684027e-07
40 7.05276801391e-07
41 5.32553683916e-07
42 7.05276801599e-07
43 5.32553684124e-07
1 0.0463910004747
2 0.00257490459312
3 -9.97794643354e-05
4 0.000223646916834
5 -1.84220081671e-05
6 1.61470928531e-05
7 -7.88345919717e-06
8 1.84986921838e-06
9 -1.16993842181e-06
10 9.2536733956e-07
11 3.33226918156e-07
12 8.72143896588e-07
13 5.73518706082e-07
14 8.57752064265e-07
15 6.01636998165e-07
16 8.51301699592e-07
17 6.03398658941e-07
18 8.49250985716e-07
19 6.03201558674e-07
20 8.48744922052e-07
21 6.0310895976e-07
22 8.48640467552e-07
23 6.03089584189e-07
24 8.48621733648e-07
25 6.03086774589e-07
26 8.48618759125e-07
27 6.03086518045e-07
28 8.48618337171e-07
29 6.03086521486e-07
30 8.48618282742e-07
31 6.03086529424e-07
32 8.48618276442e-07
33 6.030865317e-07
34 8.48618275873e-07
35 6.03086531895e-07
36 8.48618275581e-07
37 6.03086531839e-07
38 8.48618275526e-07
39 6.03086532436e-07
40 8.48618275734e-07
41 6.03086531964e-07
42 8.48618275651e-07
43 6.03086532144e-07
1 0.0446428921337
2 0.00288553213857
3 -5.08312180293e-05
4 0.000262298634264
5 -1.67912534489e-05
6 2.56843616247e-05
7 -6.46484186483e-06
8 3.8145738667e-06
9 -8.14677704783e-07
10 1.34189262326e-06
11 4.51942754526e-07
12 1.00820959725e-06
13 6.58271885404e-07
14 9.50882488512e-07
15 6.84396503539e-07
16 9.39004070305e-07
17 6.86710525527e-07
18 9.36412046348e-07
19 6.86747192669e-07
20 9.35865109353e-07
21 6.86707565367e-07
22 9.35756669623e-07
23 6.86696825042e-07
24 9.35736527291e-07
25 6.86694987637e-07
26 9.35733000293e-07
27 6.86694764676e-07
28 9.35732412485e-07
29 6.86694751409e-07
30 9.35732317478e-07
31 6.86694753047e-07
32 9.35732302684e-07
33 6.8669475424e-07
34 9.35732300339e-07
35 6.86694754087e-07
36 9.35732299923e-07
37 6.86694754365e-07
38 9.35732299909e-07
39 6.86694754198e-07
40 9.35732299964e-07
41 6.86694754545e-07
42 9.35732299534e-07
43 6.86694754157e-07
1 0.0427183618049
2 0.00312292342708
3 2.15796606087e-06
4 0.000293521536575
5 -2.03217804197e-05
6 3.47079027756e-05
7 -5.94906445052e-06
8 5.76739983316e-06
9 -5.60907200312e-07
10 1.71073951044e-06
11 5.76715557032e-07
12 1.05871465961e-06
13 7.56972612773e-07
14 9.42639003965e-07
15 7.79918945051e-07
16 9.20508683708e-07
17 7.82166299604e-07
18 9.1616279041e-07
19 7.82290004775e-07
20 9.15310076219e-07
21 7.82279942768e-07
22 9.15145652786e-07
23 7.82275756561e-07
24 9.15114671984e-07
25 7.82275078798e-07
26 9.1510896226e-07
27 7.82275027464e-07
28 9.1510792842e-07
29 7.82275034805e-07
30 9.15107743346e-07
31 7.82275039121e-07
32 9.15107710678e-07
33 7.82275040231e-07
34 9.15107704724e-07
35 7.82275040523e-07
36 9.15107703614e-07
37 7.82275040703e-07
38 9.15107703697e-07
39 7.82275040842e-07
40 9.15107703683e-07
41 7.82275040592e-07
42 9.15107703614e-07
43 7.82275040634e-07
1 0.0403251082546
2 0.00316956820714
3 2.82521168468e-06
4 0.000303793957584
5 -2.71437631814e-05
6 4.33355180063e-05
7 -6.29558188486e-06
8 8.16327724283e-06
9 -6.60922967244e-07
10 2.31671237375e-06
11 4.32049705859e-07
12 1.24336708125e-06
13 6.04982960825e-07
14 1.03532437693e-06
15 6.28964326344e-07
16 9.93794788434e-07
17 6.32040762061e-07
18 9.85404160055e-07
19 6.32437118342e-07
20 9.83707834926e-07
21 6.32495556388e-07
22 9.83366715918e-07
23 6.32506325787e-07
24 9.83298617467e-07
25 6.32508655785e-07
26 9.83285114643e-07
27 6.32509182211e-07
28 9.83282451072e-07
29 6.32509298978e-07
30 9.83281927595e-07
31 6.32509323528e-07
32 9.83281824886e-07
33 6.32509329135e-07
34 9.83281804819e-07
35 6.3250933037e-07
36 9.83281800683e-07
37 6.32509330523e-07
38 9.83281799698e-07
39 6.32509330176e-07
40 9.83281799691e-07
41 6.32509330287e-07
42 9.83281799732e-07
43 6.32509330051e-07
1 0.0383258781859
2 0.0033013354226
3 2.00420664253e-05
4 0.000337761833683
5 -2.95347255525e-05
6 5.61677535026e-05
7 -6.57831070339e-06
8 1.13865061493e-05
9 -1.09319946028e-06
10 2.86098760262e-06
11 -4.99989550595e-08
12 1.12054373097e-06
13 1.27405656303e-07
14 7.53977252653e-07
15 1.5687139332e-07
16 6.75644184364e-07
17 1.62008596913e-07
18 6.58811001183e-07
19 1.62986691657e-07
20 6.55190934083e-07
21 1.63188615704e-07
22 6.54413560633e-07
23 1.6323229711e-07
24 6.54246975942e-07
25 1.63241893683e-07
26 6.54211344833e-07
27 1.63243997806e-07
28 6.54203733928e-07
29 1.63244455675e-07
30 6.54202109401e-07
31 1.63244554277e-07
32 6.54201762762e-07
33 1.63244575177e-07
34 6.54201689071e-07
35 1.6324458002e-07
36 6.54201673236e-07
37 1.63244580853e-07
38 6.54201669899e-07
39 1.63244581339e-07
40 6.54201669281e-07
41 1.63244581186e-07
42 6.54201669129e-07
43 1.63244581089e-07
1 0.0365632792908
2 0.0032138998388
3 1.66143632588e-05
4 0.000341542979193
5 -3.24905141142e-05
6 6.17527363257e-05
7 -7.21647393747e-06
8 1.30296801868e-05
9 -1.63917940403e-06
10 3.03600475613e-06
11 -5.39057211736e-07
12 8.67043364813e-07
13 -3.25778926148e-07
14 3.84809499918e-07
15 -2.82954913805e-07
16 2.76456493843e-07
17 -2.73904896403e-07
18 2.52016274585e-07
19 -2.71913290738e-07
20 2.46499813783e-07
21 -2.71465254609e-07
22 2.45255452662e-07
23 -2.71363670194e-07
24 2.44975019013e-07
25 -2.713406278e-07
26 2.44911870673e-07
27 -2.71335412645e-07
28 2.44897658867e-07
29 -2.71334235358e-07
30 2.4489446146e-07
31 -2.71333970021e-07
32 2.44893742389e-07
33 -2.71333910194e-07
34 2.44893580637e-07
35 -2.71333896698e-07
36 2.44893544235e-07
37 -2.71333893666e-07
38 2.4489353611e-07
39 -2.71333892951e-07
40 2.44893534437e-07
41 -2.71333892729e-07
42 2.44893534139e-07
43 -2.71333892632e-07
1 0.0352506604685
2 0.00303286222654
3 -9.5777301544e-06
4 0.000337520290488
5 -3.74354624451e-05
6 6.42472867484e-05
7 -8.6927874784e-06
8 1.37479782659e-05
9 -2.43373828498e-06
10 2.94842083828e-06
11 -1.11232435711e-06
12 5.20001757202e-07
13 -8.27033870748e-07
14 -3.7543559088e-08
15 -7.63526258517e-07
16 -1.66626719915e-07
17 -7.49048562461e-07
18 -1.96594865602e-07
19 -7.45703809972e-07
20 -2.03555161934e-07
21 -7.44926856047e-07
22 -2.05171078051e-07
23 -7.44746163392e-07
24 -2.05546024597e-07
25 -7.44704163134e-07
26 -2.05632984626e-07
27 -7.44694409312e-07
28 -2.05653146491e-07
29 -7.44692145997e-07
30 -2.05657819899e-07
31 -7.44691621195e-07
32 -2.05658903157e-07
33 -7.44691499188e-07
34 -2.05659154151e-07
35 -7.44691471141e-07
36 -2.05659212348e-07
37 -7.44691464563e-07
38 -2.05659225753e-07
39 -7.44691462877e-07
40 -2.05659228827e-07
41 -7.44691462731e-07
42 -2.05659229459e-07
43 -7.44691462502e-07
1 0.0340585948746
2 0.00283206904896
3 -2.97987288118e-05
4 0.000317138259075
5 -4.30566633761e-05
6 6.16669814584e-05
7 -1.04901330125e-05
8 1.32077654561e-05
9 -3.22605073261e-06
10 2.58088837891e-06
11 -1.61535118102e-06
12 1.3365039523e-07
13 -1.24773589332e-06
14 -4.41278488486e-07
15 -1.16204850514e-06
16 -5.77412883597e-07
17 -1.14183854607e-06
18 -6.09734084021e-07
19 -1.13704613749e-06
20 -6.17412510742e-07
21 -1.13590756869e-06
22 -6.19236457389e-07
23 -1.13563698859e-06
24 -6.19669603796e-07
25 -1.13557270164e-06
26 -6.19772440855e-07
27 -1.13555743323e-06
28 -6.19796851918e-07
29 -1.1355538081e-06
30 -6.19802645693e-07
31 -1.13555294747e-06
32 -6.19804020829e-07
33 -1.13555274329e-06
34 -6.19804346999e-07
35 -1.13555269474e-06
36 -6.19804424354e-07
37 -1.13555268292e-06
38 -6.19804442707e-07
39 -1.13555268049e-06
40 -6.19804447217e-07
41 -1.13555267985e-06
42 -6.19804448369e-07
43 -1.13555267978e-06
1 0.0329443772858
2 0.0026174018799
3 -3.91992168553e-05
4 0.000292800147681
5 -4.71317724417e-05
6 5.76916555302e-05
7 -1.17331524268e-05
8 1.24221049674e-05
9 -3.61007606602e-06
10 2.34178082711e-06
11 -1.75978906451e-06
12 -1.24111979444e-08
13 -1.32684021947e-06
14 -5.72960430469e-07
15 -1.22386578085e-06
16 -7.07480106499e-07
17 -1.19917716266e-06
18 -7.39858408434e-07
19 -1.19323729936e-06
20 -7.47659633045e-07
21 -1.19180631473e-06
22 -7.49539753604e-07
23 -1.19146143329e-06
24 -7.49992872258e-07
25 -1.19137830924e-06
26 -7.50102069846e-07
27 -1.19135827591e-06
28 -7.50128383666e-07
29 -1.19135344818e-06
30 -7.5013472426e-07
31 -1.19135228471e-06
32 -7.5013625233e-07
33 -1.1913520044e-06
34 -7.50136620306e-07
35 -1.19135193694e-06
36 -7.50136709173e-07
37 -1.19135192069e-06
38 -7.50136730406e-07
39 -1.19135191651e-06
40 -7.50136735735e-07
41 -1.19135191587e-06
42 -7.50136736824e-07
43 -1.19135191563e-06
1 0.0320657308897
2 0.00243755193986
3 -3.47360778238e-05
4 0.00026688478074
5 -4.87639394231e-05
6 5.28834091721e-05
7 -1.24243669069e-05
8 1.1337621782e-05
9 -3.83740515206e-06
10 1.99570913204e-06
11 -1.85048924975e-06
12 -2.05352665844e-07
13 -1.37981328416e-06
14 -7.33890285896e-07
15 -1.26669015896e-06
16 -8.61823284945e-07
17 -1.23930952099e-06
18 -8.92893138218e-07
19 -1.23266091978e-06
20 -9.00449238728e-07
21 -1.23104420314e-06
22 -9.02287907945e-07
23 -1.23065082924e-06
24 -9.02735425079e-07
25 -1.2305550894e-06
26 -9.0284435738e-07
27 -1.23053178541e-06
28 -9.02870874002e-07
29 -1.23052611312e-06
30 -9.02877328839e-07
31 -1.23052473203e-06
32 -9.02878900089e-07
33 -1.23052439597e-06
34 -9.02879282623e-07
35 -1.23052431407e-06
36 -9.02879375958e-07
37 -1.23052429445e-06
38 -9.02879398593e-07
39 -1.23052428967e-06
40 -9.02879404185e-07
41 -1.23052428844e-06
42 -9.02879405573e-07
43 -1.23052428821e-06
1 0.0313720842412
2 0.00228972556556
3 -1.83786492823e-05
4 0.000240228814607
5 -4.78388521825e-05
6 4.77119876471e-05
7 -1.24604120631e-05
8 1.02156624537e-05
9 -3.82030542217e-06
10 1.72189419288e-06
11 -1.79546281968e-06
12 -2.91956362516e-07
13 -1.31203728489e-06
14 -7.78263181338e-07
15 -1.19511886538e-06
16 -8.96629647085e-07
17 -1.16665372313e-06
18 -9.25541881712e-07
19 -1.15970120821e-06
20 -9.32615532009e-07
21 -1.15800040178e-06
22 -9.34347525357e-07
23 -1.15758399809e-06
24 -9.34771774617e-07
25 -1.15748200907e-06
26 -9.34875715529e-07
27 -1.15745702299e-06
28 -9.34901183865e-07
29 -1.15745090066e-06
30 -9.34907424956e-07
31 -1.15744940078e-06
32 -9.34908954489e-07
33 -1.15744903326e-06
34 -9.34909329071e-07
35 -1.15744894324e-06
36 -9.34909420984e-07
37 -1.15744892119e-06
38 -9.34909443612e-07
39 -1.1574489158e-06
40 -9.34909449204e-07
41 -1.15744891457e-06
42 -9.34909450578e-07
43 -1.15744891414e-06
1 0.0308240923124
2 0.00217017467988
3 5.06809257295e-06
4 0.000214372511288
5 -4.51345939786e-05
6 4.24457785709e-05
7 -1.21366179035e-05
8 9.06321623437e-06
9 -3.76488051314e-06
10 1.45018324384e-06
11 -1.77642874817e-06
12 -3.66425074942e-07
13 -1.2979939009e-06
14 -8.07589758629e-07
15 -1.18157803505e-06
16 -9.15548180935e-07
17 -1.15307718547e-06
18 -9.42060156328e-07
19 -1.14607784165e-06
20 -9.48582015291e-07
21 -1.14435614598e-06
22 -9.50187781991e-07
23 -1.14393227697e-06
24 -9.50583331348e-07
25 -1.14382787261e-06
26 -9.50680793706e-07
27 -1.14380214893e-06
28 -9.50704812167e-07
29 -1.14379580998e-06
30 -9.50710731772e-07
31 -1.1437942477e-06
32 -9.50712190667e-07
33 -1.1437938626e-06
34 -9.50712550435e-07
35 -1.14379376779e-06
36 -9.5071263919e-07
37 -1.14379374438e-06
38 -9.50712660888e-07
39 -1.14379373872e-06
40 -9.50712666439e-07
41 -1.14379373718e-06
42 -9.50712667785e-07
43 -1.1437937369e-06
1 0.0303963523013
2 0.00207419498326
3 3.18584094047e-05
4 0.000190211554745
5 -4.13648042136e-05
6 3.72186763685e-05
7 -1.15924204923e-05
8 7.81309978855e-06
9 -3.69830657574e-06
10 1.06502814706e-06
11 -1.79460041459e-06
12 -5.56996576112e-07
13 -1.33233547468e-06
14 -9.53565249873e-07
15 -1.21903136165e-06
16 -1.05122515547e-06
17 -1.19110958807e-06
18 -1.07535507882e-06
19 -1.18420943889e-06
20 -1.0813268e-06
21 -1.18250174667e-06
22 -1.08280593268e-06
23 -1.18207878071e-06
24 -1.08317246675e-06
25 -1.18197397205e-06
26 -1.08326331869e-06
27 -1.18194799387e-06
28 -1.08328584189e-06
29 -1.18194155384e-06
30 -1.08329142613e-06
31 -1.1819399573e-06
32 -1.08329281073e-06
33 -1.18193956156e-06
34 -1.08329315417e-06
35 -1.18193946326e-06
36 -1.08329323944e-06
37 -1.18193943902e-06
38 -1.0832932606e-06
39 -1.18193943294e-06
40 -1.08329326551e-06
41 -1.18193943132e-06
42 -1.08329326698e-06
43 -1.18193943115e-06
1 0.0300739725022
2 0.00199806055264
3 5.88985081882e-05
4 0.000168553431368
5 -3.71134038171e-05
6 3.24089104908e-05
7 -1.08780078772e-05
8 6.69567056855e-06
9 -3.56764675197e-06
10 7.66494423522e-07
11 -1.77698194551e-06
12 -6.6868745436e-07
13 -1.3382595308e-06
14 -1.02181161699e-06
15 -1.22999193416e-06
16 -1.10927811034e-06
17 -1.20315210459e-06
18 -1.13100843813e-06
19 -1.19648227062e-06
20 -1.13641510855e-06
21 -1.19482265239e-06
22 -1.13776135949e-06
23 -1.19440940762e-06
24 -1.13809671547e-06
25 -1.1943064682e-06
26 -1.13818027467e-06
27 -1.19428081953e-06
28 -1.13820109776e-06
29 -1.19427442786e-06
30 -1.13820628755e-06
31 -1.1942728351e-06
32 -1.13820758092e-06
33 -1.19427243812e-06
34 -1.13820790353e-06
35 -1.19427233914e-06
36 -1.13820798348e-06
37 -1.1942723143e-06
38 -1.13820800371e-06
39 -1.19427230846e-06
40 -1.13820800876e-06
41 -1.19427230681e-06
42 -1.13820800995e-06
43 -1.1942723063e-06
1 0.0298431920118
2 0.00193677590669
3 8.40959422553e-05
4 0.000149255896921
5 -3.27752180472e-05
6 2.79943624292e-05
7 -1.00717834897e-05
8 5.68369443819e-06
9 -3.37827424404e-06
10 5.24177152107e-07
11 -1.71112438972e-06
12 -7.3359159914e-07
13 -1.29869120525e-06
14 -1.04518465205e-06
15 -1.19614770056e-06
16 -1.12285056598e-06
17 -1.17056062464e-06
18 -1.14226017949e-06
19 -1.16416372283e-06
20 -1.14711682215e-06
21 -1.16256287679e-06
22 -1.14833278355e-06
23 -1.16216205086e-06
24 -1.14863732259e-06
25 -1.16206166163e-06
26 -1.14871360844e-06
27 -1.16203651446e-06
28 -1.14873271995e-06
29 -1.16203021466e-06
30 -1.14873750783e-06
31 -1.1620286359e-06
32 -1.1487387078e-06
33 -1.1620282405e-06
34 -1.14873900806e-06
35 -1.16202814131e-06
36 -1.14873908341e-06
37 -1.16202811649e-06
38 -1.14873910206e-06
39 -1.16202811021e-06
40 -1.14873910685e-06
41 -1.16202810869e-06
42 -1.14873910821e-06
43 -1.16202810834e-06
1 0.0296946042088
2 0.00188646252827
3 0.000106704304337
4 0.000132392464295
5 -2.86464850111e-05
6 2.40391548797e-05
7 -9.2986436443e-06
8 4.76826930656e-06
9 -3.21534908225e-06
10 3.02680471721e-07
11 -1.67242662107e-06
12 -7.94235592662e-07
13 -1.28671106353e-06
14 -1.06795486277e-06
15 -1.19005412223e-06
16 -1.13662010689e-06
17 -1.16577622446e-06
18 -1.15388031416e-06
19 -1.15967083694e-06
20 -1.15822249747e-06
21 -1.1581346231e-06
22 -1.15931523111e-06
23 -1.15774799812e-06
24 -1.15959026012e-06
25 -1.15765068578e-06
26 -1.15965948544e-06
27 -1.15762619182e-06
28 -1.1596769101e-06
29 -1.1576200263e-06
30 -1.15968129594e-06
31 -1.15761847453e-06
32 -1.15968240005e-06
33 -1.15761808406e-06
34 -1.15968267772e-06
35 -1.15761798556e-06
36 -1.15968274764e-06
37 -1.15761796088e-06
38 -1.15968276532e-06
39 -1.15761795456e-06
40 -1.15968276965e-06
41 -1.15761795291e-06
42 -1.15968277089e-06
43 -1.15761795269e-06
1 0.0296364369619
2 0.00184475315403
3 0.000125371508445
4 0.000118030794624
5 -2.47981458727e-05
6 2.06282424858e-05
7 -8.49383463332e-06
8 4.01785566812e-06
9 -2.98841497302e-06
10 1.66384460154e-07
11 -1.56568835104e-06
12 -7.87197490755e-07
13 -1.206161387e-06
14 -1.02696624997e-06
15 -1.11534017959e-06
16 -1.08751323979e-06
17 -1.09237633036e-06
18 -1.10282169376e-06
19 -1.08656786998e-06
20 -1.10669328678e-06
21 -1.08509867402e-06
22 -1.10767240138e-06
23 -1.08472710177e-06
24 -1.10791998807e-06
25 -1.08463314173e-06
26 -1.1079825872e-06
27 -1.08460938521e-06
28 -1.10799841287e-06
29 -1.08460337917e-06
30 -1.10800241363e-06
31 -1.08460186091e-06
32 -1.10800342516e-06
33 -1.0846014771e-06
34 -1.10800368058e-06
35 -1.08460138025e-06
36 -1.10800374525e-06
37 -1.08460135563e-06
38 -1.10800376143e-06
39 -1.08460134951e-06
40 -1.10800376543e-06
41 -1.08460134777e-06
42 -1.10800376657e-06
43 -1.08460134739e-06
1 0.0298065106861
2 0.00181121683568
3 0.000126600573403
4 0.000107480382371
5 -2.23668731396e-05
6 1.79517017797e-05
7 -7.96124212481e-06
8 3.44389893624e-06
9 -2.91531311097e-06
10 9.06080472526e-08
11 -1.59487537736e-06
12 -7.44558430452e-07
13 -1.25837679684e-06
14 -9.55858192805e-07
15 -1.17281622892e-06
16 -1.00950203664e-06
17 -1.15106689437e-06
18 -1.02312717014e-06
19 -1.14554079832e-06
20 -1.02658677634e-06
21 -1.14413752903e-06
22 -1.02746481628e-06
23 -1.14378138102e-06
24 -1.02768756819e-06
25 -1.14369103089e-06
26 -1.02774405956e-06
27 -1.14366811763e-06
28 -1.02775838272e-06
29 -1.14366230818e-06
30 -1.02776201321e-06
31 -1.14366083542e-06
32 -1.02776293359e-06
33 -1.14366046206e-06
34 -1.02776316677e-06
35 -1.14366036758e-06
36 -1.027763226e-06
37 -1.14366034359e-06
38 -1.0277632409e-06
39 -1.14366033747e-06
40 -1.02776324493e-06
41 -1.1436603362e-06
42 -1.0277632457e-06
43 -1.14366033561e-06
1 0.0300293018542
2 0.00175288718988
3 0.000144798719059
4 9.13889031268e-05
5 -1.7533904229e-05
6 1.3964400775e-05
7 -7.07570061429e-06
8 2.44419532345e-06
9 -2.83599821813e-06
10 -2.1437065293e-07
11 -1.69252463893e-06
12 -8.83854573509e-07
13 -1.39692826519e-06
14 -1.0548278518e-06
15 -1.32108720423e-06
16 -1.09854353802e-06
17 -1.30168160328e-06
18 -1.10970984141e-06
19 -1.29672503266e-06
20 -1.11255863505e-06
21 -1.29546070381e-06
22 -1.1132847068e-06
23 -1.29513851495e-06
24 -1.11346962078e-06
25 -1.29505647072e-06
26 -1.1135166882e-06
27 -1.29503558916e-06
28 -1.1135286641e-06
29 -1.29503027641e-06
30 -1.11353171001e-06
31 -1.29502892527e-06
32 -1.11353248487e-06
33 -1.29502858147e-06
34 -1.1135326819e-06
35 -1.29502849434e-06
36 -1.11353273188e-06
37 -1.295028472e-06
38 -1.11353274459e-06
39 -1.29502846644e-06
40 -1.11353274773e-06
41 -1.29502846477e-06
42 -1.11353274852e-06
43 -1.29502846453e-06
1 0.0301515505107
2 0.00170793245656
3 0.000174599663594
4 7.604824785e-05
5 -1.18536300953e-05
6 9.72459680394e-06
7 -6.33185674988e-06
8 1.05622359019e-06
9 -3.05050141446e-06
10 -9.34166758608e-07
11 -2.11784484579e-06
12 -1.44470098497e-06
13 -1.87096373553e-06
14 -1.57721164278e-06
15 -1.80663924488e-06
16 -1.61152190466e-06
17 -1.78999085585e-06
18 -1.62037389615e-06
19 -1.7856993859e-06
20 -1.62265107847e-06
21 -1.78459622539e-06
22 -1.62323564171e-06
23 -1.78431319493e-06
24 -1.62338547489e-06
25 -1.78424067775e-06
26 -1.62342383875e-06
27 -1.78422211541e-06
28 -1.62343365438e-06
29 -1.78421736697e-06
30 -1.6234361645e-06
31 -1.78421615301e-06
32 -1.62343680615e-06
33 -1.78421584251e-06
34 -1.62343696994e-06
35 -1.7842157632e-06
36 -1.62343701195e-06
37 -1.78421574302e-06
38 -1.62343702319e-06
39 -1.78421573813e-06
40 -1.62343702592e-06
41 -1.78421573694e-06
42 -1.62343702655e-06
43 -1.78421573668e-06
1 0.0301793753589
2 0.00168941592101
3 0.000207183190759
4 6.4985162976e-05
5 -5.43227464871e-06
6 6.46318284762e-06
7 -5.07189365344e-06
8 1.57121944726e-07
9 -2.84729128491e-06
10 -1.25102320048e-06
11 -2.16447464475e-06
12 -1.61783966145e-06
13 -1.97898654168e-06
14 -1.7144782255e-06
15 -1.92994203283e-06
16 -1.739784037e-06
17 -1.9171174112e-06
18 -1.74637000486e-06
19 -1.91378528776e-06
20 -1.74807626775e-06
21 -1.912923122e-06
22 -1.74851691339e-06
23 -1.91270066923e-06
24 -1.74863046026e-06
25 -1.91264338326e-06
26 -1.74865967444e-06
27 -1.9126286508e-06
28 -1.74866718283e-06
29 -1.91262486527e-06
30 -1.74866911141e-06
31 -1.91262389325e-06
32 -1.74866960661e-06
33 -1.91262364399e-06
34 -1.74866973364e-06
35 -1.91262358006e-06
36 -1.74866976622e-06
37 -1.91262356359e-06
38 -1.74866977449e-06
39 -1.91262355925e-06
40 -1.74866977656e-06
41 -1.91262355805e-06
42 -1.74866977724e-06
43 -1.91262355788e-06
1 0.030384924869
2 0.00168691412779
3 0.000229877714425
4 5.93655466287e-05
5 -1.83803434727e-06
6 4.68667063874e-06
7 -4.30431026931e-06
8 -3.49602983001e-07
9 -2.63955374322e-06
10 -1.43258995701e-06
11 -2.09152008047e-06
12 -1.71758935826e-06
13 -1.93942582762e-06
14 -1.79371067683e-06
15 -1.89865177747e-06
16 -1.81389297552e-06
17 -1.88786637401e-06
18 -1.81920489803e-06
19 -1.88503458415e-06
20 -1.82059554071e-06
21 -1.88429458735e-06
22 -1.82095825958e-06
23 -1.88410182472e-06
24 -1.82105262532e-06
25 -1.88405172023e-06
26 -1.82107713247e-06
27 -1.88403871577e-06
28 -1.82108348942e-06
29 -1.88403534407e-06
30 -1.82108513685e-06
31 -1.88403447077e-06
32 -1.82108556366e-06
33 -1.88403424452e-06
34 -1.8210856741e-06
35 -1.88403418586e-06
36 -1.82108570255e-06
37 -1.88403417052e-06
38 -1.82108571004e-06
39 -1.88403416693e-06
40 -1.82108571198e-06
41 -1.88403416572e-06
42 -1.8210857125e-06
43 -1.88403416562e-06
1 0.0306551247538
2 0.00168024402165
3 0.000245377687397
4 5.44752689067e-05
5 1.01796553569e-06
6 3.32104492456e-06
7 -3.62590677595e-06
8 -6.36008153622e-07
9 -2.41428285607e-06
10 -1.44763546405e-06
11 -1.9743618274e-06
12 -1.66523946056e-06
13 -1.84855224781e-06
14 -1.72461536996e-06
15 -1.81416834896e-06
16 -1.7406425266e-06
17 -1.80493134928e-06
18 -1.74492589122e-06
19 -1.80247299324e-06
20 -1.74606263732e-06
21 -1.8018225446e-06
22 -1.74636286967e-06
23 -1.80165111029e-06
24 -1.74644190674e-06
25 -1.80160604529e-06
26 -1.74646266658e-06
27 -1.80159422024e-06
28 -1.7464681108e-06
29 -1.80159112121e-06
30 -1.74646953731e-06
31 -1.80159031009e-06
32 -1.74646991066e-06
33 -1.80159009748e-06
34 -1.74647000838e-06
35 -1.80159004187e-06
36 -1.74647003377e-06
37 -1.80159002741e-06
38 -1.74647004041e-06
39 -1.80159002348e-06
40 -1.74647004215e-06
41 -1.80159002258e-06
42 -1.74647004295e-06
43 -1.80159002244e-06
1 0.0309421045315
2 0.00166740918868
3 0.000254399556298
4 5.04597342445e-05
5 3.14078623796e-06
6 2.29491526196e-06
7 -3.04922108579e-06
8 -7.96336486981e-07
9 -2.18958256091e-06
10 -1.39046848877e-06
11 -1.83615312487e-06
12 -1.55341194678e-06
13 -1.73174977652e-06
14 -1.59899362791e-06
15 -1.70265585354e-06
16 -1.61153773821e-06
17 -1.69472278593e-06
18 -1.6149426569e-06
19 -1.69258474218e-06
20 -1.61585824517e-06
21 -1.69201264679e-06
22 -1.61610290975e-06
23 -1.69186028302e-06
24 -1.61616801449e-06
25 -1.69181983227e-06
26 -1.61618528897e-06
27 -1.69180911588e-06
28 -1.61618986386e-06
29 -1.6918062812e-06
30 -1.61619107378e-06
31 -1.6918055319e-06
32 -1.61619139323e-06
33 -1.69180533404e-06
34 -1.61619147772e-06
35 -1.69180528189e-06
36 -1.61619150003e-06
37 -1.69180526795e-06
38 -1.6161915061e-06
39 -1.69180526464e-06
40 -1.61619150745e-06
41 -1.69180526344e-06
42 -1.61619150793e-06
43 -1.69180526331e-06
1 0.0312248573073
2 0.00164680867691
3 0.000255074055807
4 4.77918118593e-05
5 4.11425887434e-06
6 1.8403999976e-06
7 -2.59263137149e-06
8 -7.11093661135e-07
9 -1.91467550766e-06
10 -1.16465012989e-06
11 -1.6126554323e-06
12 -1.29063842248e-06
13 -1.5217994592e-06
14 -1.32654525876e-06
15 -1.49617641797e-06
16 -1.33657560511e-06
17 -1.4891181364e-06
18 -1.33933219533e-06
19 -1.48719775697e-06
20 -1.34008162722e-06
21 -1.48667919428e-06
22 -1.34028393402e-06
23 -1.4865398458e-06
24 -1.34033828934e-06
25 -1.4865025206e-06
26 -1.34035284748e-06
27 -1.48649254506e-06
28 -1.34035673832e-06
29 -1.48648988264e-06
30 -1.34035777657e-06
31 -1.48648917288e-06
32 -1.34035805321e-06
33 -1.48648898363e-06
34 -1.34035812716e-06
35 -1.48648893335e-06
36 -1.34035814665e-06
37 -1.48648891994e-06
38 -1.34035815171e-06
39 -1.48648891622e-06
40 -1.34035815332e-06
41 -1.4864889155e-06
42 -1.34035815379e-06
43 -1.48648891521e-06
1 0.03149818464
2 0.00163002838509
3 0.000222606288867
4 4.83507665833e-05
5 6.57592229739e-07
6 2.50684854824e-06
7 -2.8274937961e-06
8 -3.75201176572e-07
9 -1.74927457525e-06
10 -8.69054835692e-07
11 -1.38502948384e-06
12 -9.94979190302e-07
13 -1.28340178092e-06
14 -1.02896221482e-06
15 -1.25580088066e-06
16 -1.03815179996e-06
17 -1.24835761368e-06
18 -1.04062933459e-06
19 -1.24635649158e-06
20 -1.0412956306e-06
21 -1.24581941117e-06
22 -1.04147451806e-06
23 -1.24567541779e-06
24 -1.04152249196e-06
25 -1.24563683951e-06
26 -1.0415353473e-06
27 -1.24562650826e-06
28 -1.04153879091e-06
29 -1.245623743e-06
30 -1.04153971289e-06
31 -1.24562300269e-06
32 -1.04153995942e-06
33 -1.24562280453e-06
34 -1.04154002546e-06
35 -1.24562275151e-06
36 -1.041540043e-06
37 -1.24562273751e-06
38 -1.04154004787e-06
39 -1.24562273358e-06
40 -1.0415400493e-06
41 -1.24562273257e-06
42 -1.04154004961e-06
43 -1.24562273231e-06
1 0.0317130945263
2 0.00161201115913
3 0.000219650769371
4 4.60105220102e-05
5 1.45822851207e-06
6 1.92644009218e-06
7 -2.52040718222e-06
8 -5.108939512e-07
9 -1.65922866796e-06
10 -8.81170305916e-07
11 -1.36111848632e-06
12 -9.73084678002e-07
13 -1.27788825932e-06
14 -9.97884592124e-07
15 -1.25519450812e-06
16 -1.00462630166e-06
17 -1.24903043364e-06
18 -1.00645778135e-06
19 -1.24735792884e-06
20 -1.00695488775e-06
21 -1.24690435013e-06
22 -1.0070897371e-06
23 -1.24678137679e-06
24 -1.00712630494e-06
25 -1.246748043e-06
26 -1.00713621885e-06
27 -1.24673900853e-06
28 -1.00713890593e-06
29 -1.24673655992e-06
30 -1.00713963465e-06
31 -1.2467358967e-06
32 -1.00713983185e-06
33 -1.24673571679e-06
34 -1.00713988566e-06
35 -1.24673566833e-06
36 -1.00713990014e-06
37 -1.24673565512e-06
38 -1.00713990353e-06
39 -1.24673565129e-06
40 -1.00713990508e-06
41 -1.24673565043e-06
42 -1.00713990535e-06
43 -1.24673565031e-06
1 0.031967597122
2 0.00158397226127
3 0.000220746633342
4 4.31499911338e-05
5 2.8291595626e-06
6 1.2849417583e-06
7 -2.10506137403e-06
8 -6.55192388316e-07
9 -1.53690009451e-06
10 -9.03022251073e-07
11 -1.31843489996e-06
12 -9.63611044666e-07
13 -1.25623575348e-06
14 -9.8030504174e-07
15 -1.23901769704e-06
16 -9.84936667447e-07
17 -1.23426767767e-06
18 -9.86217903662e-07
19 -1.23295831812e-06
20 -9.86571597972e-07
21 -1.23259755905e-06
22 -9.86669127415e-07
23 -1.23249819677e-06
24 -9.8669600368e-07
25 -1.23247083697e-06
26 -9.8670340698e-07
27 -1.23246330497e-06
28 -9.86705445766e-07
29 -1.2324612319e-06
30 -9.86706007025e-07
31 -1.23246066103e-06
32 -9.86706161596e-07
33 -1.23246050379e-06
34 -9.86706203812e-07
35 -1.23246046074e-06
36 -9.86706215733e-07
37 -1.23246044856e-06
38 -9.86706219022e-07
39 -1.23246044549e-06
40 -9.86706219966e-07
41 -1.23246044474e-06
42 -9.86706220146e-07
43 -1.23246044445e-06
1 0.0322504798582
2 0.00154904301856
3 0.000220515521972
4 4.06030968776e-05
5 4.25341432085e-06
6 8.94538152343e-07
7 -1.49938606923e-06
8 -6.15536556198e-07
9 -1.19895691962e-06
10 -7.62405026652e-07
11 -1.05373592606e-06
12 -7.9752696705e-07
13 -1.01111916964e-06
14 -8.07634938677e-07
15 -9.99093550308e-07
16 -8.10538411986e-07
17 -9.95714157459e-07
18 -8.11362869738e-07
19 -9.94765598283e-07
20 -8.11595464612e-07
21 -9.94499605611e-07
22 -8.11660862396e-07
23 -9.94425077061e-07
24 -8.11679215049e-07
25 -9.94404207533e-07
26 -8.11684360044e-07
27 -9.94398367038e-07
28 -8.11685800989e-07
29 -9.94396732221e-07
30 -8.11686204458e-07
31 -9.94396275239e-07
32 -8.11686317215e-07
33 -9.9439614748e-07
34 -8.11686348925e-07
35 -9.94396111717e-07
36 -8.11686357516e-07
37 -9.94396101295e-07
38 -8.11686360278e-07
39 -9.9439609888e-07
40 -8.11686360763e-07
41 -9.94396098117e-07
42 -8.11686360971e-07
43 -9.94396097923e-07
1 0.0325375629125
2 0.00150625164063
3 0.000218517491798
4 3.78982206671e-05
5 5.17012222162e-06
6 2.77162033366e-07
7 -1.24327025028e-06
8 -8.69511696255e-07
9 -1.17660792909e-06
10 -9.33694295061e-07
11 -1.09633215439e-06
12 -9.4820661152e-07
13 -1.07145404574e-06
14 -9.52983977925e-07
15 -1.06424710349e-06
16 -9.54475261841e-07
17 -1.06217250331e-06
18 -9.54920531135e-07
19 -1.0615766831e-06
20 -9.55050622212e-07
21 -1.06140595911e-06
22 -9.55088223994e-07
23 -1.06135713787e-06
24 -9.5509903042e-07
25 -1.06134319793e-06
26 -9.55102125166e-07
27 -1.06133922165e-06
28 -9.55103010084e-07
29 -1.06133808883e-06
30 -9.55103262451e-07
31 -1.06133776573e-06
32 -9.55103334588e-07
33 -1.06133767387e-06
34 -9.55103354988e-07
35 -1.06133764782e-06
36 -9.55103360845e-07
37 -1.06133764018e-06
38 -9.5510336276e-07
39 -1.06133763836e-06
40 -9.55103362871e-07
41 -1.06133763732e-06
42 -9.55103363065e-07
43 -1.06133763718e-06
1 0.0328181188563
2 0.0014574460806
3 0.000215181527715
4 3.54476339407e-05
5 5.89813994839e-06
6 -1.9600223411e-07
7 -1.03625463373e-06
8 -1.0557229132e-06
9 -1.17262899196e-06
10 -1.05586507783e-06
11 -1.15044499016e-06
12 -1.0542948897e-06
13 -1.14202526279e-06
14 -1.05485017982e-06
15 -1.13946658484e-06
16 -1.05519775148e-06
17 -1.13870087677e-06
18 -1.05532730446e-06
19 -1.13847310487e-06
20 -1.05536937435e-06
21 -1.13840583196e-06
22 -1.05538231399e-06
23 -1.1383860888e-06
24 -1.05538619308e-06
25 -1.13838032229e-06
26 -1.05538733969e-06
27 -1.13837864359e-06
28 -1.05538767617e-06
29 -1.13837815575e-06
30 -1.05538777387e-06
31 -1.13837801405e-06
32 -1.05538780271e-06
33 -1.13837797337e-06
34 -1.05538781132e-06
35 -1.13837796169e-06
36 -1.05538781371e-06
37 -1.1383779583e-06
38 -1.05538781439e-06
39 -1.13837795722e-06
40 -1.05538781478e-06
41 -1.13837795687e-06
42 -1.05538781443e-06
43 -1.13837795661e-06
1 0.0330853287618
2 0.00140499378037
3 0.000211559126155
4 3.32136197529e-05
5 6.46010995897e-06
6 -5.37617666552e-07
7 -8.66446431519e-07
8 -1.15974503753e-06
9 -1.18408232566e-06
10 -1.11047091708e-06
11 -1.21641276156e-06
12 -1.09634758681e-06
13 -1.22409524411e-06
14 -1.09353571386e-06
15 -1.22627549287e-06
16 -1.09294683545e-06
17 -1.22689989748e-06
18 -1.09280969994e-06
19 -1.22707918079e-06
20 -1.09277481654e-06
21 -1.22713103627e-06
22 -1.09276540029e-06
23 -1.22714615773e-06
24 -1.09276276217e-06
25 -1.2271505971e-06
26 -1.09276200545e-06
27 -1.2271519067e-06
28 -1.0927617852e-06
29 -1.22715229457e-06
30 -1.09276172082e-06
31 -1.22715240958e-06
32 -1.09276170182e-06
33 -1.22715244384e-06
34 -1.09276169619e-06
35 -1.22715245376e-06
36 -1.0927616942e-06
37 -1.227152457e-06
38 -1.09276169395e-06
39 -1.22715245794e-06
40 -1.09276169377e-06
41 -1.22715245826e-06
42 -1.09276169398e-06
43 -1.22715245859e-06
1 0.0333364203517
2 0.00134820778852
3 0.000206674909979
4 3.10361957023e-05
5 6.83151754909e-06
6 -8.91264184483e-07
7 -7.94780073851e-07
8 -1.33166483325e-06
9 -1.26343096295e-06
10 -1.24714681511e-06
11 -1.34316659769e-06
12 -1.22432790642e-06
13 -1.36559789095e-06
14 -1.21917230282e-06
15 -1.3723423425e-06
16 -1.21791320547e-06
17 -1.37436921267e-06
18 -1.21757748051e-06
19 -1.37497735057e-06
20 -1.21748271811e-06
21 -1.3751599858e-06
22 -1.21745511457e-06
23 -1.37521492913e-06
24 -1.21744693675e-06
25 -1.37523148366e-06
26 -1.21744449187e-06
27 -1.37523647731e-06
28 -1.21744375683e-06
29 -1.3752379846e-06
30 -1.21744353551e-06
31 -1.37523843985e-06
32 -1.21744346886e-06
33 -1.37523857736e-06
34 -1.21744344843e-06
35 -1.37523861926e-06
36 -1.21744344228e-06
37 -1.37523863145e-06
38 -1.21744344024e-06
39 -1.37523863519e-06
40 -1.21744343992e-06
41 -1.37523863593e-06
42 -1.21744343969e-06
43 -1.37523863676e-06
1 0.0335675689647
2 0.00128753516553
3 0.000201343450123
4 2.90932304434e-05
5 7.09996414076e-06
6 -1.20226291384e-06
7 -7.7070271999e-07
8 -1.52009710018e-06
9 -1.37456343161e-06
10 -1.41210883267e-06
11 -1.49824209039e-06
12 -1.38355092043e-06
13 -1.53494685601e-06
14 -1.37687140944e-06
15 -1.54630212386e-06
16 -1.37517273845e-06
17 -1.54980388739e-06
18 -1.37470258946e-06
19 -1.55088041481e-06
20 -1.37456549314e-06
21 -1.55121113793e-06
22 -1.37452440388e-06
23 -1.55131277228e-06
24 -1.37451191717e-06
25 -1.5513440207e-06
26 -1.3745080968e-06
27 -1.55135363267e-06
28 -1.37450692309e-06
29 -1.55135658966e-06
30 -1.37450656205e-06
31 -1.55135749956e-06
32 -1.37450645055e-06
33 -1.55135777909e-06
34 -1.37450641614e-06
35 -1.55135786473e-06
36 -1.37450640571e-06
37 -1.55135789186e-06
38 -1.3745064027e-06
39 -1.55135789981e-06
40 -1.37450640136e-06
41 -1.55135790228e-06
42 -1.37450640111e-06
43 -1.55135790343e-06
1 0.0337773345247
2 0.00122439619387
3 0.000195770737467
4 2.73532509125e-05
5 7.33276424732e-06
6 -1.4516366342e-06
7 -7.21538337578e-07
8 -1.68366607396e-06
9 -1.4445732766e-06
10 -1.56207220683e-06
11 -1.60901527031e-06
12 -1.5304993741e-06
13 -1.65962534332e-06
14 -1.52308509584e-06
15 -1.67567392266e-06
16 -1.52117937594e-06
17 -1.68073724363e-06
18 -1.52064310957e-06
19 -1.68232798534e-06
20 -1.52048354576e-06
21 -1.68282692178e-06
22 -1.52043468166e-06
23 -1.68298334578e-06
24 -1.52041950729e-06
25 -1.68303238512e-06
26 -1.52041476366e-06
27 -1.6830477594e-06
28 -1.5204132756e-06
29 -1.68305257925e-06
30 -1.52041280813e-06
31 -1.68305409011e-06
32 -1.52041266088e-06
33 -1.6830545637e-06
34 -1.52041261485e-06
35 -1.68305471204e-06
36 -1.52041260029e-06
37 -1.6830547588e-06
38 -1.52041259573e-06
39 -1.68305477333e-06
40 -1.52041259396e-06
41 -1.68305477723e-06
42 -1.52041259374e-06
43 -1.68305477893e-06
1 0.0339649885224
2 0.00115984690361
3 0.000190498615432
4 2.59796675923e-05
5 7.51735325494e-06
6 -1.66232930607e-06
7 -7.1837402317e-07
8 -1.86534560838e-06
9 -1.55213726952e-06
10 -1.7406882063e-06
11 -1.75478564921e-06
12 -1.70882856686e-06
13 -1.81889686091e-06
14 -1.70150236797e-06
15 -1.83968160423e-06
16 -1.6996486122e-06
17 -1.84637915669e-06
18 -1.69912794065e-06
19 -1.84852661947e-06
20 -1.69897147753e-06
21 -1.84921359191e-06
22 -1.69892276577e-06
23 -1.84943315462e-06
24 -1.69890734095e-06
25 -1.84950330319e-06
26 -1.69890241788e-06
27 -1.84952571089e-06
28 -1.69890084128e-06
29 -1.84953286761e-06
30 -1.69890033493e-06
31 -1.84953515266e-06
32 -1.69890017285e-06
33 -1.84953588218e-06
34 -1.69890012086e-06
35 -1.84953611557e-06
36 -1.69890010383e-06
37 -1.84953618974e-06
38 -1.69890009848e-06
39 -1.84953621334e-06
40 -1.69890009682e-06
41 -1.84953622087e-06
42 -1.69890009623e-06
43 -1.84953622341e-06
1 0.0341292049633
2 0.00109421200393
3 0.000185243131233
4 2.46359869188e-05
5 7.58765567864e-06
6 -1.91073406364e-06
7 -7.73181459343e-07
8 -2.11976656232e-06
9 -1.70163105977e-06
10 -2.00186804827e-06
11 -1.93894227891e-06
12 -1.97263555235e-06
13 -2.01598409953e-06
14 -1.96631848443e-06
15 -2.04151909936e-06
16 -1.96481633434e-06
17 -2.04992138129e-06
18 -1.9644093326e-06
19 -2.05266999732e-06
20 -1.9642880007e-06
21 -2.05356648879e-06
22 -1.96424985957e-06
23 -2.05385849084e-06
24 -1.96423755912e-06
25 -2.05395353804e-06
26 -1.96423354627e-06
27 -2.053984464e-06
28 -1.96423223048e-06
29 -2.05399452355e-06
30 -1.96423179849e-06
31 -2.05399779503e-06
32 -1.9642316561e-06
33 -2.05399885872e-06
34 -1.96423160961e-06
35 -2.05399920451e-06
36 -1.9642315944e-06
37 -2.05399931702e-06
38 -1.96423158945e-06
39 -2.05399935339e-06
40 -1.9642315877e-06
41 -2.05399936536e-06
42 -1.96423158717e-06
43 -2.05399936908e-06
1 0.0342690021498
2 0.00102824014897
3 0.000180244212629
4 2.35013439333e-05
5 7.64241157698e-06
6 -2.0975278977e-06
7 -8.21709044627e-07
8 -2.34522094666e-06
9 -1.8331877379e-06
10 -2.24266833043e-06
11 -2.10197648925e-06
12 -2.21872726611e-06
13 -2.19130258386e-06
14 -2.21432284862e-06
15 -2.22154027757e-06
16 -2.21348771913e-06
17 -2.2316920308e-06
18 -2.21330448227e-06
19 -2.23507770961e-06
20 -2.21325640008e-06
21 -2.23620287451e-06
22 -2.21324191788e-06
23 -2.23657615032e-06
24 -2.21323720352e-06
25 -2.23669987331e-06
26 -2.21323561408e-06
27 -2.23674086008e-06
28 -2.21323506994e-06
29 -2.23675443288e-06
30 -2.21323488327e-06
31 -2.23675892615e-06
32 -2.21323481892e-06
33 -2.23676041307e-06
34 -2.21323479681e-06
35 -2.23676090511e-06
36 -2.21323478927e-06
37 -2.23676106775e-06
38 -2.2132347869e-06
39 -2.2367611215e-06
40 -2.21323478559e-06
41 -2.23676113956e-06
42 -2.21323478518e-06
43 -2.23676114514e-06
