0.25 0.0472288746384
0.24 0.0510665219285
0.23 0.0534145044133
0.22 0.0550248115189
0.21 0.0564628503331
0.2 0.0593010934329
0.19 0.0619244167906
0.18 0.0642616400084
0.17 0.0662178286099
0.16 0.0684549677612
0.15 0.0756864564024
0.14 0.0831703952328
0.13 0.0909188291355
0.12 0.0990140828356
0.11 0.107507605272
0.1 0.116956781209
0.09 0.13073645873
0.08 0.143073406352
0.07 0.153238431627
0.06 0.162411286453
0.05 0.16881698896
0.04 0.173243151507
0.03 0.176295865022
0.02 0.178277958071
0.01 0.179354157299
0.0 0.179637538574
-0.01 0.179228806976
-0.02 0.178205824885
-0.03 0.176398801608
-0.04 0.170705081109
-0.05 0.165749076878
-0.06 0.165115438325
-0.07 0.166315522685
-0.08 0.166812177951
-0.09 0.167685793252
-0.1 0.168644909261
-0.11 0.168939571642
-0.12 0.165816412564
-0.13 0.164827847476
-0.14 0.163698975982
-0.15 0.161675442413
-0.16 0.15880749235
-0.17 0.155255330173
-0.18 0.151173544137
-0.19 0.146692424334
-0.2 0.141918588335
-0.21 0.136939163484
-0.22 0.1318267145
-0.23 0.126642442547
-0.24 0.121437413417
