0.25 0.0312513232681
0.24 0.0328990595246
0.23 0.0341380208415
0.22 0.0353645808574
0.21 0.036640422303
0.2 0.0379779252426
0.19 0.0393789876965
0.18 0.0408422950147
0.17 0.0423656647731
0.16 0.0439478442466
0.15 0.0455905143262
0.14 0.0473003426413
0.13 0.0490877762885
0.12 0.0509511076159
0.11 0.0528879878544
0.1 0.0547705504859
0.09 0.0557900176045
0.08 0.0568318326859
0.07 0.058027394627
0.06 0.0588984271018
0.05 0.0590334383009
0.04 0.0588601351899
0.03 0.0584513453491
0.02 0.0578482798365
0.01 0.0571000983143
0.0 0.0562568630606
-0.01 0.0553632214822
-0.02 0.0544547188594
-0.03 0.0535620067911
-0.04 0.0525948018431
-0.05 0.050213875083
-0.06 0.0478086793168
-0.07 0.0441618152642
-0.08 0.0408046835504
-0.09 0.0382676067901
-0.1 0.036182881635
-0.11 0.0343618613019
-0.12 0.0313051301864
-0.13 0.027911089652
-0.14 0.0253509500881
-0.15 0.0232360909521
-0.16 0.0214021031612
-0.17 0.0197661133429
-0.18 0.0182799733873
-0.19 0.0169129194266
-0.2 0.0156447611254
-0.21 0.0144621203419
-0.22 0.0133563813224
-0.23 0.0123222799232
-0.24 0.0113569846424
