2 0.258576414017
4 0.0586554183524
6 0.0135401971797
8 0.00317139330728
10 0.00074877852176
12 0.000177599136752
14 4.22466892052e-05
16 1.00706228915e-05
18 2.40459844369e-06
20 5.74955390631e-07
22 1.37640825001e-07
24 3.29849123015e-08
26 7.91193878469e-09
28 1.89933588302e-09
30 4.56283066885e-10
32 1.09686384975e-10
3 -0.134436668396
5 -0.0287992732316
7 -0.00659026140446
9 -0.00154340160889
11 -0.000364860759063
13 -8.66449828002e-05
15 -2.06316209862e-05
17 -4.92221484642e-06
19 -1.17613111177e-06
21 -2.81393847931e-07
23 -6.74001945505e-08
25 -1.61597276949e-08
27 -3.87775767052e-09
29 -9.31225846434e-10
31 -2.23770960095e-10
33 -5.37987709937e-11
