0.0595649921994 0.0 0.0 1.41034362834
0.0566745301762 0.0 0.0 1.43521518621
0.0549097586885 0.0 0.0 1.45103209619
0.0530540237285 0.0 0.0 1.46822228447
0.0504021116377 0.0 0.0 1.4938611036
0.0491484157989 0.00057977436442 0.0117958527126 1.50642054609
0.0491484157989 -0.00057977436442 -0.0117958527126 1.50642054609
0.0486968494411 0.0 0.0 1.51107047209
0.0440412435224 0.0 0.0 1.56131436566
0.0438105422997 0.0 0.0 1.56394039939
0.0408232941762 0.0 0.0 1.5992512124
0.0403276020394 0.0 0.0 1.60535956517
0.0370843616118 0.0 0.0 1.64727995907
0.0339770037828 0.0 0.0 1.69103567126
0.0280021793174 0.0 0.0 1.78773646954
0.0218297162275 0.0 0.0 1.91224155385
0.018011751389 0.0 0.0 2.00836543958
0.0170285298689 0.00144607913291 0.0847177026616 2.03463613432
0.0170285298689 -0.00144607913291 -0.0847177026616 2.03463613432
0.0156178763498 0.0 0.0 2.07966955047
0.0149547230636 0.0 0.0 2.10136405253
0.0137709049896 0.000213799228509 0.0155241832814 2.1425383708
0.0137709049896 -0.000213799228509 -0.0155241832814 2.1425383708
0.0125483890966 0.0 0.0 2.18908149024
0.0123070825622 0.0 0.0 2.19879018213
0.0118418679296 0.0 0.0 2.21805694882
0.0109951107062 0.0 0.0 2.25515229313
0.0108342745095 0.0 0.0 2.26252030215
0.0100037635562 0.0 0.0 2.30239695059
0.00968765121345 0.0 0.0 2.31845163765
0.00900734420832 0.0 0.0 2.35485750563
0.00888919761855 0.0 0.0 2.36145924508
0.00850909368243 0.0 0.0 2.38330992119
0.00793464398699 0.0 0.0 2.41825839609
0.00749432383058 0.0 0.0 2.44680468378
0.00703062989931 0.0 0.0 2.47873948778
0.00661743000784 0.0 0.0 2.50902410037
0.0064582475876 0.0 0.0 2.52119863463
0.00641770562906 0.0 0.0 2.5243473019
0.0062949853286 1.89985090232e-05 0.00301802948677 2.53399869394
0.0062949853286 -1.89985090232e-05 -0.00301802948677 2.53399869394
0.00612033049391 0.0 0.0 2.54806959082
0.00594613631676 0.0 0.0 2.56250681444
0.00575276397355 0.0 0.0 2.57903742431
0.00556056779588 6.8527117619e-05 0.0123231387985 2.59598956129
0.00556056779588 -6.8527117619e-05 -0.0123231387985 2.59598956129
0.00547040407536 0.0 0.0 2.60420139705
0.00534765079924 0.0 0.0 2.61554895873
0.005208926342 0.000101844827587 0.0195494898817 2.6285952087
0.005208926342 -0.000101844827587 -0.0195494898817 2.6285952087
-0.00262568106791 0.0 3.14159265359 2.97120748108
0.00515755342214 0.0 0.0 2.63364647746
0.00503461714268 0.0 0.0 2.64570889745
0.00492805763023 5.67388929036e-05 0.0115129307064 2.65637204156
0.00492805763023 -5.67388929036e-05 -0.0115129307064 2.65637204156
0.0047919713061 0.0 0.0 2.67040670303
0.00476411572494 0.0 0.0 2.67332166812
0.00468451386288 0.0 0.0 2.68174656663
0.00459624878363 2.06728760092e-05 0.00449774100149 2.69125233756
0.00459624878363 -2.06728760092e-05 -0.00449774100149 2.69125233756
0.00451822036444 6.52323244541e-06 0.00144376046027 2.69981802256
0.00451822036444 -6.52323244541e-06 -0.00144376046027 2.69981802256
0.00441059799498 0.0 0.0 2.71187249947
0.00433345386957 0.0 0.0 2.72069519726
0.00432392477225 3.0318993032e-05 0.00701180009971 2.7217835971
0.00432392477225 -3.0318993032e-05 -0.00701180009971 2.7217835971
0.00424798602887 0.0 0.0 2.73065514196
0.00422927784267 1.11983263569e-05 0.00264780433055 2.73286025892
0.00422927784267 -1.11983263569e-05 -0.00264780433055 2.73286025892
0.00414634773235 0.0 0.0 2.74276369836
0.0040908687952 2.93426615203e-05 0.00717259824218 2.74948609441
0.0040908687952 -2.93426615203e-05 -0.00717259824218 2.74948609441
0.00396406461407 1.50968544426e-05 0.00380840953016 2.76523905521
0.00396406461407 -1.50968544426e-05 -0.00380840953016 2.76523905521
0.00390900408621 0.0 0.0 2.77223632342
0.00385170360907 1.99895984016e-05 0.00518976041931 2.77961313291
0.00385170360907 -1.99895984016e-05 -0.00518976041931 2.77961313291
0.00380961125787 2.61661269197e-05 0.00686834264508 2.78510226993
0.00380961125787 -2.61661269197e-05 -0.00686834264508 2.78510226993
-0.00120944394715 0.000477390254863 2.76564731581 3.32259846741
-0.00120944394715 -0.000477390254863 -2.76564731581 3.32259846741
0.00373988606733 0.0 0.0 2.79435006565
0.00368747779937 0.0 0.0 2.80140628892
0.00364494850102 1.55885999356e-05 0.00427674215146 2.8072019485
0.00364494850102 -1.55885999356e-05 -0.00427674215146 2.8072019485
0.00335213243587 2.66640446596e-05 0.00795418523313 2.84906347638
0.00335213243587 -2.66640446596e-05 -0.00795418523313 2.84906347638
0.00338134775724 0.0 0.0 2.84474045211
0.00359756767744 2.4803386623e-05 0.00689437860715 2.8137367703
0.00359756767744 -2.4803386623e-05 -0.00689437860715 2.8137367703
0.0035929264892 1.46515789055e-05 0.00407787293605 2.81438995798
0.0035929264892 -1.46515789055e-05 -0.00407787293605 2.81438995798
0.00356274936606 1.44176309641e-05 0.00404674895166 2.81860727512
0.00356274936606 -1.44176309641e-05 -0.00404674895166 2.81860727512
0.0035070667043 2.28113867935e-05 0.0065043145822 2.82647706723
0.0035070667043 -2.28113867935e-05 -0.0065043145822 2.82647706723
0.00352637165678 0.0 0.0 2.82374289796
0.00347925146413 0.0 0.0 2.83046905242
0.00343309550809 0.0 0.0 2.83714647215
-0.00109558584643 0.0 3.14159265359 3.40823301961
-0.00101795928844 0.0 3.14159265359 3.44497767668
0.0032837405806 3.96356485051e-05 0.0120696878579 2.8593496225
0.0032837405806 -3.96356485051e-05 -0.0120696878579 2.8593496225
0.00329032820671 0.0 0.0 2.85838398015
0.00325697838649 0.0 0.0 2.86347769436
0.00314780469423 5.69739148165e-05 0.0180975950309 2.88044311058
0.00314780469423 -5.69739148165e-05 -0.0180975950309 2.88044311058
0.00322183340547 0.0 0.0 2.86890235044
0.00320180447805 0.0 0.0 2.87202036436
0.00316960991614 0.0 0.0 2.87707337675
0.0031348710882 0.0 0.0 2.88258361297
0.00310596864836 0.0 0.0 2.8872148241
-0.00100148145692 0.0 3.14159265359 3.45313745917
0.00306209687025 6.60503053087e-05 0.0215669415648 2.89421138073
0.00306209687025 -6.60503053087e-05 -0.0215669415648 2.89421138073
0.0030318318965 0.0 0.0 2.89929412792
0.00300430981296 0.0 0.0 2.90385370846
0.0029611586031 1.15989702608e-05 0.00391701779413 2.91108349787
0.0029611586031 -1.15989702608e-05 -0.00391701779413 2.91108349787
0.00292098337105 2.56127818349e-05 0.00876832291664 2.91789825313
0.00292098337105 -2.56127818349e-05 -0.00876832291664 2.91789825313
0.00292759266172 5.48366574545e-06 0.00187309505316 2.91678652829
0.00292759266172 -5.48366574545e-06 -0.00187309505316 2.91678652829
0.000533024947956 0.00127172193554 1.17390266955 3.29323104076
0.000533024947956 -0.00127172193554 -1.17390266955 3.29323104076
0.00212824705521 0.000788468843863 0.354800349521 3.04407416353
0.00212824705521 -0.000788468843863 -0.354800349521 3.04407416353
0.00290031098623 0.0 0.0 2.92146865555
0.00283806794448 0.0 0.0 2.93231587978
0.00278716185222 1.92688681715e-05 0.00691332696586 2.94135378047
0.00278716185222 -1.92688681715e-05 -0.00691332696586 2.94135378047
0.00277381741546 9.64798328726e-06 0.0034782189795 2.9437623651
0.00277381741546 -9.64798328726e-06 -0.0034782189795 2.9437623651
0.000582716599506 0.00104009721265 1.06011614534 3.36597395056
0.000582716599506 -0.00104009721265 -1.06011614534 3.36597395056
0.000458090564631 0.000971814782589 1.13030866274 3.41801040915
0.000458090564631 -0.000971814782589 -1.13030866274 3.41801040915
0.0005331321635 0.00091449601714 1.0429861372 3.42542655245
0.0005331321635 -0.00091449601714 -1.0429861372 3.42542655245
0.00271039785012 0.0 0.0 2.95532992335
0.00268167267741 2.10556028563e-05 0.00785150639983 2.9606418612
0.00268167267741 -2.10556028563e-05 -0.00785150639983 2.9606418612
0.00260995402041 1.05154624429e-05 0.00402896199055 2.97420727911
0.00260995402041 -1.05154624429e-05 -0.00402896199055 2.97420727911
0.0026520057722 0.0 0.0 2.96621951506
-5.87789803337e-05 0.000684269188098 1.65648635031 3.641741638
-5.87789803337e-05 -0.000684269188098 -1.65648635031 3.641741638
8.12391558905e-05 0.000729183731528 1.45984279268 3.60870840552
8.12391558905e-05 -0.000729183731528 -1.45984279268 3.60870840552
0.000458370755286 0.000839902321949 1.07122737281 3.47593803837
0.000458370755286 -0.000839902321949 -1.07122737281 3.47593803837
0.00259321014027 0.0 0.0 2.97742936717
0.00254654214921 1.91424729555e-05 0.0075169038215 2.98649530388
0.00254654214921 -1.91424729555e-05 -0.0075169038215 2.98649530388
0.00247254402995 2.54863290995e-05 0.0103073701469 3.00122728244
0.00247254402995 -2.54863290995e-05 -0.0103073701469 3.00122728244
0.0023878047997 1.46336181629e-05 0.00612840503725 3.01868102508
0.0023878047997 -1.46336181629e-05 -0.00612840503725 3.01868102508
0.00243800910946 0.0 0.0 3.00828675574
-0.000405977423793 0.0 3.14159265359 3.90460650317
8.96882605291e-05 0.000558939704751 1.41169119137 3.73837898311
8.96882605291e-05 -0.000558939704751 -1.41169119137 3.73837898311
0.000420856566913 0.00066581734855 1.00711473801 3.5732120573
0.000420856566913 -0.00066581734855 -1.00711473801 3.5732120573
0.00228470957379 9.68151438563e-05 0.0423499153808 3.04030966902
0.00228470957379 -9.68151438563e-05 -0.0423499153808 3.04030966902
0.00248148320365 0.0 0.0 2.99944941579
0.00230362070392 2.04504580971e-05 0.00887729514268 3.03661688552
0.00230362070392 -2.04504580971e-05 -0.00887729514268 3.03661688552
0.0021923587115 3.22393006583e-05 0.0147042438438 3.06133458312
0.0021923587115 -3.22393006583e-05 -0.0147042438438 3.06133458312
1.62102180844e-05 0.000459917432549 1.53556498 3.84192141336
1.62102180844e-05 -0.000459917432549 -1.53556498 3.84192141336
7.3563351573e-05 0.000490962264177 1.42206771101 3.80402108508
7.3563351573e-05 -0.000490962264177 -1.42206771101 3.80402108508
-0.000315430584668 0.0 3.14159265359 4.03078595855
-0.000303863044982 0.0 3.14159265359 4.049466734
0.000196554274558 0.000471231269714 1.17562932333 3.78998107856
0.000196554274558 -0.000471231269714 -1.17562932333 3.78998107856
0.0002883950605 0.000484958573246 1.03429793206 3.7400234807
0.0002883950605 -0.000484958573246 -1.03429793206 3.7400234807
0.00227119628854 0.0 0.0 3.04372429347
0.00216263034384 3.1141821355e-05 0.0143989790934 3.06816318874
0.00216263034384 -3.1141821355e-05 -0.0143989790934 3.06816318874
0.0021081041933 2.31175195875e-05 0.010965583709 3.08095304937
0.0021081041933 -2.31175195875e-05 -0.010965583709 3.08095304937
-0.000266375357803 0.0 3.14159265359 4.11530206216
9.21761928725e-05 0.000403067425589 1.34597553419 3.8954593488
9.21761928725e-05 -0.000403067425589 -1.34597553419 3.8954593488
0.00038702052943 0.0004492430096 0.859666659787 3.71518995145
0.00038702052943 -0.0004492430096 -0.859666659787 3.71518995145
0.00191858600859 8.11665048779e-05 0.0422801657051 3.12763637274
0.00191858600859 -8.11665048779e-05 -0.0422801657051 3.12763637274
0.00198330208933 2.03554352999e-05 0.0102630460202 3.11146971776
0.00198330208933 -2.03554352999e-05 -0.0102630460202 3.11146971776
0.00192756363048 0.0 0.0 3.12574922058
4.35213189899e-05 0.000350460257054 1.44724552652 3.97430567492
4.35213189899e-05 -0.000350460257054 -1.44724552652 3.97430567492
-9.25798933747e-05 0.000267558459982 1.90391881226 4.08481477173
-9.25798933747e-05 -0.000267558459982 -1.90391881226 4.08481477173
-0.000259469520386 0.0 3.14159265359 4.12843565871
-0.000255839357369 0.0 3.14159265359 4.13548041037
0.00182431996377 2.96233074509e-05 0.0162365729874 3.15320808252
0.00182431996377 -2.96233074509e-05 -0.0162365729874 3.15320808252
0.00203424757886 0.0 0.0 3.09881463429
0.00171675588586 8.13129396601e-05 0.0473289282739 3.18309922493
0.00171675588586 -8.13129396601e-05 -0.0473289282739 3.18309922493
0.0017803686566 0.0 0.0 3.16546741284
0.000270814879383 0.000352128942548 0.91519622762 3.85959013907
0.000270814879383 -0.000352128942548 -0.91519622762 3.85959013907
0.00010142318643 0.000330053563051 1.27266210701 3.98556959777
0.00010142318643 -0.000330053563051 -1.27266210701 3.98556959777
1.33915317986e-05 0.000295592533078 1.52552325752 4.06275172688
1.33915317986e-05 -0.000295592533078 -1.52552325752 4.06275172688
-0.000227768317853 4.24541812457e-05 2.95731533477 4.1850527774
-0.000227768317853 -4.24541812457e-05 -2.95731533477 4.1850527774
-0.000225608015393 2.08965135469e-05 3.04923307185 4.19622014296
-0.000225608015393 -2.08965135469e-05 -3.04923307185 4.19622014296
-6.09576855354e-05 0.000221463674032 1.83939414523 4.18936865843
-6.09576855354e-05 -0.000221463674032 -1.83939414523 4.18936865843
0.0015836115066 6.48235855454e-05 0.0409111803164 3.22360509038
0.0015836115066 -6.48235855454e-05 -0.0409111803164 3.22360509038
0.00149401209815 8.11841631902e-05 0.0542863057318 3.25240793434
0.00149401209815 -8.11841631902e-05 -0.0542863057318 3.25240793434
-5.981283828e-05 0.000196697570431 1.86599686928 4.24481178375
-5.981283828e-05 -0.000196697570431 -1.86599686928 4.24481178375
0.00113725958753 0.00015828698963 0.138294374654 3.38477023808
0.00113725958753 -0.00015828698963 -0.138294374654 3.38477023808
-0.00021434551758 0.0 3.14159265359 4.22396063841
0.000236445439041 0.00023584281438 0.78412219617 4.00224691431
0.000236445439041 -0.00023584281438 -0.78412219617 4.00224691431
0.00156118783964 0.0 0.0 3.2311541559
0.00129343756627 7.83117429628e-05 0.0604716180324 3.32431115052
0.00129343756627 -7.83117429628e-05 -0.0604716180324 3.32431115052
0.00145784233346 2.57300822667e-05 0.0176475950215 3.26532103163
0.00145784233346 -2.57300822667e-05 -0.0176475950215 3.26532103163
0.00183006256324 0.0 0.0 3.15170256258
0.0016394271278 0.0 0.0 3.20670420524
0.00133623933103 5.06980373705e-05 0.0379226463822 3.30858842197
0.00133623933103 -5.06980373705e-05 -0.0379226463822 3.30858842197
0.0011950380191 5.24505370431e-05 0.0438621161997 3.36430751387
0.0011950380191 -5.24505370431e-05 -0.0438621161997 3.36430751387
0.0010805240381 7.90784288622e-05 0.0730550127106 3.41381912029
0.0010805240381 -7.90784288622e-05 -0.0730550127106 3.41381912029
8.85801415294e-05 0.00024676534523 1.22615723226 4.1232351795
8.85801415294e-05 -0.00024676534523 -1.22615723226 4.1232351795
0.000108270822695 0.000219302554018 1.11219718495 4.1579974058
0.000108270822695 -0.000219302554018 -1.11219718495 4.1579974058
8.83541664257e-06 0.000195006642364 1.52551900665 4.27072578415
8.83541664257e-06 -0.000195006642364 -1.52551900665 4.27072578415
-1.52271895171e-05 0.000166643523259 1.66191910347 4.34774808992
-1.52271895171e-05 -0.000166643523259 -1.66191910347 4.34774808992
-0.000188189640176 2.82614651515e-06 3.12657623672 4.28897381429
-0.000188189640176 -2.82614651515e-06 -3.12657623672 4.28897381429
-6.43176092094e-05 0.00010626367628 2.11507764467 4.49675872155
-6.43176092094e-05 -0.00010626367628 -2.11507764467 4.49675872155
-0.000175444847729 0.0 3.14159265359 4.3240929112
0.00095965019523 7.05497478878e-05 0.0733840941761 3.47312334352
0.00095965019523 -7.05497478878e-05 -0.0733840941761 3.47312334352
0.000864961752914 6.8331351339e-05 0.0788355457939 3.52485726121
0.000864961752914 -6.8331351339e-05 -0.0788355457939 3.52485726121
-0.0001134269677 4.53842366554e-05 2.76098406104 4.50505024487
-0.0001134269677 -4.53842366554e-05 -2.76098406104 4.50505024487
4.52105575778e-05 0.000201631690945 1.35022111887 4.24227063255
4.52105575778e-05 -0.000201631690945 -1.35022111887 4.24227063255
0.00162731754393 0.0 0.0 3.21041114918
0.000845035061427 0.0 0.0 3.53806621933
6.17991301114e-05 0.000168089080235 1.21847882822 4.3138122642
6.17991301114e-05 -0.000168089080235 -1.21847882822 4.3138122642
-6.66170969448e-05 5.45339470036e-05 2.45560199018 4.68004849971
-6.66170969448e-05 -5.45339470036e-05 -2.45560199018 4.68004849971
-0.00013977051875 1.44321341631e-05 3.03870136329 4.43510297852
-0.00013977051875 -1.44321341631e-05 -3.03870136329 4.43510297852
0.00174940934486 0.0 0.0 3.17423853262
0.000721885861104 4.17689592972e-05 0.0577964501426 3.61598618658
0.000721885861104 -4.17689592972e-05 -0.0577964501426 3.61598618658
0.000590323807205 0.0 0.0 3.71741967292
0.000624910946643 0.0 0.0 3.68895070188
0.00133324299146 0.0 0.0 3.31007048262
0.00106333949485 0.0 0.0 3.42317042817
0.000967116804018 0.0 0.0 3.47059563986
0.0001622719523 9.37058528202e-05 0.523682415764 4.29117379087
0.0001622719523 -9.37058528202e-05 -0.523682415764 4.29117379087
0.000530786355634 0.0 0.0 3.77057548056
0.00040810228902 0.0 0.0 3.9019963533
0.000426904667616 0.0 0.0 3.87947491526
0.000338391925708 0.0 0.0 3.99565289536
0.000246104955872 0.0 0.0 4.15487623157
0.000647440943026 0.0 0.0 3.67124148812
0.000724549258974 0.0 0.0 3.61498040411
0.000785849149814 0.0 0.0 3.57437285266
-0.000149182988731 0.0 3.14159265359 4.40516844662
0.000108797679767 4.08399032498e-05 0.359099189064 4.53005455722
0.000108797679767 -4.08399032498e-05 -0.359099189064 4.53005455722
-2.67412461123e-06 1.06069009991e-05 1.81776155076 5.71159734134
-2.67412461123e-06 -1.06069009991e-05 -1.81776155076 5.71159734134
0.000496880714484 0.0 0.0 3.80358028589
-0.000210909226979 0.0 3.14159265359 4.23204136047
0.00118512601732 0.0 0.0 3.36895308316
0.00103011843355 0.0 0.0 3.43904074966
