1.0 0.0 0.0 -0.0
0.0925269689249 0.00353088463822 0.0381420924824 1.18976376748
0.0925269689249 -0.00353088463822 -0.0381420924824 1.18976376748
0.0875105272302 0.0 0.0 1.21799809083
0.0844911727876 0.000981021394231 0.0116104118379 1.23552040589
0.0844911727876 -0.000981021394231 -0.0116104118379 1.23552040589
0.0824951870326 0.0 0.0 1.24750766317
0.079057571115 0.0 0.0 1.26878947182
0.0735284312145 0.0 0.0 1.30504156416
0.0732292929377 0.0 0.0 1.30707988066
0.0717546053275 0.0 0.0 1.31725162033
0.0616750277657 0.0 0.0 1.39293808319
0.0598625351329 0.000256831777602 0.00429033286345 1.40784761146
0.0598625351329 -0.000256831777602 -0.00429033286345 1.40784761146
0.0553928542758 0.000765574397834 0.0138199352254 1.4466045897
0.0553928542758 -0.000765574397834 -0.0138199352254 1.4466045897
0.0543843044222 0.0 0.0 1.4558398442
0.0539116893543 0.0 0.0 1.46020397672
0.0532464589046 0.000747503995905 0.0140376451452 1.46636272254
0.0532464589046 -0.000747503995905 -0.0140376451452 1.46636272254
0.0496066341623 0.000485258059789 0.00978180823547 1.50179142914
0.0496066341623 -0.000485258059789 -0.00978180823547 1.50179142914
0.049022808705 0.000107236631746 0.00218748096108 1.50773360643
0.049022808705 -0.000107236631746 -0.00218748096108 1.50773360643
0.0481047351147 0.0 0.0 1.51718733179
0.045591545633 0.0 0.0 1.54401649122
0.0452154408198 0.0 0.0 1.54815831971
0.0438784926523 0.0 0.0 1.56316549788
0.0433039303995 0.0 0.0 1.56975593837
0.0405605403443 0.0 0.0 1.60247979884
0.0414141991129 0.0 0.0 1.59206574161
0.042241244599 0.0 0.0 1.58217908754
0.0422082746137 0.0 0.0 1.58256949813
0.0374155455922 0.0 0.0 1.64283450169
0.0366624492839 0.0 0.0 1.653001114
0.0356939045546 0.0 0.0 1.66638767277
0.0361168547437 0.0 0.0 1.6604978161
0.0180870298963 0.0 0.0 2.00628008894
0.0177576511718 0.0 0.0 2.015469402
0.0159006661631 0.0 0.0 2.07069713679
0.0154281117297 0.0 0.0 2.08578199833
0.0151582121007 0.0 0.0 2.09460642052
0.0150232395391 0.0 0.0 2.0990784871
0.0148680003619 0.0 0.0 2.1042720011
0.01405361329 0.0 0.0 2.1324378713
0.0137077220937 0.0 0.0 2.14489797423
0.0135038409708 0.0 0.0 2.15239055882
0.0133750278457 0.0 0.0 2.15718295214
0.0130091473518 0.0 0.0 2.17105126326
0.0129815498452 0.0 0.0 2.17211308614
0.0127212032311 0.0 0.0 2.18224256595
0.0124514577244 0.0 0.0 2.19295878831
0.0121624689942 0.0 0.0 2.20470019038
0.0111387379122 0.0 0.0 2.24866317212
0.0109852722414 0.0 0.0 2.25559989522
0.0108139743315 0.0 0.0 2.26345803083
0.0107322670035 0.0 0.0 2.26725023377
0.0104052491662 0.0 0.0 2.28272243633
0.0102393735838 0.0 0.0 2.29075741735
0.0100432683919 0.000317859916311 0.0316384903999 2.30017605004
0.0100432683919 -0.000317859916311 -0.0316384903999 2.30017605004
0.0101289193225 0.0 0.0 2.29618032365
0.0100367858338 0.0 0.0 2.30074917603
0.00984690678093 0.0 0.0 2.31029895275
0.0096544127695 0.0 0.0 2.32017009317
0.00951702367687 0.0 0.0 2.32733655902
0.00940643984311 0.0 0.0 2.33318036729
0.00931600229256 0.0 0.0 2.33801084044
0.00920229981267 0.0 0.0 2.34415092326
0.0089030061788 1.4311611167e-05 0.00160750184289 2.36068249717
0.0089030061788 -1.4311611167e-05 -0.00160750184289 2.36068249717
0.00876157490892 0.0 0.0 2.36868980303
0.00860878730259 0.0 0.0 2.37748590901
0.00850672502892 0.0 0.0 2.38344912422
0.00846314808607 8.82614441064e-05 0.0104285359986 2.38598984111
0.00846314808607 -8.82614441064e-05 -0.0104285359986 2.38598984111
0.00816484610058 0.0 0.0 2.40395870071
0.00815046678685 4.91549360034e-05 0.00603086195484 2.40483094658
0.00815046678685 -4.91549360034e-05 -0.00603086195484 2.40483094658
0.00783062513806 0.000163555766371 0.0208836441268 2.42474742709
0.00783062513806 -0.000163555766371 -0.0208836441268 2.42474742709
0.00788862806505 0.0 0.0 2.421166521
0.00783060829544 4.75736266496e-06 0.000607534165951 2.42485744983
0.00783060829544 -4.75736266496e-06 -0.000607534165951 2.42485744983
0.00737196148817 0.000176404654553 0.0239245683022 2.45489262173
0.00737196148817 -0.000176404654553 -0.0239245683022 2.45489262173
0.00762630119363 0.0 0.0 2.43807616135
0.00759146467857 0.0 0.0 2.44036536571
0.00749087843106 0.0 0.0 2.44703460391
0.00731561834177 0.0 0.0 2.45887185871
-0.00346693264886 0.0 3.14159265359 2.83224251941
-0.00318302903152 0.0 3.14159265359 2.87496100496
-0.00254432431341 0.0 3.14159265359 2.98694507997
0.000801499154726 0.00361372444093 1.35253634407 2.79950303971
0.000801499154726 -0.00361372444093 -1.35253634407 2.79950303971
0.00698168291593 0.000529038172805 0.0756306317808 2.48080127946
0.00698168291593 -0.000529038172805 -0.0756306317808 2.48080127946
0.00727570861541 0.0 0.0 2.46160703324
0.00704409620192 0.0 0.0 2.47778271558
0.00696569437164 0.0 0.0 2.48337899115
0.00689664700804 0.0 0.0 2.48835996318
0.0068039735421 0.0 0.0 2.49512424652
0.00676541142531 0.0 0.0 2.49796610123
0.00671064840816 0.0 0.0 2.50202984978
0.00668021851043 0.0 0.0 2.50430229041
0.00665670202345 0.0 0.0 2.50606555438
0.00661237427757 0.0 0.0 2.50940624741
0.00642455483447 0.000105781812732 0.0164637484963 2.52374620172
0.00642455483447 -0.000105781812732 -0.0164637484963 2.52374620172
0.00635268368249 0.0 0.0 2.5294389641
-0.00204164316433 0.0 3.14159265359 3.09700016132
0.00625702670144 0.0 0.0 2.53702508726
0.00622480515186 0.0 0.0 2.53960656901
0.00612463724125 0.000104264988279 0.0170222191962 2.54764543263
0.00612463724125 -0.000104264988279 -0.0170222191962 2.54764543263
0.00610939011868 0.0 0.0 2.54896416385
0.00582528495841 0.000178355129434 0.0306078467357 2.57253943377
0.00582528495841 -0.000178355129434 -0.0306078467357 2.57253943377
0.00601392357496 3.71136688381e-05 0.00617121205989 2.55682943015
0.00601392357496 -3.71136688381e-05 -0.00617121205989 2.55682943015
0.00595785793651 0.0 0.0 2.56152213457
0.00590947380158 0.0 0.0 2.5655992434
0.00588251915146 0.0 0.0 2.56788509085
0.00581375529847 0.0 0.0 2.57376428303
0.00579469385349 0.0 0.0 2.5754063165
0.00570630910669 0.0 0.0 2.58309142772
0.00569136362085 1.66307729531e-05 0.00292209859115 2.58440056902
0.00569136362085 -1.66307729531e-05 -0.00292209859115 2.58440056902
-0.00156283256509 0.000345830818917 2.92381735942 3.21867623837
-0.00156283256509 -0.000345830818917 -2.92381735942 3.21867623837
0.00124778613391 0.00225013845192 1.0644761128 2.98135027404
0.00124778613391 -0.00225013845192 -1.0644761128 2.98135027404
-0.000919570227549 0.00121601295892 2.21826474727 3.2430232412
-0.000919570227549 -0.00121601295892 -2.21826474727 3.2430232412
0.00554351913332 4.34576476096e-05 0.00783920039942 2.59754751521
0.00554351913332 -4.34576476096e-05 -0.00783920039942 2.59754751521
0.00555593778445 0.0 0.0 2.59644402603
0.00550533541179 0.0 0.0 2.60101879105
0.0054871317076 0.0 0.0 2.60267480881
0.00534627320371 6.23140196772e-05 0.0116550718012 2.61564381818
0.00534627320371 -6.23140196772e-05 -0.0116550718012 2.61564381818
0.00515303308546 3.80622905339e-05 0.00738625149804 2.63407125522
0.00515303308546 -3.80622905339e-05 -0.00738625149804 2.63407125522
0.00526532671755 7.09671041868e-05 0.0134773796814 2.62326062904
0.00526532671755 -7.09671041868e-05 -0.0134773796814 2.62326062904
0.00527492377173 0.0 0.0 2.62239552529
0.000305909560604 0.00173503171234 1.39627644969 3.17071152846
0.000305909560604 -0.00173503171234 -1.39627644969 3.17071152846
-0.00118287158925 0.0 3.14159265359 3.36990512329
-0.00114788909949 0.0 3.14159265359 3.38491529449
0.00508086841737 4.94268864251e-05 0.00972773220769 2.64111288428
0.00508086841737 -4.94268864251e-05 -0.00972773220769 2.64111288428
0.00498788677794 6.40557665926e-05 0.0128415596329 2.65033024761
0.00498788677794 -6.40557665926e-05 -0.0128415596329 2.65033024761
0.00483300340827 0.0 0.0 2.66614359046
0.0048703167437 0.0 0.0 2.66229815211
0.00493589639457 0.0 0.0 2.65561049118
-0.00109872577384 9.91999409335e-06 3.1325642638 3.40678170079
-0.00109872577384 -9.91999409335e-06 -3.1325642638 3.40678170079
-0.00103752366387 0.0 3.14159265359 3.43545924878
-0.000980571325253 0.0 3.14159265359 3.46368758561
0.00467880576054 4.23082240278e-05 0.0090422798267 2.68233574951
0.00467880576054 -4.23082240278e-05 -0.0090422798267 2.68233574951
0.00454512344184 8.7331630656e-05 0.0192119943025 2.69675791504
0.00454512344184 -8.7331630656e-05 -0.0192119943025 2.69675791504
0.00426610865862 0.000105433797384 0.0247092485255 2.72837394193
0.00426610865862 -0.000105433797384 -0.0247092485255 2.72837394193
0.00425783385284 5.51615729543e-05 0.0129545888972 2.72945541012
0.00425783385284 -5.51615729543e-05 -0.0129545888972 2.72945541012
0.00440432446428 0.0 0.0 2.71258419397
0.00474986952516 0.0 0.0 2.67481906485
0.000633463044266 0.00133563173195 1.12793583799 3.25845222426
0.000633463044266 -0.00133563173195 -1.12793583799 3.25845222426
0.000361547609853 0.00125775426927 1.29088817468 3.3193653487
0.000361547609853 -0.00125775426927 -1.29088817468 3.3193653487
0.00454226167117 0.0 0.0 2.69716511276
0.00446851224117 0.0 0.0 2.70534987885
0.00412314120566 4.9626737423e-05 0.0120355667438 2.74553377419
0.00412314120566 -4.9626737423e-05 -0.0120355667438 2.74553377419
0.00364282823092 0.0 0.0 2.80749745626
0.00372644841605 0.0 0.0 2.7961498331
0.00377678461897 0.0 0.0 2.78944113062
0.00384385736245 0.0 0.0 2.78063944755
0.00389054676352 0.0 0.0 2.77460278753
0.00399985565143 0.0 0.0 2.76074850283
0.00406014013049 0.0 0.0 2.75326889553
0.000665656885488 0.00110680834322 1.02933322248 3.32595275937
0.000665656885488 -0.00110680834322 -1.02933322248 3.32595275937
0.000173118065121 0.00101393553279 1.40168827707 3.43977425544
0.000173118065121 -0.00101393553279 -1.40168827707 3.43977425544
0.000452059295076 0.00104276607057 1.16173187853 3.38988422825
0.000452059295076 -0.00104276607057 -1.16173187853 3.38988422825
0.00334875716234 0.0 0.0 2.84958299915
0.00349279917262 8.73055997148e-05 0.0249906792626 2.82836975476
0.00349279917262 -8.73055997148e-05 -0.0249906792626 2.82836975476
0.00350035819569 0.0 0.0 2.82744498705
0.0035783836847 0.0 0.0 2.81642203262
-0.000627241832236 0.0 3.14159265359 3.68708919717
0.0005178338329 0.000952341607596 1.07276579361 3.4135379619
0.0005178338329 -0.000952341607596 -1.07276579361 3.4135379619
0.000550590352307 0.000917718163 1.03040931302 3.41994868388
0.000550590352307 -0.000917718163 -1.03040931302 3.41994868388
0.000453345633263 0.000882224954389 1.09611734938 3.45794984248
0.000453345633263 -0.000882224954389 -1.09611734938 3.45794984248
0.00013703634923 0.000790221392501 1.39908884412 3.56419133204
0.00013703634923 -0.000790221392501 -1.39908884412 3.56419133204
0.00326217315853 0.0 0.0 2.86268084632
0.00319706856802 0.0 0.0 2.87276048076
0.00340631194976 0.0 0.0 2.84106255632
0.000530148194398 0.00077515587119 0.970940870731 3.4852900639
0.000530148194398 -0.00077515587119 -0.970940870731 3.4852900639
0.000359119901615 0.000806651905271 1.15194282581 3.51610377309
0.000359119901615 -0.000806651905271 -1.15194282581 3.51610377309
-0.000501346615672 0.0 3.14159265359 3.79910642422
0.000289046886077 0.000769333643168 1.21140271761 3.55198190697
0.000289046886077 -0.000769333643168 -1.21140271761 3.55198190697
-3.66308177608e-05 0.000625724508495 1.62927103453 3.68744487255
-3.66308177608e-05 -0.000625724508495 -1.62927103453 3.68744487255
-0.000445944500328 0.0 3.14159265359 3.85765802621
0.000269005401741 0.000718353005864 1.21248581474 3.5864668589
0.000269005401741 -0.000718353005864 -1.21248581474 3.5864668589
0.00310581670348 0.0 0.0 2.88723928484
0.00300573913494 0.0 0.0 2.90361588644
0.00273952358052 0.0 0.0 2.94998562471
0.00289875364183 0.0 0.0 2.92173720652
0.00282528090652 0.0 0.0 2.9345737417
0.00307983426056 0.0 0.0 2.89143974748
0.00268776190127 0.0 0.0 2.95952321932
0.00262062448421 0.0 0.0 2.97217131843
0.00250916305705 5.16470101438e-05 0.0205804553065 2.99379711616
0.00250916305705 -5.16470101438e-05 -0.0205804553065 2.99379711616
0.00211291092092 0.0 0.0 3.07984434944
0.000545696692429 0.000573196440848 0.809970852638 3.57084350378
0.000545696692429 -0.000573196440848 -0.809970852638 3.57084350378
0.000241239617493 0.000668269380647 1.22436321137 3.62478552991
0.000241239617493 -0.000668269380647 -1.22436321137 3.62478552991
-0.000178187780605 0.000400051028875 1.98982885001 3.86671397326
-0.000178187780605 -0.000400051028875 -1.98982885001 3.86671397326
-0.00042327896865 0.0 3.14159265359 3.88373954797
-0.000364171188384 8.32001495521e-05 2.91698320857 3.94622340438
-0.000364171188384 -8.32001495521e-05 -2.91698320857 3.94622340438
-0.000386724436861 0.0 3.14159265359 3.92889908401
0.000323472049322 0.000638243809457 1.10171095358 3.62124051446
0.000323472049322 -0.000638243809457 -1.10171095358 3.62124051446
0.000136072039772 0.000592383642722 1.34501045225 3.70282344648
0.000136072039772 -0.000592383642722 -1.34501045225 3.70282344648
-3.29908951592e-05 0.000498752473406 1.63684693643 3.80060885056
-3.29908951592e-05 -0.000498752473406 -1.63684693643 3.80060885056
0.00217785126386 0.0 0.0 3.06470827352
0.00199650202451 0.0 0.0 3.10817930872
-0.000117066858997 0.000358747370005 1.88622270816 3.94114886663
-0.000117066858997 -0.000358747370005 -1.88622270816 3.94114886663
0.0028728855042 0.0 0.0 2.92621917607
0.00242575410004 0.0 0.0 3.01080641692
0.00155256409195 2.38935059508e-05 0.015388491854 3.23386452722
0.00155256409195 -2.38935059508e-05 -0.015388491854 3.23386452722
0.00176029805874 0.0 0.0 3.17113606636
0.00175366356062 0.0 0.0 3.17302410804
0.00234578223077 3.96153156347e-05 0.0168862862255 3.02749688936
0.00234578223077 -3.96153156347e-05 -0.0168862862255 3.02749688936
0.00190627837557 8.11386249724e-06 0.00425636339505 3.13129668692
0.00190627837557 -8.11386249724e-06 -0.00425636339505 3.13129668692
0.00143771533833 0.0 0.0 3.27234999797
-0.000337138529408 2.27677630208e-05 3.07416266938 3.99637075966
-0.000337138529408 -2.27677630208e-05 -3.07416266938 3.99637075966
4.98218490447e-05 0.000476810984054 1.46668440551 3.82148047006
4.98218490447e-05 -0.000476810984054 -1.46668440551 3.82148047006
-0.000140111317542 0.000283592972576 2.0296788785 4.02938356365
-0.000140111317542 -0.000283592972576 -2.0296788785 4.02938356365
1.22801473602e-05 0.000443964418772 1.54314317153 3.8596918697
1.22801473602e-05 -0.000443964418772 -1.54314317153 3.8596918697
-6.57363895558e-05 0.000328267538588 1.76843464657 4.00101133821
-6.57363895558e-05 -0.000328267538588 -1.76843464657 4.00101133821
0.00230948734827 0.0 0.0 3.03536485312
0.00168036748646 0.0 0.0 3.19437138377
0.00127625497695 0.0 0.0 3.33191264441
0.00139826442354 0.0 0.0 3.28626175444
0.00118411233634 4.07732281344e-05 0.0344199817755 3.36908469189
0.00118411233634 -4.07732281344e-05 -0.0344199817755 3.36908469189
0.000769446776135 0.000151591851023 0.19452284416 3.5753993354
0.000769446776135 -0.000151591851023 -0.19452284416 3.5753993354
-0.000269047195388 4.46413312419e-05 2.97716685882 4.10352223552
-0.000269047195388 -4.46413312419e-05 -2.97716685882 4.10352223552
0.000331628199758 0.000539076236714 1.01929073816 3.68258780301
0.000331628199758 -0.000539076236714 -1.01929073816 3.68258780301
-0.000215082623133 0.0 3.14159265359 4.22224415501
0.00019218292606 0.000503519686305 1.20618292914 3.76294452419
0.00019218292606 -0.000503519686305 -1.20618292914 3.76294452419
0.000961461616186 0.0 0.0 3.47352795725
0.00101772159822 0.0 0.0 3.44509443871
9.63009151507e-07 0.000267300691277 1.56719362386 4.11356492946
9.63009151507e-07 -0.000267300691277 -1.56719362386 4.11356492946
0.000248018364762 0.0 0.0 4.15100388154
-0.000294603028664 0.0 3.14159265359 4.0649408867
-3.03186567643e-05 9.68495865909e-05 1.87418118451 4.59780322018
-3.03186567643e-05 -9.68495865909e-05 -1.87418118451 4.59780322018
-0.000113281730935 0.0 3.14159265359 4.542816324
1.01570831116e-06 0.0 0.0 6.89996217267
0.000720694383341 0.0 0.0 3.6176476947
0.00047913286472 0.0 0.0 3.82176630982
