0.00334376548909 0.0 0.0 2.85032885754
0.00193327667781 0.0 0.0 3.12426947755
0.00171533919322 0.0 0.0 3.18407221881
0.00164772723489 0.000118081849136 0.0715411657868 3.20289855944
0.00164772723489 -0.000118081849136 -0.0715411657868 3.20289855944
0.00144812416474 7.05338764476e-05 0.0486686015954 3.26815072767
0.00144812416474 -7.05338764476e-05 -0.0486686015954 3.26815072767
0.00135060204193 0.0 0.0 3.30360241448
0.00122565857402 9.46004627336e-05 0.0770306509106 3.35065358434
0.00122565857402 -9.46004627336e-05 -0.0770306509106 3.35065358434
0.00118722278721 0.0 0.0 3.36806924583
0.00108706175781 5.48256848885e-05 0.0503920492814 3.41150332025
0.00108706175781 -5.48256848885e-05 -0.0503920492814 3.41150332025
0.00100918242357 0.0 0.0 3.44930737878
0.000978656287033 0.0 0.0 3.46466503142
0.000840754005617 4.14716828506e-05 0.049286826172 3.53999817767
0.000840754005617 -4.14716828506e-05 -0.049286826172 3.53999817767
0.000797940199843 0.0 0.0 3.56673845043
0.000774644845721 2.74879315028e-05 0.0354696777283 3.58123835813
0.000774644845721 -2.74879315028e-05 -0.0354696777283 3.58123835813
0.000721650070046 0.0 0.0 3.61698510204
0.000648451734811 3.30914147392e-05 0.050987193254 3.66981128617
0.000648451734811 -3.30914147392e-05 -0.050987193254 3.66981128617
0.000625873954834 0.0 0.0 3.68818077862
0.000545942855646 0.0 0.0 3.75649812384
0.000529406595751 5.36514688202e-05 0.100997834215 3.76932241673
0.000529406595751 -5.36514688202e-05 -0.100997834215 3.76932241673
0.000511956085365 4.3144487169e-05 0.0840751443168 3.78686661039
0.000511956085365 -4.3144487169e-05 -0.0840751443168 3.78686661039
0.000491871403912 4.36876087732e-05 0.0885867069439 3.80668215232
0.000491871403912 -4.36876087732e-05 -0.0885867069439 3.80668215232
0.000472732845783 0.0 0.0 3.82849006855
0.000452826559851 3.16664903043e-05 0.069817065577 3.84878109099
0.000452826559851 -3.16664903043e-05 -0.069817065577 3.84878109099
0.00038040741122 8.92773204097e-05 0.230516930788 3.92373001183
0.00038040741122 -8.92773204097e-05 -0.230516930788 3.92373001183
0.000419291180137 7.60774453054e-06 0.0181423082409 3.88839017902
0.000419291180137 -7.60774453054e-06 -0.0181423082409 3.88839017902
0.00039434190202 3.14919043552e-05 0.079690269866 3.91755680865
0.00039434190202 -3.14919043552e-05 -0.079690269866 3.91755680865
0.000396555195812 0.0 0.0 3.91634765949
0.000380176976994 3.83245035443e-05 0.100467606261 3.93490915078
0.000380176976994 -3.83245035443e-05 -0.100467606261 3.93490915078
0.00033176408468 8.65321911621e-05 0.255140167163 3.98908939708
0.00033176408468 -8.65321911621e-05 -0.255140167163 3.98908939708
0.000365714978213 1.86926623527e-05 0.0510682108218 3.95617586387
0.000365714978213 -1.86926623527e-05 -0.0510682108218 3.95617586387
0.000352307598323 3.99561537309e-05 0.112930157578 3.97230784742
0.000352307598323 -3.99561537309e-05 -0.112930157578 3.97230784742
0.000317206196917 7.46868468231e-05 0.231240301794 4.01449038394
0.000317206196917 -7.46868468231e-05 -0.231240301794 4.01449038394
0.000353038782429 0.0 0.0 3.97446632091
0.00032034561586 2.11557431549e-05 0.0659446129779 4.02196708585
0.00032034561586 -2.11557431549e-05 -0.0659446129779 4.02196708585
0.000304153754812 4.0892072491e-05 0.133644012247 4.04451006996
0.000304153754812 -4.0892072491e-05 -0.133644012247 4.04451006996
0.000309919350568 0.0 0.0 4.0395992269
0.000290882545889 2.79264569192e-05 0.0957126097534 4.06900176608
0.000290882545889 -2.79264569192e-05 -0.0957126097534 4.06900176608
0.000258064188377 9.16371020264e-05 0.341205873023 4.10146281889
0.000258064188377 -9.16371020264e-05 -0.341205873023 4.10146281889
0.000268381658391 6.31774228222e-05 0.231192335792 4.09806701016
0.000268381658391 -6.31774228222e-05 -0.231192335792 4.09806701016
0.000282129774097 0.0 0.0 4.08657170052
0.000267730000123 3.61391339707e-05 0.134172528746 4.10825163831
0.000267730000123 -3.61391339707e-05 -0.134172528746 4.10825163831
0.000241909309743 4.64797906989e-05 0.189823923645 4.15441092209
0.000241909309743 -4.64797906989e-05 -0.189823923645 4.15441092209
0.00026425339132 2.55022408073e-05 0.0962088244073 4.11698343662
0.00026425339132 -2.55022408073e-05 -0.0962088244073 4.11698343662
0.000262922938019 0.0 0.0 4.12182479003
0.000250213616343 1.37519822753e-05 0.0549057266006 4.14584373111
0.000250213616343 -1.37519822753e-05 -0.0549057266006 4.14584373111
0.000176034182978 8.95703258689e-05 0.470681452698 4.26485633401
0.000176034182978 -8.95703258689e-05 -0.470681452698 4.26485633401
0.00021395042951 7.04393678405e-05 0.318054992787 4.19915511125
0.00021395042951 -7.04393678405e-05 -0.318054992787 4.19915511125
0.000227804926685 4.82899392766e-05 0.208887180837 4.18252171122
0.000227804926685 -4.82899392766e-05 -0.208887180837 4.18252171122
0.000229781172772 2.89801225468e-05 0.12545812984 4.18524626073
0.000229781172772 -2.89801225468e-05 -0.12545812984 4.18524626073
0.000229087768564 1.88972970743e-05 0.0823029932306 4.18900731853
0.000229087768564 -1.88972970743e-05 -0.0823029932306 4.18900731853
0.0002229479764 6.96720632521e-06 0.0312402011513 4.20404202447
0.0002229479764 -6.96720632521e-06 -0.0312402011513 4.20404202447
-0.000116979714438 1.55210359509e-05 3.00968169096 4.52239220944
-0.000116979714438 -1.55210359509e-05 -3.00968169096 4.52239220944
0.000188117670112 6.54000411217e-05 0.334584171476 4.26069649531
0.000188117670112 -6.54000411217e-05 -0.334584171476 4.26069649531
0.000203111071261 3.48979623883e-05 0.170155720265 4.24360534729
0.000203111071261 -3.48979623883e-05 -0.170155720265 4.24360534729
0.000204382746998 5.49422478028e-06 0.026875565469 4.24757745987
0.000204382746998 -5.49422478028e-06 -0.026875565469 4.24757745987
-0.000117192187371 0.0 3.14159265359 4.52584767185
0.000169375143817 6.48050572116e-05 0.3654279345 4.30754227307
0.000169375143817 -6.48050572116e-05 -0.3654279345 4.30754227307
0.000189246884263 3.95043304189e-05 0.205789846327 4.27556611636
0.000189246884263 -3.95043304189e-05 -0.205789846327 4.27556611636
0.000153806973959 6.62017255326e-05 0.406453165619 4.34741509765
0.000153806973959 -6.62017255326e-05 -0.406453165619 4.34741509765
0.000184490998408 2.99108211701e-05 0.160727682096 4.29246859554
0.000184490998408 -2.99108211701e-05 -0.160727682096 4.29246859554
0.000180594230247 3.85209706638e-05 0.210151876462 4.29850574125
0.000180594230247 -3.85209706638e-05 -0.210151876462 4.29850574125
9.03553927374e-05 9.10654698132e-05 0.78931212037 4.48062847454
9.03553927374e-05 -9.10654698132e-05 -0.78931212037 4.48062847454
0.000171810851863 4.26947441068e-05 0.243565016304 4.31957821207
0.000171810851863 -4.26947441068e-05 -0.243565016304 4.31957821207
0.000120473224454 7.29123995263e-05 0.544246435139 4.43401727422
0.000120473224454 -7.29123995263e-05 -0.544246435139 4.43401727422
0.000152170633075 2.60373647349e-05 0.169465254775 4.38803979212
0.000152170633075 -2.60373647349e-05 -0.169465254775 4.38803979212
0.00013798478137 5.03614405283e-05 0.349955639783 4.4129201986
0.00013798478137 -5.03614405283e-05 -0.349955639783 4.4129201986
0.000137823426835 4.06324665946e-05 0.286693505583 4.42393249629
0.000137823426835 -4.06324665946e-05 -0.286693505583 4.42393249629
-9.36229928911e-05 0.0 3.14159265359 4.63811727705
0.000117932824359 4.9147091211e-05 0.394851912615 4.48266367024
0.000117932824359 -4.9147091211e-05 -0.394851912615 4.48266367024
0.000104549455831 5.60381339007e-05 0.492028369516 4.51978994047
0.000104549455831 -5.60381339007e-05 -0.492028369516 4.51978994047
-7.95319897436e-05 1.12865011929e-05 3.00062248556 4.71469092548
-7.95319897436e-05 -1.12865011929e-05 -3.00062248556 4.71469092548
6.98593121123e-05 6.98101956884e-05 0.78504650166 4.61140255656
6.98593121123e-05 -6.98101956884e-05 -0.78504650166 4.61140255656
0.000108613381252 3.76913291731e-05 0.33402014523 4.53543097745
0.000108613381252 -3.76913291731e-05 -0.33402014523 4.53543097745
0.000113589298628 2.35716702812e-05 0.204612546452 4.53092019698
0.000113589298628 -2.35716702812e-05 -0.204612546452 4.53092019698
-5.91473719414e-05 2.83710675527e-05 2.69434301235 4.81596922719
-5.91473719414e-05 -2.83710675527e-05 -2.69434301235 4.81596922719
5.35573237081e-05 6.17984056571e-05 0.856717590767 4.70575905308
5.35573237081e-05 -6.17984056571e-05 -0.856717590767 4.70575905308
6.51120880907e-05 5.67580660653e-05 0.71695668208 4.67839201576
6.51120880907e-05 -5.67580660653e-05 -0.71695668208 4.67839201576
8.39866261931e-05 4.82220144928e-05 0.521205035674 4.62119507873
8.39866261931e-05 -4.82220144928e-05 -0.521205035674 4.62119507873
8.84710490264e-05 3.93977726115e-05 0.418953764475 4.62118988263
8.84710490264e-05 -3.93977726115e-05 -0.418953764475 4.62118988263
-6.7186947572e-05 1.32701791382e-05 2.94659124755 4.79444852818
-6.7186947572e-05 -1.32701791382e-05 -2.94659124755 4.79444852818
1.02653082744e-05 5.62849185042e-05 1.39039792596 4.88436155696
1.02653082744e-05 -5.62849185042e-05 -1.39039792596 4.88436155696
7.16859275469e-05 4.68125820083e-05 0.57849763821 4.68281268815
7.16859275469e-05 -4.68125820083e-05 -0.57849763821 4.68281268815
3.94427945943e-05 5.46803864542e-05 0.94589560131 4.80227219743
3.94427945943e-05 -5.46803864542e-05 -0.94589560131 4.80227219743
5.38024929477e-05 4.88346778361e-05 0.737034192453 4.76485699986
5.38024929477e-05 -4.88346778361e-05 -0.737034192453 4.76485699986
3.38149231937e-05 5.12740112848e-05 0.987775590459 4.84888375311
3.38149231937e-05 -5.12740112848e-05 -0.987775590459 4.84888375311
-3.61668288903e-05 3.39752847143e-05 2.387428671 4.95553645177
-3.61668288903e-05 -3.39752847143e-05 -2.387428671 4.95553645177
-6.67557576796e-05 2.24153276467e-06 3.10802714588 4.80695328978
-6.67557576796e-05 -2.24153276467e-06 -3.10802714588 4.80695328978
-4.35032586474e-05 2.55662711015e-05 2.61027651473 4.9471691147
-4.35032586474e-05 -2.55662711015e-05 -2.61027651473 4.9471691147
-6.24377704654e-05 3.30189120405e-06 3.0887589552 4.83997191007
-6.24377704654e-05 -3.30189120405e-06 -3.0887589552 4.83997191007
2.81994133418e-05 4.41548381696e-05 1.00244263257 4.9283842467
2.81994133418e-05 -4.41548381696e-05 -1.00244263257 4.9283842467
-5.91791605827e-05 0.0 3.14159265359 4.86747054762
-5.47024746501e-05 1.36773468752e-05 2.89658425614 4.8916409321
-5.47024746501e-05 -1.36773468752e-05 -2.89658425614 4.8916409321
1.83047975262e-05 4.35982155506e-05 1.17329415862 4.97965885441
1.83047975262e-05 -4.35982155506e-05 -1.17329415862 4.97965885441
3.47221107209e-05 3.79620284863e-05 0.829943981718 4.93748423098
3.47221107209e-05 -3.79620284863e-05 -0.829943981718 4.93748423098
-4.58661294061e-05 1.63678303304e-05 2.79881875621 4.96492443971
-4.58661294061e-05 -1.63678303304e-05 -2.79881875621 4.96492443971
-9.8666980777e-06 4.06779470719e-05 1.80875711126 5.04062023903
-9.8666980777e-06 -4.06779470719e-05 -1.80875711126 5.04062023903
4.91043830363e-05 2.64420820314e-05 0.49396126706 4.89712668552
4.91043830363e-05 -2.64420820314e-05 -0.49396126706 4.89712668552
-5.65131275339e-05 3.6859124766e-06 3.07646266722 4.88945757116
-5.65131275339e-05 -3.6859124766e-06 -3.07646266722 4.88945757116
-5.18459607996e-05 4.23257631403e-06 3.06013576207 4.93195612001
-5.18459607996e-05 -4.23257631403e-06 -3.06013576207 4.93195612001
-2.23622493267e-06 3.46855889973e-05 1.63517852055 5.13355614656
-2.23622493267e-06 -3.46855889973e-05 -1.63517852055 5.13355614656
-1.29092369016e-05 3.07238960295e-05 1.96856819596 5.15458996461
-1.29092369016e-05 -3.07238960295e-05 -1.96856819596 5.15458996461
-3.36306970683e-05 1.88089469142e-05 2.63165327657 5.08199639313
-3.36306970683e-05 -1.88089469142e-05 -2.63165327657 5.08199639313
1.3368270589e-05 3.71192000581e-05 1.22511295368 5.07019919601
1.3368270589e-05 -3.71192000581e-05 -1.22511295368 5.07019919601
7.17270168427e-07 3.27931473645e-05 1.54892725121 5.16252591946
7.17270168427e-07 -3.27931473645e-05 -1.54892725121 5.16252591946
-2.6283952274e-05 2.17526439257e-05 2.45024652192 5.14284578929
-2.6283952274e-05 -2.17526439257e-05 -2.45024652192 5.14284578929
-4.86227954858e-05 6.42703066341e-06 3.01017307386 4.96137878423
-4.86227954858e-05 -6.42703066341e-06 -3.01017307386 4.96137878423
-1.24659248106e-05 2.06417169778e-05 2.11409245374 5.31636123727
-1.24659248106e-05 -2.06417169778e-05 -2.11409245374 5.31636123727
4.15065310153e-06 1.88927877188e-05 1.35453685371 5.42658082668
4.15065310153e-06 -1.88927877188e-05 -1.35453685371 5.42658082668
-2.54656457017e-05 1.27716764831e-05 2.67672520777 5.23299880853
-2.54656457017e-05 -1.27716764831e-05 -2.67672520777 5.23299880853
-3.70003905962e-05 0.0 3.14159265359 5.10229104436
-1.69821111564e-08 0.0 3.14159265359 8.94555266592
