2 0.0301011900396
4 0.00180579149532
6 0.000176899032071
8 2.68442678582e-05
10 5.40384241547e-06
12 1.25099837936e-06
14 3.13947719627e-07
16 8.41284033409e-08
18 2.39937130719e-08
20 7.25293990145e-09
22 2.30555072256e-09
24 7.62906626761e-10
26 2.60151233888e-10
28 9.06432429115e-11
30 3.20685283883e-11
32 1.14683124108e-11
34 4.12704592723e-12
36 1.49658063719e-12
38 5.52460854841e-13
40 2.02116101633e-13
42 7.78266340262e-14
44 3.51940698806e-14
46 2.28012053682e-14
48 1.54459778301e-14
50 1.28091981466e-14
52 1.18655085757e-14
3 -0.000952654648387
5 5.46827937981e-05
7 2.52116454077e-05
9 6.57968000932e-06
11 1.62183945284e-06
13 4.08469847689e-07
15 1.07966399175e-07
17 3.03081539102e-08
19 9.05931446527e-09
21 2.8686842346e-09
23 9.52767725826e-10
25 3.28138669015e-10
27 1.15992743188e-10
29 4.17485421234e-11
31 1.5207397841e-11
33 5.58067481116e-12
35 2.05883227133e-12
37 7.5650596898e-13
39 2.77125544734e-13
41 9.92816939771e-14
43 3.21409565629e-14
45 8.00748356511e-15
47 -9.71445146547e-16
49 -5.31519273039e-15
51 -5.60662627436e-15
53 -6.0368376964e-15
55 -5.75928194024e-15
