2 0.00564692304291
4 0.00068491038332
6 0.000107817755236
8 1.89330129051e-05
10 3.49689473052e-06
12 6.62453856919e-07
14 1.2725074322e-07
16 2.46609164652e-08
18 4.81690114879e-09
20 9.51425487006e-10
22 1.92050101516e-10
24 4.05794668701e-11
26 9.38533625816e-12
28 2.5209972998e-12
30 8.17613338144e-13
32 3.08943842731e-13
34 1.32411442921e-13
36 5.8848759199e-14
38 2.69957667332e-14
40 1.4439838214e-14
42 4.81559236931e-15
3 -0.00227683819536
5 -0.000291897065875
7 -4.70857236047e-05
9 -8.33741398502e-06
11 -1.54394080586e-06
13 -2.92788466021e-07
15 -5.6299850535e-08
17 -1.09330549961e-08
19 -2.14542444574e-09
21 -4.283000829e-10
23 -8.8536383086e-11
25 -1.96502779326e-11
27 -4.95307614368e-12
29 -1.49134524174e-12
31 -5.38954297857e-13
33 -2.19983753436e-13
35 -9.72208424876e-14
37 -4.51236270571e-14
39 -1.96682947706e-14
41 -1.08975328761e-14
43 -5.19029264012e-15
