2 0.0206111230181
4 0.0062580268726
6 0.00237927107238
8 0.000959602965404
10 0.000397100900465
12 0.000166340733966
14 7.0092011993e-05
16 2.9622415574e-05
18 1.25381183277e-05
20 5.31127288952e-06
22 2.25094608752e-06
24 9.54225904739e-07
26 4.04587834849e-07
28 1.71563328823e-07
30 7.27562945689e-08
32 3.08561058388e-08
34 1.30866759391e-08
36 5.55048000617e-09
38 2.35418939204e-09
40 9.98525708298e-10
42 4.23528840471e-10
3 -0.0114307321136
5 -0.00388622374036
7 -0.00151242140459
9 -0.000617030722742
11 -0.000256882302541
13 -0.000107941056412
15 -4.55571293085e-05
17 -1.92697152421e-05
19 -8.15991488061e-06
21 -3.45751355704e-06
23 -1.46553739602e-06
25 -6.21333371592e-07
27 -2.63459393772e-07
29 -1.1172338263e-07
31 -4.73809109655e-08
33 -2.00947907827e-08
35 -8.52272920293e-09
37 -3.61480657733e-09
39 -1.53320328829e-09
41 -6.50310468669e-10
43 -2.75833092478e-10
