2 0.0328643412132
4 0.00234346046892
6 0.000300085222002
8 5.76094527235e-05
10 1.39621899169e-05
12 3.75466537461e-06
14 1.06655922706e-06
16 3.16175806481e-07
18 9.7730641524e-08
20 3.15223863817e-08
22 1.05997830235e-08
24 3.70381202097e-09
26 1.33804263502e-09
28 4.96863619692e-10
30 1.8851556427e-10
32 7.2741451751e-11
34 2.84208906409e-11
36 1.11978204487e-11
38 4.44827508161e-12
40 1.78196346567e-12
42 7.02840563527e-13
44 2.7063074004e-13
46 9.17876885609e-14
48 2.54241072639e-14
50 -2.78943534937e-15
3 -0.00108298659295
5 0.000104500176491
7 4.77444603163e-05
9 1.37123989259e-05
11 3.67605506592e-06
13 9.78927253377e-07
15 2.632523649e-07
17 7.19557861073e-08
19 2.00718421675e-08
21 5.73248802593e-09
23 1.68050547089e-09
25 5.06507565057e-10
27 1.57012979007e-10
29 5.00201963183e-11
31 1.63357175009e-11
33 5.46791084632e-12
35 1.86128890078e-12
37 6.40501540694e-13
39 2.18013107567e-13
41 7.12763181809e-14
43 1.96856420054e-14
45 2.86576318231e-15
47 -4.05925293379e-15
49 -7.61890550649e-15
51 -8.00054467121e-15
53 -8.63892291036e-15
