2 0.0145585939551
4 0.00106029767758
6 0.000115080764362
8 1.33804029081e-05
10 1.6041135381e-06
12 1.95028984379e-07
14 2.34759191461e-08
16 2.6253677704e-09
18 2.11047124221e-10
20 -1.53867266151e-11
22 -1.60517432679e-11
24 -6.62919025229e-12
26 -2.31538399564e-12
28 -7.66053886991e-13
30 -2.49661402663e-13
32 -8.5424722851e-14
34 -3.24601456825e-14
36 -1.77913239696e-14
38 -1.22193921648e-14
40 -1.03805852802e-14
42 -1.0325074129e-14
44 -1.05263020522e-14
46 -1.01654795692e-14
48 -9.99894611553e-15
50 -1.0033640585e-14
3 -0.00328218475367
5 -0.000321310732582
7 -3.55661391158e-05
9 -4.10922139808e-06
11 -4.89390900478e-07
13 -6.0422987759e-08
15 -7.9082231666e-09
17 -1.15329207295e-09
19 -2.02325316223e-10
21 -4.49265069591e-11
23 -1.21657059426e-11
25 -3.68715474819e-12
27 -1.16598397604e-12
29 -3.68517716343e-13
31 -1.08218989325e-13
33 -2.73392419814e-14
35 -2.42861286637e-16
37 7.61890550649e-15
39 1.03805852802e-14
41 1.10744746706e-14
43 1.16434639708e-14
45 1.17753029549e-14
47 1.17128529098e-14
49 1.16573417586e-14
51 1.18238752123e-14
53 1.17822418488e-14
