2 0.0650710754652
4 0.0165086966657
6 0.00505382059124
8 0.00165774091025
10 0.00056378588002
12 0.000196839159768
14 7.01985098442e-05
16 2.54801250359e-05
18 9.38572840205e-06
20 3.50008024219e-06
22 1.31875340255e-06
24 5.01201767743e-07
26 1.91886791643e-07
28 7.39249569159e-08
30 2.86332288931e-08
32 1.11422949416e-08
34 4.35364673114e-09
36 1.70726237578e-09
38 6.71654292438e-10
40 2.65000970486e-10
42 1.0482983821e-10
44 4.15676962949e-11
46 1.6518448227e-11
48 6.57734515341e-12
50 2.62375276039e-12
3 -0.0409863600841
5 -0.011186470985
7 -0.00347090180255
9 -0.00114153453927
11 -0.000389840737166
13 -0.000136931247633
15 -4.91692329221e-05
17 -1.79696822699e-05
19 -6.66163136646e-06
21 -2.49849144388e-06
23 -9.46111625214e-07
25 -3.61138895735e-07
27 -1.3877825081e-07
29 -5.36348134971e-08
31 -2.08306491442e-08
33 -8.12477445505e-09
35 -3.18088343987e-09
37 -1.24947928268e-09
39 -4.92270864593e-10
41 -1.94467330708e-10
43 -7.70104577019e-11
45 -3.05648427826e-11
47 -1.21557561582e-11
49 -4.84348957699e-12
51 -1.9332786772e-12
