1    2.375
8    2.16527947636
15    2.08880277886
22    2.05338821526
29    2.03614407719
36    2.03021655053
43    2.01576984674
50    2.01433512141
57    2.01382174025
64    2.01362893368
71    2.01357399434
78    2.01355172551
85    2.01354728168
92    2.01354254334
99    2.01353984292
106    2.01353848366
113    2.01353796479
114    2.01353796479
121    2.01353781673
127    2.01353781673
128    2.01353781673
135    1.90743655272
142    1.89878370237
149    1.89024580207
156    1.88789744422
163    1.88645301172
170    1.88427683137
177    1.88339612527
184    1.88315450747
191    1.88282010431
198    1.88247366273
205    1.88216795908
212    1.88201177664
219    1.88190863286
226    1.88184759119
233    1.88180824913
240    1.88178558562
241    1.88178558562
248    1.88177354285
255    1.88175876043
262    1.88174242459
269    1.88172753071
276    1.88170905466
283    1.88169428957
290    1.88168400626
297    1.88167732557
304    1.88167199854
304    1.88167199854
305    1.88167199854
312    1.78006375743
319    1.7799931708
326    1.77999176191
333    1.77999170575
339    1.77999170575
340    1.77999170575
347    1.67380437507
354    1.67379410149
361    1.67379368954
367    1.67379368954
368    1.67379368954
375    1.56382923123
382    1.563783586
389    1.56378177756
396    1.56378170446
402    1.56378170446
403    1.56378170446
410    1.56371300395
417    1.56371039403
424    1.56371029437
430    1.56371029437
431    1.56371029437
438    1.46231249022
445    1.46200529689
452    1.46199347909
459    1.4619930037
466    1.46199298443
472    1.46199298443
473    1.46199298443
480    1.35774304408
487    1.35641593818
494    1.35636557528
501    1.35636355336
508    1.35636347144
514    1.35636347144
515    1.35636347144
522    1.34500134933
529    1.33779683397
536    1.33457300414
543    1.33224191589
550    1.33089400286
557    1.33012512129
564    1.3300333244
571    1.32998433036
578    1.3299672524
585    1.32995051899
592    1.32993369533
599    1.32992085232
606    1.32991528011
613    1.32990793487
620    1.32990335943
627    1.32989401595
628    1.32989401595
635    1.32989060157
642    1.32988946135
649    1.32988832617
656    1.32988733253
663    1.32988672688
670    1.32988613514
677    1.32988583052
683    1.32988583052
684    1.32988583052
691    1.30415411365
698    1.27610215167
705    1.25678931577
712    1.24772562321
719    1.23716588425
726    1.22638434247
733    1.21904399794
740    1.21472228666
747    1.21270110711
754    1.21091031898
761    1.20932555938
768    1.20846120291
775    1.20776632495
782    1.20727922613
789    1.20681698369
796    1.20626397005
797    1.20626397005
804    1.20600139643
811    1.20573001983
818    1.20544145081
825    1.20517314466
832    1.20476004648
839    1.20434671698
846    1.20392455357
853    1.20337788464
860    1.20289124963
860    1.20289124963
861    1.20289124963
868    1.08809147704
875    1.08748568402
882    1.08746786747
889    1.08746725751
896    1.08746723875
902    1.08746723875
903    1.08746723875
910    1.01345013241
917    1.01344615
924    1.01344599077
930    1.01344599077
931    1.01344599077
938    0.892181736398
945    0.889671332751
952    0.889575072204
959    0.88957120181
966    0.889571044965
972    0.889571044965
973    0.889571044965
980    0.888884323685
987    0.888869709361
994    0.888869418079
1000    0.888869418079
1001    0.888869418079
1008    0.803372999724
1015    0.80306515052
1022    0.803053341902
1029    0.803052867082
1036    0.80305284784
1042    0.80305284784
1043    0.80305284784
1050    0.715439649881
1057    0.714969789665
1064    0.714951876836
1071    0.714951157216
1078    0.714951128059
1084    0.714951128059
1085    0.714951128059
1092    0.70771874016
1099    0.704862170721
1106    0.704060087204
1113    0.703870424966
1120    0.70361282569
1127    0.703522229217
1134    0.703326070114
1141    0.703231364944
1148    0.70308739813
1155    0.70303446215
1162    0.702959053668
1169    0.702876238885
1176    0.702721544163
1183    0.702639727674
1190    0.702589114105
1197    0.702506670957
1198    0.702506670957
1205    0.70247641138
1212    0.702448054552
1219    0.702409373613
1226    0.702388901185
1233    0.702373731926
1240    0.702346633302
1247    0.702328708605
1254    0.702312072907
1261    0.702303684729
1261    0.702303684729
1262    0.702303684729
1269    0.641570719427
1276    0.593609291223
1283    0.57057738748
1290    0.547860619982
1297    0.535405314311
1304    0.524884870247
1311    0.518322284525
1318    0.513447371891
1325    0.50885197709
1332    0.503982201334
1339    0.496017654901
1346    0.490166665644
1353    0.486785805696
1360    0.484032202023
1367    0.481580608257
1374    0.478907172947
1375    0.478907172947
1382    0.478031471241
1389    0.477084045417
1396    0.476248008983
1403    0.475581217951
1410    0.47481718731
1417    0.473886495169
1424    0.473034602075
1431    0.472374010116
1438    0.471712442431
1438    0.471712442431
1439    0.471712442431
1446    0.258041104243
1453    0.197905481292
1460    0.176876268461
1467    0.163237684511
1474    0.151680014053
1481    0.146555807307
1488    0.144074465058
1495    0.142028898132
1502    0.141051366733
1509    0.140183477969
1516    0.139876900351
1523    0.139336100876
1530    0.138865219589
1537    0.137884349277
1544    0.131626249925
1551    0.128982223056
1552    0.128982223056
1559    0.119007676783
1566    0.114198711839
1573    0.109457122197
1580    0.107161588744
1587    0.105813899026
1594    0.105439005039
1601    0.105118720863
1608    0.104908170442
1615    0.10473005718
1615    0.10473005718
1616    0.10473005718
1623    0.0999148718324
1630    0.0963169577597
1637    0.0954312698875
1644    0.0947791043076
1651    0.094594333252
1658    0.094507640597
1665    0.0944766053283
1672    0.094468632686
1679    0.0944652382728
1686    0.0944645304866
1693    0.0944633073587
1700    0.0944630122051
1706    0.0944630122051
1707    0.0944630122051
1714    0.0944027674403
1721    0.0943872928616
1728    0.0943822913814
1735    0.0943803095748
1742    0.0943796561313
1749    0.0943796454514
1755    0.0943796454514
1756    0.0943796454514
1763    0.0943415760578
1770    0.0943356550657
1777    0.0943342109383
1784    0.0943323142033
1791    0.0943307956186
1798    0.0943301756497
1805    0.0943300461582
1811    0.0943300461582
1812    0.0943300461582
1819    0.0942175323613
1826    0.0941736522812
1833    0.094161655086
1840    0.0941498858425
1847    0.0941388126094
1854    0.0941311360146
1861    0.0941276344311
1868    0.0941241223306
1875    0.0941220783369
1882    0.0941205916097
1889    0.0941187519911
1896    0.0941159336212
1903    0.0941123367649
1910    0.0941089184901
1917    0.0941040047167
1924    0.0941008799875
1925    0.0941008799875
1932    0.0940994772371
1939    0.0940985093124
1946    0.0940974776618
1953    0.0940964777029
1960    0.0940955593423
1967    0.0940944223562
1974    0.0940933043165
1981    0.0940925192515
1988    0.0940916619494
1988    0.0940916619494
1989    0.0940916619494
1996    0.0940594569137
2003    0.0940589277645
2010    0.0940589106497
2016    0.0940589106497
2017    0.0940589106498
2024    0.0940503677429
2031    0.0940499500676
2037    0.0940499500676
2038    0.0940499500676
2045    0.0938876411519
2052    0.0938854765245
2059    0.0938831332227
2066    0.093883110108
2072    0.093883110108
2073    0.093883110108
2080    0.0938831027248
2086    0.0938831027248
2087    0.0938831027249
2094    0.0938446393069
2101    0.0938432305276
2108    0.0938431803717
2114    0.0938431803717
2115    0.0938431803717
2122    0.0938407496157
2129    0.0938406674396
2135    0.0938406674396
2136    0.0938406674395
2143    0.093811185176
2150    0.0937699092943
2157    0.0937429385926
2164    0.0937275684017
2171    0.0937241382004
2178    0.0937157784914
2185    0.0937087540759
2192    0.0937020380903
2199    0.0936992693541
2206    0.0936978425073
2213    0.0936976409534
2219    0.0936976409534
2220    0.0936976409534
2227    0.0933114064766
2234    0.0929235085498
2241    0.0925281783193
2248    0.0920347350878
2255    0.0911944279607
2262    0.0904456338529
2269    0.0895489041001
2276    0.0881642925331
2283    0.0867884467133
2290    0.0842832181212
2297    0.0825064515431
2304    0.0809210873816
2311    0.0799814166023
2318    0.0790926524487
2325    0.0783410113686
2332    0.0776474875463
2333    0.0776474875463
2340    0.0773706929049
2347    0.0771030768891
2354    0.0766208254981
2361    0.0761416561253
2368    0.0756932003786
2375    0.075010829187
2382    0.0744779821935
2389    0.0741710305938
2396    0.0738448493883
2396    0.0738448493883
2397    0.0738448493883
2404    0.0738114067118
2411    0.0738106335155
2418    0.0738105810254
2424    0.0738105810254
2425    0.0738105810254
2432    0.0736691719149
2439    0.0736660464
2446    0.0736659895358
2452    0.0736659895358
2453    0.0736659895358
2460    0.0736615644347
2467    0.0736614458028
2473    0.0736614458028
2474    0.0736614458028
2481    0.0736573552609
2488    0.0736164165136
2495    0.0736161220386
2501    0.0736161220386
2502    0.0736161220386
2509    0.0736145403316
2516    0.0736144863062
2522    0.0736144863062
2523    0.0736144863062
2530    0.0735900746172
2537    0.0735892650717
2544    0.0735892417636
2550    0.0735892417636
2551    0.0735892417636
2558    0.0734726324035
2565    0.0725021911803
2572    0.0720411468655
2579    0.0718703034129
2586    0.0716308671529
2593    0.0715260102166
2600    0.0714766636958
2607    0.0714428423384
2614    0.0713846593519
2621    0.0713368208754
2628    0.0712920610979
2635    0.071228406592
2642    0.0711978949228
2649    0.0711736186178
2656    0.0711520005421
2663    0.0711357687849
2664    0.0711357687849
2671    0.0711287465004
2678    0.0711251365647
2685    0.0711221905875
2692    0.0711192040515
2699    0.0711154065672
2706    0.0711129835028
2713    0.0711108532831
2720    0.071109675457
2727    0.0711082855726
2727    0.0711082855726
2728    0.0711082855726
2735    0.070840011542
2742    0.0706641318705
2749    0.0704508541195
2756    0.0702725492524
2763    0.0701251042395
2770    0.0699843674919
2777    0.0698779394884
2784    0.0697394562886
2791    0.0696176527368
2798    0.0694569684865
2805    0.0692693537643
2812    0.0691582866807
2819    0.0690831939172
2826    0.0690253595638
2833    0.0689622927955
2840    0.0689214405074
2841    0.0689214405074
2848    0.0689021902107
2855    0.0688919105805
2862    0.06888212807
2869    0.068873456484
2876    0.0688659558846
2883    0.068858831294
2890    0.0688524073126
2897    0.0688452075322
2904    0.0688388398134
2904    0.0688388398134
2905    0.0688388398134
2912    0.0687948213778
2919    0.0687838349647
2926    0.0687795814694
2933    0.0687767879964
2940    0.0687754953064
2947    0.0687746711476
2954    0.0687738941395
2961    0.0687733370996
2968    0.0687730954458
2974    0.0687730954458
2975    0.0687730954458
2982    0.0687727169263
2988    0.0687727169263
2989    0.0687727169263
2996    0.0687720514434
3003    0.068771938907
3009    0.068771938907
3010    0.068771938907
3017    0.0687395149437
3024    0.068726092706
3031    0.0687240177128
3038    0.0687224443084
3045    0.0687210869365
3052    0.0687204102697
3059    0.0687202127739
3065    0.0687202127739
3066    0.0687202127739
3073    0.0687105264865
3080    0.0686936196814
3087    0.0686859778442
3094    0.0686821522619
3101    0.0686797329649
3108    0.0686767342983
3115    0.0686753477574
3122    0.0686741664584
3129    0.0686733530577
3136    0.0686724008158
3143    0.0686716865534
3150    0.0686710073636
3157    0.0686700303089
3164    0.0686692191798
3171    0.0686686144556
3178    0.0686678830059
3179    0.0686678830059
3186    0.0686676335913
3192    0.0686676335913
3193    0.0686676335913
3200    0.068667489033
3206    0.068667489033
3207    0.068667489033
3214    0.0686271439511
3221    0.068626617711
3228    0.0686265920794
3234    0.0686265920794
3235    0.0686265920794
3242    0.068388035428
3249    0.0683824178893
3256    0.0683821914541
3262    0.0683821914541
3263    0.0683821914541
3270    0.0683821914347
3276    0.0683821914347
3277    0.0683821914347
3284    0.0683726328986
3291    0.068372283586
3297    0.068372283586
3298    0.068372283586
3305    0.0683702144362
3312    0.068370147567
3318    0.068370147567
3319    0.0683701475669
3326    0.0683697820288
3332    0.0683697820288
3333    0.0683697820288
3340    0.0681243211138
3347    0.0677683168468
3354    0.0672579155686
3361    0.0664894323265
3368    0.0647408387543
3375    0.0627592592137
3382    0.0613055698674
3389    0.0599666551246
3396    0.0590024464833
3403    0.0573385620169
3410    0.0562501318711
3417    0.0548575974367
3424    0.0537544980954
3431    0.0530590524031
3438    0.0523254564844
3445    0.0518784062971
3446    0.0518784062971
3453    0.0516533407626
3460    0.0513027856019
3467    0.050893334372
3474    0.0504892718213
3481    0.0500742465991
3488    0.0496982948484
3495    0.0493799730737
3502    0.0490413386473
3509    0.0488687499099
3509    0.0488687499099
3510    0.0488687499099
3517    0.0488687023379
3523    0.0488687023379
3524    0.0488687023379
3531    0.048848278441
3538    0.0488482783717
3544    0.0488482783717
3545    0.0488482783717
3552    0.0488482070468
3558    0.0488482070468
3559    0.0488482070468
3566    0.048847879645
3572    0.048847879645
3573    0.0488478796451
3580    0.0488474838537
3586    0.0488474838537
3587    0.0488474838536
3594    0.0488465383375
3601    0.0488465107571
3607    0.0488465107571
3608    0.0488465107571
3615    0.0488041559986
3622    0.0487041417394
3629    0.0486374758029
3636    0.048628473103
3643    0.0486241925084
3650    0.0486219360742
3657    0.048619088412
3664    0.0486169576179
3671    0.0486134050379
3678    0.0486113508135
3685    0.0486100120932
3692    0.0486089717677
3699    0.0486079933108
3706    0.0486075297337
3713    0.0486069896505
3720    0.0486067788587
3721    0.0486067788587
3727    0.0486067788587
3728    0.0486067788588
3735    0.0486000905087
3742    0.0485891510751
3749    0.0485781388462
3756    0.0485725212609
3763    0.0485686074647
3770    0.0485638493275
3777    0.0485594509367
3784    0.0485508769459
3791    0.0485460465822
3798    0.0485389144542
3805    0.0485355059746
3812    0.0485326852369
3819    0.0485296313409
3826    0.0485269372939
3833    0.0485238622265
3840    0.0485206945957
3841    0.0485206945957
3848    0.0485193866729
3855    0.0485187483449
3862    0.0485179112425
3869    0.0485170666107
3876    0.0485159667556
3883    0.0485146743715
3890    0.0485128190246
3897    0.048511811629
3904    0.0485106939202
3904    0.0485106939202
3905    0.0485106939201
3912    0.0485103700966
3918    0.0485103700966
3919    0.0485103700966
3926    0.0485102533882
3932    0.0485102533882
3933    0.0485102533882
3940    0.0485102304957
3946    0.0485102304957
3947    0.0485102304957
3954    0.0484873419577
3961    0.0484674150935
3968    0.0484656109462
3975    0.0484639954489
3982    0.0484630349511
3989    0.0484621201361
3996    0.0484618540851
4002    0.0484618540851
4003    0.0484618540851
4010    0.0484464841443
4017    0.0484343499929
4024    0.0484301312157
4031    0.0484273232336
4038    0.048425733397
4045    0.0484239570423
4052    0.0484230456642
4059    0.0484224880723
4066    0.0484220870604
4072    0.0484220870604
4073    0.0484220870604
4080    0.0484219781124
4086    0.0484219781124
4087    0.0484219781124
4094    0.0484055085664
4101    0.0484053001203
4107    0.0484053001203
4108    0.0484053001203
4115    0.0483685045806
4122    0.0483682670998
4128    0.0483682670998
4129    0.0483682670998
4136    0.0483682349279
4142    0.0483682349279
4143    0.048368234928
4150    0.0483682342178
4156    0.0483682342178
4157    0.0483682342177
4164    0.0483670626735
4171    0.0483670252795
4177    0.0483670252795
4178    0.0483670252794
4185    0.0483664658031
4192    0.0483654625484
4199    0.048364879384
4206    0.0483644845686
4212    0.0483644845686
4213    0.0483644845687
4220    0.0482733144342
4227    0.0481874254055
4234    0.0481067989219
4241    0.0480103565455
4248    0.0478988521617
4255    0.0478157041813
4262    0.0477357250818
4269    0.047637215737
4276    0.0475745185761
4283    0.0474402682045
4290    0.0473178655008
4297    0.0472317977922
4304    0.0471783047367
4311    0.0471433358184
4318    0.047111317477
4325    0.0470699126501
4326    0.0470699126501
4333    0.0470508062012
4340    0.0470375162513
4347    0.0470059059723
4354    0.0469640019133
4361    0.0468737304113
4368    0.0467055984509
4375    0.0463699956954
4382    0.0460330995227
4389    0.0456406975988
4389    0.0456406975988
4390    0.0456406975988
4397    0.0456406758235
4403    0.0456406758235
4404    0.0456406758235
4411    0.0456078483531
4418    0.0456078192229
4424    0.0456078192229
4425    0.0456078192229
4432    0.0456078045909
4438    0.0456078045909
4439    0.0456078045909
4446    0.0456066196991
4453    0.0455972901504
4460    0.0455971870878
4466    0.0455971870878
4467    0.0455971870878
4474    0.0455970593948
4480    0.0455970593948
4481    0.0455970593947
4488    0.0455944358901
4495    0.0455944329575
4501    0.0455944329575
4502    0.0455944329574
4509    0.0455939856753
4516    0.0455934001007
4523    0.0455928965258
4530    0.0455926132227
4536    0.0455926132227
4537    0.0455926132227
4544    0.0455878632936
4551    0.0455796567775
4558    0.045574959013
4565    0.0455719960777
4572    0.0455685749178
4579    0.0455654734915
4586    0.0455616054152
4593    0.04555752896
4600    0.0455543840912
4607    0.0455528939354
4614    0.0455521661207
4621    0.0455513911313
4628    0.0455504379109
4635    0.0455491859914
4642    0.0455480099989
4649    0.0455472988977
4650    0.0455472988977
4657    0.0455469685168
4663    0.0455469685168
4664    0.0455469685168
4671    0.045546745886
4677    0.045546745886
4678    0.045546745886
4685    0.0455467190254
4691    0.0455467190254
4692    0.0455467190255
4699    0.0455466912583
4705    0.0455466912583
4706    0.0455466912583
4713    0.0455261508996
4720    0.0455126841012
4727    0.0455106535702
4734    0.045509392921
4741    0.045508453188
4748    0.0455070866948
4755    0.0455066982288
4761    0.0455066982288
4762    0.0455066982288
4769    0.0454958789037
4776    0.0454801165044
4783    0.0454753602582
4790    0.0454727147417
4797    0.0454697678002
4804    0.0454666917889
4811    0.0454658013399
4818    0.0454648569277
4825    0.0454640781218
4832    0.0454633781826
4839    0.0454627917008
4846    0.0454623789456
4852    0.0454623789456
4853    0.0454623789456
4860    0.0454623337322
4866    0.0454623337322
4867    0.0454623337322
4874    0.0453454944493
4881    0.0453403525114
4888    0.0453402856755
4894    0.0453402856755
4895    0.0453402856755
4902    0.0453393358404
4909    0.0453385152081
4916    0.0453385073729
4922    0.0453385073729
4923    0.0453385073729
4930    0.0453385070876
4936    0.0453385070876
4937    0.0453385070876
4944    0.0453381219497
4950    0.0453381219497
4951    0.0453381219497
4958    0.0453184097253
4965    0.045317810129
4972    0.0453177913014
4978    0.0453177913014
4979    0.0453177913014
4986    0.0453173052134
4993    0.0453168533664
5000    0.0453165794041
5006    0.0453165794041
5007    0.0453165794041
5014    0.0450433035101
5021    0.044615106995
5028    0.0438671352909
5035    0.0435243157145
5042    0.0432789217888
5049    0.0431021550088
5056    0.0429023312112
5063    0.0427224765482
5070    0.0424884692268
5077    0.0422472191363
5084    0.0421239855408
5091    0.0419695613613
5098    0.0418102863756
5105    0.0416672660042
5112    0.0415292767316
5119    0.0413352712852
5120    0.0413352712852
5127    0.0412430512154
5134    0.0411779992438
5141    0.0411149764472
5148    0.0410595796048
5155    0.0410054182602
5162    0.0409585641945
5169    0.0408906407038
5176    0.0408472530371
5183    0.0408168561611
5183    0.0408168561611
5184    0.0408168561611
5191    0.0408168492742
5197    0.0408168492742
5198    0.0408168492742
5205    0.0407831829058
5212    0.0407831764404
5218    0.0407831764404
5219    0.0407831764404
5226    0.040783159954
5232    0.040783159954
5233    0.040783159954
5240    0.0407806514639
5247    0.0407791978519
5254    0.0407791388348
5260    0.0407791388348
5261    0.0407791388349
5268    0.0407790799049
5274    0.0407790799049
5275    0.0407790799049
5282    0.0407764025894
5289    0.0407763995938
5295    0.0407763995938
5296    0.0407763995937
5303    0.040767498302
5310    0.0407265286733
5317    0.0407130091329
5324    0.040707681152
5331    0.040704171683
5338    0.0407022868362
5345    0.0407014203314
5352    0.0407006542593
5359    0.0407001619939
5366    0.0406996177129
5373    0.0406988802504
5380    0.0406983698365
5387    0.0406980037048
5393    0.0406980037048
5394    0.0406980037048
5401    0.0406934405212
5408    0.0406814211962
5415    0.0406783506555
5422    0.0406763815103
5429    0.0406754055617
5436    0.0406741517621
5443    0.0406726791303
5450    0.0406706591399
5457    0.0406674790801
5464    0.0406651312387
5471    0.0406628110731
5478    0.0406609023402
5485    0.04065915588
5492    0.0406575745542
5499    0.0406558988314
5506    0.0406550991464
5507    0.0406550991464
5514    0.0406547084825
5520    0.0406547084825
5521    0.0406547084825
5528    0.0406545447944
5534    0.0406545447944
5535    0.0406545447944
5542    0.0406545217067
5548    0.0406545217067
5549    0.0406545217067
5556    0.0406545060893
5562    0.0406545060893
5563    0.0406545060892
5570    0.0406231384392
5577    0.0406182315884
5584    0.0406166741381
5591    0.0406156696174
5598    0.0406146715388
5605    0.0406138755898
5612    0.0406135941656
5618    0.0406135941656
5619    0.0406135941656
5626    0.040599471412
5633    0.0405862808723
5640    0.0405822153477
5647    0.0405797494356
5654    0.0405774001684
5661    0.0405750691795
5668    0.040573505166
5675    0.0405728166861
5682    0.0405721539535
5689    0.0405716280225
5696    0.0405710849038
5703    0.0405707081695
5709    0.0405707081695
5710    0.0405707081695
5717    0.0405706836925
5723    0.0405706836925
5724    0.0405706836925
5731    0.0405689178051
5738    0.0405688951934
5744    0.0405688951934
5745    0.0405688951934
5752    0.0405684986701
5758    0.0405684986701
5759    0.0405684986701
5766    0.0405684892678
5772    0.0405684892678
5773    0.0405684892679
5780    0.0405683616403
5786    0.0405683616403
5787    0.0405683616404
5794    0.0405683095392
5800    0.0405683095392
5801    0.0405683095392
5808    0.0405680904537
5814    0.0405680904537
5815    0.0405680904538
5822    0.0405527917529
5829    0.0405380934346
5836    0.0405166172342
5843    0.0404984694881
5850    0.0404773482778
5857    0.0404547302472
5864    0.0404329645655
5871    0.0404029128409
5878    0.0403718488847
5885    0.0402905854303
5892    0.0402408727508
5899    0.0401824260286
5906    0.0401496744421
5913    0.0401165173927
5920    0.0401001837968
5927    0.0400795485031
5928    0.0400795485031
5935    0.0400659060957
5942    0.0400560306339
5949    0.0400366549316
5956    0.040024536524
5963    0.0400059006952
5970    0.0399846768414
5977    0.0399666271236
5984    0.0399560497241
5991    0.0399481632927
5991    0.0399481632927
5992    0.0399481632927
5999    0.0399481259048
6005    0.0399481259048
6006    0.0399481259048
6013    0.0399158977948
6020    0.0399158942837
6026    0.0399158942837
6027    0.0399158942837
6034    0.0399158831228
6040    0.0399158831228
6041    0.0399158831228
6048    0.0399158277859
6054    0.0399158277859
6055    0.039915827786
6062    0.0399158133519
6068    0.0399158133519
6069    0.0399158133519
6076    0.0399138573742
6083    0.0399137939177
6089    0.0399137939177
6090    0.0399137939176
6097    0.0399136121692
6103    0.0399136121692
6104    0.0399136121693
6111    0.0399088096084
6118    0.0398995407685
6125    0.0398965264264
6132    0.0398940431766
6139    0.0398907224991
6146    0.0398875958118
6153    0.0398825957404
6160    0.0398784528063
6167    0.0398754553966
6174    0.0398742512535
6181    0.0398725727197
6188    0.0398713665743
6195    0.0398700934011
6202    0.0398693376516
6209    0.0398687109064
6216    0.0398682783585
6217    0.0398682783585
6223    0.0398682783585
6224    0.0398682783584
6231    0.0398681289422
6237    0.0398681289422
6238    0.0398681289422
6245    0.0398681087339
6251    0.0398681087339
6252    0.0398681087339
6259    0.0398680961346
6265    0.0398680961346
6266    0.0398680961346
6273    0.0398476551382
6280    0.0398343260434
6287    0.0398324832214
6294    0.0398314620447
6301    0.0398302017476
6308    0.0398295160359
6315    0.0398291455241
6321    0.0398291455241
6322    0.0398291455241
6329    0.0398206334105
6336    0.0398058353971
6343    0.0397996599032
6350    0.0397975915677
6357    0.0397954110534
6364    0.039792920817
6371    0.03979168881
6378    0.0397908486317
6385    0.0397903075258
6392    0.0397897908508
6399    0.039789384838
6405    0.039789384838
6406    0.039789384838
6413    0.0397893149874
6419    0.0397893149874
6420    0.0397893149874
6427    0.039788095555
6434    0.0397880801006
6440    0.0397880801006
6441    0.0397880801006
6448    0.0397862742538
6455    0.0397861345407
6461    0.0397861345407
6462    0.0397861345407
6469    0.0397861297267
6475    0.0397861297267
6476    0.0397861297268
6483    0.0397861138334
6489    0.0397861138334
6490    0.0397861138333
6497    0.0397861064756
6503    0.0397861064756
6504    0.0397861064756
6511    0.0397858764013
6517    0.0397858764013
6518    0.0397858764013
6525    0.0397805167774
6532    0.0397756186258
6539    0.0397647093271
6546    0.0397569588318
6553    0.0397483406497
6560    0.0397422012773
6567    0.039737593796
6574    0.039733449315
6581    0.0397265255537
6588    0.039719909388
6595    0.0397067409328
6602    0.039697745706
6609    0.0396893322864
6616    0.0396795525642
6623    0.0396682008775
6630    0.0396525792808
6631    0.0396525792808
6638    0.0396456423391
6645    0.039640832475
6652    0.0396346244275
6659    0.0396300425718
6666    0.0396269753725
6673    0.0396229206693
6680    0.0396202789277
6687    0.0396176712063
6694    0.0396161085259
6694    0.0396161085259
6695    0.0396161085258
6702    0.0396160910827
6708    0.0396160910827
6709    0.0396160910827
6716    0.0395811537234
6723    0.0395811488302
6729    0.0395811488302
6730    0.0395811488302
6737    0.039581140079
6743    0.039581140079
6744    0.039581140079
6751    0.0395810981634
6757    0.0395810981634
6758    0.0395810981634
6765    0.0395810631703
6771    0.0395810631703
6772    0.0395810631703
6779    0.0395784895791
6786    0.0395784215406
6792    0.0395784215406
6793    0.0395784215406
6800    0.039578173945
6806    0.039578173945
6807    0.039578173945
6814    0.0395744184731
6821    0.0395649496762
6828    0.0395613538576
6835    0.0395588392149
6842    0.0395568062652
6849    0.0395530889559
6856    0.0395498255044
6863    0.0395455787839
6870    0.0395425325342
6877    0.0395414298858
6884    0.0395404575876
6891    0.0395392722336
6898    0.0395375619371
6905    0.0395367249585
6912    0.0395360417334
6919    0.0395356376811
6920    0.0395356376811
6926    0.0395356376811
6927    0.0395356376811
6934    0.0395355007211
6940    0.0395355007211
6941    0.0395355007211
6948    0.0395354817482
6954    0.0395354817482
6955    0.0395354817482
6962    0.0395354767826
6968    0.0395354767826
6969    0.0395354767825
6976    0.0395186987998
6983    0.0395058370304
6990    0.0395029278188
6997    0.0395014137191
7004    0.0395003662088
7011    0.0394998534306
7018    0.0394993400189
7025    0.0394989705759
7031    0.0394989705759
7032    0.0394989705759
7039    0.0394848382568
7046    0.039474749964
7053    0.0394707441951
7060    0.0394683160603
7067    0.0394660209722
7074    0.0394637019655
7081    0.0394625699794
7088    0.0394619354742
7095    0.0394613404014
7102    0.0394606946434
7109    0.0394602675854
7115    0.0394602675854
7116    0.0394602675854
7123    0.0394601747327
7129    0.0394601747327
7130    0.0394601747327
7137    0.0394537568707
7144    0.0394536760749
7150    0.0394536760749
7151    0.0394536760749
7158    0.0394512022453
7165    0.039451193678
7171    0.039451193678
7172    0.039451193678
7179    0.0394511908279
7185    0.0394511908279
7186    0.039451190828
7193    0.0394511446748
7199    0.0394511446748
7200    0.0394511446748
7207    0.0394510721554
7213    0.0394510721554
7214    0.0394510721553
7221    0.0394507844294
7227    0.0394507844294
7228    0.0394507844294
7235    0.0394491083925
7242    0.0394459717106
7249    0.0394432422797
7256    0.0394407811646
7263    0.039438824516
7270    0.0394372722858
7277    0.0394362780406
7284    0.0394346007341
7291    0.0394325625299
7298    0.0394306319756
7305    0.0394278202285
7312    0.0394245925852
7319    0.0394212495491
7326    0.0394190309944
7333    0.0394164957068
7340    0.0394132898809
7341    0.0394132898809
7348    0.0394115880839
7355    0.0394106242671
7362    0.0394093229562
7369    0.0394080920869
7376    0.0394066899861
7383    0.0394056332938
7390    0.0394047970941
7397    0.0394041408384
7404    0.0394036199562
7404    0.0394036199562
7405    0.0394036199562
7412    0.0394036069821
7418    0.0394036069821
7419    0.039403606982
7426    0.0393730653689
7433    0.0393712769009
7440    0.0393709343661
7446    0.0393709343661
7447    0.0393709343661
7454    0.0393709214543
7460    0.0393709214543
7461    0.0393709214544
7468    0.0393709183626
7474    0.0393709183626
7475    0.0393709183628
7482    0.0393708902766
7488    0.0393708902766
7489    0.0393708902767
7496    0.039368998948
7503    0.0393689879255
7509    0.0393689879255
7510    0.0393689879255
7517    0.0393686621969
7523    0.0393686621969
7524    0.039368662197
7531    0.0393647860513
7538    0.03935840641
7545    0.0393553304412
7552    0.0393533706757
7559    0.039351481665
7566    0.0393490139664
7573    0.0393458252091
7580    0.0393426306671
7587    0.0393405086904
7594    0.0393392938944
7601    0.0393384504978
7608    0.0393376531395
7615    0.0393365708276
7622    0.0393358244565
7629    0.0393352816155
7636    0.0393350154098
7637    0.0393350154098
7643    0.0393350154098
7644    0.0393350154098
7651    0.0393348868927
7657    0.0393348868927
7658    0.0393348868927
7665    0.039334870941
7671    0.039334870941
7672    0.039334870941
7679    0.0393348603179
7685    0.0393348603179
7686    0.0393348603179
7693    0.0393135004653
7700    0.0393055826253
7707    0.0393025297554
7714    0.0393015194858
7721    0.0393006469049
7728    0.0393000938583
7735    0.0392996304944
7742    0.0392994025512
7748    0.0392994025512
7749    0.0392994025512
7756    0.0392893857224
7763    0.0392762061782
7770    0.0392730282646
7777    0.039270922611
7784    0.039268728467
7791    0.0392667502647
7798    0.0392654104009
7805    0.0392648481403
7812    0.0392642960441
7819    0.0392637656446
7826    0.0392633716267
7832    0.0392633716267
7833    0.0392633716267
7840    0.039263270793
7846    0.039263270793
7847    0.039263270793
7854    0.0392581573495
7861    0.0392580931891
7867    0.0392580931891
7868    0.0392580931891
7875    0.039255573366
7882    0.0392555719954
7888    0.0392555719954
7889    0.0392555719954
7896    0.0392555719365
7902    0.0392555719365
7903    0.0392555719366
7910    0.0392555283814
7916    0.0392555283814
7917    0.0392555283814
7924    0.0392554681122
7930    0.0392554681122
7931    0.0392554681121
7938    0.0392550770107
7944    0.0392550770107
7945    0.0392550770107
7952    0.0392534405724
7959    0.039250937005
7966    0.0392493173625
7973    0.039247329935
7980    0.0392466153976
7987    0.0392461844708
7993    0.0392461844708
7994    0.0392461844708
8001    0.0392461739507
8007    0.0392461739507
8008    0.0392461739507
8015    0.0392132577494
8022    0.0392124983266
8029    0.0392121597156
8035    0.0392121597156
8036    0.0392121597156
8043    0.039212149641
8049    0.039212149641
8050    0.039212149641
8057    0.0392121487106
8063    0.0392121487106
8064    0.0392121487107
8071    0.0392121185665
8077    0.0392121185665
8078    0.0392121185665
8085    0.0392100788209
8092    0.0392100594059
8098    0.0392100594059
8099    0.0392100594058
8106    0.0392096212913
8113    0.0392075361006
8120    0.039206764765
8127    0.0392059053291
8134    0.0392053243352
8141    0.039204988866
8147    0.039204988866
8148    0.039204988866
8155    0.0391989959755
8162    0.0391933764164
8169    0.0391906174555
8176    0.039188760646
8183    0.0391873831793
8190    0.0391854256059
8197    0.0391823374112
8204    0.0391792728574
8211    0.0391773002154
8218    0.0391763659071
8225    0.0391756287366
8232    0.0391747253367
8239    0.0391737595858
8246    0.0391728860144
8253    0.0391723909794
8260    0.0391721922695
8261    0.0391721922695
8267    0.0391721922695
8268    0.0391721922695
8275    0.0391720640554
8281    0.0391720640554
8282    0.0391720640554
8289    0.0391720501771
8295    0.0391720501771
8296    0.0391720501771
8303    0.0391720408423
8309    0.0391720408423
8310    0.0391720408422
8317    0.0391581820771
8324    0.039144483554
8331    0.0391416618313
8338    0.0391404690174
8345    0.0391394573
8352    0.0391388755712
8359    0.0391384363254
8366    0.0391382420149
8372    0.0391382420149
8373    0.0391382420149
8380    0.0391243256911
8387    0.0391161968151
8394    0.0391124906044
8401    0.0391104482628
8408    0.0391084700056
8415    0.0391067104324
8422    0.0391053907904
8429    0.0391047678984
8436    0.0391043055623
8443    0.0391037980553
8450    0.0391034771465
8456    0.0391034771465
8457    0.0391034771466
8464    0.0391034154046
8470    0.0391034154046
8471    0.0391034154046
8478    0.0390993055062
8485    0.0390992540443
8491    0.0390992540443
8492    0.0390992540443
8499    0.0390970674074
8506    0.0390970648137
8512    0.0390970648137
8513    0.0390970648137
8520    0.0390970646571
8526    0.0390970646571
8527    0.0390970646571
8534    0.039097056059
8540    0.039097056059
8541    0.039097056059
8548    0.039097027401
8554    0.039097027401
8555    0.0390970274008
8562    0.0390965380149
8569    0.0390958193997
8576    0.0390954465459
8582    0.0390954465459
8583    0.0390954465459
8590    0.0390941595377
8597    0.0390926548894
8604    0.0390907622652
8611    0.039088788191
8618    0.039087571121
8625    0.0390870452102
8632    0.0390866084265
8639    0.0390861873585
8645    0.0390861873585
8646    0.0390861873585
8653    0.0390861676317
8659    0.0390861676317
8660    0.0390861676317
8667    0.0390564950578
8674    0.0390523043848
8681    0.0390519792661
8687    0.0390519792661
8688    0.0390519792661
8695    0.0390519697636
8701    0.0390519697636
8702    0.0390519697635
8709    0.0390519475396
8715    0.0390519475396
8716    0.0390519475396
8723    0.0390519451627
8729    0.0390519451627
8730    0.0390519451626
8737    0.0390499928707
8744    0.0390499925367
8750    0.0390499925367
8751    0.0390499925367
8758    0.0390498319846
8764    0.0390498319846
8765    0.0390498319846
8772    0.0390459473693
8779    0.0390397212793
8786    0.0390359170447
8793    0.0390345048565
8800    0.0390330480874
8807    0.0390312989506
8814    0.0390285413323
8821    0.0390256176323
8828    0.0390234352121
8835    0.0390221151654
8842    0.0390211124542
8849    0.0390202690419
8856    0.0390193293269
8863    0.0390185510624
8870    0.0390179110395
8877    0.0390175329192
8878    0.0390175329192
8884    0.0390175329192
8885    0.0390175329192
8892    0.0390174031318
8898    0.0390174031318
8899    0.0390174031318
8906    0.0390173906729
8912    0.0390173906729
8913    0.0390173906729
8920    0.0390173819013
8926    0.0390173819013
8927    0.0390173819013
8934    0.0389988311074
8941    0.0389900223801
8948    0.0389875430614
8955    0.0389867626909
8962    0.0389857704699
8969    0.0389851178995
8976    0.0389848007751
8982    0.0389848007751
8983    0.0389848007751
8990    0.0389758361167
8997    0.0389641564355
9004    0.0389604472302
9011    0.0389584528699
9018    0.0389562816822
9025    0.0389544942462
9032    0.0389532555457
9039    0.0389525547811
9046    0.0389520374375
9053    0.0389516283385
9059    0.0389516283385
9060    0.0389516283385
9067    0.0389515180204
9073    0.0389515180204
9074    0.0389515180204
9081    0.0389466715736
9088    0.038946610891
9094    0.038946610891
9095    0.038946610891
9102    0.0389442102293
9109    0.0389441804723
9115    0.0389441804723
9116    0.0389441804722
9123    0.0389441539496
9129    0.0389441539496
9130    0.0389441539497
9137    0.0389441450037
9143    0.0389441450037
9144    0.0389441450037
9151    0.0389440983026
9157    0.0389440983026
9158    0.0389440983025
9165    0.0389438136592
9171    0.0389438136592
9172    0.0389438136592
9179    0.0389425586413
9186    0.0389405141264
9193    0.0389392647129
9200    0.0389379596985
9207    0.0389366559053
9214    0.0389361849146
9221    0.0389355739395
9228    0.0389351322932
9235    0.0389345976611
9242    0.0389340786955
9249    0.0389334805008
9256    0.0389331125291
9262    0.0389331125291
9263    0.0389331125292
9270    0.0389331099272
9276    0.0389331099272
9277    0.0389331099272
9284    0.0389063634647
9291    0.0389017577165
9298    0.0389014654691
9304    0.0389014654691
9305    0.0389014654691
9312    0.0389014568393
9318    0.0389014568393
9319    0.0389014568393
9326    0.0389014546355
9332    0.0389014546355
9333    0.0389014546355
9340    0.0389014492032
9346    0.0389014492032
9347    0.0389014492032
9354    0.0388996823621
9361    0.0388996297254
9367    0.0388996297254
9368    0.0388996297253
9375    0.0388994579221
9381    0.0388994579221
9382    0.0388994579221
9389    0.0388953856172
9396    0.0388897948923
9403    0.0388867587844
9410    0.0388849083772
9417    0.0388831412091
9424    0.0388808404077
9431    0.0388778492933
9438    0.0388750680942
9445    0.0388729749895
9452    0.0388718385806
9459    0.038871077025
9466    0.0388702098411
9473    0.0388691846558
9480    0.0388685638228
9487    0.0388681226507
9494    0.0388678538211
9495    0.0388678538211
9501    0.0388678538211
9502    0.038867853821
9509    0.0388677255175
9515    0.0388677255175
9516    0.0388677255175
9523    0.0388677145784
9529    0.0388677145784
9530    0.0388677145784
9537    0.0388677074719
9543    0.0388677074719
9544    0.038867707472
9551    0.038857953096
9558    0.0388425439132
9565    0.038840145739
9572    0.0388388982128
9579    0.0388379482233
9586    0.0388373820583
9593    0.0388370443662
9599    0.0388370443662
9600    0.0388370443662
9607    0.038830284363
9614    0.0388188166119
9621    0.038814318204
9628    0.038812237824
9635    0.0388102350211
9642    0.03880810354
9649    0.0388067620055
9656    0.0388059944837
9663    0.0388053474535
9670    0.0388049364627
9676    0.0388049364627
9677    0.0388049364627
9684    0.0388048545222
9690    0.0388048545222
9691    0.0388048545222
9698    0.0387992162533
9705    0.0387991456503
9711    0.0387991456503
9712    0.0387991456503
9719    0.038797147699
9726    0.0387970161945
9732    0.0387970161945
9733    0.0387970161944
9740    0.0387969752883
9746    0.0387969752883
9747    0.0387969752884
9754    0.0387969299272
9760    0.0387969299272
9761    0.0387969299271
9768    0.0387968357293
9774    0.0387968357293
9775    0.0387968357292
9782    0.038796555897
9788    0.038796555897
9789    0.038796555897
9796    0.0387947367915
9803    0.0387928176299
9810    0.0387916895348
9817    0.03879030801
9824    0.0387898648886
9831    0.0387896080751
9837    0.0387896080751
9838    0.0387896080751
9845    0.0387895973496
9851    0.0387895973496
9852    0.0387895973496
9859    0.0387615796694
9866    0.0387581077484
9873    0.0387578000727
9879    0.0387578000727
9880    0.0387578000727
9887    0.0387577893548
9893    0.0387577893548
9894    0.0387577893548
9901    0.0387577886444
9907    0.0387577886444
9908    0.0387577886444
9915    0.038757781254
9921    0.038757781254
9922    0.0387577812541
9929    0.0387559931121
9936    0.0387559849912
9942    0.0387559849912
9943    0.0387559849911
9950    0.0387557513007
9956    0.0387557513007
9957    0.0387557513007
9964    0.0387517948965
9971    0.0387461787746
9978    0.0387433046355
9985    0.038741622567
9992    0.038740039166
9999    0.0387376074456
10006    0.0387347330331
10013    0.03873251527
10020    0.0387305047062
10027    0.0387294141966
10034    0.0387285211375
10041    0.03872765667
10048    0.03872673833
10055    0.0387262328364
10062    0.0387258190366
10068    0.0387258190366
10069    0.0387258190365
10076    0.0387256930552
10082    0.0387256930552
10083    0.0387256930552
10090    0.0387256835691
10096    0.0387256835691
10097    0.0387256835691
10104    0.0387256746351
10110    0.0387256746351
10111    0.0387256746351
10118    0.0387116447735
10125    0.0387010098771
10132    0.0386991522617
10139    0.0386980040268
10146    0.0386972680575
10153    0.0386966208856
10160    0.0386963778497
10166    0.0386963778497
10167    0.0386963778498
10174    0.0386902022343
10181    0.0386786858822
10188    0.0386746789701
10195    0.038672670111
10202    0.0386705927905
10209    0.0386684411691
10216    0.0386673600686
10223    0.0386666190519
10230    0.0386660951059
10237    0.0386655780222
10244    0.0386652241834
10250    0.0386652241834
10251    0.0386652241833
10258    0.0386651304071
10264    0.0386651304071
10265    0.0386651304071
10272    0.0386619229881
10279    0.0386618829281
10285    0.0386618829281
10286    0.0386618829281
10293    0.0386602535449
10300    0.0386602376155
10306    0.0386602376155
10307    0.0386602376155
10314    0.0386602375373
10320    0.0386602375373
10321    0.0386602375375
10328    0.0386602346182
10334    0.0386602346182
10335    0.0386602346182
10342    0.0386602125427
10348    0.0386602125427
10349    0.0386602125425
10356    0.0386599317243
10362    0.0386599317243
10363    0.0386599317243
10370    0.0386587572953
10377    0.0386573625753
10384    0.038655850317
10391    0.0386544126104
10398    0.0386532641677
10405    0.0386529561514
10411    0.0386529561514
10412    0.0386529561514
10419    0.0386529495359
10425    0.0386529495359
10426    0.0386529495359
10433    0.0386260352026
10440    0.0386232057035
10447    0.03862290973
10453    0.03862290973
10454    0.03862290973
10461    0.0386229046819
10467    0.0386229046819
10468    0.0386229046819
10475    0.0386228999872
10481    0.0386228999872
10482    0.0386228999873
10489    0.0386228961843
10495    0.0386228961843
10496    0.0386228961843
10503    0.038621235963
10510    0.0386212176062
10516    0.0386212176062
10517    0.0386212176062
10524    0.0386209126271
10530    0.0386209126271
10531    0.0386209126272
10538    0.0386176384187
10545    0.0386119525573
10552    0.0386092956777
10559    0.0386071742074
10566    0.038605759621
10573    0.0386038417527
10580    0.0386014663861
10587    0.0385985344029
10594    0.0385961914676
10601    0.0385951498997
10608    0.0385942381019
10615    0.038593575262
10622    0.0385927189216
10629    0.0385920758021
10636    0.0385917251045
10642    0.0385917251045
10643    0.0385917251044
10650    0.0385915993099
10656    0.0385915993099
10657    0.0385915993099
10664    0.0385915906993
10670    0.0385915906993
10671    0.0385915906993
10678    0.0385915829993
10684    0.0385915829993
10685    0.0385915829993
10692    0.0385823155391
10699    0.0385697102581
10706    0.0385659711854
10713    0.0385648665583
10720    0.0385640984855
10727    0.0385635754145
10734    0.0385632354279
10740    0.0385632354279
10741    0.0385632354279
10748    0.0385543098462
10755    0.0385458653438
10762    0.0385422022501
10769    0.0385402691631
10776    0.0385384662935
10783    0.0385367815216
10790    0.0385357881532
10797    0.0385350457028
10804    0.0385345467993
10811    0.0385341987003
10817    0.0385341987003
10818    0.0385341987003
10825    0.0385341077158
10831    0.0385341077158
10832    0.0385341077158
10839    0.0385299975814
10846    0.0385299462323
10852    0.0385299462323
10853    0.0385299462323
10860    0.0385279620374
10867    0.0385279493583
10873    0.0385279493583
10874    0.0385279493583
10881    0.0385279050055
10887    0.0385279050055
10888    0.0385279050056
10895    0.0385279022642
10901    0.0385279022642
10902    0.0385279022642
10909    0.0385278788806
10915    0.0385278788806
10916    0.0385278788806
10923    0.0385275375849
10929    0.0385275375849
10930    0.038527537585
10937    0.0385264238151
10944    0.0385250311368
10951    0.0385238615686
10958    0.0385221077611
10965    0.0385211101995
10972    0.0385207499616
10978    0.0385207499616
10979    0.0385207499616
10986    0.0385207422494
10992    0.0385207422494
10993    0.0385207422494
11000    0.0384969098756
11007    0.0384919292539
11014    0.0384916686187
11020    0.0384916686187
11021    0.0384916686187
11028    0.038491658864
11034    0.038491658864
11035    0.0384916588641
11042    0.0384916474821
11048    0.0384916474821
11049    0.0384916474821
11056    0.0384916447806
11062    0.0384916447806
11063    0.0384916447806
11070    0.0384901463038
11077    0.0384901039362
11083    0.0384901039362
11084    0.0384901039362
11091    0.0384897367943
11097    0.0384897367943
11098    0.0384897367943
11105    0.0384860520811
11112    0.038481290734
11119    0.0384783932856
11126    0.0384766396371
11133    0.0384750480407
11140    0.0384732449382
11147    0.0384704956593
11154    0.0384682444802
11161    0.0384661992419
11168    0.038464895025
11175    0.0384636399732
11182    0.0384628330341
11189    0.0384623012393
11196    0.0384617146619
11203    0.0384612649256
11210    0.0384607818993
11211    0.0384607818993
11218    0.0384605992838
11224    0.0384605992838
11225    0.0384605992838
11232    0.0384604744338
11238    0.0384604744338
11239    0.0384604744338
11246    0.0384604671007
11252    0.0384604671007
11253    0.0384604671007
11260    0.0384604586665
11266    0.0384604586665
11267    0.0384604586665
11274    0.0384471323444
11281    0.0384384255102
11288    0.0384363187307
11295    0.0384350845994
11302    0.0384344259727
11309    0.0384338333976
11316    0.0384335425939
11322    0.0384335425939
11323    0.0384335425939
11330    0.0384263972776
11337    0.0384172323404
11344    0.0384137259394
11351    0.0384117807224
11358    0.038410037687
11365    0.0384083045277
11372    0.0384070946239
11379    0.0384064293125
11386    0.0384058464058
11393    0.0384054456099
11399    0.0384054456099
11400    0.0384054456099
11407    0.0384054071686
11413    0.0384054071686
11414    0.0384054071685
11421    0.0384017359189
11428    0.0384016900976
11434    0.0384016900976
11435    0.0384016900976
11442    0.0383999763077
11449    0.0383999727141
11455    0.0383999727141
11456    0.0383999727142
11463    0.03839994881
11469    0.03839994881
11470    0.0383999488101
11477    0.038399948382
11483    0.038399948382
11484    0.038399948382
11491    0.0383999277865
11497    0.0383999277865
11498    0.0383999277863
11505    0.0383995517507
11511    0.0383995517507
11512    0.0383995517508
11519    0.0383985903545
11526    0.0383973555672
11533    0.0383959326996
11540    0.0383944224326
11547    0.0383931214033
11554    0.0383927944961
11560    0.0383927944961
11561    0.0383927944961
11568    0.038392787754
11574    0.038392787754
11575    0.038392787754
11582    0.0383644412999
11589    0.038364329967
11595    0.038364329967
11596    0.038364329967
11603    0.0383643233644
11609    0.0383643233644
11610    0.0383643233645
11617    0.0383643145548
11623    0.0383643145548
11624    0.0383643145548
11631    0.0383643042767
11637    0.0383643042767
11638    0.0383643042767
11645    0.038362422632
11652    0.0383624110528
11658    0.0383624110528
11659    0.0383624110527
11666    0.0383619755141
11673    0.0383603328779
11680    0.0383591250258
11687    0.0383586102252
11694    0.0383573916735
11701    0.0383565435608
11708    0.0383561958986
11714    0.0383561958986
11715    0.0383561958987
11722    0.038351358542
11729    0.0383445011359
11736    0.0383423734825
11743    0.0383405391376
11750    0.0383392351924
11757    0.0383370452586
11764    0.038334607261
11771    0.0383313861662
11778    0.0383299488397
11785    0.0383287038315
11792    0.0383278624906
11799    0.0383268962925
11806    0.0383258777192
11813    0.038325288979
11820    0.038324862209
11826    0.038324862209
11827    0.0383248622089
11834    0.0383247379321
11840    0.0383247379321
11841    0.0383247379321
11848    0.0383247313282
11854    0.0383247313282
11855    0.0383247313282
11862    0.038324723738
11868    0.038324723738
11869    0.038324723738
11876    0.0383094445199
11883    0.0383042252865
11890    0.0383017982022
11897    0.0383004437081
11904    0.0382998887514
11911    0.0382994247864
11918    0.0382990358135
11924    0.0382990358135
11925    0.0382990358135
11932    0.038293166913
11939    0.0382844418879
11946    0.038280448667
11953    0.0382786165792
11960    0.038276933157
11967    0.0382750733809
11974    0.0382738875382
11981    0.0382733503092
11988    0.0382728513498
11995    0.0382724348239
12001    0.0382724348239
12002    0.0382724348239
12009    0.0382723407196
12015    0.0382723407196
12016    0.0382723407196
12023    0.0382684980764
12030    0.0382684501198
12036    0.0382684501198
12037    0.0382684501198
12044    0.0382666404256
12051    0.0382666198307
12057    0.0382666198307
12058    0.0382666198307
12065    0.0382665860155
12071    0.0382665860155
12072    0.0382665860156
12079    0.0382665858296
12085    0.0382665858296
12086    0.0382665858296
12093    0.0382665647564
12099    0.0382665647564
12100    0.0382665647562
12107    0.0382661187693
12114    0.0382654590781
12121    0.0382651107037
12127    0.0382651107037
12128    0.0382651107038
12135    0.0382641387627
12142    0.038263007062
12149    0.0382618392537
12156    0.0382600846012
12163    0.0382590645322
12170    0.0382587125763
12176    0.0382587125763
12177    0.0382587125762
12184    0.0382586122547
12190    0.0382586122547
12191    0.0382586122547
12198    0.0382319584771
12205    0.0382310138022
12212    0.038230723843
12218    0.038230723843
12219    0.0382307238431
12226    0.0382307126693
12232    0.0382307126693
12233    0.0382307126693
12240    0.0382307123235
12246    0.0382307123235
12247    0.0382307123235
12254    0.0382307095644
12260    0.0382307095644
12261    0.0382307095645
12268    0.0382292300096
12275    0.0382292240724
12281    0.0382292240724
12282    0.0382292240723
12289    0.0382290574837
12295    0.0382290574837
12296    0.0382290574837
12303    0.0382259113928
12310    0.0382209751437
12317    0.0382181362201
12324    0.0382164475722
12331    0.0382150674841
12338    0.0382131941558
12345    0.0382096079943
12352    0.0382069935325
12359    0.0382049072467
12366    0.0382040886713
12373    0.0382033476935
12380    0.0382027547992
12387    0.038201998583
12394    0.0382014174221
12401    0.0382010151241
12407    0.0382010151241
12408    0.038201015124
12415    0.0382008920301
12421    0.0382008920301
12422    0.0382008920301
12429    0.0382008861931
12435    0.0382008861931
12436    0.0382008861931
12443    0.0382008778566
12449    0.0382008778566
12450    0.0382008778566
12457    0.0381876042239
12464    0.0381800958707
12471    0.0381784935336
12478    0.0381775511612
12485    0.0381768858727
12492    0.0381762532549
12499    0.0381758927467
12505    0.0381758927467
12506    0.0381758927467
12513    0.0381705024873
12520    0.0381609271236
12527    0.0381578784161
12534    0.0381560461478
12541    0.038154430996
12548    0.0381526215383
12555    0.0381517640002
12562    0.0381511356373
12569    0.0381507123641
12575    0.0381507123641
12576    0.0381507123641
12583    0.0381506197187
12589    0.0381506197187
12590    0.0381506197187
12597    0.0381469534575
12604    0.0381469077408
12610    0.0381469077408
12611    0.0381469077408
12618    0.0381454065319
12625    0.0381452642993
12631    0.0381452642993
12632    0.0381452642993
12639    0.0381451834809
12645    0.0381451834809
12646    0.038145183481
12653    0.0381451825508
12659    0.0381451825508
12660    0.0381451825507
12667    0.0381451595894
12673    0.0381451595894
12674    0.0381451595893
12681    0.0381449243015
12687    0.0381449243015
12688    0.0381449243016
12695    0.0381441060275
12702    0.038142959243
12709    0.0381415971792
12716    0.0381401472222
12723    0.0381389551268
12730    0.0381386363805
12736    0.0381386363805
12737    0.0381386363804
12744    0.0381386240313
12750    0.0381386240313
12751    0.0381386240313
12758    0.0381145676509
12765    0.0381109949589
12772    0.0381107303308
12778    0.0381107303308
12779    0.0381107303308
12786    0.0381107231349
12792    0.0381107231349
12793    0.0381107231349
12800    0.0381107214004
12806    0.0381107214004
12807    0.0381107214004
12814    0.0381107207879
12820    0.0381107207879
12821    0.0381107207879
12828    0.0381091739645
12835    0.0381091702396
12841    0.0381091702396
12842    0.0381091702396
12849    0.038109008453
12855    0.038109008453
12856    0.0381090084531
12863    0.0381053670418
12870    0.0381002009907
12877    0.0380973321369
12884    0.0380959225025
12891    0.0380948012815
12898    0.0380929417245
12905    0.0380902351653
12912    0.0380878858875
12919    0.0380862360183
12926    0.0380854711281
12933    0.0380847769101
12940    0.0380840164858
12947    0.0380832270694
12954    0.0380826321317
12961    0.0380823473248
12967    0.0380823473248
12968    0.0380823473247
12975    0.0380822248257
12981    0.0380822248257
12982    0.0380822248257
12989    0.0380822197045
12995    0.0380822197045
12996    0.0380822197045
13003    0.0380822119721
13009    0.0380822119721
13010    0.0380822119721
13017    0.0380713517213
13024    0.0380636144524
13031    0.0380616441498
13038    0.0380605095101
13045    0.0380599011247
13052    0.0380591164057
13059    0.0380588005845
13065    0.0380588005845
13066    0.0380588005846
13073    0.0380528648141
13080    0.0380444769144
13087    0.0380413411336
13094    0.0380397006254
13101    0.0380377789767
13108    0.0380359652546
13115    0.0380352002722
13122    0.0380345812206
13129    0.0380340507125
13136    0.0380336611727
13142    0.0380336611727
13143    0.0380336611727
13150    0.0380336181084
13156    0.0380336181084
13157    0.0380336181084
13164    0.0380300837771
13171    0.0380300397102
13177    0.0380300397102
13178    0.0380300397102
13185    0.0380285133151
13192    0.0380284814119
13198    0.0380284814119
13199    0.0380284814119
13206    0.0380284630337
13212    0.0380284630337
13213    0.0380284630337
13220    0.0380284625082
13226    0.0380284625082
13227    0.0380284625083
13234    0.0380284421219
13240    0.0380284421219
13241    0.0380284421218
13248    0.0380282843551
13254    0.0380282843551
13255    0.0380282843552
13262    0.0380273786543
13269    0.0380262987086
13276    0.0380251445754
13283    0.0380235723284
13290    0.0380225631486
13297    0.0380222768346
13303    0.0380222768346
13304    0.0380222768346
13311    0.0380222717409
13317    0.0380222717409
13318    0.0380222717409
13325    0.0380021619644
13332    0.0379967590317
13339    0.0379965400849
13345    0.0379965400849
13346    0.0379965400849
13353    0.0379965333806
13359    0.0379965333806
13360    0.0379965333806
13367    0.0379965314979
13373    0.0379965314979
13374    0.0379965314981
13381    0.0379965299256
13387    0.0379965299256
13388    0.0379965299255
13395    0.0379951735089
13402    0.0379951721083
13408    0.0379951721083
13409    0.0379951721082
13416    0.0379949881371
13422    0.0379949881371
13423    0.0379949881372
13430    0.0379928783074
13437    0.0379877050762
13444    0.0379849708654
13451    0.0379836271581
13458    0.0379822073005
13465    0.0379809880213
13472    0.0379792078159
13479    0.0379770653977
13486    0.0379745130199
13493    0.0379729544665
13500    0.0379720256384
13507    0.0379712949947
13514    0.0379705041235
13521    0.0379699525667
13528    0.0379694538082
13535    0.0379690717593
13536    0.0379690717593
13542    0.0379690717593
13543    0.0379690717593
13550    0.0379689504227
13556    0.0379689504227
13557    0.0379689504227
13564    0.0379689457715
13570    0.0379689457715
13571    0.0379689457715
13578    0.0379689374231
13584    0.0379689374231
13585    0.0379689374231
13592    0.0379561219203
13599    0.0379502049411
13606    0.0379486049302
13613    0.0379477203487
13620    0.0379472016777
13627    0.0379464256748
13634    0.0379461840779
13640    0.0379461840779
13641    0.0379461840779
13648    0.0379407812455
13655    0.037932401924
13662    0.0379288810017
13669    0.0379274856254
13676    0.03792560309
13683    0.0379241439384
13690    0.0379232745344
13697    0.0379226601208
13704    0.037922249525
13710    0.037922249525
13711    0.037922249525
13718    0.0379221868131
13724    0.0379221868131
13725    0.0379221868131
13732    0.0379187097039
13739    0.0379186663751
13745    0.0379186663751
13746    0.0379186663752
13753    0.0379171870155
13760    0.037917160457
13766    0.037917160457
13767    0.037917160457
13774    0.0379171160547
13780    0.0379171160547
13781    0.0379171160549
13788    0.0379171155544
13794    0.0379171155544
13795    0.0379171155544
13802    0.0379170951874
13808    0.0379170951874
13809    0.0379170951873
13816    0.0379169107409
13822    0.0379169107409
13823    0.0379169107409
13830    0.0379162483482
13837    0.0379152807152
13844    0.0379141442108
13851    0.0379128042751
13858    0.0379116968645
13865    0.0379113831394
13871    0.0379113831394
13872    0.0379113831394
13879    0.0379113764223
13885    0.0379113764223
13886    0.0379113764223
13893    0.0378948811199
13900    0.0378874654733
13907    0.0378872890616
13913    0.0378872890616
13914    0.0378872890616
13921    0.0378872847002
13927    0.0378872847002
13928    0.0378872847002
13935    0.0378872719903
13941    0.0378872719903
13942    0.0378872719903
13949    0.0378872709723
13955    0.0378872709723
13956    0.0378872709723
13963    0.0378860545169
13970    0.0378860434789
13976    0.0378860434789
13977    0.0378860434788
13984    0.0378858151445
13990    0.0378858151445
13991    0.0378858151446
13998    0.0378826523919
14005    0.0378783251648
14012    0.0378757904229
14019    0.0378742665963
14026    0.0378729843608
14033    0.0378711778621
14040    0.037868467064
14047    0.0378654114805
14054    0.0378634757476
14061    0.0378626812192
14068    0.0378620188595
14075    0.0378614177045
14082    0.03786073837
14089    0.0378602153403
14096    0.0378598252191
14102    0.0378598252191
14103    0.037859825219
14110    0.0378597046691
14116    0.0378597046691
14117    0.0378597046691
14124    0.0378597007336
14130    0.0378597007336
14131    0.0378597007336
14138    0.0378596927525
14144    0.0378596927525
14145    0.0378596927525
14152    0.0378510463227
14159    0.0378430147958
14166    0.037840982227
14173    0.0378400998416
14180    0.0378393667234
14187    0.0378389397014
14193    0.0378389397014
14194    0.0378389397014
14201    0.0378348692437
14208    0.0378267130008
14215    0.0378236603838
14222    0.0378220578667
14229    0.0378205120762
14236    0.0378190934646
14243    0.0378181702866
14250    0.0378174194979
14257    0.0378169402535
14264    0.0378166308202
14270    0.0378166308202
14271    0.0378166308202
14278    0.0378165901375
14284    0.0378165901375
14285    0.0378165901374
14292    0.0378134459288
14299    0.037813406758
14305    0.037813406758
14306    0.037813406758
14313    0.0378124003728
14320    0.0378122098231
14326    0.0378122098231
14327    0.0378122098231
14334    0.037812181148
14340    0.037812181148
14341    0.0378121811481
14348    0.0378121810439
14354    0.0378121810439
14355    0.037812181044
14362    0.0378121630398
14368    0.0378121630398
14369    0.0378121630397
14376    0.0378119644921
14382    0.0378119644921
14383    0.0378119644921
14390    0.0378111357648
14397    0.0378100602722
14404    0.037808832884
14411    0.0378075753485
14418    0.0378068026109
14425    0.0378064973242
14431    0.0378064973242
14432    0.0378064973241
14439    0.037806492211
14445    0.037806492211
14446    0.037806492211
14453    0.0377865160155
14460    0.0377813197042
14467    0.0377811012743
14473    0.0377811012743
14474    0.0377811012743
14481    0.0377810911606
14487    0.0377810911606
14488    0.0377810911606
14495    0.0377810882973
14501    0.0377810882973
14502    0.0377810882973
14509    0.0377810880849
14515    0.0377810880849
14516    0.037781088085
14523    0.0377797055873
14530    0.0377796675728
14536    0.0377796675728
14537    0.0377796675727
14544    0.0377793880703
14550    0.0377793880703
14551    0.0377793880704
14558    0.0377765593472
14565    0.0377716473608
14572    0.0377695288159
14579    0.0377680197775
14586    0.0377668342266
14593    0.0377653287649
14600    0.0377630638268
14607    0.0377605466215
14614    0.0377589817913
14621    0.0377581443493
14628    0.0377574170985
14635    0.0377566304127
14642    0.0377559855286
14649    0.0377554552982
14656    0.037755134542
14662    0.037755134542
14663    0.0377551345419
14670    0.0377550151655
14676    0.0377550151655
14677    0.0377550151655
14684    0.037755011507
14690    0.037755011507
14691    0.037755011507
14698    0.0377550029291
14704    0.0377550029291
14705    0.0377550029291
14712    0.0377430209243
14719    0.037737494716
14726    0.0377366731622
14733    0.0377359183407
14740    0.0377352616521
14747    0.0377347582249
14754    0.0377345598008
14760    0.0377345598008
14761    0.0377345598008
14768    0.0377300384152
14775    0.0377221127751
14782    0.0377192673519
14789    0.0377178090465
14796    0.0377163577527
14803    0.0377147597767
14810    0.0377140109581
14817    0.0377134627513
14824    0.0377130408747
14830    0.0377130408747
14831    0.0377130408747
14838    0.0377130002221
14844    0.0377130002221
14845    0.0377130002221
14852    0.0377098685055
14859    0.0377098295056
14865    0.0377098295056
14866    0.0377098295056
14873    0.0377085627635
14880    0.0377085483173
14886    0.0377085483173
14887    0.0377085483173
14894    0.0377084901965
14900    0.0377084901965
14901    0.0377084901965
14908    0.0377084895227
14914    0.0377084895227
14915    0.0377084895227
14922    0.0377084706262
14928    0.0377084706262
14929    0.0377084706261
14936    0.0377082317096
14942    0.0377082317096
14943    0.0377082317096
14950    0.0377077004884
14957    0.0377067215815
14964    0.0377057851636
14971    0.0377048440949
14978    0.0377037377673
14985    0.0377032198838
14992    0.0377029399246
14998    0.0377029399246
14999    0.0377029399245
15006    0.0377029329463
15012    0.0377029329463
15013    0.0377029329463
15020    0.0376847894147
15027    0.0376795952396
15034    0.0376793975384
15040    0.0376793975384
15041    0.0376793975384
15048    0.0376793933103
15054    0.0376793933103
15055    0.0376793933103
15062    0.0376793919725
15068    0.0376793919725
15069    0.0376793919726
15076    0.0376793909938
15082    0.0376793909938
15083    0.0376793909937
15090    0.0376781889197
15097    0.0376781816256
15103    0.0376781816256
15104    0.0376781816256
15111    0.037677838731
15117    0.037677838731
15118    0.0376778387311
15125    0.0376752164187
15132    0.0376705727586
15139    0.0376684947538
15146    0.0376670438128
15153    0.0376658239802
15160    0.0376641029469
15167    0.0376617759151
15174    0.0376593567822
15181    0.0376576987049
15188    0.0376568752958
15195    0.0376561950912
15202    0.0376555468942
15209    0.0376549991689
15216    0.0376544654684
15223    0.0376541583426
15229    0.0376541583426
15230    0.0376541583426
15237    0.0376540397228
15243    0.0376540397228
15244    0.0376540397228
15251    0.0376540365899
15257    0.0376540365899
15258    0.0376540365899
15265    0.0376540282724
15271    0.0376540282724
15272    0.0376540282724
15279    0.0376449212235
15286    0.0376378577078
15293    0.0376361726755
15300    0.0376355034401
15307    0.0376350440436
15314    0.0376346827417
15320    0.0376346827417
15321    0.0376346827417
15328    0.0376308377026
15335    0.0376246087633
15342    0.0376217209992
15349    0.0376201092463
15356    0.0376188911796
15363    0.0376173956239
15370    0.0376166025529
15377    0.0376160022366
15384    0.0376155900703
15390    0.0376155900703
15391    0.0376155900703
15398    0.0376155457023
15404    0.0376155457023
15405    0.0376155457022
15412    0.0376126776082
15419    0.0376126418997
15425    0.0376126418997
15426    0.0376126418997
15433    0.0376115504758
15440    0.0376115248197
15446    0.0376115248197
15447    0.0376115248197
15454    0.0376114789218
15460    0.0376114789218
15461    0.037611478922
15468    0.0376114787844
15474    0.0376114787844
15475    0.0376114787843
15482    0.0376114627432
15488    0.0376114627432
15489    0.0376114627431
15496    0.0376112142482
15502    0.0376112142482
15503    0.0376112142482
15510    0.0376107269495
15517    0.0376097168328
15524    0.0376088754017
15531    0.037607575694
15538    0.0376068851172
15545    0.0376065482011
15551    0.0376065482011
15552    0.0376065482011
15559    0.0376065416414
15565    0.0376065416414
15566    0.0376065416414
15573    0.037589097725
15580    0.0375839609944
15587    0.0375837708611
15593    0.0375837708611
15594    0.0375837708612
15601    0.0375837635122
15607    0.0375837635122
15608    0.0375837635122
15615    0.0375837621006
15621    0.0375837621006
15622    0.0375837621006
15629    0.0375837615155
15635    0.0375837615155
15636    0.0375837615155
15643    0.0375825657675
15650    0.0375825509402
15656    0.0375825509402
15657    0.0375825509401
15664    0.0375821464571
15670    0.0375821464571
15671    0.0375821464571
15678    0.0375796424691
15685    0.0375749154339
15692    0.0375730393355
15699    0.0375716072848
15706    0.0375704935856
15713    0.037568912981
15720    0.0375666706155
15727    0.0375642706467
15734    0.0375628415993
15741    0.0375620126978
15748    0.0375612555904
15755    0.0375606354336
15762    0.0375600408975
15769    0.0375595458584
15776    0.0375592913308
15782    0.0375592913308
15783    0.0375592913308
15790    0.0375591737073
15796    0.0375591737073
15797    0.0375591737073
15804    0.0375591708915
15810    0.0375591708915
15811    0.0375591708915
15818    0.0375591620508
15824    0.0375591620508
15825    0.0375591620508
15832    0.0375510227738
15839    0.0375443599739
15846    0.0375426386922
15853    0.0375419054443
15860    0.037541265854
15867    0.037540824914
15874    0.0375405469039
15880    0.0375405469039
15881    0.0375405469039
15888    0.0375349304018
15895    0.0375294037001
15902    0.0375268885159
15909    0.0375253612698
15916    0.0375240795482
15923    0.0375226762243
15930    0.0375219143934
15937    0.0375214551707
15944    0.0375210966937
15950    0.0375210966937
15951    0.0375210966938
15958    0.0375210550489
15964    0.0375210550489
15965    0.0375210550489
15972    0.0375179879756
15979    0.0375179498026
15985    0.0375179498026
15986    0.0375179498026
15993    0.0375168008321
16000    0.0375167838694
16006    0.0375167838694
16007    0.0375167838694
16014    0.037516728868
16020    0.037516728868
16021    0.0375167288682
16028    0.0375167285082
16034    0.0375167285082
16035    0.0375167285081
16042    0.0375167127989
16048    0.0375167127989
16049    0.0375167127988
16056    0.0375164401105
16062    0.0375164401105
16063    0.0375164401105
16070    0.0375156366097
16077    0.0375149255128
16084    0.037513709825
16091    0.0375122267068
16098    0.0375116835442
16105    0.0375114209379
16111    0.0375114209379
16112    0.0375114209378
16119    0.0375114135785
16125    0.0375114135785
16126    0.0375114135785
16133    0.0374947765945
16140    0.0374894039488
16147    0.037489222966
16153    0.037489222966
16154    0.037489222966
16161    0.037489218403
16167    0.037489218403
16168    0.037489218403
16175    0.037489200353
16181    0.037489200353
16182    0.037489200353
16189    0.0374891990245
16195    0.0374891990245
16196    0.0374891990245
16203    0.0374880453878
16210    0.0374880119728
16216    0.0374880119728
16217    0.0374880119727
16224    0.0374875409524
16231    0.0374853768515
16238    0.0374844455811
16245    0.0374834265578
16252    0.0374824038951
16259    0.037481498255
16266    0.0374810005394
16273    0.0374805177884
16280    0.0374799717003
16287    0.0374796336261
16293    0.0374796336261
16294    0.0374796336261
16301    0.0374777080148
16308    0.0374732625388
16315    0.0374706954754
16322    0.0374695853674
16329    0.0374684605882
16336    0.037467191046
16343    0.0374659684165
16350    0.0374640358986
16357    0.0374620449131
16364    0.0374606255424
16371    0.0374598313535
16378    0.0374591439797
16385    0.0374584947721
16392    0.0374580771684
16398    0.0374580771684
16399    0.0374580771684
16406    0.0374579601439
16412    0.0374579601439
16413    0.0374579601439
16420    0.0374579577098
16426    0.0374579577098
16427    0.0374579577098
16434    0.03745794914
16440    0.03745794914
16441    0.03745794914
16448    0.0374521822428
16455    0.0374439859102
16462    0.0374419443974
16469    0.0374409040112
16476    0.037440279678
16483    0.037439816529
16490    0.0374395618667
16496    0.0374395618667
16497    0.0374395618667
16504    0.0374353695448
16511    0.0374292929449
16518    0.0374265818526
16525    0.0374252296683
16532    0.0374239209847
16539    0.0374223732242
16546    0.0374217407863
16553    0.037421138136
16560    0.0374208010649
16566    0.0374208010649
16567    0.0374208010649
16574    0.0374207607416
16580    0.0374207607416
16581    0.0374207607416
16588    0.0374176099736
16595    0.0374175707547
16601    0.0374175707547
16602    0.0374175707547
16609    0.0374162427771
16616    0.0374162425368
16622    0.0374162425368
16623    0.0374162425368
16630    0.0374162067851
16636    0.0374162067851
16637    0.0374162067852
16644    0.0374162066975
16650    0.0374162066975
16651    0.0374162066975
16658    0.0374161893864
16664    0.0374161893864
16665    0.0374161893863
16672    0.0374159146523
16678    0.0374159146523
16679    0.0374159146524
16686    0.0374153091011
16693    0.037414330831
16700    0.0374135034118
16707    0.0374125422082
16714    0.0374116429151
16721    0.0374112390322
16727    0.0374112390322
16728    0.0374112390321
16735    0.0374112358436
16741    0.0374112358436
16742    0.0374112358436
16749    0.0373934383641
16756    0.0373917799297
16763    0.0373915837315
16769    0.0373915837315
16770    0.0373915837315
16777    0.0373915752376
16783    0.0373915752376
16784    0.0373915752376
16791    0.0373915744058
16797    0.0373915744058
16798    0.0373915744058
16805    0.0373915525664
16811    0.0373915525664
16812    0.0373915525664
16819    0.0373908112617
16826    0.0373907655139
16832    0.0373907655139
16833    0.0373907655139
16840    0.0373906031456
16846    0.0373906031456
16847    0.0373906031457
16854    0.0373893447958
16861    0.0373857300998
16868    0.0373828068069
16875    0.0373813490334
16882    0.037380161254
16889    0.0373789914842
16896    0.0373774653461
16903    0.0373748863935
16910    0.0373719090411
16917    0.0373701606096
16924    0.0373693801372
16931    0.0373688281205
16938    0.0373684223629
16944    0.0373684223629
16945    0.0373684223628
16952    0.0373683061482
16958    0.0373683061482
16959    0.0373683061482
16966    0.037368304001
16972    0.037368304001
16973    0.037368304001
16980    0.0373682949921
16986    0.0373682949921
16987    0.0373682949921
16994    0.0373577687835
17001    0.0373542988023
17008    0.037352808592
17015    0.0373521075614
17022    0.0373516475525
17029    0.0373512178117
17035    0.0373512178117
17036    0.0373512178117
17043    0.0373476395589
17050    0.0373421638624
17057    0.0373391007375
17064    0.0373377371776
17071    0.0373365840388
17078    0.0373352974479
17085    0.0373343807949
17092    0.0373338604668
17099    0.0373335455176
17105    0.0373335455176
17106    0.0373335455176
17113    0.0373335012603
17119    0.0373335012603
17120    0.0373335012603
17127    0.03733133168
17134    0.0373313047013
17140    0.0373313047013
17141    0.0373313047013
17148    0.0373305558735
17155    0.0373304929771
17161    0.0373304929771
17162    0.0373304929771
17169    0.0373304363651
17175    0.0373304363651
17176    0.0373304363652
17183    0.0373304362253
17189    0.0373304362253
17190    0.0373304362253
17197    0.0373304265913
17203    0.0373304265913
17204    0.0373304265913
17211    0.0373301402312
17217    0.0373301402312
17218    0.0373301402312
17225    0.0373293567992
17232    0.0373286729013
17239    0.0373276984004
17246    0.0373265920083
17253    0.0373256343373
17260    0.0373254312978
17266    0.0373254312978
17267    0.0373254312977
17274    0.0373254296339
17280    0.0373254296339
17281    0.0373254296339
17288    0.0373075102733
17295    0.0373060031517
17302    0.0373058051115
17308    0.0373058051115
17309    0.0373058051115
17316    0.0373057856387
17322    0.0373057856387
17323    0.0373057856387
17330    0.0373057851064
17336    0.0373057851064
17337    0.0373057851065
17344    0.0373057728991
17350    0.0373057728991
17351    0.037305772899
17358    0.0373050166092
17365    0.037305003674
17371    0.037305003674
17372    0.037305003674
17379    0.0373048736042
17385    0.0373048736042
17386    0.0373048736041
17393    0.0373038617793
17400    0.0373001289556
17407    0.0372975888345
17414    0.0372961628023
17421    0.0372949683785
17428    0.0372941041755
17435    0.0372924544956
17442    0.0372895161148
17449    0.037286850063
17456    0.0372851523389
17463    0.0372842525578
17470    0.0372836846159
17477    0.0372831699205
17484    0.0372827734809
17490    0.0372827734809
17491    0.037282773481
17498    0.0372826577103
17504    0.0372826577103
17505    0.0372826577103
17512    0.0372826558342
17518    0.0372826558342
17519    0.0372826558342
17526    0.0372826471325
17532    0.0372826471325
17533    0.0372826471324
17540    0.0372773369145
17547    0.0372702380849
17554    0.0372681974404
17561    0.0372674371513
17568    0.0372668828757
17575    0.0372664331015
17582    0.0372662144409
17588    0.0372662144409
17589    0.0372662144409
17596    0.037263155852
17603    0.0372567930224
17610    0.0372545947655
17617    0.0372531946937
17624    0.0372520419865
17631    0.0372507613095
17638    0.0372501680544
17645    0.0372497289103
17652    0.0372493508296
17658    0.0372493508296
17659    0.0372493508296
17666    0.0372493171455
17672    0.0372493171455
17673    0.0372493171455
17680    0.0372463335915
17687    0.0372462964732
17693    0.0372462964732
17694    0.0372462964732
17701    0.0372451608549
17708    0.0372451470507
17714    0.0372451470507
17715    0.0372451470507
17722    0.0372451158066
17728    0.0372451158066
17729    0.0372451158068
17736    0.0372451158023
17742    0.0372451158023
17743    0.0372451158023
17750    0.0372451021793
17756    0.0372451021793
17757    0.0372451021792
17764    0.0372448272731
17770    0.0372448272731
17771    0.0372448272731
17778    0.0372443095242
17785    0.0372433607642
17792    0.0372425892063
17799    0.0372413575779
17806    0.037240819173
17813    0.0372405265225
17819    0.0372405265225
17820    0.0372405265225
17827    0.0372405233135
17833    0.0372405233135
17834    0.0372405233135
17841    0.0372233756652
17848    0.0372222212188
17855    0.03722202923
17861    0.03722202923
17862    0.03722202923
17869    0.0372219896686
17875    0.0372219896686
17876    0.0372219896686
17883    0.0372219888321
17889    0.0372219888321
17890    0.0372219888322
17897    0.0372219773021
17903    0.0372219773021
17904    0.037221977302
17911    0.0372212532384
17918    0.0372212214642
17924    0.0372212214642
17925    0.0372212214641
17932    0.037221059443
17938    0.037221059443
17939    0.037221059443
17946    0.0372199747225
17953    0.0372162244216
17960    0.0372137620465
17967    0.0372125534867
17974    0.0372111736756
17981    0.037210565103
17988    0.0372085084921
17995    0.037205583989
18002    0.0372034344707
18009    0.0372020096165
18016    0.0372013244058
18023    0.037200850329
18030    0.0372004652275
18036    0.0372004652275
18037    0.0372004652274
18044    0.0372003501287
18050    0.0372003501287
18051    0.0372003501287
18058    0.0372003484177
18064    0.0372003484177
18065    0.0372003484177
18072    0.0372003393382
18078    0.0372003393382
