1.0 -3.42808132314
2.0 -3.46344099309
3.0 -3.49209691288
4.0 -3.51580583467
5.0 -3.53541246552
6.0 -3.55082303945
7.0 -3.56281860797
8.0 -3.57356695756
9.0 -3.58133753273
10.0 -3.5887214947
11.0 -3.59391613329
12.0 -3.59910529527
13.0 -3.60404881042
14.0 -3.60816767808
15.0 -3.61129946283
16.0 -3.61394306198
17.0 -3.61627068265
18.0 -3.61847597184
19.0 -3.61979984359
20.0 -3.62029872559
21.0 -3.62212213558
22.0 -3.62391255413
23.0 -3.62477205086
24.0 -3.6252673234
25.0 -3.62547126092
26.0 -3.62639824716
27.0 -3.62721808842
28.0 -3.62730769765
29.0 -3.62771267073
30.0 -3.62833996443
31.0 -3.62900138143
32.0 -3.62910416099
33.0 -3.62887432307
34.0 -3.62826379536
35.0 -3.62840509458
36.0 -3.62949802546
37.0 -3.62924283539
38.0 -3.62933218824
39.0 -3.63048504324
40.0 -3.63063423501
41.0 -3.63076505581
42.0 -3.63113260562
43.0 -3.63016484756
44.0 -3.63022840197
45.0 -3.62967188501
46.0 -3.63009466104
47.0 -3.63006711618
48.0 -3.63021980284
49.0 -3.62996853213
50.0 -3.63085251268

