26    2.13597408323
52    1.96555875413
69    1.8419338924
95    1.71882694337
97    1.7188266318
113    1.59596793601
124    1.59415061153
143    1.46631148428
169    1.38322671354
195    1.2606590359
197    1.2606508157
214    1.13852896552
240    1.11078122544
266    1.0337518768
283    0.909136543755
309    0.795863923433
335    0.770580242493
341    0.647649172897
367    0.636144319438
393    0.510838697811
419    0.161929394109
445    0.150718794668
471    0.13630263499
497    0.113623090899
523    0.0998883632232
525    0.0998879440324
527    0.0998865955583
529    0.0998865947591
531    0.0998865920845
533    0.0998794180851
535    0.0998712308922
561    0.0934759783571
563    0.0934712725058
565    0.093469377218
567    0.0934693768322
593    0.0882313862946
619    0.0820467559546
621    0.0820467554884
639    0.0814021682087
665    0.0800448436249
667    0.0800447096613
693    0.0781837536973
719    0.0745359320923
745    0.0690932521364
760    0.0687433557451
785    0.0680452257429
811    0.059557753363
837    0.0537538850218
839    0.0537537041207
841    0.0537529238401
843    0.0537529220545
845    0.0537529206651
847    0.0537476332447
849    0.0537416807625
875    0.0528441530186
877    0.0528440703168
879    0.0528437456308
881    0.0528437429654
907    0.051106345277
933    0.0487947375714
935    0.0487947371169
937    0.0487908915557
939    0.0487780654112
941    0.0487780652293
967    0.0479309597428
987    0.0474577880117
1013    0.0465603773791
1015    0.0465507730665
1017    0.0465453324755
1043    0.0428194293479
1069    0.0401326804103
1071    0.0401325975603
1073    0.040132152325
1075    0.0401321504141
1077    0.040132149644
1079    0.0401280076037
1081    0.0401234662052
1083    0.0401102013621
1085    0.0401101994734
1087    0.0401101973003
1089    0.0401101970636
1115    0.0394000681714
1141    0.0383994912201
1143    0.0383994910498
1145    0.0383983689556
1147    0.0383928000387
1149    0.038392799976
1166    0.0381178887271
1168    0.038105926363
1174    0.0380314595424
1176    0.0380228670481
1178    0.0380185855265
1204    0.0362451040187
1230    0.0348626293497
1232    0.0348625891106
1234    0.0348623336996
1236    0.0348623318383
1238    0.0348623313917
1240    0.0348588906627
1242    0.034855317451
1244    0.034848824995
1246    0.0348488142058
1248    0.0348488131348
1250    0.0348488129841
1261    0.0346935618025
1281    0.0343456450783
1283    0.0343456449931
1285    0.0343447009688
1287    0.0343416154316
1289    0.034341615392
1291    0.0343283808901
1293    0.034317250477
1295    0.0343044976962
1297    0.034296746073
1299    0.034292861965
1325    0.0333049978322
1351    0.0324287566359
1353    0.0324287359755
1355    0.0324285862777
1357    0.0324285844094
1359    0.0324285841412
1361    0.0324255774423
1363    0.0324227103854
1365    0.032418078646
1367    0.0324180619004
1369    0.0324180611972
1371    0.0324180610762
1373    0.0324050088966
1375    0.0323919741477
1377    0.0323919740639
1379    0.0323911757242
1381    0.0323883177289
1383    0.0323883176952
1385    0.032375529833
1387    0.0323651602215
1389    0.032353137575
1391    0.0323461400556
1393    0.0323426136565
1419    0.0316250536962
1445    0.0308937688481
1447    0.0308937576943
1449    0.0308936689819
1451    0.030893666957
1453    0.0308936667913
1455    0.0308909328254
1457    0.0308886062159
1459    0.0308843516559
1461    0.0308843383476
1463    0.0308843377818
1465    0.0308843377033
1467    0.0308717728619
1469    0.0308591792943
1471    0.030859179213
1473    0.0308585012406
1475    0.0308558495599
1477    0.0308558495317
1479    0.0308434888724
1481    0.0308338221648
1483    0.0308224823783
1485    0.0308161624197
1487    0.0308129583074
1513    0.0301312728334
1539    0.0293755229661
1541    0.0293755166764
1543    0.029375464438
1545    0.0293754620738
1547    0.0293754619683
1549    0.0293729031285
1551    0.0293710078357
1553    0.0293670917258
1555    0.0293670807789
1557    0.0293670803268
1559    0.0293670802667
1561    0.0293549776419
1563    0.029342807059
1565    0.0293428069815
1567    0.029342228966
1569    0.0293397646904
1571    0.0293397646657
1573    0.0293278132859
1575    0.0293187973785
1577    0.0293080969316
1579    0.0293023865572
1581    0.0292994730711
1607    0.02854271446
1633    0.0276813660177
1635    0.0276813623387
1637    0.0276813319782
1639    0.0276813290814
1641    0.0276813290118
1643    0.0276788860277
1645    0.0276773376005
1647    0.0276737269166
1649    0.0276737176176
1651    0.0276737172451
1653    0.027673717195
1655    0.0276620544017
1657    0.0276502900608
1659    0.0276502899874
1661    0.0276497953614
1663    0.0276475016114
1665    0.0276475015903
1667    0.0276359428671
1669    0.0276275305357
1671    0.0276174292657
1673    0.0276122678544
1675    0.0276096166624
1701    0.0267272365037
1727    0.0257277970857
1729    0.0257277948694
1731    0.025727777612
1733    0.0257277740007
1735    0.0257277739529
1737    0.0257254107013
1739    0.0257241425844
1741    0.0257208086605
1743    0.0257208005287
1745    0.0257208002125
1747    0.0257208001682
1749    0.025709556642
1751    0.0256981829916
1753    0.0256981829218
1755    0.0256977581593
1757    0.0256956198374
1759    0.0256956198191
1761    0.0256844382607
1763    0.0256765864696
1765    0.0256670472392
1767    0.0256623805719
1769    0.025659966296
1795    0.0246397523133
1821    0.0235055936929
1823    0.0235055923254
1825    0.0235055828589
1827    0.0235055784034
1829    0.0235055783695
1831    0.0235032727581
1833    0.0235022319426
1835    0.0234991495798
1837    0.0234991422833
1839    0.0234991420078
1841    0.0234991419674
1843    0.0234882986134
1845    0.0234773011041
1847    0.0234773010386
1849    0.0234769350414
1851    0.0234749386229
1853    0.0234749386068
1855    0.02346411971
1857    0.0234567890673
1859    0.023447777476
1861    0.0234435569627
1863    0.0234413568489
1889    0.0223027884694
1915    0.0210683501718
1917    0.0210683493131
1919    0.0210683444083
1921    0.0210683390845
1923    0.0210683390595
1925    0.0210660775516
1927    0.0210652215388
1929    0.0210623683869
1931    0.0210623616945
1933    0.0210623614505
1935    0.0210623614124
1937    0.0210519004249
1939    0.0210412653665
1941    0.0210412653049
1943    0.0210409489274
1945    0.0210390822743
1947    0.0210390822602
1949    0.021028612395
1951    0.0210217667146
1953    0.021013250846
1955    0.0210094328719
1957    0.0210074265001
1983    0.0197969508552
2009    0.0185207243709
2011    0.0185207238243
2013    0.0185207215126
2015    0.0185207154429
2017    0.0185207154234
2019    0.0185184897479
2021    0.0185177843159
2023    0.0185151404222
2025    0.0185151341687
2027    0.0185151339493
2029    0.0185151339146
2031    0.018505038656
2033    0.0184947531112
2035    0.0184947530528
2037    0.0184944787264
2039    0.0184927309297
2041    0.0184927309172
2043    0.0184825972264
2045    0.0184762031702
2047    0.0184681533672
2049    0.0184646987418
2051    0.0184628677731
2077    0.0172444477724
2103    0.0159961082979
2105    0.0159961079457
2107    0.0159961070286
2109    0.0159961004821
2111    0.0159961004664
2113    0.0159939056252
2115    0.0159933231287
2117    0.0159908705965
2119    0.0159908646627
2121    0.0159908644634
2123    0.0159908644306
2125    0.0159811193267
2127    0.0159711710224
2129    0.0159711709673
2131    0.0159709324039
2133    0.0159692936435
2135    0.0159692936325
2137    0.0159594839487
2139    0.0159535107258
2141    0.0159458993936
2143    0.0159427728668
2145    0.0159411008158
2171    0.0147816799035
2197    0.0136259880359
2199    0.013625987807
2201    0.013625987559
2203    0.0136259809016
2205    0.0136259808886
2207    0.0136238139191
2209    0.0136233319697
2211    0.0136210546873
2213    0.0136210489867
2215    0.0136210488044
2217    0.0136210487733
2219    0.0136116392205
2221    0.0136020164812
2223    0.0136020164296
2225    0.0136018083862
2227    0.0136002698089
2229    0.0136002697988
2231    0.0135907725777
2233    0.0135851916947
2235    0.0135779931244
2237    0.0135751629687
2239    0.0135736350064
2265    0.0125282617215
2291    0.0115118324414
2293    0.0115118322914
2295    0.0115118322767
2297    0.011511825884
2299    0.0115118258728
2301    0.0115096850485
2303    0.0115092854778
2305    0.0115071689037
2307    0.0115071633721
2309    0.0115071632043
2311    0.0115071631754
2313    0.0114980754545
2315    0.0114887671456
2317    0.0114887670969
2319    0.0114885851854
2321    0.0114871387992
2323    0.0114871387906
2325    0.0114779430515
2327    0.0114727281007
2329    0.011465918315
2331    0.0114633559569
2333    0.0114619587338
2359    0.0105643531601
2385    0.00970996400113
2387    0.00970996390154
2389    0.00970996386522
2391    0.00970995804113
2393    0.00970995803121
2395    0.00970784232342
2397    0.00970751035865
2399    0.00970554133778
2401    0.00970553592711
2403    0.00970553577173
2405    0.0097055357441
2407    0.0096967569435
2409    0.00968775242609
2411    0.0096877523799
2413    0.00968759291584
2415    0.00968623149589
2417    0.00968623148788
2419    0.00967732676995
2421    0.00967245324196
2423    0.00966600985362
2425    0.00966368954465
2427    0.00966241103563
2453    0.00892347002588
2479    0.00823213568947
2481    0.00823213562202
2483    0.00823213541918
2485    0.00823213035076
2487    0.00823213034167
2489    0.00823003906521
2491    0.00822976267557
2493    0.00822792928653
2495    0.00822792396104
2497    0.00822792381703
2499    0.00822792379128
2501    0.0082194417358
2503    0.00821073082844
2505    0.00821073078484
2507    0.00821059066405
2509    0.00820930767
2511    0.00820930766326
2513    0.00820068398036
2515    0.0081961291053
2517    0.00819003119398
2519    0.00818792972279
2521    0.00818675908539
2547    0.00759924273845
2573    0.00705681950092
2575    0.0070568194551
2577    0.00705681901007
2579    0.00705681476524
2581    0.00705681475668
2583    0.00705474734445
2585    0.00705451671504
2587    0.00705280813779
2589    0.0070528028705
2591    0.00705280273624
2593    0.0070528027118
2595    0.00704460589941
2597    0.00703617884224
2599    0.00703617880106
2601    0.00703605539934
2603    0.0070348449041
2605    0.00703484489779
2607    0.00702649270437
2609    0.00702223530769
2611    0.00701646330103
2613    0.00701455973277
2615    0.00701348718752
2641    0.006559162147
2667    0.00614371164323
2669    0.00614371161106
2671    0.00614371088975
2673    0.00614370744532
2675    0.00614370743753
2677    0.0061416633246
2679    0.00614147043481
2681    0.00613987683406
2683    0.00613987160452
2685    0.00613987147977
2687    0.00613987145704
2689    0.00613194900029
2691    0.00612379642487
2693    0.00612379638568
2695    0.00612368747764
2697    0.00612254409879
2699    0.0061225440931
2701    0.00611445425019
2703    0.00611047462536
2705    0.00610501019787
2707    0.00610328564474
2709    0.00610230236092
2719    0.00597583255117
2725    0.00590633416047
2727    0.00590633413341
2729    0.00590633312677
2731    0.0059063276515
2733    0.0059063276436
2735    0.00590430429639
2737    0.00590414258156
2739    0.00590265500131
2741    0.00590264979473
2743    0.00590264967789
2745    0.00590264965626
2747    0.00589499119465
2749    0.0058871040699
2751    0.00588710403281
2753    0.00588700772491
2755    0.00588592656879
2757    0.00588592656362
2759    0.00587809028383
2761    0.00587437006612
2763    0.00586919602171
2765    0.00586763342872
2767    0.00586673142672
2769    0.00585339041746
2771    0.00583986269694
2773    0.00583986267335
2775    0.00583986138727
2777    0.00583985819378
2779    0.00583985818619
2781    0.00583785613907
2783    0.00583772022003
2785    0.00583633050397
2787    0.00583632530763
2789    0.00583632519837
2791    0.00583632517791
2793    0.00582892090188
2795    0.00582129056383
2797    0.00582129052856
2799    0.00582120520582
2801    0.00582018182016
2803    0.00582018181535
2805    0.0058125906925
2807    0.00580911278135
2809    0.00580421300927
2811    0.00580279698417
2813    0.00580196905082
