26    2.02227719474
52    1.89166897114
68    1.7682703766
78    1.64382093814
104    1.63852419195
122    1.51525090631
148    1.5110566149
169    1.38538992104
195    1.37713365182
221    1.37290284638
223    1.37289919996
249    1.2975901379
275    1.25471057705
301    1.22008755328
327    1.09791132656
337    0.973418945178
363    0.972467700974
377    0.84960541807
403    0.837261329389
429    0.771722232606
455    0.400341494145
481    0.373503250567
506    0.371384705736
532    0.367632817647
558    0.363992405511
560    0.36399240173
562    0.363992371018
564    0.363987994968
566    0.363987993294
576    0.363838673434
578    0.363830018166
604    0.359777326878
630    0.35811504389
632    0.358114811136
658    0.354594248503
684    0.339781595218
710    0.317350390645
712    0.31734805907
714    0.317347366027
740    0.316746080604
742    0.316746080593
768    0.31158138709
794    0.299384899107
800    0.29931552011
826    0.293125695814
828    0.293120443075
854    0.292499912264
877    0.292035910772
879    0.292035907526
881    0.292035891162
883    0.292035140905
885    0.292035140859
887    0.292024659893
889    0.292017106872
915    0.289391675674
941    0.28845628008
943    0.288456186924
969    0.287915521332
995    0.277566262484
1021    0.26039945212
1023    0.2603994267
1025    0.260399295385
1027    0.260388311418
1029    0.260388311399
1055    0.256888406753
1081    0.252395534396
1083    0.252386360813
1109    0.249627922177
1111    0.249623894647
1113    0.249616303388
1115    0.249605065949
1117    0.249605063815
1119    0.249605053651
1121    0.249604428503
1123    0.249604428484
1125    0.249594843421
1127    0.249588245014
1153    0.247948919894
1179    0.247362946182
1181    0.247362907155
1185    0.247325344149
1211    0.239114513782
1237    0.225614371821
1239    0.22561437177
1241    0.225614333239
1243    0.225610691386
1245    0.225610691382
1271    0.223375896745
1297    0.22110292981
1299    0.221095177576
1325    0.219616598431
1327    0.219613506694
1329    0.219606400771
1331    0.219595868881
1333    0.219595867249
1335    0.219595860609
1337    0.219595335065
1339    0.219595335058
1341    0.219586559179
1343    0.219580762241
1369    0.218563807791
1395    0.218123897302
1397    0.218123880786
1399    0.218115697511
1425    0.21121189213
1451    0.200439348728
1453    0.20043934872
1455    0.200439332144
1457    0.200438790542
1459    0.200438790541
1485    0.19908970171
1511    0.197890700479
1513    0.197884079982
1539    0.197085449601
1541    0.197083073741
1543    0.197076419656
1545    0.19706653881
1547    0.197066537428
1549    0.197066533001
1551    0.197066087542
1553    0.197066087538
1555    0.197058043459
1557    0.197052924343
1583    0.196428754734
1609    0.19602778228
1611    0.196027775259
1613    0.196022868704
1639    0.190124938434
1665    0.181374057
1667    0.181374056991
1669    0.181374048071
1671    0.181374024434
1673    0.181374024433
1699    0.180596509344
1725    0.179969500101
1727    0.179963786738
1753    0.17955072354
1755    0.179548896001
1757    0.179542663064
1759    0.179533385022
1761    0.179533383776
1763    0.179533380775
1765    0.179533000319
1767    0.179533000318
1769    0.179525618536
1771    0.179521079312
1797    0.179150447378
1823    0.178741783349
1825    0.178741780424
1827    0.178738880004
1853    0.173722082721
1879    0.166463571888
1881    0.166463571817
1883    0.166463566721
1885    0.166462973081
1887    0.166462973081
1913    0.166034976223
1928    0.165833582524
1930    0.165828596603
1932    0.16581675741
1934    0.165815350641
1936    0.165809510585
1938    0.165800792071
1940    0.165800790906
1942    0.165800788827
1944    0.165800461617
1946    0.165800461616
1948    0.165793679491
1950    0.165789640312
1952    0.165780182048
1978    0.165349988717
1980    0.16534998864
1982    0.165348578783
2008    0.161057858727
2034    0.154922026901
2036    0.154922026773
2038    0.154922026285
2040    0.154920689547
2042    0.154920689547
2044    0.1549116609
2046    0.154899882005
2048    0.154895477968
2050    0.154883931572
2052    0.154882847624
2054    0.154877374341
2056    0.15486917617
2058    0.154869175056
2060    0.154869173554
2062    0.154868890342
2064    0.154868890342
2066    0.154862651347
2068    0.154859043189
2070    0.154852841545
2096    0.154403793467
2098    0.154403793393
2100    0.154403005936
2126    0.150785283324
2152    0.14540430951
2154    0.145404309389
2156    0.145404309081
2158    0.14540236697
2160    0.14540236697
2162    0.145397322467
2164    0.145385839856
2166    0.145381912139
2168    0.145370651321
2170    0.145369815307
2172    0.145364684652
2174    0.145356971109
2176    0.145356970032
2178    0.145356968848
2180    0.145356722304
2182    0.145356722304
2184    0.145350975404
2186    0.145347740321
2188    0.145344007863
2214    0.144884169242
2216    0.144884169168
2218    0.144883684529
2244    0.141876708311
2270    0.137165143793
2272    0.137165143709
2274    0.137165143447
2276    0.137162747749
2278    0.137162747749
2280    0.137159620357
2282    0.137148426558
2284    0.137144891649
2286    0.137133909365
2288    0.137133263936
2290    0.137128453505
2292    0.137121191805
2294    0.137121190756
2296    0.137121189788
2298    0.137120974044
2300    0.137120974044
2302    0.137115673086
2304    0.137112764463
2306    0.137110712058
2332    0.136653618721
2334    0.136653618651
2336    0.136653308386
2362    0.134182278192
2388    0.130077382747
2390    0.130077382712
2392    0.130077382464
2394    0.130074726814
2396    0.130074726813
2398    0.130071933378
2400    0.130061021107
2402    0.130057812636
2404    0.130047102021
2406    0.130046603213
2408    0.130042092186
2410    0.130035252117
2412    0.130035251091
2414    0.130035250276
2416    0.130035060601
2418    0.1300350606
2420    0.130030163846
2422    0.130027542878
2424    0.130026538199
2450    0.129585884816
2452    0.129585884752
2454    0.129585683425
2480    0.127572308661
2506    0.124019504927
2508    0.124019504925
2510    0.124019504682
2512    0.124016769274
2514    0.124016769274
2516    0.124013104275
2518    0.124002466445
2520    0.123999531406
2522    0.123989085775
2524    0.123988699857
2526    0.123984468871
2528    0.123978022508
2530    0.123978021502
2532    0.123978020797
2534    0.123977853341
2536    0.123977853341
2538    0.123973323047
2540    0.123970956734
2542    0.123970544698
2568    0.123557029252
2570    0.123557029195
2572    0.123556898319
2598    0.121926444281
2624    0.118871601053
2626    0.118871601037
2628    0.118871600797
2630    0.118868924206
2632    0.118868924206
2634    0.118863475932
2636    0.118853105645
2638    0.118850401484
2640    0.118840214324
2642    0.118839915395
2644    0.118835946425
2646    0.118829867901
2648    0.118829866913
2650    0.118829866287
2652    0.118829717892
2654    0.118829717892
2656    0.118825519936
2658    0.118823379785
2660    0.11882325909
2686    0.118443524598
2688    0.118443524548
2690    0.118443439682
2716    0.117128696501
2742    0.114516267062
2744    0.114516266963
2746    0.114516266725
2748    0.114513739897
2750    0.114513739896
2752    0.114505826186
2754    0.11449571673
2756    0.114493209094
2758    0.114483274062
2760    0.114483042219
2762    0.114479318471
2764    0.11447358379
2766    0.114473582819
2768    0.114473582247
2770    0.114473450307
2772    0.114473450307
2774    0.114469553844
2776    0.114467614975
2778    0.114467602336
2798    0.114204334841
2800    0.114204334798
2802    0.114204300023
2828    0.113148742809
2854    0.110938236418
2856    0.11093823617
2858    0.110938235933
2860    0.110935833081
2862    0.11093583308
2864    0.110924841213
2866    0.110914986047
2868    0.110912647044
2870    0.110902957952
2872    0.110902777888
2874    0.110899283704
2876    0.110893870574
2878    0.110893869618
2880    0.110893869083
2882    0.110893751426
2884    0.110893751426
2886    0.110890128575
2888    0.110888369086
2890    0.110888364041
2907    0.110672611374
2909    0.110672611337
2911    0.110672595498
2937    0.109827649892
2963    0.107959114638
2965    0.107959114205
2967    0.107959113968
2969    0.107956856218
2971    0.107956856217
2997    0.107612207036
2999    0.107602598593
3001    0.107600405453
3003    0.107590956356
3005    0.107590816292
3007    0.107587537073
3009    0.107582424781
3011    0.10758242384
3013    0.107582423333
3015    0.107582318137
3017    0.107582318137
3019    0.107578943718
3021    0.107577344236
3023    0.10757729946
3034    0.107447983651
3036    0.10744798362
3038    0.107447981806
3064    0.106775843008
3090    0.105102686826
3092    0.105102686769
3094    0.105102686534
3096    0.105100805686
3098    0.105100805685
3124    0.104710525776
3126    0.104701157507
3128    0.104699091513
3130    0.104689876551
3132    0.104689767414
3134    0.104686689527
3136    0.104681858796
3138    0.10468185787
3140    0.104681857383
3142    0.104681763111
3144    0.104681763111
3146    0.104678614362
3148    0.104677157688
3150    0.104677058071
3158    0.104587962665
3160    0.10458796264
3162    0.104587962622
3188    0.104054729646
3214    0.102530593157
3216    0.102530593154
3218    0.102530592918
3220    0.102528984523
3222    0.102528984522
3248    0.102085953717
3250    0.102076819438
3252    0.102074865116
3254    0.102065878579
3256    0.102065793377
3258    0.102062904093
3260    0.102058336978
3262    0.102058336066
3264    0.102058335596
3266    0.10205825094
3268    0.10205825094
3270    0.102055307299
3272    0.102053978157
3274    0.102053826905
3280    0.101991129381
3282    0.101991129361
3284    0.101991129177
3310    0.101569057249
3336    0.100153034756
3338    0.100153034749
3340    0.100153034513
3342    0.100151626993
3344    0.100151626992
3370    0.0996512844025
3372    0.0996423781935
3374    0.0996405226698
3376    0.0996317589873
3378    0.0996316923242
3380    0.0996289797508
3382    0.0996246595416
3384    0.0996246586431
3386    0.0996246581885
3388    0.0996245820298
3390    0.0996245820294
3392    0.0996218249213
3394    0.0996206097629
3396    0.0996204183343
3400    0.0995833613155
3402    0.0995833612988
3404    0.0995833606415
3426    0.0993089205829
3452    0.0979653085051
3454    0.0979653084993
3456    0.0979653082614
3458    0.0979640475151
3460    0.0979640475148
3486    0.0974031731306
3488    0.0973944892987
3490    0.0973927217908
3492    0.0973841755228
3494    0.0973841232351
3496    0.0973815762558
3498    0.0973774873823
3500    0.0973774864972
3502    0.0973774860801
3504    0.0973774174554
3506    0.097377417455
3508    0.0973748300983
3510    0.0973737160992
3512    0.0973735020387
3515    0.0973493487531
3517    0.0973493487404
3519    0.0973493479865
3521    0.0973377639121
3547    0.0960335270974
3549    0.096033527094
3551    0.0960335268543
3553    0.0960323829483
3555    0.096032382948
3581    0.0954094367944
3583    0.0954009698408
3585    0.0953992812614
3587    0.095390947091
3589    0.0953909059604
3591    0.0953885141815
3593    0.0953846421325
3595    0.0953846412611
3597    0.0953846409403
3599    0.0953845790166
3601    0.0953845790163
3603    0.095382146257
3605    0.0953811170261
3607    0.0953809023061
3609    0.0953692884914
3611    0.0953692884693
3613    0.0953692878788
3615    0.095358155164
3641    0.0940746635529
3643    0.0940746635509
3645    0.0940746633098
3647    0.0940736123821
3649    0.0940736123817
3675    0.0933902346902
3677    0.0933819793297
3679    0.093380361976
3681    0.0933722347293
3683    0.0933722022677
3685    0.0933699559708
3687    0.0933662872246
3689    0.0933662863664
3691    0.0933662860824
3693    0.0933662301345
3695    0.0933662301341
3697    0.093363938275
3699    0.0933629812859
3701    0.0933627669733
3703    0.0933517346313
3705    0.09335173461
3707    0.0933517343864
3709    0.093341005593
3735    0.0920653349648
3737    0.092065334964
3739    0.0920653347209
3741    0.0920643667254
3743    0.0920643667248
3769    0.0913247324767
3771    0.0913166836028
3773    0.091315130902
3775    0.0913072055265
3777    0.0913071798081
3779    0.0913050699037
3781    0.0913015918524
3783    0.0913015910065
3785    0.0913015907554
3787    0.0913015401511
3789    0.0913015401508
3791    0.091299376816
3793    0.0912984841252
3795    0.09129827093
3797    0.0912879235363
3799    0.0912879235187
3801    0.0912879234885
3803    0.0912775512981
3829    0.0900022435414
3831    0.0900022435412
3833    0.0900022432969
3835    0.09000134995
3837    0.0900013499492
3863    0.0892118765805
3865    0.0892040292482
3867    0.0892025355579
3869    0.0891948071185
3871    0.0891947866506
3873    0.0891928046311
3875    0.0891895055164
3877    0.0891895046827
3879    0.0891895044679
3881    0.0891894586501
3883    0.0891894586499
3885    0.089187412653
3887    0.089186578441
3889    0.08918636687
3891    0.0891767424767
3893    0.0891767424638
3895    0.0891767424568
3897    0.0891666816497
3923    0.0878890960345
3925    0.0878890960343
3927    0.0878890957892
3929    0.0878882713464
3931    0.0878882713458
3957    0.087057661701
3959    0.0870500111087
3961    0.0870485715544
3963    0.0870410352319
3965    0.0870410188582
3967    0.0870391567626
3969    0.0870360256149
3971    0.0870360247928
3973    0.0870360246151
3975    0.0870359830952
3977    0.0870359830948
3979    0.0870340443272
3981    0.0870332639142
3983    0.0870330543314
3985    0.0870241498556
3987    0.087024149846
3989    0.0870241497581
3991    0.0870143580735
4017    0.0857361815366
4019    0.0857361815365
4021    0.0857361812907
4023    0.0857354225224
4025    0.0857354225212
4051    0.0848744903312
4053    0.0848670318028
4055    0.0848656421514
4057    0.0848582932384
4059    0.0848582800599
4061    0.0848565304345
4063    0.084853557019
4065    0.0848535562082
4067    0.0848535560655
4069    0.0848535184097
4071    0.0848535184095
4073    0.0848516777307
4075    0.0848509471376
4077    0.0848507398085
4079    0.0848425259584
4081    0.0848425259513
4083    0.0848425257286
4085    0.0848329642749
4111    0.0835596441004
4113    0.0835596440995
4115    0.0835596438534
4117    0.0835589495451
4119    0.0835589495436
4145    0.0826802147198
4147    0.0826729436853
4149    0.0826716002388
4151    0.0826644341365
4153    0.0826644234557
4155    0.0826627793225
4157    0.082659954087
4159    0.0826599532877
4161    0.0826599531768
4163    0.0826599190013
4165    0.0826599190012
4167    0.0826581681481
4169    0.08265748387
4171    0.0826572789967
4173    0.0826497102616
4175    0.0826497102563
4177    0.0826497098727
4179    0.0826403433117
4205    0.0813803466204
4207    0.0813803466189
4209    0.0813803463731
4211    0.0813797165474
4213    0.0813797165454
4239    0.0804967899426
4241    0.0804897019205
4243    0.0804884014307
4245    0.0804814136485
4247    0.0804814049222
4249    0.0804798597466
4251    0.080477173775
4253    0.0804771729861
4255    0.0804771729021
4257    0.0804771418653
4259    0.0804771418651
4261    0.0804754733629
4263    0.0804748322492
4265    0.0804746299969
4267    0.0804676516428
4269    0.0804676516391
4271    0.0804676510855
4273    0.0804584476842
4299    0.0792223389471
4301    0.0792223389442
4303    0.0792223386996
4305    0.0792217737295
4307    0.0792217737272
4333    0.0783485893757
4335    0.0783416799618
4337    0.0783404195609
4339    0.0783336057139
4341    0.0783335985195
4343    0.078332146182
4345    0.0783295911488
4347    0.0783295903708
4349    0.0783295903092
4351    0.0783295621064
4353    0.0783295621061
4355    0.0783279691931
4357    0.0783273683716
4359    0.0783271688849
4361    0.0783207219624
4363    0.0783207219592
4365    0.0783207212372
4367    0.0783116528237
4393    0.0771110470696
4395    0.0771110470653
4397    0.0771110468224
4399    0.0771105466097
4401    0.0771105466065
4427    0.0762605318651
4429    0.0762537967242
4431    0.0762525738675
4433    0.0762459296735
4435    0.076245923681
4437    0.0762445584486
4439    0.0762421265793
4441    0.0762421258119
4443    0.0762421257682
4445    0.0762421001267
4447    0.0762421001265
4449    0.0762405766838
4451    0.0762400135161
4453    0.0762398169294
4455    0.0762338418771
4457    0.0762338418746
4459    0.0762338409944
4461    0.0762248828421
4487    0.0750713768323
4489    0.0750713768267
4491    0.0750713765864
4493    0.0750709399414
4495    0.0750709399377
4521    0.0742562296826
4523    0.0742496645503
4525    0.0742484769695
4527    0.0742419982482
4529    0.0742419932002
4531    0.0742407097027
4533    0.074238393734
4535    0.0742383929765
4537    0.0742383929471
4539    0.0742383696232
4541    0.0742383696229
4543    0.0742369101111
4545    0.0742363821565
4547    0.0742361885983
4549    0.074230627799
4551    0.0742306277969
4553    0.0742306267766
4555    0.0742217574383
4581    0.0731259571036
4583    0.0731259570962
4585    0.0731259568583
4587    0.0731255811779
4589    0.0731255811735
4615    0.0723563750675
4617    0.0723499757504
4619    0.0723488214136
4621    0.0723425040848
4623    0.0723424997806
4625    0.0723412929871
4627    0.0723390861333
4629    0.0723390853859
4631    0.0723390853669
4633    0.0723390641412
4635    0.072339064141
4637    0.0723376635444
4639    0.0723371685388
4641    0.0723369781328
4643    0.072331777652
4645    0.0723317776503
4647    0.0723317765163
4649    0.0723229776263
4675    0.0712937258569
4677    0.0712937258484
4679    0.0712937256142
4681    0.0712934068731
4683    0.0712934068681
4709    0.0705775405261
4711    0.0705713029121
4713    0.0705701799912
4715    0.0705640200731
4717    0.0705640163551
4719    0.0705628815516
4721    0.0705607774705
4723    0.070560776733
4725    0.0705607767219
4727    0.0705607573978
4729    0.0705607573977
4731    0.0705594111714
4733    0.0705589470084
4735    0.0705587598704
4737    0.070553870548
4739    0.0705538705466
4741    0.0705538693298
4743    0.070545125383
4769    0.0695889964643
4771    0.0695889964544
4773    0.0695889962237
4775    0.0695887292216
4777    0.0695887292158
4803    0.0689314892982
4805    0.0689254093624
4807    0.0689243162052
4809    0.0689183098124
4811    0.0689183065568
4813    0.0689172393255
4815    0.0689152320885
4817    0.0689152313606
4819    0.0689152313549
4821    0.068915213755
4823    0.0689152137548
4825    0.068913917781
4827    0.0689134824982
4829    0.0689132987315
4831    0.0689086767522
4833    0.068908676751
4835    0.068908675487
4837    0.0688999736155
4863    0.0680210521868
4865    0.0680210521756
4867    0.0680210519492
4869    0.0680208307209
4871    0.0680208307145
4897    0.0674250022613
4899    0.0674190760727
4901    0.0674180111818
4903    0.0674121545233
4905    0.0674121516335
4907    0.0674111478351
4909    0.0674092318979
4911    0.0674092311796
4913    0.0674092311774
4915    0.0674092151418
4917    0.0674092151418
4919    0.0674079656858
4921    0.0674075574513
4923    0.0674073771415
4925    0.0674029842003
4927    0.067402984199
4929    0.0674029829236
4931    0.0673943126629
4957    0.0665942302562
4959    0.0665942302445
4961    0.0665942300226
4963    0.0665940482903
4965    0.0665940482837
4991    0.0660601501575
4993    0.0660543738832
4995    0.066053335893
4997    0.066047625271
4999    0.0660476226709
5001    0.0660466784244
5003    0.0660448486012
5005    0.0660448478922
5007    0.0660448478917
5009    0.0660448332763
5011    0.0660448332762
5013    0.0660436269512
5015    0.0660432440564
5017    0.0660430672671
5019    0.0660388704357
5021    0.0660388704345
5023    0.066038869181
5025    0.0660302222402
5051    0.0653083934117
5053    0.0653083933997
5055    0.065308393182
5057    0.0653082447723
5059    0.0653082447652
5085    0.0648348914927
5087    0.0648292613986
5089    0.0648282490629
5091    0.0648226808705
5093    0.0648226785004
5095    0.0648217901689
5097    0.0648200416078
5099    0.064820040908
5101    0.064820040908
5103    0.0648200275829
5105    0.0648200275829
5107    0.0648188613138
5109    0.0648185021594
5111    0.0648183289289
5113    0.0648143003105
5115    0.0648143003094
5117    0.0648142991059
5119    0.0648056691372
5145    0.0641596558281
5147    0.064159655816
5149    0.064159655603
5151    0.0641595347608
5153    0.0641595347535
5179    0.0637438604372
5181    0.0637383728861
5183    0.0637373850598
5185    0.0637319557786
5187    0.0637319535908
5189    0.0637311177656
5191    0.0637294459256
5193    0.0637294452347
5195    0.063729445234
5197    0.0637294330814
5199    0.0637294330813
5201    0.0637283040761
5203    0.0637279671688
5205    0.0637277975079
5207    0.0637239137618
5209    0.0637239137607
5211    0.0637239126299
5213    0.0637152950004
5239    0.0631412299951
5241    0.0631412299831
5243    0.0631412297749
5245    0.0631411313643
5247    0.063141131357
5273    0.0627911847242
5275    0.0627858362012
5277    0.062784871832
5279    0.0627795780317
5281    0.0627795759894
5283    0.062778789473
5285    0.0627771901024
5287    0.0627771894205
5289    0.0627771894188
5291    0.0627771783317
5293    0.0627771783316
5295    0.062776084053
5297    0.0627757679963
5299    0.0627756019074
5301    0.062771841907
5303    0.0627718419062
5305    0.0627718408495
5307    0.0627632327743
5333    0.0622581223161
5335    0.0622581223048
5337    0.0622581221005
5339    0.0622580408399
5341    0.0622580408328
5356    0.0620757572986
5358    0.0620705446486
5360    0.0620696027621
5362    0.0620644411088
5364    0.0620644391824
5366    0.0620636989778
5368    0.0620621680935
5370    0.0620621674204
5372    0.062062167417
5374    0.0620621572994
5376    0.0620621572992
5378    0.0620610954395
5380    0.0620607989248
5382    0.0620606365623
5384    0.0620569690446
5386    0.0620569690437
5388    0.0620569679348
5390    0.06204837222
5416    0.0616236965447
5418    0.0616236965324
5420    0.0616236963295
5422    0.0616236203789
5424    0.0616236203723
5437    0.0614693131293
5439    0.0614642328406
5441    0.0614633125359
5443    0.0614582797695
5445    0.0614582779355
5447    0.0614575812321
5449    0.0614561151038
5451    0.061456114439
5453    0.061456114433
5455    0.0614561051971
5457    0.0614561051971
5459    0.0614550736576
5461    0.0614547954618
5463    0.061454636797
5465    0.0614510684974
5467    0.0614510684963
5469    0.0614510674057
5471    0.0614424892258
5497    0.0610866047691
5499    0.061086604757
5501    0.0610866045557
5503    0.0610865342475
5505    0.0610865342415
5516    0.0609586464531
5518    0.0609536951232
5520    0.0609527955637
5522    0.0609478885034
5524    0.0609478867434
5526    0.0609472309065
5528    0.060945826038
5530    0.0609458253818
5532    0.0609458253737
5534    0.0609458169404
5536    0.0609458169403
5538    0.0609448138095
5540    0.0609445527879
5542    0.0609443977344
5544    0.0609409300819
5546    0.0609409300808
5548    0.0609409290761
5550    0.0609323732328
5558    0.0608456207035
5560    0.0608456206985
5562    0.0608456204979
5564    0.0608455614629
5566    0.0608455614579
5570    0.0608089438874
5572    0.0608041183039
5574    0.0608032387069
5576    0.0607984542492
5578    0.0607984525485
5580    0.0607978351045
5582    0.060796488216
5584    0.0607964875683
5586    0.0607964875571
5588    0.0607964798548
5590    0.0607964798546
5592    0.0607955033896
5594    0.0607952584567
5596    0.060795105219
5598    0.0607917025663
5600    0.0607917025654
5602    0.060791701558
5604    0.0607831973282
5606    0.060771062762
5608    0.0607710627591
5610    0.0607710625578
5612    0.0607710088327
5614    0.0607710088277
5616    0.0607590425216
5618    0.0607543393756
5620    0.0607534790115
5622    0.0607488141306
5624    0.0607488124771
