20    2.2506414137
36    2.12717021916
38    2.12716018858
40    2.12715662705
42    2.12715039219
49    2.00266659906
51    2.00266659906
53    2.00266621945
79    1.88494272735
105    1.76431622248
119    1.64137883799
145    1.63788498201
148    1.63786055933
159    1.63751752474
161    1.6375154862
163    1.63750531096
189    1.63544063923
191    1.63544063923
217    1.63352837891
243    1.62937613186
269    1.52572864954
295    1.40431913036
321    1.40229182096
347    1.40009712095
373    1.38679449609
389    1.38597550342
415    1.38380803543
441    1.26176594208
443    1.26176594208
450    1.26163703811
476    1.13846017807
502    1.12026634461
528    1.03625929536
530    1.03625911165
532    1.03625898124
558    1.01964089451
584    0.996489960307
586    0.996488518897
612    0.873014905438
614    0.873014905438
616    0.873009146294
629    0.74876027238
655    0.626950775282
681    0.529840060745
683    0.529839977158
685    0.529839939973
688    0.529811717562
714    0.512698428327
716    0.512697913621
742    0.393158918993
744    0.393152585774
768    0.390768180853
770    0.390768180781
772    0.390767721325
774    0.390763913593
776    0.390763680396
778    0.390761284015
780    0.390761275502
782    0.390760563452
784    0.390759559986
786    0.390759452719
788    0.390748415447
790    0.390745516175
792    0.390737110575
794    0.390729771684
796    0.390723303292
798    0.390722531767
800    0.390715651729
826    0.388152509024
828    0.388152508921
854    0.384333499081
880    0.380599456497
906    0.379121060378
910    0.379083997327
936    0.37639969366
962    0.373604132753
972    0.373458919116
974    0.373447112542
1000    0.370788675002
1002    0.370788614182
1004    0.370788613899
1008    0.370749718383
1010    0.370746820157
1036    0.356647465804
1062    0.351457143321
1064    0.351455759262
1066    0.351454783477
1092    0.340126825659
1118    0.338909785269
1120    0.338902507449
1122    0.338898765799
1124    0.338898764952
1126    0.338892420349
1128    0.338890377518
1130    0.338881051752
1156    0.335761538881
1158    0.335760970918
1160    0.33576071835
1162    0.335753676255
1183    0.33528030791
1185    0.33527961001
1187    0.335279380703
1189    0.335272629073
1191    0.335261729603
1193    0.335261205351
1195    0.335261072293
1197    0.335259194619
1199    0.335259130978
1201    0.335257944145
1203    0.335257512215
1205    0.335257152672
1207    0.335256533055
1209    0.335255846247
1211    0.335248429492
1213    0.335246784448
1215    0.335240904058
1217    0.335235769503
1219    0.335231775138
1221    0.335231428833
1223    0.335226528048
1249    0.332749308962
1251    0.33274930864
1277    0.328538361679
1303    0.324652798018
1305    0.324646529201
1307    0.324636797714
1333    0.321663130961
1359    0.318692214547
1361    0.318682011156
1363    0.318671098131
1389    0.31587165245
1391    0.315868956046
1393    0.315868955534
1397    0.315829456942
1399    0.315826166721
1425    0.307157335385
1437    0.306983995555
1439    0.306982031892
1441    0.306980653744
1467    0.300613653037
1469    0.300602184141
1471    0.30059245591
1473    0.300590773378
1475    0.300590772953
1477    0.300586974119
1479    0.300584574139
1481    0.300579271836
1483    0.300568515482
1485    0.300568160173
1487    0.300568002104
1489    0.300564039587
1491    0.300554031282
1493    0.300553480223
1495    0.300553441327
1497    0.300549047548
1499    0.300539799633
1501    0.300538624677
1503    0.300538584801
1505    0.300537413758
1507    0.300537396882
1509    0.300536653859
1511    0.300536108594
1513    0.300535926642
1515    0.300535354706
1517    0.300533927654
1519    0.300528901092
1521    0.30052788994
1523    0.300523584095
1525    0.30051982411
1527    0.300517388119
1529    0.300517230582
1531    0.300513575505
1557    0.298018213219
1559    0.298018212704
1585    0.293584015167
1611    0.290294323832
1613    0.290289135882
1615    0.290279602001
1641    0.287493731361
1667    0.284821945937
1669    0.284814356292
1671    0.284805715856
1697    0.282303828847
1699    0.282296559875
1701    0.282296559415
1704    0.282268456977
1706    0.282263366666
1732    0.27771113608
1734    0.277699907507
1736    0.277698275585
1738    0.277697133175
1764    0.274515693415
1766    0.27450476581
1768    0.274494249051
1770    0.274493536709
1772    0.274493536504
1774    0.274491105288
1776    0.274488515917
1778    0.2744855476
1780    0.274476124508
1782    0.274475819824
1784    0.27447568424
1786    0.274473467158
1788    0.274464718205
1790    0.274464195453
1792    0.274464193603
1794    0.274461331255
1796    0.274453389358
1798    0.274451802022
1800    0.274451789249
1802    0.274450908216
1804    0.274450904004
1806    0.274450343442
1808    0.274449780647
1810    0.27444968855
1812    0.27444912397
1814    0.27444699765
1816    0.27444355685
1818    0.274442893039
1820    0.274439583097
1822    0.274436692546
1824    0.274435231637
1826    0.27443516156
1828    0.274432301651
1854    0.272049073451
1856    0.272049072802
1882    0.267574637603
1908    0.265196344562
1910    0.265192012443
1912    0.265182506541
1938    0.262925795443
1964    0.260835624863
1966    0.260831119337
1968    0.260825292122
1994    0.258864689174
1996    0.258855018957
1998    0.258855018664
2002    0.258815720194
2004    0.258808635771
2030    0.256606883836
2032    0.256596252327
2034    0.256595059769
2036    0.256594226067
2062    0.25509322205
2064    0.255082963788
2066    0.255072453049
2068    0.255072194647
2070    0.255072194548
2072    0.255070584365
2074    0.25506796083
2076    0.255066297466
2078    0.255058044077
2080    0.255057751014
2082    0.255057620574
2084    0.255056379246
2086    0.25504873235
2088    0.255048216286
2090    0.255048154847
2092    0.255046288123
2094    0.255039385861
2096    0.255037576963
2098    0.255037572377
2100    0.25503682138
2102    0.255036820471
2104    0.255036341826
2106    0.255035776707
2108    0.255035730116
2110    0.255035167529
2112    0.25503245717
2114    0.255030074143
2116    0.255029632869
2118    0.25502696446
2120    0.255024633972
2122    0.255023777518
2124    0.255023751879
2126    0.255021408652
2152    0.252881626526
2154    0.252881625831
2180    0.248560350939
2206    0.2470771285
2208    0.24707359557
2210    0.247064033489
2236    0.245427616844
2262    0.243951363459
2264    0.24394946987
2266    0.243946118778
2292    0.242541286007
2295    0.24251560249
2297    0.242515602336
2301    0.242477031264
2303    0.242468155002
2329    0.241444500044
2331    0.241434579055
2333    0.241433750691
2335    0.241433172013
2361    0.240744046993
2363    0.240734543188
2365    0.240724369997
2367    0.240724302464
2369    0.240724302416
2371    0.240723194505
2373    0.240720569764
2375    0.240719636434
2377    0.240712408454
2379    0.240712119487
2381    0.240711990849
2383    0.240711295288
2385    0.240704612495
2387    0.240704098982
2389    0.24070392048
2391    0.240702701669
2393    0.240696632451
2395    0.240694713952
2397    0.240694711993
2399    0.240694023236
2401    0.240694023107
2403    0.240693583712
2405    0.240693018816
2407    0.240692995271
2409    0.240692434115
2411    0.240689263949
2413    0.240687590928
2415    0.240687301847
2417    0.240685057528
2419    0.240683097267
2421    0.240682610722
2423    0.240682605591
2425    0.240680606725
2451    0.238889336413
2453    0.238889335754
2479    0.234894227453
2505    0.234084944686
2507    0.234082243579
2509    0.234072694616
2535    0.232969312104
2561    0.231992030337
2563    0.231991673529
2565    0.231990068519
2591    0.231033659889
2594    0.231005847659
2596    0.231005847587
2599    0.230978983249
2601    0.230968681358
2627    0.230501544666
2629    0.230492395066
2631    0.230491821329
2633    0.230491420686
2647    0.230319790992
2649    0.23031112281
2651    0.230301640909
2653    0.230301635105
2655    0.230301635082
2657    0.230300840859
2659    0.230298222403
2661    0.230297697815
2663    0.230291368357
2665    0.230291081885
2667    0.230290954343
2669    0.230290564239
2671    0.230284724676
2673    0.230284212991
2675    0.230283886634
2677    0.230283089882
2679    0.230277692502
2681    0.230275723948
2683    0.230275722905
2685    0.230275065647
2687    0.230275065646
2689    0.230274646142
2691    0.230274082109
2693    0.230274070232
2695    0.230273510587
2697    0.230269984588
2699    0.230268791564
2701    0.230268605359
2703    0.230266652315
2705    0.230264946328
2707    0.230264682071
2709    0.230264682061
2711    0.23026292161
2737    0.228872659672
2739    0.228872659105
2765    0.225323523057
2791    0.224936324828
2793    0.224934441768
2795    0.224925120799
2821    0.224210502088
2847    0.223585259668
2849    0.223585238789
2851    0.223584661421
2877    0.222947425952
2880    0.222923041307
2882    0.222923041279
2885    0.222895122452
2887    0.22288377163
2889    0.22287181076
2891    0.222863569134
2893    0.222863249049
2895    0.222863025526
2897    0.222851316309
2899    0.222843559218
2901    0.222835039449
2903    0.222835035922
2905    0.22283503591
2907    0.222834441895
2909    0.222831831942
2911    0.222831536445
2913    0.222825994075
2915    0.22282570969
2917    0.222825583066
2919    0.222825364044
2921    0.222820261859
2923    0.222819751957
2925    0.222819264805
2927    0.222818743282
2929    0.222813891178
2931    0.222811902965
2933    0.222811902268
2935    0.222811261995
2937    0.222811261971
2939    0.222810853215
2941    0.222810290353
2943    0.222810284379
2945    0.222809726384
2947    0.222805920163
2949    0.222805054286
2951    0.222804933729
2953    0.22280319143
2955    0.222801669414
2957    0.222801535218
2959    0.222801531259
2961    0.222799944735
2987    0.221803032202
2989    0.221803031752
3015    0.218752020109
3017    0.218745092488
3019    0.218744138247
3021    0.218735731579
3047    0.218240324688
3073    0.21780999478
3075    0.217809407819
3077    0.217809224658
3103    0.217356943392
3106    0.217334016533
3108    0.217334016526
3111    0.217307496368
3113    0.217295555251
3115    0.217283903431
3117    0.217276522435
3119    0.217276307071
3121    0.217276156676
3123    0.217264757199
3125    0.217257815551
3127    0.217249814462
3129    0.217249789104
3131    0.217249789098
3133    0.217249325784
3135    0.217246725382
3137    0.21724655845
3139    0.217241705384
3141    0.217241422941
3143    0.217241297173
3145    0.217241174049
3147    0.217236716579
3149    0.217236208545
3151    0.21723555931
3153    0.217235217465
3155    0.217230810679
3157    0.217228818028
3159    0.217228817466
3161    0.217228187166
3163    0.217228187095
3165    0.217227784674
3167    0.217227223204
3169    0.217227220211
3171    0.217226663989
3173    0.21722262789
3175    0.217221987022
3177    0.217221905092
3179    0.217220324645
3181    0.217218943923
3183    0.217218882747
3185    0.217218871343
3187    0.217217419553
3213    0.216563233578
3215    0.216563233241
3241    0.214008694674
3243    0.21400552734
3245    0.214005096764
3247    0.2139974696
3273    0.213672963717
3275    0.213660905134
3277    0.213659276088
3279    0.213659245494
3305    0.213298134224
3308    0.21327640694
3310    0.213276406938
3313    0.213251370214
3315    0.213239221001
3317    0.213227876246
3319    0.21322126604
3321    0.213221096079
3323    0.213220977391
3325    0.213209884124
3327    0.213203671904
3329    0.213195981597
3331    0.213195927503
3333    0.2131959275
3335    0.213195551448
3337    0.213192961312
3339    0.213192866651
3341    0.213188617108
3343    0.213188336524
3345    0.213188211579
3347    0.213188142261
3349    0.213184248392
3351    0.21318374233
3353    0.21318293704
3355    0.213182712637
3357    0.21317867172
3359    0.213176682162
3361    0.213176681648
3363    0.21317605789
3365    0.213176057774
3367    0.213175659529
3369    0.213175099622
3371    0.213175098132
3373    0.213174543781
3375    0.213170309793
3377    0.213169825241
3379    0.213169763749
3381    0.213168314826
3383    0.21316704893
3385    0.213167025987
3387    0.213167007765
3389    0.213165666428
3415    0.212776936003
3417    0.212776935763
3443    0.210675344694
3445    0.210673619473
3447    0.210673514668
3449    0.210666798739
3451    0.21065605364
3453    0.210645369553
3455    0.210642591308
3457    0.210642591044
3475    0.210426636302
3477    0.210414789802
3479    0.210414789802
3481    0.210403880705
3483    0.210391717104
3485    0.210380683559
3487    0.210374763228
3489    0.210374614916
3491    0.210374511347
3493    0.210363727454
3495    0.210358167605
3497    0.210350688227
3499    0.210350606288
3501    0.210350606286
3503    0.210350289761
3505    0.210347710466
3507    0.210347656517
3509    0.21034393529
3511    0.210343656509
3513    0.210343532362
3515    0.210343493267
3517    0.21034009202
3519    0.210339588035
3521    0.210338637044
3523    0.210338489503
3525    0.210334750936
3527    0.210332768168
3529    0.21033276766
3531    0.210332148748
3533    0.210332148594
3535    0.210331753459
3537    0.210331195253
3539    0.210331194518
3541    0.210330642113
3543    0.210326231335
3545    0.210325856555
3547    0.210325803899
3549    0.21032446637
3551    0.210323297734
3553    0.210323292227
3555    0.210323269875
3557    0.210322022877
3559    0.210313184176
3561    0.210313184011
3587    0.208514134001
3589    0.208512736649
3591    0.208512677339
3593    0.20850693965
3595    0.208497062009
3597    0.208487240908
3599    0.208484209266
3601    0.208484173708
3605    0.208447511725
3607    0.208436286821
3609    0.20843628682
3611    0.208425443031
3613    0.208413362178
3615    0.20840263294
3617    0.208397329916
3619    0.20839719281
3621    0.208397097066
3623    0.208386615228
3625    0.208381638829
3627    0.20837432119
3629    0.208374215352
3631    0.208374215351
3633    0.208373940264
3635    0.208371372292
3637    0.208371341342
3639    0.208368082527
3641    0.208367805506
3643    0.208367682139
3645    0.208367660044
3647    0.208364689322
3649    0.20836418751
3651    0.208363103466
3653    0.208363006297
3655    0.208359519007
3657    0.208357544823
3659    0.208357544299
3661    0.208356929388
3663    0.2083569292
3665    0.208356536646
3667    0.20835598025
3669    0.208355979892
3671    0.208355429492
3673    0.208350815857
3675    0.208350519029
3677    0.208350448155
3679    0.208349225677
3681    0.208348157528
3683    0.208348157385
3685    0.208348141612
3687    0.208346992758
3689    0.208341639096
3691    0.208341638985
3717    0.206816583369
3719    0.206815185994
3721    0.206815157004
3723    0.206810234576
3725    0.206800367793
3727    0.206790557691
3729    0.206787279519
3731    0.206787160987
3735    0.206750590715
3737    0.206739898694
3739    0.206739898693
3741    0.206729176867
3743    0.206717226426
3745    0.206706794602
3747    0.206702043941
3749    0.206701913211
3751    0.206701821921
3753    0.206691635
3755    0.20668718046
3757    0.206680000075
3759    0.20667987505
3761    0.20667987505
3763    0.206679629357
3765    0.206677073126
3767    0.206677055216
3769    0.206674201089
3771    0.206673925797
3773    0.206673803196
3775    0.206673790679
3777    0.206671196177
3779    0.20667069663
3781    0.206669493114
3783    0.206669429007
3785    0.20666615171
3787    0.206664186968
3789    0.206664186418
3791    0.206663575083
3793    0.206663574863
3795    0.206663184626
3797    0.206662630128
3799    0.206662629957
3801    0.206662081611
3803    0.206657304453
3805    0.206657063671
3807    0.206656984777
3809    0.206655852178
3811    0.206654862532
3813    0.206654861069
3815    0.206654847334
3817    0.206653775709
3819    0.20665094332
3821    0.206650943248
3847    0.205365740153
3849    0.20536435361
3851    0.205364340538
3853    0.205360060332
3855    0.205350233004
3857    0.20534046232
3859    0.205336987536
3861    0.20533676081
3864    0.205312434998
3866    0.205302206801
3868    0.205302206801
3870    0.205291650304
3872    0.205279853219
3874    0.205269711919
3876    0.205265455525
3878    0.205265328858
3880    0.205265240406
3882    0.205255341354
3884    0.205251353623
3886    0.205244297998
3888    0.205244158247
3890    0.205244158247
3892    0.205243933772
3894    0.205241389643
3896    0.205241379162
3898    0.20523887917
3900    0.205238605579
3902    0.205238483734
3904    0.205238476623
3906    0.205236210849
3908    0.205235713651
3910    0.205234404285
3912    0.205234361915
3914    0.205231261052
3916    0.205229306146
3918    0.205229305563
3920    0.205228697585
3922    0.205228697334
3924    0.205228309277
3926    0.205227756748
3928    0.205227756668
3930    0.20522721041
3932    0.205222301404
3934    0.205222101391
3936    0.205222020422
3938    0.205220959311
3940    0.205220032104
3942    0.205220025901
3944    0.205220012326
3946    0.205219002606
3948    0.205217824246
3950    0.205217824202
3976    0.204140175165
3978    0.204138787226
3980    0.204138781812
3982    0.204135013717
3984    0.204125191859
3986    0.204115426778
3988    0.204111802196
3990    0.204111455824
3992    0.204099281223
3994    0.204089463871
3996    0.204089463871
3998    0.204079104208
4000    0.20406747115
4002    0.20405761355
4004    0.204053799477
4006    0.204053675735
4008    0.204053589327
4010    0.204043971207
4012    0.204040401081
4014    0.204033463576
4016    0.20403331292
4018    0.20403331292
4020    0.204033104016
4022    0.204030572302
4024    0.204030566079
4026    0.204028375964
4028    0.204028104051
4030    0.204027982952
4032    0.2040279789
4034    0.204026000328
4036    0.204025505554
4038    0.204024103454
4040    0.204024075397
4042    0.204021123554
4044    0.204019178651
4046    0.20401917803
4048    0.204018573292
4050    0.20401857301
4052    0.204018187062
4054    0.204017636555
4056    0.20401763652
4058    0.204017092377
4060    0.204012077
4062    0.204011906981
4064    0.204011826983
4066    0.204010823703
4068    0.204009947007
4070    0.204009934586
4072    0.204009920284
4074    0.204008961057
4076    0.204008685424
4078    0.204008685398
4104    0.203108760749
4106    0.203107358571
4108    0.203107356407
4110    0.203103999548
4112    0.203094147379
4114    0.203084352299
4116    0.203080622473
4118    0.203080154042
4121    0.203055835965
4123    0.20304639129
4125    0.20304639129
4127    0.203036247934
4129    0.203024783488
4131    0.203015202861
4133    0.203011784662
4135    0.203011663272
4137    0.203011578508
4139    0.203002234507
4141    0.202999038005
4143    0.202992214839
4145    0.202992056382
4147    0.202992056382
4149    0.202991859089
4151    0.202989340061
4153    0.202989336297
4155    0.202987417321
4157    0.202987147068
4159    0.202987026706
4161    0.202987024389
4163    0.202985296719
4165    0.20298480444
4167    0.202983321882
4169    0.202983303269
4171    0.20298047795
4173    0.202978543101
4175    0.20297854244
4177    0.202977940874
4179    0.20297794056
4181    0.20297755668
4183    0.202977008237
4185    0.202977008223
4187    0.202976466215
4189    0.202971365038
4191    0.202971217328
4193    0.202971139706
4195    0.202970183944
4197    0.202969348753
4199    0.202969329749
4201    0.20296931427
4203    0.202968396893
4205    0.202968396874
4207    0.20296839686
4233    0.202218955854
4235    0.202217571091
4237    0.202217570011
4239    0.20221454095
4241    0.202204742803
4243    0.202195001578
4245    0.202191212928
4247    0.202190627769
4249    0.20217850839
4251    0.202169403265
4253    0.202169403265
4255    0.202159492253
4257    0.202148197969
4259    0.202138887681
4261    0.202135823825
4263    0.20213570449
4265    0.20213562116
4267    0.202126544572
4269    0.202123682377
4271    0.202116971157
4273    0.202116807334
4275    0.202116807334
4277    0.202116618842
4279    0.202114112733
4281    0.202114110404
4283    0.20211242867
4285    0.20211216006
4287    0.202112040429
4289    0.202112039099
4291    0.202110530601
4293    0.20211004088
4295    0.202108489132
4297    0.202108476762
4299    0.202105759427
4301    0.202103834631
4303    0.202103833927
4305    0.202103235491
4307    0.202103235143
4309    0.202102853306
4311    0.202102306961
4313    0.202102306956
4315    0.202101767096
4317    0.202096596863
4319    0.202096465913
4321    0.20209639119
4323    0.202095475022
4325    0.202094674413
4327    0.202094649067
4329    0.202094632185
4331    0.202093749999
4333    0.202093522293
4335    0.202093522287
4361    0.201471006477
4363    0.201469624446
4365    0.20146962357
4367    0.201466861797
4369    0.201457077037
4371    0.201447349239
4373    0.201443537554
4375    0.201442842222
4377    0.201430750622
4379    0.201421960149
4381    0.201421960149
4383    0.20141229059
4385    0.201401166507
4387    0.201392120034
4389    0.201389373382
4391    0.201389255938
4393    0.20138917393
4395    0.201380358169
4397    0.201377795125
4399    0.201371194131
4401    0.201371026812
4403    0.201371026812
4405    0.201370845101
4407    0.201368352113
4409    0.201368350631
4411    0.201366876484
4413    0.201366609502
4415    0.201366490595
4417    0.201366489829
4419    0.201365172774
4421    0.201364685668
4423    0.201363074927
4425    0.201363066691
4427    0.201360442001
4429    0.201358527228
4431    0.201358526481
4433    0.201357931143
4435    0.201357930762
4437    0.201357550951
4439    0.201357006727
4441    0.201357006725
4443    0.201356469022
4445    0.201351243456
4447    0.201351125213
4449    0.201351053478
4451    0.201350170721
4453    0.201349399296
4455    0.201349368151
4457    0.201349349764
4459    0.201348497558
4461    0.201347651477
4463    0.201347651474
4489    0.200831430635
4491    0.200830058634
4493    0.200830057347
4495    0.200827512798
4497    0.200817760169
4499    0.200808064427
4501    0.200804263282
4503    0.200803467183
4505    0.200791423179
4507    0.200782927138
4509    0.200782927137
4511    0.200773504311
4513    0.200762549693
4515    0.200753760619
4517    0.200751297959
4519    0.200751182308
4521    0.200751101553
4523    0.20074254015
4525    0.200740244822
4527    0.200733752654
4529    0.200733583249
4531    0.200733583249
4533    0.200733406855
4535    0.200730927165
4537    0.200730926191
4539    0.200729633689
4541    0.200729368321
4543    0.200729250132
4545    0.20072924969
4547    0.200728099849
4549    0.20072761541
4551    0.200725954797
4553    0.200725949306
4555    0.200723404524
4557    0.200721499733
4559    0.20072149894
4561    0.200720906677
4563    0.200720906261
4565    0.200720528462
4567    0.200719986376
4569    0.200719986376
4571    0.200719450836
4573    0.200714181296
4575    0.200714072765
4577    0.200714003888
4579    0.200713149644
4581    0.200712403123
4583    0.200712366843
4585    0.200712346921
4587    0.200711520554
4589    0.20070976528
4591    0.200709765279
4617    0.200282174256
4619    0.200280818696
4621    0.200280816171
4623    0.200278449163
4625    0.200268745235
4627    0.200259098012
4629    0.200255335679
4631    0.200254448888
4633    0.200242469975
4635    0.200234251672
4637    0.200234251672
4639    0.200225077963
4641    0.200214291676
4643    0.200205753692
4645    0.200203545317
4647    0.200203431396
4649    0.200203351849
4651    0.200195038449
4653    0.200192982725
4655    0.200186598127
4657    0.200186427686
4659    0.200186427686
4661    0.200186255541
4663    0.200183789302
4665    0.200183788636
4667    0.200182655091
4669    0.200182391324
4671    0.200182273847
4673    0.200182273592
4675    0.200181269794
4677    0.200180788069
4679    0.200179085677
4681    0.200179082011
4683    0.200176606526
4685    0.200174711668
4687    0.20017471083
4689    0.200174121619
4691    0.200174121167
4693    0.20017374537
4695    0.200173205435
4697    0.200173205435
4699    0.20017267206
4701    0.200167368036
4703    0.200167266978
4705    0.200167200732
4707    0.200166371062
4709    0.200165646005
4711    0.200165605272
4713    0.20016558383
4715    0.200164779966
4717    0.200161909807
4719    0.200161909807
4745    0.199807965484
4747    0.199806631905
4749    0.199806626809
4751    0.199804405692
4753    0.199794764971
4755    0.199785180681
4757    0.199781480331
4759    0.199780512906
4761    0.199768614388
4763    0.199760659799
4765    0.199760659799
4767    0.199751735418
4769    0.19974111611
4771    0.199732823016
4773    0.19973084235
4775    0.199730730112
4777    0.199730651741
4779    0.199722580103
4781    0.199720738837
4783    0.19971446062
4785    0.199714289914
4787    0.199714289914
4789    0.199714121232
4791    0.199711668574
4793    0.199711668099
4795    0.199710673667
4797    0.199710411491
4799    0.199710294722
4801    0.199710294574
4803    0.199709418325
4805    0.199708939355
4807    0.199707202312
4809    0.199707199863
4811    0.199704784811
4813    0.199702899835
4815    0.19970289895
4817    0.199702312774
4819    0.199702312285
4821    0.199701938477
4823    0.199701400701
4825    0.1997014007
4827    0.199700869491
4829    0.199695538975
4831    0.199695443702
4833    0.199695379826
4835    0.199694571521
4837    0.199693865127
4839    0.199693820586
4841    0.199693797668
4843    0.199693013582
4845    0.199688893423
4847    0.199688893423
4851    0.199652092472
4853    0.199650825454
4855    0.19965080306
4857    0.199648702322
4859    0.199639237518
4861    0.199629828159
4863    0.199626378275
4865    0.199625339678
4867    0.199613639046
4869    0.199605936139
4871    0.199605936139
4873    0.199597259672
4875    0.199586805844
4877    0.199578751527
4879    0.199576974793
4881    0.199576864198
4883    0.199576786975
4885    0.199568950951
4887    0.199567301648
4889    0.199561128628
4891    0.199560958219
4893    0.199560958219
4895    0.199560792418
4897    0.199558353449
4899    0.199558353096
4901    0.199557480422
4903    0.199557219823
4905    0.199557103755
4907    0.19955710367
4909    0.199556338811
4911    0.199555862632
4913    0.199554097183
4915    0.199554095547
4917    0.199551733494
4919    0.199549858345
4921    0.199549857411
4923    0.199549274249
4925    0.199549273722
4927    0.199548901893
4929    0.199548366281
4931    0.19954836628
4933    0.199547837232
4935    0.19954244782
4937    0.199542357036
4939    0.199542304747
4941    0.19954153003
4943    0.199540852987
4945    0.199540805227
4947    0.199540776419
4949    0.199540022656
4951    0.199535822491
4953    0.199535822491
4955    0.199523662576
4957    0.199522462788
4959    0.199522411352
4961    0.199520410612
4963    0.199511126887
4965    0.199501897584
4967    0.19949868578
4969    0.199497585048
4971    0.199486088096
4973    0.19947862642
4975    0.19947862642
4977    0.199470195267
4979    0.199459905363
4981    0.199452083845
4983    0.199450489772
4985    0.199450380786
4987    0.199450304688
4989    0.199442698269
4991    0.19944122081
4993    0.199435151826
4995    0.199434982117
4997    0.199434982117
4999    0.199434818764
5001    0.199432393579
5003    0.199432393304
5005    0.199431627213
5007    0.19943136818
5009    0.19943125281
5011    0.199431252762
5013    0.199430585179
5015    0.199430111824
5017    0.199428323418
5019    0.199428322326
5021    0.199426007035
5023    0.199424141661
5025    0.199424140678
5027    0.199423560512
5029    0.199423559945
5031    0.199423190087
5033    0.19942265664
5035    0.199422656639
5037    0.19942212975
5039    0.199416698289
5041    0.199416611018
5043    0.199416564604
5045    0.199415817039
5047    0.199415163724
5049    0.19941511326
5051    0.199415080715
5053    0.1994143518
5055    0.199410176044
5057    0.199410176044
5059    0.199398032039
5061    0.199396896466
5063    0.1993968076
5065    0.19939489035
5067    0.199385783538
5069    0.199376730147
5071    0.199373730099
5073    0.199372575497
5075    0.199361278281
5077    0.199354048591
5079    0.199354048591
5081    0.199345859261
5083    0.199335731675
5085    0.199328137087
5087    0.199326706643
5089    0.199326599235
5091    0.19932652424
5093    0.199319141532
5095    0.199317817917
5097    0.199311851804
5099    0.199311683079
5101    0.199311683079
5103    0.19931152185
5105    0.199309110528
5107    0.199309110304
5109    0.199308437527
5111    0.199308180051
5113    0.199308065374
5115    0.199308065346
5117    0.199307482712
5119    0.199307012211
5121    0.199305205584
5123    0.199305204856
5125    0.199302931078
5127    0.199301075427
5129    0.199301074395
5131    0.199300497207
5133    0.1993004966
5135    0.199300128702
5137    0.199299597421
5139    0.199299597419
5141    0.199299072685
5143    0.199293615686
5145    0.199293531174
5147    0.199293487342
5149    0.199292760856
5151    0.199292125962
5153    0.199292073235
5155    0.199292038627
5157    0.199291329356
5159    0.199287175835
5161    0.199287175835
5163    0.199275048682
5165    0.199273974441
5167    0.199273841934
5169    0.199271994726
5171    0.199263060791
5173    0.199254179298
5175    0.199251367881
5177    0.199250166846
5179    0.199239065503
5181    0.199232059488
5183    0.199232059488
5185    0.199224107841
5187    0.199214140928
5189    0.199206767509
5191    0.199205483661
5193    0.199205377802
5195    0.199205303889
5197    0.19919813911
5199    0.199196953235
5201    0.199191088817
5203    0.199190921274
5205    0.199190921274
5207    0.199190761924
5209    0.199188364533
5211    0.199188364343
5213    0.199187773274
5215    0.199187517344
5217    0.199187403356
5219    0.199187403341
5221    0.199186894889
5223    0.199186427265
5225    0.19918460652
5227    0.199184606037
5229    0.199182369342
