26    2.35324867731
52    2.23512908418
78    2.21733689418
104    2.2144428639
130    2.1987738763
156    2.07894082162
158    2.07894082153
175    2.07786417386
196    1.954130272
222    1.88872031376
248    1.77200148449
250    1.77199649298
252    1.77199329453
278    1.74445468406
304    1.74075954712
306    1.74075545786
332    1.68293845984
334    1.68293845984
360    1.65451415085
366    1.52978032437
375    1.40605491416
385    1.28168781125
387    1.28168718265
389    1.28168715279
391    1.28168644569
393    1.28168545683
395    1.2816854553
421    1.17138193734
423    1.17138193734
449    1.16379783127
470    1.04005097304
477    0.91763810121
503    0.803707444983
505    0.803697266061
507    0.803690787739
509    0.803690580797
535    0.798013565825
537    0.798007939591
563    0.709109357562
565    0.709109357562
591    0.688770672856
613    0.565220754965
636    0.443932836416
660    0.321201394375
662    0.321201143536
664    0.32120097845
666    0.321192880543
668    0.321185773554
670    0.32118566868
696    0.19846310893
698    0.198463059073
704    0.198360412679
730    0.185013684846
737    0.184922312377
763    0.174529951306
765    0.174520283415
791    0.166468877142
793    0.166468376647
795    0.166468159526
797    0.16646766641
799    0.166467592589
825    0.156363082587
834    0.156213559979
836    0.156212009776
838    0.156211006218
864    0.152604953253
866    0.152594715233
868    0.152590486674
894    0.14187549096
896    0.141875490405
922    0.135697201212
924    0.135697133635
926    0.135694982308
928    0.13569420927
930    0.135694178007
932    0.135694176438
934    0.135693678965
936    0.135693454361
938    0.13569345428
940    0.135685446281
942    0.135685446224
955    0.135405577965
957    0.135403604476
959    0.135403591147
961    0.135397594429
963    0.135394708069
965    0.135392866024
967    0.135392865147
969    0.135387608841
971    0.13538506669
997    0.132715862436
999    0.13271586087
1025    0.131822174575
1027    0.131822031919
1029    0.131819429575
1031    0.131819428029
1033    0.131819373153
1035    0.131819337005
1037    0.131817569558
1039    0.131817568492
1041    0.13181754516
1043    0.131810379418
1045    0.131810338553
1047    0.131803610931
1073    0.126092064177
1076    0.126068725667
1102    0.121618399831
1104    0.121611598945
1130    0.118328393271
1132    0.118327434663
1134    0.118327020236
1136    0.118326995832
1138    0.118325591277
1164    0.117057263917
1167    0.117033502822
1169    0.117032878123
1171    0.117032473389
1193    0.116644894049
1195    0.116635020893
1197    0.116631371253
1223    0.11522956808
1225    0.115229567521
1251    0.113764428018
1253    0.113764369216
1255    0.113763124977
1257    0.113763042789
1259    0.113763010268
1261    0.113763008634
1263    0.113762721122
1265    0.113762697276
1267    0.113762697193
1269    0.113762567012
1271    0.113762566954
1273    0.113751791644
1275    0.113747676017
1277    0.113747675695
1279    0.113745107245
1281    0.113743701898
1283    0.11374280494
1285    0.113742804922
1287    0.113740577415
1289    0.113738975239
1291    0.113737010421
1293    0.113737009359
1296    0.113713429559
1298    0.113713390822
1300    0.113712209453
1302    0.113712208314
1304    0.11371220077
1306    0.113712195801
1308    0.113711393109
1310    0.113711392348
1312    0.113711389207
1314    0.113707306819
1316    0.113707267236
1318    0.113703198532
1344    0.111781841052
1346    0.111770196485
1372    0.110092689484
1374    0.110087728335
1400    0.108849115173
1402    0.108848250847
1404    0.108847766976
1406    0.108847664085
1408    0.108845062728
1410    0.108833495146
1412    0.108823604889
1414    0.108823396238
1416    0.108823261059
1418    0.108812236011
1420    0.108803500404
1422    0.108800588635
1424    0.1087949249
1426    0.108794924469
1452    0.108187531964
1454    0.108187476082
1456    0.108187371252
1458    0.108187363852
1460    0.108187330687
1462    0.10818732902
1464    0.108187304756
1466    0.108187302624
1468    0.108187302537
1470    0.10818703662
1472    0.108187036562
1474    0.10817720894
1476    0.108171956402
1478    0.108171956314
1480    0.108169956211
1482    0.108169028107
1484    0.108168435734
1486    0.108168435668
1488    0.10816671341
1490    0.108165452051
1492    0.108164183193
1494    0.108164182555
1496    0.108153769635
1498    0.108153755578
1500    0.108153217958
1502    0.108153217167
1504    0.108153216629
1506    0.108153216274
1508    0.10815285087
1510    0.108152850358
1512    0.108152850152
1514    0.108150546408
1516    0.108150507895
1518    0.10814802596
1544    0.107597125139
1546    0.107585894916
1572    0.106967355226
1574    0.106963952035
1600    0.106492336202
1602    0.10649172885
1604    0.106491275407
1606    0.10649124051
1608    0.106488107279
1610    0.1064774071
1612    0.106469481129
1614    0.106469382299
1616    0.106469318271
1618    0.106459134166
1620    0.106452129381
1622    0.106449547817
1624    0.106449464754
1626    0.106449464431
1634    0.10635816277
1636    0.106358107864
1638    0.106358100247
1640    0.106358099471
1642    0.106358066106
1644    0.106358064428
1646    0.106358062653
1648    0.106358062436
1650    0.106358062347
1652    0.106357634809
1654    0.106357634752
1656    0.106348620071
1658    0.106342895333
1660    0.106342895227
1662    0.106341330427
1664    0.106340573017
1666    0.106340089587
1668    0.106340089507
1670    0.106338752457
1672    0.10633762388
1674    0.106336665565
1676    0.106336665183
1678    0.10632713171
1680    0.106327124501
1682    0.106326880948
1684    0.106326880417
1686    0.1063268804
1688    0.106326880389
1690    0.106326714807
1692    0.106326714476
1694    0.106326714464
1696    0.106325431384
1698    0.106325393785
1700    0.106323863579
1702    0.106317765242
1704    0.106307945108
1714    0.106193568089
1716    0.106191147478
1725    0.10609023895
1727    0.106089767706
1729    0.106089342751
1731    0.106089332219
1733    0.106085976609
1735    0.106076081344
1737    0.10606988643
1739    0.106069824688
1741    0.106069784691
1743    0.106060378596
1745    0.106054900102
1747    0.106052478959
1749    0.106052462259
1751    0.106052462033
1753    0.106041053756
1755    0.106040999089
1757    0.106040998648
1759    0.106040998526
1761    0.106040965122
1763    0.106040963443
1765    0.106040963336
1767    0.106040963304
1769    0.106040963215
1771    0.106040359059
1773    0.106040359003
1775    0.106032043725
1777    0.106026153294
1779    0.106026153156
1781    0.106024928317
1783    0.106024239582
1785    0.106023799984
1787    0.106023799894
1789    0.106022762547
1791    0.106021691451
1793    0.106020981999
1795    0.10602098177
1797    0.106012232777
1799    0.106012227803
1801    0.106012118178
1803    0.106012117829
1805    0.106012117582
1807    0.106012117419
1809    0.106012042866
1811    0.10601204266
1813    0.10601204254
1815    0.106011340757
1817    0.106011303953
1819    0.106010348012
1821    0.106006214693
1823    0.105998001522
1825    0.105987535997
1827    0.105985880033
1829    0.105974268245
1831    0.105973889771
1833    0.105973491491
1835    0.105973489981
1837    0.105970069948
1839    0.105960920586
1841    0.105956109269
1843    0.105956061678
1845    0.105956030849
1847    0.105947344484
1849    0.10594308652
1851    0.105940751666
1853    0.10594071969
1855    0.105940719533
1857    0.105929657209
1859    0.105929602567
1861    0.105929602537
1863    0.105929602497
1865    0.105929569102
1867    0.105929567423
1869    0.105929567415
1871    0.105929567406
1873    0.105929567317
1875    0.105928779698
1877    0.105928779643
1879    0.105921067889
1881    0.105915142427
1883    0.105915142253
1885    0.105914182774
1887    0.105913525067
1889    0.105913105273
1891    0.10591310517
1893    0.105912300913
1895    0.10591125841
1897    0.105910746594
1899    0.105910746456
1901    0.105902698791
1903    0.105902694638
1905    0.105902645734
1907    0.105902645508
1909    0.105902645084
1911    0.105902644804
1913    0.105902611533
1915    0.105902611408
1917    0.10590261121
1919    0.105902237011
1921    0.10590220091
1923    0.105901594019
