26    2.13236654482
52    1.94860734379
78    1.84596145126
104    1.76221632322
106    1.76221456547
132    1.73855037225
158    1.6979059975
184    1.53811340073
210    1.53183176075
217    1.40729614701
230    1.4068545502
254    1.28421042558
280    1.25857534187
295    1.13216081493
303    1.00798808032
329    0.903981904078
331    0.903980936265
357    0.857338053527
383    0.827551975
409    0.677060171749
435    0.309120795462
461    0.302349528223
463    0.302349297457
489    0.278387217324
515    0.262631000174
541    0.260846009123
567    0.255340885592
569    0.255340812988
595    0.248487615145
621    0.240887544125
647    0.230085307299
673    0.226263810855
675    0.226263805336
677    0.226262430849
679    0.22626170027
705    0.212687256157
707    0.212680737221
709    0.212680737134
735    0.210939763689
737    0.210939763688
763    0.205720686841
789    0.200613570429
815    0.193371361398
837    0.192584191915
842    0.192543268794
844    0.192543243274
870    0.18339519223
896    0.175769760162
907    0.175639373693
933    0.174860243678
935    0.174860228863
961    0.172859393902
987    0.168637429433
1013    0.162596148719
1039    0.160416343733
1041    0.160416338448
1043    0.160416030765
1045    0.160414967935
1071    0.149797531267
1073    0.149792214699
1075    0.149792214547
1083    0.149709569405
1085    0.149709569405
1111    0.148710862011
1137    0.145605292051
1163    0.141943222553
1165    0.141935960965
1167    0.141929602449
1169    0.141929577574
1195    0.137465004851
1221    0.133649865563
1223    0.133643200405
1235    0.133505921393
1237    0.133505916984
1263    0.132584169953
1289    0.129034796709
1315    0.124743208936
1341    0.123503005755
1343    0.12350299884
1345    0.123502869469
1347    0.123502140734
1373    0.113911431361
1375    0.113906936665
1377    0.113906936644
1379    0.113901279905
1381    0.113901279904
1407    0.113535404272
1433    0.111607353592
1459    0.10942456974
1461    0.109418012562
1463    0.109412655985
1465    0.109412631634
1491    0.107279557616
1517    0.105469293686
1519    0.105466007327
1522    0.105448908206
1524    0.105448906059
1550    0.104883485342
1576    0.101922804727
1602    0.0986527530244
1628    0.0979213782783
1630    0.0979213696876
1632    0.0979213039403
1634    0.0979208138359
1660    0.089043980355
1662    0.0890400837944
1664    0.0890400837918
1666    0.0890373698346
1668    0.0890373698336
1675    0.0889813332344
1701    0.0878180060676
1727    0.0864426199319
1729    0.0864366688934
1731    0.0864321489245
1733    0.0864321250344
1759    0.0854557163329
1785    0.0846221107855
1787    0.0846205668372
1789    0.0846142600586
1791    0.0846142589253
1817    0.0842401964157
1843    0.0819527130447
1869    0.0794630427135
1895    0.0790145477978
1897    0.0790145380093
1899    0.0790145017179
1901    0.0790141678006
1927    0.0710757556368
1929    0.0710723079961
1931    0.071072307996
1933    0.0710709289649
1935    0.071070928964
1937    0.0710641770312
1963    0.0703339887251
1989    0.0694300753361
1991    0.0694246510935
1993    0.0694208281969
1995    0.0694208047332
2021    0.0689846086636
2047    0.0686018142835
2049    0.0686010905278
2051    0.0685958412599
2053    0.0685958406275
2071    0.0684170225589
2097    0.0667810491595
2123    0.0649239002975
2149    0.0646374547332
2151    0.0646374443835
2153    0.0646374228398
2155    0.0646371899201
2181    0.057881936839
2183    0.0578788349367
2185    0.0578788349367
2187    0.057878073605
2189    0.0578780736041
2191    0.0578737305147
2217    0.0574067218014
2243    0.0567936803156
2245    0.0567887163319
2247    0.0567854772592
2249    0.0567854541994
2254    0.056750024979
2270    0.0566045234507
2272    0.0566041834906
2274    0.0565988884698
2276    0.0565988880451
2280    0.0565723227438
2306    0.0554534522065
2332    0.0540822607613
2338    0.0540373379098
2340    0.0540373278614
2342    0.0540373278346
2344    0.0540373112784
2370    0.0485597246423
2372    0.048556924644
2374    0.048556924644
2376    0.0485564643845
2378    0.0485564643838
2380    0.0485538418394
2406    0.0482525241357
2432    0.0478243403037
2434    0.0478197798409
2436    0.0478170318476
2438    0.0478170091772
2440    0.0478102650147
2442    0.0478019169758
2444    0.0478017569797
2446    0.0477956097056
2448    0.0477956095797
2450    0.0477885498247
2476    0.047041691922
2502    0.0460317926951
2504    0.0460235313004
2506    0.0460235220658
2508    0.0460235218204
2510    0.0460235168518
2536    0.0417523499549
2538    0.0417497998051
2540    0.0417497998052
2542    0.0417494987243
2544    0.0417494987235
2546    0.0417479484315
2553    0.0416944644185
2579    0.0413894963607
2581    0.0413852908056
2583    0.0413829576569
2585    0.0413829353646
2587    0.041376410609
2589    0.0413682944977
2591    0.0413682170858
2593    0.0413607543084
2595    0.0413607541919
2597    0.0413557263126
2623    0.0408698346327
2649    0.040125529217
2651    0.0401178646468
2653    0.0401178565928
2655    0.040117856442
2657    0.0401178514311
2683    0.036886694253
2685    0.0368843512598
2687    0.0368843512598
2689    0.0368841342833
2691    0.036884134283
2693    0.0368831916897
2696    0.0368659776529
2710    0.0367461515051
2712    0.0367422577477
2714    0.0367402731415
2716    0.0367402512181
2718    0.0367339374909
2720    0.0367260435514
2722    0.0367260056449
2725    0.0367084640145
2727    0.0367084639075
2729    0.0367051476596
2755    0.0363961684589
2781    0.0358423146497
2783    0.0358353183372
2785    0.035835311672
2787    0.035835311564
2789    0.0358353067368
2815    0.0334401385099
2817    0.0334379790861
2819    0.0334379790861
2821    0.0334378027301
2823    0.0334378027297
2825    0.0334370772017
2827    0.0334285240825
2829    0.0334200421993
2831    0.0334164227246
2833    0.0334147324471
2835    0.0334147108854
2837    0.0334086002881
2839    0.0334009223919
2841    0.0334009040578
2846    0.0333627215443
2848    0.0333627214476
2850    0.0333606495985
2856    0.0333162467386
2882    0.0328939470671
2884    0.0328877103224
2886    0.0328877051095
2888    0.0328877050135
2890    0.0328877005103
2916    0.0311346714889
2918    0.0311326797483
2920    0.0311326797476
2922    0.0311325233609
2924    0.0311325233606
2926    0.0311318228919
2928    0.0311234283068
2930    0.031115041869
2932    0.0311116651327
2934    0.031110224551
2936    0.0311102033437
2938    0.0311042870403
2940    0.0310968314472
2942    0.0310968180764
2949    0.031037663794
2951    0.0310376636917
2953    0.0310362058639
2955    0.0310278895954
2981    0.0306959494255
2983    0.0306905312093
2985    0.030690527348
2987    0.0306905272487
2989    0.0306905231812
3015    0.0294154051928
3017    0.0294135684925
3019    0.0294135684916
3021    0.0294134289187
3023    0.0294134289186
3025    0.0294127520885
3027    0.0294045130081
3029    0.0293962197913
3031    0.0293930583851
3033    0.0293918299375
3035    0.0293918090792
3037    0.0293860798926
3039    0.0293788401801
3041    0.0293788300571
3048    0.0293180323132
3050    0.0293180321816
3052    0.0293169999122
3054    0.0293088350208
3080    0.0290450298998
3082    0.0290404308803
3084    0.029040428161
3086    0.0290404280777
3088    0.0290404245072
3114    0.0281160438917
3116    0.0281143508103
3118    0.0281143508096
3120    0.0281142254939
3122    0.0281142254935
3124    0.0281135710056
3126    0.0281054844728
3128    0.0280972826166
3130    0.0280943126918
3132    0.0280932646662
3134    0.0280932441507
3136    0.028087695519
3138    0.0280806634941
3140    0.0280806559712
3147    0.0280186442228
3149    0.0280186440887
3151    0.028017929677
3153    0.0280098513502
3163    0.0279275218549
3165    0.0279236893993
3167    0.0279236875713
3169    0.0279236874216
3171    0.027923684357
3197    0.0272569441074
3199    0.0272553837337
3201    0.0272553837328
3203    0.0272552705823
3205    0.027255270582
3207    0.0272546372479
3209    0.0272467003593
3211    0.0272385882235
3213    0.027235789
3215    0.0272348945584
3217    0.0272348743801
3219    0.0272295000383
3221    0.027222668235
3223    0.0272226619933
3228    0.0271854499756
3230    0.0271854498486
3232    0.0271848364027
3234    0.0271768895896
3241    0.0271227348803
3243    0.0271195929832
3245    0.0271195918131
3247    0.0271195917151
3249    0.0271195891395
3275    0.0266396095127
3277    0.0266381708047
3279    0.0266381708039
3281    0.0266380680928
3283    0.0266380680926
3285    0.0266374548225
3287    0.0266296647452
3289    0.0266216408613
3291    0.0266189942181
3293    0.0266182306092
3295    0.0266182107629
3297    0.0266130048209
3299    0.0266063664985
3301    0.0266063610824
3305    0.0265798063216
3307    0.0265798062053
3309    0.0265792517946
3311    0.0265714378571
3317    0.0265266660786
3319    0.0265241273075
3321    0.0265241265965
3323    0.0265241265213
3325    0.0265241243947
3351    0.026178571214
3353    0.0261772431323
3355    0.0261772431314
3357    0.0261771494248
3359    0.0261771494245
3361    0.0261765552155
3363    0.026168909175
3365    0.0261609721937
3367    0.0261584623038
3369    0.0261578102128
3371    0.0261577906931
3373    0.0261527475417
3375    0.0261462963726
3377    0.0261462915888
3380    0.0261286390771
3382    0.0261286389715
3384    0.026128122842
3386    0.0261204345411
3391    0.026085249582
3393    0.0260832225773
3395    0.0260832221704
3397    0.026083222124
3399    0.0260832203934
3421    0.0258760462883
3423    0.0258748254435
3425    0.0258748254428
3427    0.0258747395405
3429    0.0258747395403
3431    0.0258741634669
3433    0.0258666587427
3435    0.0258588073983
3437    0.0258564204171
3439    0.0258558634264
3441    0.0258558442284
3443    0.0258509584952
3445    0.0258446884818
3447    0.0258446841894
3450    0.0258271618336
3452    0.0258271617379
3454    0.0258266794855
3456    0.0258191268101
3460    0.0257928415906
3462    0.0257911709643
3464    0.0257911707493
3466    0.025791170715
3468    0.0257911692969
3470    0.0257825887105
3472    0.025781480415
3474    0.0257814804143
3476    0.0257814013062
3478    0.025781401306
3480    0.0257808425121
3482    0.0257734764389
3484    0.0257657095251
3486    0.0257634333224
3488    0.0257629574647
3490    0.0257629385836
3492    0.0257582051153
3494    0.0257521105206
3496    0.0257521067226
3498    0.0257434924369
3500    0.0257434923496
3502    0.0257430326344
3504    0.0257356179867
3506    0.0257270127319
3508    0.0257253954149
3510    0.0257253953124
3512    0.0257253952976
3514    0.0257253937021
3516    0.0257169153315
3518    0.0257158903398
3520    0.0257158903391
3522    0.0257158171706
3524    0.0257158171702
3526    0.025715274864
3528    0.0257080448215
3530    0.0257003612029
3532    0.0256981851404
3534    0.0256977785256
3536    0.025697759956
