26    2.2825658334
47    2.16160638407
73    2.14156804815
75    2.14156804621
101    2.1381090616
127    2.0389489848
129    2.03894898454
155    2.02566930104
181    1.90490328349
207    1.86277394368
233    1.86249139296
250    1.86162762212
252    1.86162022674
278    1.83536564183
304    1.83504542477
308    1.83501385259
334    1.74321650575
336    1.74321650575
362    1.72451700453
386    1.60146904003
412    1.4871705058
426    1.36414600155
428    1.36414550482
430    1.36414517118
456    1.36104527589
458    1.36104336505
460    1.36104270025
467    1.23674671128
469    1.23674671128
471    1.23674624581
497    1.19469408589
512    1.07174324347
538    0.957545927618
564    0.931789683042
590    0.916619373323
592    0.916614835962
618    0.912160416331
644    0.903906354048
670    0.808065884578
672    0.808065884578
698    0.79135535224
724    0.669524868691
750    0.562088903317
776    0.561073511361
784    0.56094910719
786    0.560943181549
812    0.55373499899
838    0.552562711061
840    0.552559258708
850    0.427562797328
852    0.42756275973
854    0.427561453155
868    0.427377329394
872    0.427343363646
891    0.427034638976
894    0.427011560325
896    0.427002985949
922    0.42612181066
924    0.426121785791
926    0.426113743657
928    0.426113574337
954    0.411938460148
956    0.411938031973
958    0.411933397534
960    0.411929539163
986    0.404865722368
988    0.404865454924
992    0.404832084851
1018    0.401841528515
1020    0.401841528452
1046    0.400790653481
1048    0.400790651532
1053    0.400750129891
1055    0.400750128155
1057    0.400749889274
1059    0.400749728086
1061    0.40074267106
1063    0.400742670407
1065    0.400742444783
1067    0.400742444783
1069    0.400742444747
1071    0.400742115089
1097    0.397742129752
1099    0.397742045462
1116    0.39733168313
1142    0.394755250141
1168    0.393446383078
1172    0.39341180432
1174    0.393405906727
1200    0.392715719504
1226    0.391467891778
1228    0.391467882465
1250    0.391010101548
1252    0.391005863213
1269    0.390668864588
1295    0.388902860606
1297    0.388900436362
1299    0.388898534211
1301    0.38889096492
1327    0.386910653798
1329    0.386908193964
1331    0.386907161778
1333    0.386907043306
1335    0.38690693264
1337    0.38690666418
1339    0.386905425889
1341    0.386897235346
1343    0.386890864037
1345    0.386883274621
1347    0.386879577477
1349    0.386879347173
1351    0.386878410616
1353    0.386875474594
1379    0.383336848092
1381    0.383336206312
1383    0.383334294838
1385    0.383332701167
1411    0.381702777577
1413    0.381702346466
1416    0.381682442071
1418    0.381680446081
1420    0.381680446031
1431    0.381562474853
1433    0.381562436798
1435    0.381556177177
1437    0.381556176882
1439    0.381556097381
1441    0.381556043731
1443    0.381550604472
1445    0.381550604383
1447    0.381550491194
1449    0.38155033191
1451    0.381550331882
1453    0.38155015682
1455    0.38154849084
1457    0.381539877312
1461    0.3815118452
1487    0.381173173036
1489    0.381164241916
1491    0.381156884655
1493    0.381152876812
1496    0.381134530703
1498    0.381134529362
1500    0.381134519435
1502    0.38112642687
1504    0.38112503895
1506    0.381118303181
1532    0.378869178568
1534    0.378867790121
1536    0.378866697502
1538    0.378860522246
1564    0.376390519808
1566    0.37638788539
1568    0.376387398264
1570    0.376387191692
1572    0.376386033223
1574    0.376385921341
1576    0.376385815012
1578    0.376378663691
1580    0.376375041328
1582    0.37636845237
1584    0.376366626265
1586    0.376366264039
1588    0.376366263311
1590    0.37636088728
1616    0.37554554107
1618    0.375544793014
1620    0.3755438669
1622    0.375543094437
1648    0.375187819846
1650    0.375187308229
1653    0.375170165357
1655    0.375170060881
1657    0.375170060845
1659    0.375161852502
1661    0.375161757937
1663    0.37515701142
1665    0.375157011365
1667    0.375156975711
1669    0.37515695165
1671    0.375152829424
1673    0.375152829415
1675    0.375152754091
1677    0.375152580571
1679    0.375152580549
1681    0.375152410877
1683    0.375152405949
1685    0.375144468145
1687    0.375137297335
1689    0.375128998352
1691    0.375120916569
1693    0.375113360669
1695    0.375110304205
1697    0.375101911996
1699    0.375101906538
1701    0.375101897356
1703    0.375094393224
1705    0.375094111858
1707    0.37508858528
1733    0.372348675106
1735    0.372347712106
1737    0.372346951918
1739    0.372341829628
1765    0.369409147953
1767    0.369405731204
1769    0.369405016054
1771    0.369404728049
1773    0.369402157094
1775    0.369402130729
1777    0.369402108328
1779    0.369395848577
1781    0.369393509741
1783    0.369387770979
1785    0.369386611543
1787    0.369386190598
1789    0.369386013501
1791    0.369378557062
1797    0.369330683601
1799    0.369329902125
1801    0.369329600787
1803    0.369329349459
1805    0.369321585441
1807    0.36932105217
1809    0.369313679528
1811    0.369313627591
1813    0.369313627565
1815    0.369305927979
1817    0.36930579852
1819    0.369302199528
1821    0.369302199516
1823    0.369302178292
1825    0.369302163969
1827    0.369299039866
1829    0.369299039866
1831    0.369298979309
1833    0.369298807155
1835    0.369298807137
1837    0.369298637074
1839    0.369298607747
1841    0.369290803067
1843    0.369284878676
1845    0.369277152111
1847    0.36926962778
1849    0.369261989866
1851    0.369259676365
1853    0.369251889845
1855    0.369251858996
1857    0.369251850507
1859    0.36924487135
1861    0.369244870705
1863    0.369240246579
1889    0.366077762231
1891    0.36607697134
1893    0.366076345005
1895    0.36607200311
1921    0.36278775793
1923    0.362783037252
1925    0.362781706656
1927    0.362781351582
1929    0.362777113107
1931    0.362777113096
1933    0.362776929539
1935    0.362771431043
1937    0.362769710447
1939    0.362764692986
1941    0.362763620788
1943    0.362763198459
1945    0.362762972426
1947    0.362755196298
1949    0.362746644318
1951    0.362745840416
1953    0.362745612606
1955    0.362745422608
1957    0.362738097276
1959    0.362737547483
1961    0.362730549485
1963    0.362730530375
1965    0.362730530357
1967    0.362723295398
1969    0.362723147595
1971    0.362720418469
1973    0.362720418465
1975    0.362720402721
1977    0.362720392096
1979    0.362718024268
1981    0.362718024268
1983    0.362717969941
1985    0.362717798058
1987    0.362717798044
1989    0.362717628018
1991    0.36271755686
1993    0.362709815152
1995    0.362704903617
1997    0.362697701617
1999    0.362690688131
2001    0.362683020129
2003    0.362681282644
2005    0.362674052416
2007    0.362673979844
2009    0.362673971996
2011    0.362667462163
2013    0.362667185247
2015    0.362663224648
2041    0.359232770501
2043    0.359232041256
2045    0.359231461911
2047    0.359227691943
2073    0.35578258902
2075    0.355776128655
2077    0.355773839203
2079    0.355773437318
2081    0.355767351086
2083    0.355767330755
2085    0.355766965305
2087    0.355762116518
2089    0.355760734818
2091    0.35575633042
2093    0.3557553127
2095    0.355754900656
2097    0.355754644997
2099    0.35574665696
2101    0.355738554298
2103    0.355737728231
2105    0.355737546163
2107    0.355737394319
2109    0.355730482923
2111    0.355729916536
2113    0.355723195472
2115    0.355723192564
2117    0.355723192551
2119    0.355716382155
2121    0.355716225068
2123    0.355714155188
2125    0.355714155186
2127    0.355714141775
2129    0.355714132723
2131    0.355712337866
2133    0.355712337864
2135    0.355712286287
2137    0.355712114537
2139    0.355712114525
2141    0.355711944595
2143    0.355711817078
2145    0.355704106688
2147    0.355700019801
2149    0.355693298898
2151    0.355686753923
2153    0.35567908169
2155    0.355677788875
2157    0.355671069819
2159    0.355670943211
2161    0.355670935958
2163    0.355664846549
2165    0.355663876001
2167    0.355660401559
2193    0.352181224131
2195    0.352180510949
2197    0.352179942682
2199    0.352176594996
2225    0.348802256559
2227    0.348793771313
2229    0.348790259108
2231    0.348789834383
2233    0.348781906418
2235    0.348781830376
2237    0.348781316075
2239    0.348777021778
2241    0.348775835013
2243    0.348771952284
2245    0.348770983961
2247    0.348770582016
2249    0.348770297511
2251    0.348762188358
2253    0.348754511396
2255    0.348753663302
2257    0.348753510598
2259    0.348753383248
2261    0.348746862426
2263    0.348746279351
2265    0.348739769284
2267    0.348739768644
2269    0.348739768634
2271    0.3487333464
2273    0.348733184556
2275    0.348731614285
2277    0.348731614284
2279    0.34873160196
2281    0.348731593642
2283    0.348730232886
2285    0.348730232884
2287    0.348730182555
2289    0.348730010926
2291    0.348730010916
2293    0.348729841089
2295    0.348729645219
2297    0.348721952495
2299    0.348718538406
2301    0.34871225901
2303    0.34870614399
2305    0.348698480755
2307    0.348697529466
2309    0.348691280332
2311    0.348691090627
2313    0.348691083924
2315    0.348685371911
2317    0.348683406081
2319    0.348680296213
2345    0.345384093339
2347    0.345383384814
2349    0.345382818763
2351    0.345379796021
2377    0.342289657812
2380    0.342270537148
2382    0.342265681296
2384    0.342265257989
2387    0.342253005463
2389    0.342252847889
2391    0.342252224308
2393    0.342248403574
2395    0.34224733247
2397    0.342243894315
2399    0.342242970455
2401    0.342242578405
2403    0.342242266117
2405    0.342234100438
2407    0.342226826582
2409    0.342225956509
2411    0.342225823216
2413    0.342225712059
2415    0.342219559758
2417    0.34221895988
2419    0.342212615915
2421    0.342212605959
2423    0.342212605952
2425    0.342206538798
2427    0.342206374406
2429    0.342205182798
2431    0.342205182796
2433    0.342205171026
2435    0.342205163081
2437    0.342204131245
2439    0.342204131242
2441    0.342204081494
2443    0.342203909987
2445    0.342203909979
2447    0.342203740253
2449    0.342203466262
2451    0.342195785982
2453    0.342192922026
2455    0.342187048032
2457    0.342181327809
2459    0.342173680689
2461    0.3421729901
2463    0.342167173167
2465    0.342166914268
2467    0.342166908074
2469    0.342161534377
2471    0.342157294195
2473    0.342154486322
2499    0.339223785879
2501    0.339223463081
2503    0.339223204588
2505    0.339220460873
2531    0.33655711562
2534    0.336537102062
2537    0.336523814766
2539    0.336523410148
2542    0.336507174551
2544    0.336506917478
2546    0.336506217213
2548    0.336502801446
2550    0.336501800575
2552    0.336498741993
2554    0.336497857971
2556    0.336497475608
2558    0.336497136798
2560    0.336488960097
2562    0.336482067815
2564    0.336481175745
2566    0.336481055644
2568    0.33648095549
2570    0.3364751509
2572    0.336474534088
2574    0.336468325441
2576    0.336468296631
2578    0.336468296626
2580    0.336462554494
2582    0.336462388639
2584    0.336461484073
2586    0.336461484072
2588    0.336461472613
2590    0.336461464878
2592    0.336460682298
2594    0.336460682296
2596    0.336460632828
2598    0.336460461443
2600    0.336460461437
2602    0.336460291809
2604    0.336459931888
2606    0.336452262753
2608    0.336449849695
2610    0.336444348162
2612    0.336438990653
2614    0.336431363791
2616    0.336430870716
2618    0.336425451489
2620    0.336425119056
2622    0.336425113333
2624    0.336420044909
2626    0.33641353827
2628    0.33641098887
2654    0.333951052156
2656    0.333950909079
2658    0.33395079427
2660    0.333948300626
2686    0.331772216978
2690    0.331743635936
2693    0.331730179103
2695    0.331729808249
2698    0.331713397065
2700    0.331713028806
2702    0.331712275622
2704    0.331709206742
2706    0.331708249256
2708    0.331705515434
2710    0.331704667004
2712    0.331704294115
2714    0.33170393017
2716    0.331695774275
2718    0.331689243109
2720    0.331688328979
2722    0.331688218084
2724    0.331688125613
2726    0.331682649104
2728    0.331682015217
2730    0.331675920655
2732    0.331675865226
2734    0.331675865222
2736    0.331670420796
2738    0.331670254033
2740    0.331669567106
2742    0.331669567104
2744    0.33166955584
2746    0.331669548238
2748    0.331668954578
2750    0.331668954576
2752    0.331668905252
2754    0.331668733988
2756    0.331668733983
2758    0.331668564452
2760    0.331668112509
2762    0.331660455017
2764    0.331658412467
2766    0.331653253329
2768    0.331648229258
2770    0.331640625333
2772    0.331640280519
2774    0.331635227456
2776    0.331634819292
2778    0.331634814003
2780    0.331630020359
2783    0.331611957908
2785    0.331609650138
2811    0.329641453167
2813    0.329641374254
2815    0.329641310823
2817    0.329639058009
2843    0.327936371992
2847    0.327906873515
2850    0.327893625193
2852    0.327893297157
2855    0.327878118626
2857    0.327877632431
2859    0.327876842728
2861    0.327874071569
2863    0.327873141232
2865    0.327870685909
2867    0.327869869224
2869    0.327869505595
2871    0.327869117979
2873    0.327861005017
2875    0.327854815577
2877    0.327853879287
2879    0.327853774995
2881    0.327853688033
2883    0.327848521103
2885    0.32784786999
2887    0.327841874794
2889    0.327841786512
2891    0.327841786509
2893    0.32783661497
2895    0.327836447598
2897    0.327835925729
2899    0.327835925727
2901    0.327835914601
2903    0.327835907092
2905    0.327835456649
2907    0.327835456646
2909    0.327835407406
2911    0.32783523626
2913    0.327835236255
2915    0.327835066818
2917    0.327834518271
2919    0.327826873715
2921    0.327825136425
2923    0.327820292243
2925    0.327815574887
2927    0.327807995843
2929    0.327807761024
2931    0.327803045278
2933    0.327802559815
2935    0.327802554929
2937    0.327798011259
2940    0.327777785985
2942    0.327775712944
2968    0.326261103422
2970    0.326261060223
2972    0.326261025445
2974    0.326259008905
3000    0.324972160857
3004    0.324942605579
3007    0.32493044133
3009    0.324930160017
3012    0.324917020626
3014    0.324916413553
3016    0.324915598359
3018    0.324913083272
3020    0.324912170099
3022    0.324909954183
3024    0.324909165783
3026    0.324908811204
3028    0.32490840141
3030    0.324900346678
3032    0.324894480609
3034    0.324893522035
3036    0.324893422615
3038    0.32489333972
3040    0.324888464927
3042    0.32488779643
3044    0.324881890342
3046    0.324881764295
3048    0.324881764292
3050    0.324876843082
3052    0.324876675278
3054    0.324876278628
3056    0.324876278626
3058    0.324876267606
3060    0.324876260167
3062    0.324875918317
3064    0.324875918314
3066    0.32487586913
3068    0.324875698098
3070    0.324875698095
3072    0.32487552875
3074    0.324874880331
3076    0.324867250326
3078    0.324865765261
3080    0.324861210983
3082    0.324856775948
3084    0.324849223347
3086    0.324849068905
3088    0.324844664096
3090    0.324844101377
3092    0.324844096862
3094    0.324839779504
3098    0.324811034137
3100    0.324809184411
3126    0.323678599627
3128    0.323678418169
3130    0.323678272048
3132    0.323676481411
3158    0.322729555661
3162    0.322697538502
3164    0.322689514046
3166    0.322689283663
3168    0.322684181477
3170    0.322683453471
3172    0.322682620119
3174    0.322680325776
3176    0.322679423554
3178    0.322677413955
3180    0.322676650745
3182    0.322676305008
3184    0.322675874531
3186    0.322667888533
3188    0.32266232848
3190    0.322661347479
3192    0.322661251765
3194    0.322661171963
3196    0.322656572873
3198    0.322655886828
3200    0.322650062655
3202    0.322649895062
3204    0.32264989506
3206    0.322645203667
3208    0.322645035547
3210    0.322644733922
3212    0.32264473392
3214    0.322644722986
3216    0.322644715606
3218    0.322644456113
3220    0.32264445611
3222    0.322644406968
3224    0.32264423605
3226    0.322644236047
3228    0.322644066792
3230    0.322643316379
3232    0.322635702648
3234    0.3226344266
3236    0.322630139348
3238    0.322625964353
3240    0.322618439543
3242    0.322618342664
3244    0.322614224657
3246    0.322613585366
3248    0.322613581195
3250    0.322609469827
3253    0.322590473861
3255    0.322588852889
3281    0.321763339768
3283    0.321763288065
3285    0.321763246373
3287    0.321761681582
3313    0.321078437798
3317    0.321049918374
3319    0.32104435725
3321    0.321044172661
3323    0.321038880324
3325    0.321038033473
3327    0.321037186834
3329    0.32103508322
3331    0.321034188042
3333    0.321032356698
3335    0.321031615912
3337    0.321031278814
3339    0.321030829129
3341    0.321022919015
3343    0.321017648573
3345    0.321016644986
3347    0.321016552185
3349    0.321016474815
3351    0.321012135933
3353    0.321011432172
3355    0.321005684829
3357    0.321005472881
3359    0.321005472879
3361    0.321000992641
3363    0.321000824288
3365    0.3210005948
3367    0.321000594797
3369    0.321000583937
3371    0.321000576606
3373    0.321000379587
3375    0.321000379584
3377    0.32100033048
3379    0.321000159672
3381    0.32100015967
3383    0.320999990505
3385    0.320999136967
3387    0.320991541233
3389    0.320990438941
3391    0.32098639781
3393    0.320982462498
3395    0.320974966696
3397    0.3209749099
3399    0.320971056604
3401    0.320970343034
3403    0.320970339184
3405    0.320966413399
3408    0.320946976159
3410    0.320945569408
3436    0.320352653982
3438    0.320352642261
3440    0.320352632787
3442    0.320351278096
3468    0.319865335854
3471    0.319846574513
3473    0.319842091396
3475    0.319841946559
3477    0.319837207017
3479    0.319836244963
3481    0.319835388292
3483    0.319833449853
3485    0.319832559242
3487    0.319830882304
3489    0.31983016148
3491    0.319829832822
3493    0.319829365363
3495    0.31982153594
3497    0.319816539605
3499    0.319815513266
3501    0.319815422832
3503    0.319815347439
3505    0.319811254158
3507    0.319810532506
3509    0.31980485836
3511    0.319804600075
3513    0.319804600073
3515    0.319800313999
3517    0.319800145477
3519    0.319799970771
3521    0.319799970768
3523    0.319799959972
3525    0.319799952685
3527    0.319799803067
3529    0.319799803063
3531    0.319799753997
3533    0.319799583296
3535    0.319799583294
3537    0.319799414218
3539    0.319798457282
3541    0.319790881226
3543    0.319789923828
3545    0.31978610971
3547    0.319782395473
3549    0.319774929797
3551    0.319774899782
3553    0.319771290971
3555    0.31977050495
3557    0.319770501395
3559    0.319766745043
3561    0.319757599759
3563    0.319756390277
3589    0.319335583074
3591    0.319335581599
3593    0.319335580421
3595    0.319334417493
3621    0.318992593774
3624    0.31897571768
3626    0.318971956815
3628    0.318971845213
3630    0.318967832257
3632    0.318966759728
3634    0.318965895226
3636    0.318964100163
3638    0.318963212533
3640    0.31896166969
3642    0.31896096663
3644    0.318960646216
3646    0.318960162369
3648    0.318952416806
3650    0.318947679925
3652    0.318946630656
3654    0.31894654221
3656    0.318946468478
3658    0.318942607025
3660    0.318941867304
3662    0.31893626372
3664    0.318935957815
3666    0.318935957814
3668    0.318931850424
3670    0.318931681785
3672    0.318931548697
3674    0.318931548694
3676    0.318931537956
3678    0.318931530707
3680    0.318931417063
3682    0.318931417059
3684    0.318931368029
3686    0.318931197434
3688    0.318931197433
3690    0.318931028444
3692    0.318929968572
3694    0.318922413805
3696    0.318921577641
3698    0.318917973057
3700    0.318914462872
3702    0.318907028364
3704    0.318907015092
3706    0.318903632237
3708    0.318902777235
3710    0.318902773955
3712    0.318899170272
3715    0.318882487515
3717    0.318881450715
3743    0.318585605396
3745    0.318585587774
3747    0.318585573526
3749    0.318584578643
3763    0.318459986856
3766    0.318443158648
3768    0.318439907611
3770    0.318439820003
3772    0.318436520271
3774    0.318435342717
3776    0.318434471901
3778    0.318432801569
3780    0.318431915891
3782    0.318430489803
3784    0.318429802549
3786    0.318429490187
3788    0.318428991274
3790    0.318421331586
3792    0.318416840308
3794    0.318415767923
3796    0.318415681202
3798    0.31841560891
3800    0.318411966286
3802    0.318411208315
3804    0.318405673335
3806    0.318405319119
3808    0.318405319119
3810    0.318401376293
3812    0.318401207582
3814    0.318401106125
3816    0.318401106122
3818    0.318401095435
3820    0.318401088221
3822    0.318401001883
3824    0.318401001879
3826    0.318400952885
3828    0.318400782396
3830    0.318400782394
3832    0.318400613493
3834    0.31839945177
3836    0.318391919824
3838    0.318391185428
3840    0.318387774379
3842    0.318384452666
3844    0.31837705029
3846    0.318377046265
3848    0.318373872378
3850    0.318372951086
3852    0.318372948061
3854    0.318369484264
3856    0.31836145706
3858    0.318360593015
3864    0.318313802359
3866    0.318313787054
3868    0.31831377476
3870    0.318312960852
3872    0.318304134887
3874    0.318296558514
3876    0.318293602744
3878    0.318293563202
3880    0.318290861154
3882    0.318289584458
3884    0.318288708397
3886    0.318287146808
3888    0.31828626241
3890    0.318284938235
3892    0.318284265038
3894    0.318283960541
3896    0.318283447822
3898    0.318275875209
3900    0.318271616437
3902    0.318270520742
3904    0.318270435557
3906    0.31827036455
3908    0.318266928491
3910    0.31826615208
3912    0.318260684209
3914    0.318260281488
3916    0.318260281487
3918    0.318256490338
3920    0.31825632159
3922    0.318256244186
3924    0.318256244182
3926    0.318256233542
3928    0.31825622636
3930    0.318256160755
3932    0.318256160751
3934    0.318256111793
3936    0.318255941407
3938    0.318255941406
3940    0.318255772592
3942    0.318254510632
3944    0.318247002949
3946    0.318246354284
3948    0.318243122117
3950    0.318239974605
3952    0.318232605252
3954    0.318232604953
3956    0.318229624453
3958    0.318228640396
3960    0.318228637608
3962    0.318225300776
3964    0.318217958751
3966    0.318217258427
3968    0.31820816126
3970    0.318208154712
3972    0.318208149463
3974    0.31820748981
3976    0.318198786885
3978    0.318191343349
3980    0.318188749832
3982    0.318188733642
3984    0.318186466993
3986    0.318185097265
3988    0.318184216738
3990    0.318182750162
3992    0.318181866598
3994    0.318180631609
3996    0.318179970914
3998    0.318179674099
4000    0.318179148765
4002    0.318171663885
4004    0.318167625255
4006    0.318166506052
4008    0.318166422271
4010    0.318166352437
4012    0.318163111381
4014    0.318162316341
4016    0.318156914423
4018    0.318156463414
4020    0.318156463413
4022    0.31815281218
4024    0.318152643428
4026    0.318152584322
4028    0.318152584318
4030    0.318152573721
4032    0.318152566567
4034    0.318152516708
4036    0.318152516704
4038    0.318152467784
4040    0.3181522975
4042    0.318152297499
4044    0.318152128772
4046    0.318150768635
4048    0.318143286597
4050    0.31814271041
4052    0.318139643709
4054    0.318136657336
4056    0.318129321869
4058    0.318129321301
4060    0.318126519903
4062    0.318125476793
4064    0.318125474225
4066    0.318122252949
4068    0.318115414439
4070    0.318114849512
4072    0.31810588235
4074    0.318105879484
4076    0.318105877192
4078    0.318105342408
4080    0.318096761599
4082    0.318089505929
4084    0.318087273954
4086    0.318087266868
4088    0.318085345124
4090    0.318083888531
4092    0.318083004121
4094    0.318081620727
4096    0.318080737695
4098    0.318079580952
4100    0.318078931366
4102    0.318078642055
4104    0.318078105228
4106    0.31807070834
4108    0.318066878162
4110    0.31806573525
4112    0.318065652775
4114    0.318065584034
4116    0.31806252707
4118    0.318061713208
4120    0.318056376301
4122    0.318055877562
4124    0.318055877561
4126    0.318052355495
4128    0.318052186767
4130    0.31805214159
4132    0.318052141586
4134    0.318052131028
4136    0.3180521239
4138    0.318052086002
4140    0.318052085998
4142    0.318052037115
4144    0.318051866933
4146    0.318051866932
4148    0.318051698292
4150    0.318050242409
4152    0.318042787321
4154    0.318042272624
4156    0.318039359094
4158    0.318036521884
4160    0.318029221108
4162    0.318029217453
4164    0.318026582042
4166    0.318025483581
4168    0.318025481214
4170    0.31802236532
4172    0.318015948923
4174    0.318015493323
4176    0.318006654978
4178    0.318006653656
4180    0.318006652603
4182    0.318006218873
4184    0.31799775913
4186    0.317990723666
4188    0.317988816253
4190    0.317988812875
4192    0.317987178473
4194    0.317985641117
4196    0.317984753276
4198    0.317983442846
4200    0.317982560136
4202    0.317981472205
4204    0.317980832486
4206    0.317980550503
4208    0.317980003236
4210    0.317972694315
4212    0.317969061537
4214    0.317967894705
4216    0.317967813467
4218    0.317967745758
4220    0.317964862588
4222    0.317964029704
4224    0.317958757012
4226    0.317958211378
4228    0.317958211377
4230    0.317954808644
4232    0.317954639963
4234    0.317954605397
4236    0.317954605393
4238    0.31795459487
4240    0.317954587766
4242    0.317954558957
4244    0.317954558953
4246    0.317954510108
4248    0.317954340026
4250    0.317954340026
4252    0.317954171473
4254    0.317952622574
4256    0.317945195665
4258    0.317944733325
4260    0.317941961686
4262    0.317939262654
4264    0.317931997317
4266    0.317931988655
4268    0.317929507188
4270    0.317928357024
4272    0.317928354845
4274    0.317925335227
4276    0.317919284788
4278    0.317918917417
4280    0.317910206611
4282    0.31791020594
4284    0.317910205408
4286    0.31790985345
4288    0.317901513653
4290    0.317894715802
4292    0.317893090452
4294    0.317893088669
4296    0.317891697905
4298    0.317890085731
4300    0.31788919482
4302    0.317887948505
4304    0.317887065967
4306    0.317886038698
4308    0.317885407734
4310    0.317885132908
4312    0.317884576184
4314    0.317877354999
4316    0.317873909166
4318    0.317872718203
4320    0.317872638146
4322    0.317872571426
4324    0.317869852326
4326    0.317869000218
4328    0.317863791037
4330    0.317863199568
4332    0.317863199567
4334    0.317859907162
4336    0.31785973855
4338    0.317859712071
4340    0.317859712066
4342    0.317859701577
4344    0.317859694496
4346    0.317859672594
4348    0.317859672589
4350    0.317859623783
4352    0.317859453802
4354    0.317859453801
4356    0.317859285336
4358    0.317857646394
4360    0.31785024882
4362    0.317849831222
4364    0.317847191121
4366    0.317844620186
4368    0.317837390983
4370    0.317837376077
4372    0.317835037485
4374    0.317833839182
4376    0.317833837176
4378    0.317830905673
4380    0.317825181154
4382    0.317824884958
4384    0.317816300356
4386    0.317816299959
4388    0.317816299647
4390    0.317816013862
4392    0.317807792835
4394    0.317801240303
4396    0.317799857394
4398    0.317799856345
4400    0.317798673316
4402    0.317796992052
4404    0.317796098367
4406    0.317794908485
4408    0.317794026008
4410    0.317793052342
4412    0.317792429137
4414    0.317792161301
4416    0.317791596037
4418    0.317784462211
4420    0.317781193438
4422    0.317779978124
4424    0.317779899208
4426    0.317779833441
4428    0.317777269233
4430    0.317776397693
4432    0.317771251383
4434    0.317770615316
4436    0.317770615315
4438    0.317767424987
4440    0.317767256462
4442    0.317767236151
4444    0.317767236146
4446    0.317767225687
4448    0.317767218627
4450    0.317767201976
4452    0.317767201971
4454    0.317767153204
4456    0.317766983322
4458    0.317766983322
4460    0.317766814944
4462    0.317765089122
4464    0.317757721969
4466    0.317757342746
4468    0.317754824677
4470    0.317752372581
4472    0.317745180156
4474    0.317745158285
4476    0.317742952392
4478    0.317741709404
4480    0.317741707557
4482    0.317738856841
4484    0.317733428622
4486    0.317733189824
4488    0.317724730046
4490    0.317724729762
4492    0.317724729539
4494    0.317724497311
4496    0.317716393831
4498    0.317710088097
4500    0.317708912721
4502    0.317708912035
4504    0.317707906381
