26    2.04345966268
52    1.89174716067
61    1.76738563358
87    1.64606937014
89    1.64606881801
100    1.52299816666
109    1.52188336515
135    1.43309245098
146    1.30926773457
172    1.24879079018
198    1.22752373842
214    1.10433920641
240    1.09620818184
266    1.05528662202
278    0.931055401213
304    0.820475871706
330    0.817443191465
356    0.711565600432
382    0.690337099909
408    0.550662009996
434    0.222005515914
460    0.212893113427
486    0.19348823571
512    0.184351002001
538    0.180549153266
540    0.180549100591
542    0.180546413731
544    0.180546413731
546    0.180546413409
548    0.180536116059
574    0.174546931701
576    0.174546923975
602    0.162704064964
628    0.16192221234
630    0.16192221234
656    0.160283889245
682    0.144574817302
684    0.144574817266
707    0.143518494975
733    0.141165494076
741    0.141045059514
767    0.135370247958
793    0.133363312129
819    0.124157001171
839    0.123599487916
865    0.121627077677
891    0.120051322792
917    0.119333554759
919    0.119333533828
921    0.119333210527
923    0.119333210526
925    0.119333210525
927    0.119323652921
953    0.117232561968
955    0.117232560498
981    0.11453266543
983    0.114523911731
985    0.114523902721
1011    0.113868597623
1037    0.105154149167
1039    0.105154149165
1041    0.10514632534
1067    0.103721477347
1069    0.103720156908
1095    0.101046129214
1119    0.100522352171
1145    0.0981606422477
1147    0.0981479026724
1162    0.097899138849
1172    0.0977651805314
1175    0.0977380588632
1177    0.0977380448421
1179    0.0977379748967
1181    0.0977379748893
1183    0.097737974888
1185    0.0977289692896
1211    0.0969513434549
1213    0.0969513430705
1239    0.0961053841882
1241    0.0961017410284
1243    0.0961017352082
1249    0.0960308446189
1275    0.0905958615014
1277    0.0905958614995
1279    0.0905929277278
1305    0.0898022282591
1307    0.0898019904039
1333    0.0885504462588
1335    0.0885376996796
1361    0.0875495896962
1363    0.0875374889821
1365    0.0875290163733
1367    0.0875170724489
1369    0.0875044594019
1371    0.0875044477285
1373    0.0875044209392
1375    0.0875044209226
1377    0.0875044209201
1379    0.087495872865
1389    0.0873591694073
1391    0.0873591691314
1406    0.0871128848241
1408    0.0871102087966
1410    0.0871102073476
1412    0.0870975501741
1438    0.0835138348024
1440    0.0835138348023
1442    0.0835112605226
1468    0.083075467728
1470    0.0830753675005
1496    0.082494160232
1498    0.0824820139373
1524    0.0820191835411
1526    0.0820077964577
1528    0.0820028716137
1530    0.0819916365477
1532    0.0819797193062
1534    0.0819797087672
1536    0.0819796914616
1538    0.0819796914507
1540    0.0819796914483
1542    0.0819715466637
1544    0.0819589088579
1546    0.0819589087411
1552    0.0818877450281
1554    0.081885297917
1556    0.0818852975948
1558    0.0818731572209
1584    0.0793658796735
1586    0.0793658796731
1588    0.079363623189
1590    0.079353543875
1592    0.0793535163211
1597    0.0792988791461
1599    0.0792873216431
1601    0.0792744875802
1603    0.079263956346
1605    0.0792593413843
1607    0.0792487710672
1609    0.0792375059814
1611    0.0792374961674
1613    0.0792374830728
1615    0.0792374830679
1617    0.0792374830679
1619    0.0792297066873
1621    0.0792175361417
1623    0.0792175360451
1626    0.0791900253628
1628    0.0791877820743
1630    0.0791877816648
1632    0.0791761313017
1658    0.0772228623624
1660    0.0772228623622
1662    0.0772208862282
1664    0.0772130932964
1666    0.0772130717496
1668    0.0772034221522
1670    0.0771924297583
1672    0.0771800091228
1674    0.0771702500051
1676    0.0771659227141
1678    0.0771559759108
1680    0.0771453226007
1682    0.0771453133362
1684    0.0771453032436
1686    0.077145303242
1688    0.077145303242
1690    0.0771378697144
1692    0.0771261447011
1694    0.0771261446001
1696    0.077113823143
1698    0.077111761833
1700    0.07711176152
1702    0.077100578405
1728    0.0755495826247
1730    0.075549582622
1732    0.0755478445228
1734    0.0755416763309
1736    0.075541656747
1738    0.0755346478539
1740    0.0755241793051
1742    0.0755121545224
1744    0.0755030971464
1746    0.0754990370657
1748    0.0754896750954
1750    0.0754795959087
1752    0.0754795870995
1754    0.0754795791758
1756    0.0754795791754
1758    0.0754795791749
1760    0.0754724674931
1762    0.0754611681983
1764    0.0754611680901
1766    0.0754508105468
1768    0.0754489121243
1770    0.0754489118584
1772    0.0754381751622
1798    0.0742013418177
1800    0.0742013418146
1802    0.074199806407
1804    0.0741949116388
1806    0.0741948938711
1808    0.0741896582386
1810    0.0741796804813
1812    0.0741680350473
1814    0.0741596186469
1816    0.074155806919
1818    0.0741469935091
1820    0.074137453268
1822    0.0741374448577
1824    0.0741374385215
1826    0.0741374385215
1828    0.0741374385212
1830    0.0741306303214
1832    0.0741197385109
1834    0.0741197383992
1836    0.0741113318758
1838    0.0741095796156
1840    0.0741095793979
1842    0.0740992697582
1868    0.0731108665398
1870    0.0731108665366
1872    0.0731095047444
1874    0.0731055913519
1876    0.0731055752542
1878    0.0731014616183
1880    0.0730919465761
1882    0.0730806649707
1884    0.0730728361411
1886    0.0730692553711
1888    0.07306095652
1890    0.0730519223253
1892    0.0730519142764
1894    0.0730519091171
1896    0.073051909117
1898    0.0730519091164
1900    0.073045387785
1902    0.0730348865559
1904    0.0730348864421
1906    0.0730281682393
1908    0.073026547454
1910    0.0730265472787
1912    0.0730166464894
1938    0.0722248885434
1940    0.0722248885409
1942    0.0722236762354
1944    0.0722205121727
1946    0.0722204976034
1948    0.0722170259065
1950    0.0722079488082
1952    0.0721970164162
1954    0.0721897276644
1956    0.0721863618008
1958    0.0721785456407
1960    0.0721699867088
1962    0.072169978994
1964    0.0721699747187
1966    0.0721699747186
1968    0.072169974718
1970    0.0721637249482
1972    0.0721535985313
1974    0.0721535984175
1976    0.0721482635262
1978    0.0721467612888
1980    0.0721467611485
1982    0.0721372520569
2008    0.0715008458447
2010    0.0715008458427
2012    0.0714997628557
2014    0.0714971681357
2016    0.0714971549608
2018    0.0714939761319
2020    0.0714853145797
2022    0.071474717623
2024    0.071467926367
2026    0.0714647605882
2028    0.0714573972557
2030    0.0714492847684
2032    0.071449277367
2034    0.071449273764
2036    0.0714492737636
2038    0.071449273763
2040    0.0714432813138
2042    0.0714335149194
2044    0.0714335148055
2046    0.0714292863739
2048    0.0714278912833
2050    0.0714278911707
2052    0.0714187575739
2078    0.0709047544087
2080    0.070904754407
2082    0.0709037837725
2084    0.0709016205655
2086    0.0709016086595
2088    0.0708984717403
2090    0.0708902051597
2092    0.0708799306301
2094    0.0708735984579
2096    0.0708706190713
2098    0.0708636805816
2100    0.0708559875561
2102    0.0708559804511
2104    0.0708559773667
2106    0.0708559773661
2108    0.0708559773655
2110    0.0708502289201
2112    0.0708408086129
2114    0.0708408084994
2116    0.0708374556843
2118    0.0708361576609
2120    0.0708361575709
2122    0.0708273841223
2148    0.0704095501398
2150    0.0704095501388
2152    0.0704086775076
2154    0.0704068408876
2156    0.0704068301337
2158    0.0704035565657
2160    0.0703956658598
2162    0.0703857014614
2164    0.0703797935655
2166    0.0703769879162
2168    0.0703704480436
2170    0.070363149208
2172    0.0703631423833
2174    0.0703631397044
2176    0.0703631397039
2178    0.0703631397033
2180    0.0703576227743
2182    0.0703485353729
2184    0.0703485352604
2186    0.0703458724581
2188    0.0703446625752
2190    0.0703446625026
2192    0.0703362346304
2204    0.070183228625
2206    0.070183228625
2208    0.0701824417977
2210    0.0701807257989
2212    0.070180716006
2214    0.0701773475404
2216    0.0701698168795
2218    0.0701601509579
2220    0.0701546356719
2222    0.0701519920521
2224    0.0701458262133
2226    0.0701388978868
2228    0.0701388913299
2230    0.0701388889723
2232    0.0701388889713
2234    0.0701388889705
2236    0.0701335918206
2238    0.0701248248007
2240    0.0701248246786
2242    0.0701224601847
2244    0.0701213305144
2246    0.0701213304488
2248    0.070113233771
2250    0.0700999521941
2252    0.0700999521934
2254    0.070099240764
2256    0.0700975475687
2258    0.0700975386023
2260    0.0700941662861
2262    0.070086979777
2264    0.0700776012965
2266    0.0700724497394
2268    0.0700699573187
