23 2.25078770584
49 2.17554437909
51 2.17554339072
77 2.1493978894
79 2.14939788779
105 2.02555210066
131 1.90483928947
133 1.90482781904
147 1.90423636085
149 1.90423038112
156 1.77968245345
163 1.65516868868
165 1.65516815226
167 1.65516801211
169 1.65516792752
175 1.53064273347
186 1.4063779571
188 1.4063778029
190 1.40637604391
192 1.40637602956
218 1.35350786327
244 1.33049589175
270 1.30004220857
296 1.27960365663
322 1.26585595489
348 1.14596922163
374 1.02389974191
384 1.02363595775
386 1.0236278636
389 1.02360377528
415 1.00810988902
441 0.9188280706
467 0.907695394773
493 0.886642440779
519 0.876813951889
536 0.752544476937
562 0.692738695997
564 0.692738665499
590 0.663894949604
592 0.663893498559
618 0.578848775981
635 0.455995983606
661 0.434530348655
663 0.434527676245
689 0.429022000596
715 0.359616311644
741 0.329122061457
767 0.318150766058
769 0.318148447211
795 0.310644173114
797 0.310644145619
823 0.308451718584
825 0.308450829744
827 0.308450528959
829 0.308445349853
831 0.30844189268
833 0.308437695403
835 0.308436571096
837 0.308436024431
839 0.30843576038
841 0.308435472679
843 0.308435444632
845 0.308435392171
847 0.308435347356
849 0.308429436149
851 0.308429429871
853 0.30842068353
855 0.308420683015
881 0.30327460461
907 0.289236183469
933 0.28681634277
959 0.276021533749
985 0.275266221119
987 0.275265714534
989 0.275253794446
991 0.275247462998
993 0.275237316195
996 0.275212755864
1022 0.265479105992
1048 0.261156008412
1074 0.253315987087
1100 0.252290951445
1126 0.245778830941
1128 0.245773859266
1154 0.233040202994
1156 0.23303899461
1182 0.227709314017
1184 0.227703460029
1210 0.226973090141
1212 0.226970772883
1234 0.226525688955
1237 0.22650419177
1245 0.226405974584
1271 0.223442198041
1297 0.221951258565
1322 0.221476217677
1324 0.221474708305
1350 0.220842282171
1352 0.22084212925
1355 0.220818683378
1357 0.220817571921
1359 0.220817571914
1361 0.220814065139
1363 0.220812368899
1365 0.220809542437
1367 0.22080920245
1369 0.220808629305
1371 0.220808626247
1373 0.220808346409
1375 0.220808346099
1377 0.220808294272
1379 0.220808269971
1381 0.220806054339
1383 0.220806044911
1385 0.220796067959
1387 0.2207960672
1394 0.220717625718
1420 0.213511618658
1428 0.213419619082
1454 0.208030439094
1456 0.208024997164
1458 0.208024866178
1460 0.208014827544
1462 0.208010879435
1464 0.208003775545
1467 0.207980435774
1493 0.202511869474
1504 0.202362458966
1530 0.197860122517
1533 0.197836755896
1559 0.194221757252
1561 0.194215928668
1587 0.191715462253
1589 0.191714276205
1615 0.190767194942
1617 0.190761087424
1619 0.190760937281
1621 0.190760743279
1623 0.190752053157
1625 0.190740435985
1628 0.190716582418
1630 0.190714121843
1632 0.190703017383
1634 0.190692475442
1636 0.190690971125
1638 0.190680097809
1640 0.190679973335
1642 0.190669576027
1644 0.190668530037
1646 0.190668452277
1648 0.190666098978
1650 0.190664973415
1652 0.190663089239
1654 0.190662946933
1656 0.190662373722
1658 0.190662373683
1660 0.190662095484
1662 0.190662095482
1664 0.190662043578
1666 0.190662024361
1668 0.190661869864
1670 0.190661859081
1672 0.190657368442
1674 0.190657367549
1676 0.190652172054
1702 0.187251476577
1704 0.18724448495
1730 0.184708351794
1732 0.18470607134
1734 0.184704708951
1736 0.184696866258
1738 0.18469451944
1740 0.18469117275
1742 0.184679453372
1768 0.18230333761
1773 0.182253075612
1799 0.179984017684
1801 0.179973970567
1827 0.178131065617
1829 0.178124028359
1855 0.177667653029
1857 0.177666773316
1859 0.177657587603
1861 0.177652222561
1863 0.177652150143
1865 0.177651863018
1867 0.177644098409
1869 0.177636888174
1871 0.177626198701
1873 0.17762421549
1875 0.177614149235
1877 0.177604629476
1879 0.177603060704
1881 0.177593181554
1883 0.177593072062
1885 0.177583621176
1887 0.177582609963
1889 0.177582408087
1891 0.177580826813
1893 0.177579998349
1895 0.17757874281
1897 0.177578681152
1899 0.177578109132
1901 0.177578109131
1903 0.177577832378
1905 0.177577832378
1907 0.177577780458
1909 0.177577761802
1911 0.17757649357
1913 0.177576482504
1915 0.177573630169
1917 0.177573629254
1919 0.177570849966
1945 0.176060989756
1947 0.176056653214
1973 0.174900116371
1975 0.17489923493
1977 0.174897044666
1979 0.174891046864
1981 0.17488904344
1983 0.174887991107
1986 0.174866363771
2012 0.173993331112
2016 0.173955459701
2042 0.172858885745
2044 0.172850182909
2070 0.171922730093
2072 0.171914867498
2074 0.171903733655
2076 0.17190311967
2078 0.171894522063
2080 0.171889723318
2082 0.171889710909
2084 0.171888554772
2086 0.171881635754
2088 0.171876395357
2090 0.171866700855
2092 0.171865127164
2094 0.1718559956
2096 0.171847391487
2098 0.171845786693
2100 0.171836808746
2102 0.171836707231
2104 0.171828114837
2106 0.1718271224
2108 0.17182681561
2110 0.171825751493
2112 0.171825085756
2114 0.17182424971
2116 0.171824221756
2118 0.171823651292
2120 0.171823651292
2122 0.171823375988
2124 0.171823375988
2126 0.171823324114
2128 0.17182330552
2130 0.171821427131
2132 0.171821415956
2134 0.171819029877
2136 0.171819028967
2138 0.171817527702
2164 0.171171642403
2166 0.171168772034
2192 0.17064413177
2194 0.170643830026
2196 0.17063958322
2198 0.170634975763
2200 0.170634021215
2202 0.170633872896
2204 0.170623961628
2209 0.170575181825
2212 0.17055173081
2238 0.16993019539
2240 0.16992261271
2266 0.169377013227
2268 0.169368849209
2270 0.169358352947
2272 0.169357826688
2274 0.169349784318
2276 0.169345218175
2278 0.16934521702
2280 0.169343319991
2282 0.169337138943
2284 0.169332856132
2286 0.169324037934
2288 0.169322809828
2290 0.169314517989
2292 0.169306733971
2294 0.169305109186
2296 0.169296949142
2298 0.169296852062
2300 0.169289039177
2302 0.169288057066
2304 0.169287675877
2306 0.169286958447
2308 0.169286385702
2310 0.169285829557
2312 0.169285816146
2314 0.169285247536
2316 0.169285247536
2318 0.169284973693
2320 0.169284973693
2322 0.169284921912
2324 0.169284903322
2326 0.169282801058
2328 0.169282789807
2330 0.169280547654
2332 0.169280546754
2334 0.169279705729
2339 0.169230930284
2341 0.169228586667
2358 0.169012025912
2360 0.1690118613
2362 0.169006918922
2364 0.169003488393
2366 0.169002814684
2368 0.169002814671
2370 0.168993527525
2372 0.168988959187
2374 0.16897771024
2400 0.168623300357
2402 0.168616322411
2422 0.168369008794
2424 0.168360799829
2426 0.168350908742
2428 0.168350418426
2430 0.168342899586
2432 0.168338457443
2434 0.168338429307
2436 0.168336035279
2438 0.168330498721
2440 0.168326705308
2442 0.168318660807
2444 0.168317720246
2446 0.168310181691
2448 0.168303131937
2450 0.168301496158
2452 0.168294078911
2454 0.168293984418
2456 0.168286879708
2458 0.168285903452
2460 0.168285474007
2462 0.168284989185
2464 0.168284471417
2466 0.168284101973
2468 0.168284095102
2470 0.168283528593
2472 0.168283528593
2474 0.168283256222
2476 0.168283256222
2478 0.168283204573
2480 0.168283185968
2482 0.168281025506
2484 0.168281014194
2486 0.16827880218
2488 0.168278801293
2490 0.168278165677
2492 0.168269451413
2494 0.168267392727
2496 0.168255786223
2498 0.168255664683
2500 0.16825014047
2502 0.168247506577
2504 0.168247030635
2506 0.168246955279
2508 0.168238448268
2510 0.168236897985
2512 0.168226007951
2514 0.168216529962
2516 0.168210258468
2518 0.168198664395
2520 0.168190547133
2522 0.168181226707
2524 0.168180745218
2526 0.168173716957
2528 0.168169336597
2530 0.168169252164
2532 0.168166551029
2534 0.168161577904
2536 0.168158043012
2538 0.168150683115
2540 0.168149978649
2542 0.168143115424
2544 0.16813672312
2546 0.168135081425
2548 0.168128339025
2550 0.168128246135
2552 0.168121784996
2554 0.168120812246
2556 0.168120353551
2558 0.168120024963
2560 0.168119540605
2562 0.168119295632
2564 0.168119291853
2566 0.168118727648
2568 0.168118727648
2570 0.168118456757
2572 0.168118456757
2574 0.168118405272
2576 0.16811838665
2578 0.168116212283
2580 0.16811620091
2582 0.168113993736
2584 0.168113992861
2586 0.16811343578
2588 0.16810502192
2590 0.168103103271
2592 0.168091836101
2594 0.168091749341
2596 0.168085737314
2598 0.168083697817
2600 0.168083360455
2602 0.168083165582
2604 0.168075298905
2606 0.168073838377
2608 0.168063927783
2610 0.168054672139
2612 0.168049114539
2614 0.168037773164
2616 0.168029753795
2618 0.168020971624
2620 0.168020497799
2622 0.168013929447
2624 0.168009608619
2626 0.168009445988
2628 0.168006560816
2630 0.1680020809
2632 0.167998685502
2634 0.167991932652
2636 0.167991419312
2638 0.167985161532
2640 0.16797935811
2642 0.167977713413
2644 0.1679715843
2646 0.167971492484
2648 0.167965616339
2650 0.167964645889
2652 0.167964170806
2654 0.167963947298
2656 0.167963483739
2658 0.167963321692
2660 0.167963319464
2662 0.167962757726
2664 0.167962757726
2666 0.167962488323
2668 0.167962488323
2670 0.167962437025
2672 0.167962418389
2674 0.1679602373
2676 0.167960225867
2678 0.167958019759
2680 0.167958018897
2682 0.167957531215
2684 0.167949408554
2686 0.167947617353
2688 0.167936679337
2690 0.167936620121
2692 0.167930271745
2694 0.167928618569
2696 0.167928366657
2698 0.167928048655
2700 0.167920655549
2702 0.167919281125
2704 0.167910255455
2706 0.167901216887
2708 0.167896296011
2710 0.167885201971
2712 0.167877283189
2714 0.167869008632
2716 0.167868541948
2718 0.167862404685
2720 0.167858142487
2722 0.167857885859
2724 0.167854891045
2726 0.167850843472
2728 0.167847524498
2730 0.167841310985
2732 0.167840949833
2734 0.167835234986
2736 0.167829959274
2738 0.167828313296
2740 0.167822741593
2742 0.167822650563
2744 0.167817306218
2746 0.167816337478
2748 0.167815854381
2750 0.167815701666
2752 0.167815251375
2754 0.167815144517
2756 0.167815143121
2758 0.167814583983
2760 0.167814583983
2762 0.167814316073
2764 0.167814316072
2766 0.167814264981
2768 0.16781424633
2770 0.167812061177
2772 0.167812049685
2774 0.167809843518
2776 0.167809842669
2778 0.167809416256
2780 0.167801575545
2782 0.167799900388
2784 0.167789281525
2786 0.167789243557
2788 0.167782675359
2790 0.167781278729
2792 0.167781080995
2794 0.167780653496
2796 0.167773619674
2798 0.167772327782
2800 0.167764101935
2802 0.167755275284
2804 0.167750922076
2806 0.167740069953
2808 0.16773225294
2810 0.167724457036
2812 0.167723997226
2814 0.167718263974
2816 0.167714060025
2818 0.167713698562
2820 0.167710637799
2822 0.167706969796
2824 0.167703693362
2826 0.167697959967
2828 0.167697717502
2830 0.167692489772
2832 0.167687687231
2834 0.16768604103
2836 0.167680975991
2838 0.167680885587
2840 0.167676024716
2842 0.167675057423
2844 0.16767457164
2846 0.167674466721
2848 0.167674025128
2850 0.167673954954
2852 0.167673954036
2854 0.1676733976
2856 0.1676733976
2858 0.167673131183
2860 0.167673131183
2862 0.167673080315
2864 0.167673061648
2866 0.167670873545
2868 0.167670861993
2870 0.167668655527
2872 0.167668654689
2874 0.167668282322
2876 0.167660714381
2878 0.167659144939
2880 0.167648835455
2882 0.167648813271
2884 0.167642112684
2886 0.167640889668
2888 0.167640727228
2890 0.167640208961
2892 0.167633455179
2894 0.167632242329
2896 0.167624739668
2898 0.167616119883
2900 0.167612272559
2902 0.167601656928
2904 0.167593942183
2906 0.16758659756
2908 0.167586144468
2910 0.167580789782
2912 0.167576643884
2914 0.167576170751
2916 0.16757306948
2918 0.167569735257
2920 0.167566483094
2922 0.167561177931
2924 0.167561025487
2926 0.167556235069
2928 0.167551857083
2930 0.167550211353
2932 0.167545606874
2934 0.167545517007
2936 0.167541095694
2938 0.167540129761
2940 0.167539644624
2942 0.167539572058
2944 0.167539136368
2946 0.167539090533
2948 0.16753908991
2950 0.167538536257
2952 0.167538536257
2954 0.167538271335
2956 0.167538271335
2958 0.167538220702
2960 0.16753820202
2962 0.167536011545
2964 0.167535999934
2966 0.167533793217
2968 0.167533792393
2970 0.167533467655
2972 0.167526163455
2974 0.167524690372
2976 0.16751468074
2978 0.167514669615
2980 0.167507901142
2982 0.167506797498
2984 0.167506658643
2986 0.167506068031
2988 0.167499538816
2990 0.167498401601
2992 0.167491553099
2994 0.16748313523
2996 0.167479738526
2998 0.16746935399
3000 0.167461741674
3002 0.167454822465
3004 0.167454375979
3006 0.167449375955
3008 0.167445287954
3010 0.167444699519
3012 0.167441572631
3014 0.167438532413
3016 0.167435294736
3018 0.167430372269
3020 0.16743028543
3022 0.167425887897
3024 0.167421891123
3026 0.16742024635
3028 0.167416060533
3030 0.167415971153
3032 0.167411949483
3034 0.167410984916
3036 0.16741050248
3038 0.167410451882
3040 0.167410020372
3042 0.167409990646
3044 0.167409990218
3046 0.167409439411
3048 0.167409439411
3050 0.16740917598
3052 0.167409175979
3054 0.167409125591
3056 0.167409106893
3058 0.167406914436
3060 0.167406902764
3062 0.167404695937
3064 0.167404695125
3066 0.167404412327
3068 0.167397363033
3070 0.167395977833
3072 0.167386258793
3074 0.167386254655
3076 0.167379465307
3078 0.167378444793
3080 0.167378322079
3082 0.167377675156
3084 0.167371331354
3086 0.16737026645
3088 0.167364009922
3090 0.16735578912
3092 0.167352793609
3094 0.167342634825
3096 0.167335124902
3098 0.167328606675
3100 0.167328166699
3102 0.167323498884
3104 0.167319468616
3106 0.167318763782
3108 0.167315620144
3110 0.167312839345
3112 0.167309611006
3114 0.167305031209
3116 0.167304989277
3118 0.16730094499
3120 0.167297290775
3122 0.167295647329
3124 0.167291842095
3126 0.167291753171
3128 0.167288094862
3130 0.167287131715
3132 0.167286653222
3134 0.167286617598
3136 0.1672861892
3138 0.167286170102
3140 0.167286169809
3142 0.167285621895
3144 0.167285621895
3146 0.167285359952
3148 0.167285359952
3150 0.167285309816
3152 0.167285291103
3154 0.167283096976
3156 0.167283085244
3158 0.167280878468
3160 0.167280877669
3162 0.167280631767
3164 0.167273828778
3166 0.167272523775
3168 0.167263086342
3170 0.167263085699
3172 0.167256309407
3174 0.167255347355
3176 0.167255235938
3178 0.167254545828
3180 0.167248359603
3182 0.167247363769
3184 0.167241643179
3186 0.167233614693
3188 0.167230976181
3190 0.167221037876
3192 0.167213630184
3194 0.167207489861
3196 0.167207056306
3198 0.167202699613
3200 0.167198726886
3202 0.167197906539
3204 0.167194751595
3206 0.167192200099
3208 0.167188978494
3210 0.167184706126
3212 0.16718469164
3214 0.167180965222
3216 0.16717761908
3218 0.167175977262
3220 0.167172517998
3222 0.167172429511
3224 0.167169101582
3226 0.167168139929
3228 0.167167666114
3230 0.167167640743
3232 0.167167214792
3234 0.167167202675
3236 0.16716720248
3238 0.167166657495
3240 0.167166657495
3242 0.167166397036
3244 0.167166397036
3246 0.167166347158
3248 0.167166328429
3250 0.167164132909
3252 0.167164121116
3254 0.167161914557
3256 0.167161913769
3258 0.167161700295
3260 0.167155135258
3262 0.167153903483
3264 0.167144738947
3266 0.167144738814
3268 0.167137999868
3270 0.167137079227
3272 0.167136975888
3274 0.167136252955
3276 0.167130204377
3278 0.167129274456
3280 0.167124039297
3282 0.16711619847
3284 0.167113877449
3286 0.167104154434
3288 0.167096848708
3290 0.1670910645
3292 0.167090637283
3294 0.167086571909
3296 0.167082656493
3298 0.167081723051
3300 0.167078560296
3302 0.167076211845
3304 0.16707299576
3306 0.167068999744
3308 0.167068998054
3310 0.167065557918
3312 0.16706248907
