26    2.12127614639
52    1.97824663684
78    1.96993393962
91    1.84577651364
93    1.84577573691
119    1.75507053085
145    1.71614327976
171    1.60073273584
188    1.47809497328
214    1.35541552806
240    1.34535611587
247    1.22243214556
273    1.21654719038
299    1.09007731633
325    1.08227013518
351    0.960792871651
353    0.960789376016
379    0.892822547396
405    0.843927052876
431    0.812112563671
457    0.453812385489
483    0.439965674517
509    0.432682478974
535    0.421140590279
561    0.410663738352
587    0.406974952736
589    0.406973574
591    0.406973390228
617    0.405705450573
643    0.390286364656
669    0.385789240343
671    0.385789240261
673    0.385788931082
675    0.385778942572
677    0.385778942524
701    0.38525786824
706    0.385212357028
732    0.380924883055
734    0.380921946307
736    0.380921249907
762    0.377376685465
788    0.360767279769
814    0.349216101645
840    0.344987165029
866    0.339039823678
880    0.338812947353
906    0.329400779967
932    0.320736652235
958    0.318503384991
960    0.318503338323
962    0.31850327525
967    0.318458932205
993    0.306983934429
1019    0.306013388795
1021    0.306013388795
1023    0.306013272847
1025    0.306011655757
1027    0.306011655736
1029    0.306002209016
1031    0.305994451454
1057    0.303613885343
1059    0.303613878481
1061    0.303612944278
1087    0.303025520275
1113    0.291375886851
1139    0.285449535122
1165    0.28448078621
1191    0.281573513403
1193    0.28156783876
1219    0.273855226332
1245    0.266741505072
1271    0.265416885129
1273    0.265416865698
1275    0.26541684438
1277    0.265412082477
1303    0.255515429294
1316    0.255358465338
1318    0.255358465338
1320    0.255358390281
1322    0.255357531512
1324    0.255357531498
1326    0.255348638388
1328    0.25534173777
1354    0.254060127545
1356    0.254060080195
1358    0.254059474767
1368    0.25395375673
1394    0.244340183368
1420    0.241398452777
1436    0.241191825288
1462    0.239841405622
1464    0.239838305885
1490    0.233468028821
1516    0.227565322122
1542    0.226815758849
1544    0.226815738908
1546    0.226815731762
1548    0.226813263265
1574    0.217869631292
1576    0.217860447709
1578    0.217860447708
1580    0.21786040148
1582    0.21785964665
1584    0.217859646638
1586    0.217851365833
1588    0.217845011613
1614    0.217149867098
1616    0.217149856108
1618    0.217149487014
1620    0.217141661569
1646    0.20858499681
1672    0.207095152606
1674    0.207085212979
1700    0.206453795125
1702    0.206451068403
1728    0.201207775083
1754    0.196430946444
1780    0.196044171285
1782    0.196044146837
1784    0.196044144388
1786    0.196042931328
1812    0.187997479985
1814    0.187988991268
1816    0.187988991266
1818    0.187988964423
1820    0.187988297645
1822    0.187988297635
1824    0.187980587017
1826    0.187974577382
1852    0.187601293363
1854    0.187601290895
1856    0.187601074597
1858    0.187596513838
1884    0.179900335637
1910    0.179101031296
1912    0.179091215896
1938    0.178778317046
1940    0.178775914373
1966    0.174633627181
1992    0.170971697725
1994    0.170963491784
1996    0.170963465091
1998    0.170963465064
2000    0.170963170412
2026    0.163792675525
2028    0.163785041391
2030    0.163785041388
2032    0.163785026721
2034    0.163784435115
2036    0.163784435106
2038    0.163777255578
2040    0.16377145734
2042    0.163762225702
2044    0.163762182284
2046    0.163762180006
2048    0.163760243632
2074    0.156896046324
2100    0.156426202871
2102    0.156416569565
2104    0.156409315879
2106    0.156407165748
2132    0.153314183758
2158    0.150662865705
2160    0.150658754954
2162    0.15065872862
2164    0.150658728616
2166    0.15065863308
2192    0.144461927152
2194    0.144455122215
2196    0.144455122211
2198    0.144455114584
2200    0.144454587401
2202    0.144454587394
2204    0.144447901644
2206    0.144442250231
2208    0.144435966007
2210    0.144435835827
2212    0.144435833711
2214    0.144434925329
2240    0.138505065719
2266    0.138138766342
2268    0.138129577223
2270    0.13812452141
2272    0.138122593216
2298    0.135930499197
2324    0.134098455495
2326    0.134096785875
2328    0.134096760704
2330    0.134096760704
2332    0.13409672687
2358    0.128905961128
2360    0.128899923681
2362    0.128899923676
2364    0.128899919731
2366    0.128899448095
2368    0.128899448088
2370    0.128893221448
2372    0.128887644977
2374    0.12888343793
2376    0.128883220233
2378    0.128883218639
2380    0.128882770525
2406    0.123933748338
2432    0.123625086118
2434    0.123616313555
2436    0.123612633034
2438    0.123610900209
2464    0.12211992355
2490    0.120895129691
2492    0.120894634476
2494    0.120894611204
2496    0.1208946112
2498    0.120894599307
2524    0.116665608317
2526    0.116660253369
2528    0.116660253364
2530    0.116660251296
2532    0.11665982781
2534    0.116659827805
2536    0.116654028081
2538    0.116648490829
2540    0.116645613817
2542    0.116645288915
2544    0.116645287698
2546    0.116645066123
2572    0.11264348479
2598    0.112364901152
2600    0.112356520137
2602    0.112353655629
2604    0.112352095063
2630    0.111367704542
2656    0.110565331917
2658    0.110565262509
2660    0.110565241872
2662    0.110565241868
2664    0.110565237983
2690    0.107201565933
2692    0.107196803376
2694    0.10719680337
2696    0.107196802236
2698    0.1071964207
2700    0.107196420695
2702    0.107191018015
2704    0.107185518158
2706    0.10718347338
2708    0.107183024651
2710    0.107183023678
2712    0.107182916275
2738    0.104033946331
2747    0.103951466168
2749    0.103943465695
2751    0.103940754149
2753    0.103939348388
2779    0.103302287235
2805    0.102781699726
2807    0.102781697573
2809    0.102781680124
2811    0.10278168012
2813    0.102781679041
2839    0.100159868855
2841    0.100155614843
2843    0.100155614837
2845    0.100155614161
2847    0.100155269342
2849    0.100155269338
2851    0.100150235972
2853    0.100144796607
2855    0.100143288533
2857    0.100142804017
2859    0.100142803215
2861    0.100142730965
2887    0.0977183815084
2891    0.0976875966178
2893    0.0976799575548
2895    0.0976772832772
2897    0.0976760148294
2923    0.0972688175347
2949    0.0969314613068
2951    0.0969313983903
2953    0.0969313843754
2955    0.0969313843731
2957    0.0969313841664
2983    0.0949215649473
2985    0.0949177466101
2987    0.0949177466043
2989    0.0949177461475
2991    0.0949174336033
2993    0.0949174335997
2995    0.0949127438101
2997    0.0949074011156
2999    0.0949062424422
3001    0.094905757686
3003    0.0949057570003
3005    0.0949057094674
3031    0.093071663719
3036    0.0930305429577
3038    0.0930232434976
3040    0.0930206201874
3042    0.0930194730354
3054    0.0929023372185
3060    0.0928503644525
3062    0.092850223572
3064    0.0928502129134
3066    0.0928502129111
3068    0.0928502129021
3094    0.0913300893982
3096    0.0913266454018
3098    0.0913266453966
3100    0.0913266450381
3102    0.0913263609805
3104    0.0913263609776
3106    0.0913219908469
3108    0.0913167829002
3110    0.0913158647648
3112    0.0913153413268
3114    0.0913153407305
3116    0.0913153127139
3142    0.0899459806269
3147    0.0899048551261
3149    0.0898978759493
3151    0.0898952978188
3153    0.0898942581876
3155    0.0898845753148
3157    0.0898745379579
3159    0.0898743424319
3161    0.0898743347923
3163    0.0898743347862
3165    0.089874334772
3191    0.0887367167347
3193    0.0887335959066
3195    0.0887335959017
3197    0.0887335955757
3199    0.088733336759
3201    0.0887333367568
3203    0.0887292640712
3205    0.0887242231742
3207    0.0887234824811
3209    0.0887229092945
3211    0.088722908775
3213    0.0887228927888
3239    0.087710491655
3244    0.0876693855086
3246    0.0876627087721
3248    0.0876601704423
3250    0.087659226347
3252    0.0876497098043
3254    0.0876398248426
3256    0.08763960483
3258    0.0876395997117
3260    0.0876395997011
3262    0.0876395996428
3288    0.0867951553736
3290    0.0867923149148
3292    0.0867923149105
3294    0.0867923145769
3296    0.0867920782066
3298    0.0867920782052
3300    0.0867882823125
3302    0.0867834311723
3304    0.0867828282974
3306    0.0867822012077
3308    0.0867822007576
3310    0.0867821917943
3336    0.0860389663196
3340    0.0860081033073
3342    0.0860017130889
3344    0.085999197969
3346    0.0859983390557
3348    0.0859889851039
3350    0.0859792548066
3352    0.0859790344573
3354    0.0859790313
3356    0.085979031287
3358    0.0859790311952
3384    0.0853560954677
3386    0.0853534993054
3388    0.0853534993015
3390    0.0853534989312
3392    0.0853532825917
3394    0.0853532825904
3396    0.0853497442813
3398    0.0853450951548
3400    0.0853446032504
3402    0.0853439557978
3404    0.0853439554126
3406    0.0853439503189
3432    0.0848011723821
3437    0.0847600378139
3439    0.0847539179004
3441    0.0847514343714
3443    0.0847506513926
3445    0.0847414570426
3447    0.0847318835719
3449    0.0847316783281
3451    0.0847316765858
3453    0.084731676573
3455    0.0847316764652
3481    0.0842742921619
3483    0.0842719096438
3485    0.0842719096403
3487    0.0842719092091
3489    0.0842717108032
3491    0.0842717108026
3493    0.0842684122084
3495    0.0842639679989
3497    0.0842635669947
3499    0.0842628609434
3501    0.0842628606184
3503    0.0842628578508
3529    0.083867725112
3533    0.0838369030419
3535    0.0838310395856
3537    0.0838285739559
3539    0.0838278589874
3541    0.0838188215918
3543    0.083809405576
3545    0.0838092234486
3547    0.0838092226387
3549    0.0838092226268
3551    0.0838092225175
3577    0.0834745605568
3579    0.0834723654721
3581    0.0834723654693
3583    0.083472364955
3585    0.083472182656
3587    0.0834721826553
3589    0.0834691071526
3591    0.0834648633241
3593    0.0834645376597
3595    0.0834638192134
3597    0.0834638189425
3599    0.0834638174043
3620    0.0832351550177
3624    0.0832043843443
3626    0.0831987637379
3628    0.083196315254
3630    0.0831956612478
3632    0.0831867783358
3634    0.0831775189183
3636    0.0831773627038
3638    0.083177362432
3640    0.083177362422
3642    0.0831773623187
3650    0.0831038385642
3652    0.083101834342
3654    0.0831018343395
3656    0.0831018337916
3658    0.0831016660978
3660    0.0831016660975
3662    0.0830987985992
3664    0.0830947790601
3666    0.0830945035487
3668    0.0830937781471
3670    0.0830937779239
3672    0.0830937769886
3674    0.0830837496337
3676    0.0830735293455
3678    0.0830681400304
3680    0.083065694219
3682    0.0830650951155
3684    0.0830563652997
3686    0.0830472685497
3688    0.0830471214957
3690    0.0830471214381
3692    0.0830471214329
3694    0.0830471213467
3696    0.083037117505
3698    0.0830352698953
3700    0.0830352698937
3702    0.083035269472
3704    0.0830351149611
3706    0.0830351149608
3708    0.0830324411495
3710    0.0830286963518
3712    0.0830284289228
3714    0.0830278007553
3716    0.083027800484
3718    0.0830277996255
3720    0.0830178884948
3722    0.0830076600636
3724    0.0830024897945
3726    0.0830000467469
3728    0.0829994970597
