14    2.25038235974
40    2.2432191478
42    2.24321670687
68    2.23580112631
70    2.23580069069
79    2.11186270664
81    2.11186270664
83    2.11185761388
109    1.99786748222
135    1.87889052621
142    1.75562054241
168    1.75039126273
177    1.75024490107
195    1.74910902328
197    1.74910896219
199    1.74909954092
209    1.62485054562
211    1.62485054562
213    1.62484833204
239    1.52330093595
259    1.4009835821
285    1.27913075042
311    1.26550591841
337    1.26387753831
339    1.2638756716
341    1.26386900193
347    1.26379559199
373    1.1439039011
375    1.1439039011
391    1.14300467755
403    1.01861769595
429    0.930741213777
443    0.806762169803
445    0.806762056259
447    0.806762012291
473    0.785670474329
475    0.78566755507
477    0.785666977955
503    0.6912957724
505    0.6912957724
531    0.673256902062
539    0.54865584313
565    0.431055761751
580    0.307106060786
582    0.307105729934
584    0.30710566151
607    0.305034678308
609    0.305029499235
611    0.305029423309
634    0.181486752398
636    0.18148462295
640    0.18143992358
642    0.181438423641
668    0.174599708929
670    0.174599704122
696    0.167831718105
698    0.167831182896
700    0.167831160562
702    0.167830438885
704    0.16783011218
706    0.167828802308
708    0.16781868338
710    0.167818612757
712    0.16781087155
714    0.167804000824
716    0.167796011159
718    0.167795377661
720    0.167789151172
722    0.167789126879
724    0.167789126871
726    0.167789116791
728    0.167787543538
730    0.167784127393
732    0.167784043439
734    0.167772724262
736    0.167762289497
738    0.167761834519
740    0.167761727465
742    0.167752087623
744    0.167749769124
746    0.167749768173
748    0.167749312251
750    0.16774818089
776    0.163189372893
778    0.163183520936
780    0.163183098998
782    0.163182935161
808    0.162210601365
810    0.162207947658
812    0.162207210206
838    0.160478393659
840    0.160478393208
861    0.159963504863
863    0.159962419444
865    0.159955080307
867    0.159950903836
869    0.159950575047
871    0.159950506881
873    0.159944233811
875    0.159942085701
877    0.159942034845
879    0.159941680746
881    0.159941525996
883    0.159935536723
885    0.159934523123
911    0.153403788874
913    0.153403591683
939    0.147250350504
941    0.147248311411
943    0.147248168162
945    0.147247730842
947    0.14724638632
949    0.147246002489
951    0.147238610037
953    0.147238446072
955    0.147233223234
957    0.14722858755
959    0.147222815651
961    0.147222501254
963    0.147218286355
965    0.147218269346
967    0.147218269342
969    0.147218256055
971    0.147217594432
973    0.147215841271
975    0.147215747084
977    0.147207083619
979    0.147199096988
981    0.147199033631
983    0.147198933719
985    0.147191548778
987    0.147190483539
989    0.147190482274
991    0.147190482253
993    0.14718881379
999    0.147121243946
1001    0.147118354059
1003    0.147118155603
1005    0.147118078526
1007    0.147106826186
1009    0.147105508857
1011    0.147104948372
1013    0.147103718126
1015    0.147103717953
1017    0.147093012552
1019    0.147091909608
1021    0.147086564094
1023    0.147085449083
1025    0.147085127072
1027    0.147085060296
1029    0.147080493981
1031    0.147079922278
1033    0.147079871736
1035    0.147079868767
1037    0.147079857363
1039    0.147075833377
1041    0.147074326059
1067    0.141407189505
1069    0.141406806941
1095    0.136296210966
1097    0.136292798942
1099    0.136292228865
1101    0.136291967507
1103    0.136289463973
1105    0.136289422517
1107    0.136283933668
1109    0.136283684049
1111    0.136280096952
1113    0.136276913044
1115    0.136272680643
1117    0.136272396984
1119    0.136269489793
1121    0.136269474594
1123    0.136269474593
1125    0.136269460269
1127    0.136269266131
1129    0.136268275712
1131    0.136268185409
1133    0.136261494803
1135    0.136255326874
1137    0.136255326652
1139    0.136255221175
1141    0.136249514339
1143    0.136248658311
1145    0.136248657172
1147    0.136248646483
1149    0.136246802171
1151    0.136236190647
1153    0.136235581482
1155    0.13623542327
1157    0.136235361817
1159    0.136225375399
1161    0.136225097906
1163    0.136224564838
1165    0.136223663264
1167    0.136223663204
1169    0.136213940554
1171    0.136212837636
1173    0.136208944546
1175    0.136208645404
1177    0.136208325729
1179    0.136208259425
1181    0.136204936397
1183    0.136204783976
1185    0.136204733416
1187    0.136204637011
1189    0.136204636114
1191    0.136201723913
1193    0.136199286041
1219    0.131675720622
1221    0.131675277933
1247    0.127739593832
1249    0.127735073777
1251    0.127733819587
1253    0.127733665904
1255    0.127730095728
1257    0.127730080367
1259    0.12772595541
1261    0.127725687514
1263    0.12772317137
1265    0.127720937989
1267    0.12771780144
1269    0.1277175193
1271    0.127715470718
1273    0.127715455943
1275    0.127715455942
1277    0.127715441321
1279    0.127715425681
1281    0.127714802431
1283    0.127714714167
1285    0.12770949724
1287    0.12770468785
1289    0.127704654432
1291    0.127704545204
1293    0.127700093753
1295    0.127699376234
1297    0.127699375221
1299    0.127699343532
1301    0.127697478053
1303    0.127688055689
1305    0.127687925716
1307    0.127687773798
1309    0.127687714786
1311    0.127678850954
1313    0.127678791838
1315    0.127678263887
1317    0.127677623902
1319    0.127677623881
1321    0.127668772005
1323    0.127667671016
1325    0.127664835905
1327    0.127664754793
1329    0.127664437024
1331    0.127664371107
1333    0.127661953581
1335    0.127661912792
1337    0.127661862218
1339    0.127661552379
1341    0.127661552302
1343    0.127659292739
1345    0.127655726421
1371    0.124279060216
1373    0.124278624586
1399    0.12141996416
1401    0.12141460836
1403    0.121412591264
1405    0.121412502392
1407    0.121408112188
1409    0.12140796656
1411    0.121404844115
1413    0.121404569056
1415    0.121402761616
1417    0.121401157259
1419    0.121398820309
1421    0.121398536322
1423    0.12139705788
1425    0.121397043166
1427    0.121397043166
1429    0.121397028471
1431    0.121397008221
1433    0.121396570897
1435    0.121396483083
1437    0.121392373109
1439    0.121388584188
1441    0.121388500991
1443    0.1213883897
1445    0.121384882397
1447    0.121384269138
1449    0.121384268239
1451    0.121384210934
1453    0.121382350312
1455    0.121373982725
1457    0.121373954366
1459    0.121373804189
1461    0.12137374585
1463    0.121365877664
1465    0.121365864803
1467    0.121365339066
1469    0.12136490231
1471    0.121364902303
1473    0.121356821748
1475    0.12135572353
1477    0.121353658978
1479    0.121353636516
1481    0.121353320512
1483    0.121353254953
1485    0.121351496784
1487    0.121351485792
1489    0.121351435235
1491    0.121350913333
1493    0.121350913326
1495    0.121349050194
1497    0.121344358044
1523    0.118947342198
1525    0.118946942256
1551    0.116957309774
1553    0.116951378578
1555    0.116948685829
1557    0.116948635269
1559    0.116943743241
1561    0.116943401889
1563    0.116941030957
1565    0.116940751052
1567    0.116939418319
1569    0.116938235307
1571    0.116936492763
1573    0.116936206763
1575    0.11693511167
1577    0.116935096936
1579    0.116935096936
1581    0.11693508223
1583    0.116934946058
1585    0.116934607388
1587    0.116934519013
1589    0.116931245344
1591    0.116928227394
1593    0.116928101534
1595    0.116927989335
1597    0.11692519608
1599    0.116924661991
1601    0.116924661192
1603    0.116924577187
1605    0.116922725405
1607    0.116915293585
1609    0.11691528714
1611    0.116915138127
1613    0.116915080238
1615    0.116908095296
1617    0.116908092387
1619    0.116907568696
1621    0.116907285855
1623    0.116907285852
1625    0.116899889051
1627    0.11689879418
1629    0.116897290781
1631    0.116897284306
1633    0.116896969994
1635    0.116896904782
1637    0.116895626624
1639    0.116895623625
1641    0.116895573119
1643    0.116894877695
1645    0.116894877694
1647    0.116893262678
1649    0.11688758709
1675    0.115245798286
1677    0.11524544308
1703    0.113901288442
1705    0.113895013638
1707    0.113891831393
1709    0.113891803085
1711    0.113886721598
1713    0.113886168682
1715    0.113884367801
1717    0.113884084012
1719    0.113883073452
1721    0.113882176401
1723    0.113880880401
1725    0.113880592583
1727    0.113879758737
1729    0.113879743976
1731    0.113879743976
1733    0.113879729272
1735    0.113879414148
1737    0.113879129796
1739    0.113879040238
1741    0.113876402201
1743    0.113873970229
1745    0.11387381316
1747    0.113873700811
1749    0.113871450756
1751    0.113870977277
1753    0.113870976567
1755    0.113870866805
1757    0.11386902464
1759    0.113862423172
1761    0.113862421601
1763    0.113862273712
1765    0.113862216259
1767    0.113856014989
1769    0.113856014286
1771    0.113855492804
1773    0.113855322839
1775    0.113855322837
1777    0.113848532944
1779    0.113847441847
1781    0.113846347051
1783    0.113846345044
1785    0.113846032386
1787    0.113845967514
1789    0.113845038712
1791    0.113845037877
1793    0.113844987453
1795    0.113844161697
1797    0.113844161697
1799    0.11384270596
1801    0.113836261888
1827    0.112738991269
1829    0.112738680542
1855    0.111848707788
1857    0.111842281721
1859    0.111838826159
1861    0.111838810558
1863    0.11183379747
1865    0.111833042614
1867    0.111831676343
1869    0.11183138932
1871    0.111830600446
1873    0.111829900168
1875    0.111828940811
1877    0.111828651371
1879    0.111827998099
1881    0.111827983318
1883    0.111827983318
1885    0.111827968619
1887    0.111827443556
1889    0.111827189814
1891    0.111827098712
1893    0.111824946799
1895    0.111822962978
1897    0.111822784663
1899    0.111822672636
1901    0.11182083835
1903    0.111820411617
1905    0.111820410987
1907    0.111820277493
1909    0.111818445298
1911    0.111812580768
1913    0.11181258034
1915    0.111812433591
1917    0.11181237658
1919    0.111806870738
1921    0.111806870549
1923    0.11180635145
1925    0.111806260518
1927    0.111806260518
1929    0.111800010139
1931    0.111798923145
1933    0.111798125838
1935    0.111798125135
1937    0.111797814108
1939    0.111797749573
1941    0.111797074959
1943    0.111797074719
1945    0.111797024408
1947    0.11179610532
1949    0.11179610532
1951    0.111794754053
1953    0.11178777529
1979    0.111066331065
1981    0.111066060619
2007    0.110484612943
2009    0.110478185775
2011    0.110474655094
2013    0.110474646636
2015    0.110469887124
2017    0.11046895158
2019    0.110467916853
2021    0.110467627095
2023    0.110466992921
2025    0.110466429958
2027    0.110465724055
2029    0.110465433154
2031    0.110464906511
2033    0.11046489172
2035    0.11046489172
2037    0.110464877025
2039    0.110464131892
2041    0.110463895522
2043    0.110463802697
2045    0.110462024956
2047    0.110460386079
2049    0.110460193861
2051    0.110460082431
2053    0.110458568404
2055    0.110458177958
2057    0.110458177399
2059    0.110458022682
2061    0.110456200764
2063    0.110450990361
2065    0.110450990224
2067    0.110450844628
2069    0.110450788064
2071    0.110445899416
2073    0.110445899356
2075    0.110445382791
2077    0.110445343182
2079    0.110445343182
2081    0.11043957318
2083    0.110438490552
2085    0.110437909809
2087    0.110437909514
2089    0.110437600106
2091    0.110437535905
2093    0.110437046174
2095    0.110437046101
2097    0.110436995928
2099    0.110436012069
2101    0.110436012068
2103    0.110434730626
2105    0.11042743557
2131    0.109958150055
2133    0.109957914479
2159    0.109581332217
2161    0.109575015041
2163    0.109571565585
2165    0.109571561078
2167    0.109567170299
2169    0.109566079254
2171    0.109565296961
2173    0.109565004863
2175    0.109564480152
2177    0.109564014354
2179    0.109563498471
2181    0.109563206235
2183    0.109562769682
2185    0.109562754888
2187    0.109562754888
2189    0.109562740196
2191    0.109561778035
2193    0.109561551407
2195    0.109561456798
2197    0.109559968954
2199    0.109558597329
2201    0.109558396233
2203    0.109558285537
2205    0.109557019819
2207    0.109556657698
2209    0.109556657201
2211    0.109556483901
2213    0.109554672553
2215    0.109550042843
2217    0.109550042791
2219    0.109549898351
2221    0.109549842236
2223    0.109545501404
2225    0.109545501381
2227    0.109544987479
2229    0.10954497665
2231    0.10954497665
2233    0.109539635073
2235    0.109538557021
2237    0.109538133914
2239    0.10953813376
2241    0.109537825961
2243    0.109537762093
2245    0.109537406785
2247    0.109537406761
2249    0.109537356749
2251    0.109536329036
2253    0.109536329035
2255    0.109535095106
2257    0.109527669604
2263    0.109464059833
2265    0.10946390275
2267    0.109451521858
2269    0.10944581561
2271    0.109442394873
2273    0.109442391901
2275    0.109438696354
2277    0.109437474854
2279    0.109436909619
2281    0.109436615493
2283    0.109436169243
2285    0.109435773091
2287    0.109435417393
2289    0.109435123922
2291    0.109434752332
2293    0.109434737539
2295    0.109434737539
2297    0.109434722849
2299    0.109433554636
2301    0.109433333262
2303    0.109433236891
2305    0.109431975141
2307    0.109430811949
2309    0.109430605278
2311    0.109430495362
2313    0.109429423451
2315    0.109429083538
2317    0.109429083096
2319    0.109428893771
2321    0.109427093266
2323    0.109422979097
2325    0.109422979073
2327    0.109422835788
2329    0.109422780122
2331    0.109418925552
2333    0.109418925541
2335    0.109418414418
2337    0.109418414159
2339    0.109418414159
2341    0.109413455282
2343    0.109412381975
2345    0.109412073601
2347    0.109412073501
2349    0.109411767302
2351    0.109411703765
2353    0.10941144615
2355    0.109411446142
2357    0.109411396309
2359    0.109410339607
2361    0.109410339606
2363    0.10940913861
2365    0.10940181409
2367    0.109389498155
2369    0.109389376624
2371    0.109377187031
2373    0.109371880022
2375    0.109368727487
2377    0.10936872549
2379    0.109365524488
2381    0.109364195575
2383    0.10936378721
2385    0.109363491302
2387    0.109363101973
2389    0.109362756346
2391    0.109362513515
2393    0.109362218887
2395    0.109361894777
2397    0.109361879987
2399    0.109361879987
2401    0.109361865299
2403    0.109360506419
2405    0.109360287638
2407    0.109360189577
2409    0.109359105347
2411    0.109358105808
2413    0.109357895678
2415    0.10935778653
2417    0.109356866915
2419    0.109356544471
2421    0.109356544079
2423    0.109356341098
2425    0.109354551693
2427    0.109350895289
2429    0.109350895277
2431    0.109350753148
2433    0.109350697931
2435    0.109347275033
2437    0.109347275027
2439    0.109346766788
2441    0.10934676251
2443    0.10934676251
2445    0.109342146067
2447    0.109341077642
2449    0.109340852774
2451    0.109340852696
2453    0.109340548091
2455    0.109340484886
2457    0.109340298239
2459    0.109340298236
2461    0.109340248597
2463    0.109339173286
2465    0.109339173285
2467    0.109337995607
