26    2.36808660629
33    2.24358403909
59    2.23514359384
61    2.23514355779
87    2.22596921865
113    2.18145999974
115    2.18145999972
141    2.15267686235
167    2.03174468246
175    1.90952893163
189    1.78672046837
205    1.7858829746
207    1.78587424388
209    1.78587319341
211    1.78586916483
213    1.78586195243
227    1.66206485775
229    1.66206485775
231    1.66206125055
257    1.53886371154
283    1.46969776125
295    1.34626088734
297    1.34626072881
299    1.34626061781
325    1.31883084346
327    1.31882679078
329    1.31882643775
344    1.19518823652
346    1.19518823652
348    1.19518207277
374    1.075511245
400    0.954582340952
426    0.833193221884
448    0.831404921396
450    0.831395755943
456    0.831304199136
463    0.831192136944
465    0.831184386358
491    0.819606388879
493    0.819606388879
519    0.806719064476
532    0.682499753996
558    0.613438216027
564    0.489123806279
566    0.48912379877
568    0.489123795539
594    0.462147689541
596    0.462147432948
598    0.46214685539
624    0.338872270835
626    0.338871783311
628    0.338861703166
654    0.330829487707
657    0.330815271684
683    0.321321412078
685    0.32131388194
711    0.312148468418
737    0.300191999094
739    0.30018936956
765    0.291504285001
767    0.291503146504
769    0.291502932066
771    0.291502696336
773    0.291495887448
775    0.29149024979
777    0.29149024822
779    0.291490246056
781    0.291485543385
783    0.291484769646
785    0.291484769503
787    0.291483666995
789    0.291483360403
815    0.281855606051
817    0.2818556054
819    0.281855359371
821    0.281855187044
847    0.278570014543
849    0.27857001451
851    0.2785684922
853    0.27856776813
855    0.278567768052
857    0.278567716883
859    0.278567593496
861    0.278557928994
863    0.278555688704
865    0.278549120209
867    0.278543531438
869    0.278537788183
871    0.278536215359
873    0.278531248373
899    0.270538265462
901    0.270538264298
927    0.262096202908
929    0.262095435924
955    0.252724464678
957    0.252720592577
959    0.252720236459
961    0.252720083732
987    0.249470910352
989    0.249470638245
991    0.249469300357
993    0.249465632797
995    0.249465395896
997    0.249459830459
1023    0.242533618195
1025    0.242526042437
1051    0.234670953448
1054    0.234640636059
1080    0.227828561355
1106    0.225465142808
1108    0.225464498208
1134    0.222709444346
1136    0.222707024295
1138    0.222707024245
1140    0.222706894929
1142    0.222702234868
1144    0.22269837565
1146    0.222698341547
1148    0.222698338841
1150    0.222695112798
1152    0.222694514988
1154    0.222694514739
1156    0.222691608247
1158    0.222691310236
1184    0.221586430354
1186    0.221586430352
1188    0.22158617762
1190    0.221586000636
1209    0.221290647096
1211    0.22129064707
1213    0.221289170949
1215    0.221288874977
1217    0.221288874924
1219    0.221288874915
1221    0.22128814975
1223    0.221282202449
1225    0.221282202161
1227    0.221277721074
1229    0.221273907747
1231    0.22127066331
1233    0.221270657519
1235    0.221267215231
1261    0.214920074956
1263    0.214920070483
1289    0.208485242901
1291    0.208483816934
1317    0.207273061119
1319    0.207273040537
1321    0.207272835442
1323    0.207272747512
1345    0.206900918615
1347    0.206900917427
1349    0.206899664167
1351    0.206898152981
1353    0.206898035967
1355    0.206894857526
1381    0.202653513932
1383    0.202653151104
1409    0.1976758657
1412    0.197638430176
1438    0.193648918668
1454    0.193431231283
1456    0.193431117306
1482    0.192248610443
1484    0.192244939432
1486    0.192244933284
1488    0.192244852225
1490    0.192241522428
1492    0.192238764625
1494    0.192238742166
1496    0.192238729369
1498    0.192236421814
1500    0.192235389505
1502    0.192235389226
1504    0.192232486131
1506    0.192231965127
1508    0.192221208332
1510    0.192221208327
1512    0.19222112032
1514    0.192221058682
1516    0.192210749948
1518    0.192210749939
1520    0.192209650287
1522    0.192209500133
1524    0.192209500097
1526    0.19220948773
1528    0.192208065929
1530    0.192204364846
1532    0.192202853623
1534    0.1921995748
1536    0.192196784192
1538    0.192194979423
1540    0.192193684399
1542    0.192191127107
1568    0.187786023176
1570    0.187786015446
1596    0.183035015706
1598    0.183033038237
1605    0.18295773539
1607    0.182957735166
1609    0.18295765128
1611    0.182957615305
1613    0.182946730706
1615    0.182946730705
1617    0.182945666432
1619    0.182945109906
1621    0.182945052056
1623    0.182943156539
1649    0.18097340831
1652    0.180959295201
1678    0.178270280435
1681    0.178216193154
1707    0.176170903332
1709    0.176169557399
1711    0.176169541509
1737    0.175557004809
1739    0.175552282178
1741    0.175552255949
1743    0.175552197814
1745    0.175549686203
1747    0.17554760594
1749    0.175547592651
1751    0.175547569846
1753    0.17554582834
1755    0.175544317526
1757    0.175544317257
1759    0.175541921243
1761    0.175541181761
1763    0.175531277853
1765    0.175531277853
1767    0.175531245936
1769    0.175531223581
1771    0.17552173533
1773    0.175521735327
1775    0.175520800603
1777    0.175520705784
1779    0.17552070576
1781    0.175520676974
1783    0.175518634197
1785    0.175516299624
1787    0.175511985266
1789    0.175509443033
1791    0.175507279074
1793    0.175506297036
1795    0.175502767577
1797    0.175500757518
1823    0.172821057647
1825    0.172821048151
1851    0.169442193619
1853    0.169440047376
1858    0.169391737008
1860    0.169391736975
1862    0.169391674311
1864    0.169391647433
1866    0.169380722
1868    0.169380721997
1870    0.169379697786
1872    0.169379533339
1874    0.169379504769
1876    0.169378315195
1902    0.168640484583
1905    0.168606578985
1931    0.167234976763
1934    0.167169594038
1960    0.166170974142
1962    0.166170785623
1964    0.166170783213
1980    0.165959794495
1982    0.165954245527
1984    0.165954219874
1986    0.165954170781
1988    0.165952175953
1990    0.165950523681
1992    0.165950509314
1994    0.165950480041
1996    0.165949096645
1998    0.165947335558
2000    0.165947335298
2002    0.165945168694
2004    0.165944307052
2006    0.165935189918
2008    0.165935189917
2010    0.165935175483
2012    0.165935165373
2014    0.165926432808
2016    0.165926432806
2018    0.165925574237
2020    0.165925502563
2022    0.165925502546
2024    0.165925462761
2026    0.165922901939
2028    0.165921404964
2030    0.165914929227
2032    0.165912872086
2034    0.165911120861
2036    0.165910603171
2038    0.165905375328
2040    0.165903729579
2066    0.16440129181
2068    0.164401281383
2094    0.162047837956
2096    0.162045675373
2100    0.162009874786
2102    0.162009874764
2104    0.162009815358
2106    0.162009789875
2108    0.161998770526
2110    0.161998770521
2112    0.161997758557
2114    0.161997731132
2116    0.161997717048
2118    0.161996926657
2120    0.161987071925
2123    0.161929872727
2149    0.161124195351
2152    0.16105679898
2178    0.160494209931
2180    0.160492944366
2182    0.160492944016
2185    0.16046973033
2187    0.160463558247
2189    0.160463537078
2191    0.160463491439
2193    0.160461831683
2195    0.160460456932
2197    0.160460440025
2199    0.160460406781
2201    0.160459256151
2203    0.160457377292
2205    0.160457377042
2207    0.16045532204
2209    0.16045439643
2211    0.160446004062
2213    0.160446004061
2215    0.160445995783
2217    0.160445989985
2219    0.160437952976
2221    0.160437952975
2223    0.160437130593
2225    0.16043706929
2227    0.160437069278
2229    0.160437023236
2231    0.160434035556
2233    0.160433056557
2235    0.160425748877
2237    0.160424031395
2239    0.160422569199
2241    0.160422308781
2243    0.16041643153
2245    0.160415043787
2271    0.159635025028
2273    0.159635014301
2299    0.157999824009
2301    0.157997680922
2305    0.15796278591
2307    0.157962785892
2309    0.157962725584
2311    0.157962699712
2313    0.157951956971
2315    0.157951956964
2317    0.157950950311
2319    0.157950950299
2321    0.157950943376
2323    0.157950385506
2325    0.157947321815
2328    0.157884037741
2354    0.157414332284
2357    0.157344711063
2375    0.157131810575
2377    0.157130481673
2379    0.157130481637
2382    0.157107710774
2384    0.157101102695
2386    0.157101081771
2388    0.157101037156
2390    0.157099590788
2392    0.157098392777
2394    0.157098374941
2396    0.157098339159
2398    0.157097337314
2400    0.157095408601
2402    0.15709540836
2404    0.157093412564
2406    0.157092454383
2408    0.15708472923
2410    0.157084729229
2412    0.157084723407
2414    0.15708471933
2416    0.157077322362
2418    0.157077322362
2420    0.157076517428
2422    0.157076460941
2424    0.157076460934
2426    0.157076411574
2428    0.157073071637
2430    0.157072416328
2432    0.157065459268
2434    0.157063990643
2436    0.157062740235
2438    0.157062618403
2440    0.157057016769
2442    0.157055820156
2468    0.156683804812
2470    0.156683794177
2496    0.155535682002
2498    0.155533563814
2500    0.155522117878
2502    0.155522117861
2504    0.155522059094
2506    0.155522033881
2508    0.155511040284
2510    0.155511040276
2512    0.155510042867
2514    0.155510027838
2516    0.15551002445
2518    0.155509606225
2520    0.155508846071
2523    0.155442398214
2539    0.155257342705
2542    0.155189173437
2544    0.15517975743
2546    0.15517828462
2548    0.155178284617
2550    0.15516715986
2552    0.155160252513
2554    0.15516023138
2556    0.155160186683
2558    0.155158880388
2560    0.155157798395
2562    0.155157779846
2564    0.155157742292
2566    0.155156838585
2568    0.155154893273
2570    0.155154893039
2572    0.155152932595
2574    0.155151958069
2576    0.155144846938
2578    0.155144846936
2580    0.155144842208
2582    0.155144838896
2584    0.155138030799
2586    0.155138030799
2588    0.155137234348
2590    0.155137180112
2592    0.155137180107
2594    0.155137129061
2596    0.155133498245
2598    0.155133047683
2600    0.155127153184
2602    0.155125872406
2604    0.155124781881
2606    0.1551247314
2608    0.155119962478
2610    0.155118911604
2612    0.15511173252
2614    0.155111722333
2640    0.154210812993
2642    0.154208736106
2644    0.154197896006
2646    0.15419789599
2648    0.154197835659
2650    0.154197809774
2652    0.154187400997
2654    0.154187400987
2656    0.154186406123
2658    0.154186363462
2660    0.154186361813
2662    0.154186029979
2664    0.154185642549
2667    0.154119242354
2669    0.154107799662
2672    0.15404335651
2674    0.154034175872
2676    0.154032634924
2678    0.154032634923
2680    0.154021694692
2682    0.154014588713
2684    0.154014566985
2686    0.154014521698
2688    0.154013308694
2690    0.154012303972
2692    0.154012284892
2694    0.154012245964
2696    0.154011408068
2698    0.154009462179
2700    0.154009461954
2702    0.154007525918
2704    0.154006543306
2706    0.153999997173
2708    0.15399999717
2710    0.153999992976
2712    0.153999990039
2714    0.153993723715
2716    0.153993723714
2718    0.15399293144
2720    0.15399287823
2722    0.153992878226
2724    0.153992826356
2726    0.153988927489
2728    0.153988608222
2730    0.153984937733
2732    0.153983816492
2734    0.153982861783
2736    0.153982845206
2738    0.153979826
2740    0.153978900276
2742    0.153974966974
2744    0.153974957268
2770    0.153269965017
2772    0.1532679138
2774    0.153257659465
2776    0.153257659449
2778    0.153257599347
2780    0.15325757356
2782    0.153247730205
2784    0.153247730194
2786    0.153246741213
2788    0.153246670617
2790    0.153246669822
2792    0.153246392909
2794    0.153245985177
2797    0.153182258441
2799    0.153170793458
2802    0.153109073327
2804    0.15310012459
2806    0.153098515958
2808    0.153098515958
2810    0.153087753826
2812    0.153080520477
2814    0.153080498109
2816    0.153080452001
2818    0.153079302301
2820    0.153078350013
2822    0.153078330433
2824    0.153078290335
2826    0.153077497533
2828    0.153075558784
2830    0.153075558567
2832    0.153073641943
2834    0.153072655456
2836    0.153066629196
2838    0.153066629192
2840    0.153066625287
2842    0.153066622551
2844    0.15306085468
2846    0.153060854679
2848    0.15306006453
2850    0.153060011759
2852    0.153060011757
2854    0.153059959504
2856    0.153055855568
2858    0.153055621802
2860    0.153053324184
2862    0.153052318766
2864    0.15305146266
2866    0.153051459667
2868    0.153049530272
2870    0.15304869593
2872    0.153046838696
2874    0.153046829486
2900    0.152496185473
2902    0.152494156938
2904    0.152484470415
2906    0.152484470399
2908    0.152484410892
2910    0.15248438536
2912    0.152475090001
2914    0.152475089988
2916    0.152474107687
2918    0.152474013209
2920    0.15247401283
2922    0.152473771671
2924    0.152473344467
2927    0.152412298727
2929    0.152400831934
2932    0.152341715523
2934    0.152332995086
2936    0.152331319482
2938    0.152331319481
2940    0.152320729219
2942    0.152313418365
2944    0.152313395366
2946    0.152313348336
2948    0.152312242366
2950    0.152311326297
2952    0.152311306216
2954    0.152311265055
2956    0.152310503826
2958    0.152308575976
2960    0.152308575767
2962    0.152306676306
2964    0.152305688125
2966    0.152300140203
2968    0.1523001402
2970    0.152300136466
2972    0.152300133851
2974    0.152294824575
2976    0.152294824575
2978    0.152294035597
2980    0.15229398299
2982    0.152293982989
2984    0.152293930574
2986    0.152289671263
2988    0.152289494086
2990    0.152288049204
2992    0.152287129602
2994    0.152286346555
2996    0.152286346549
2998    0.152285101681
3000    0.152284335439
3002    0.152283675398
3004    0.152283666686
3030    0.151854079206
3032    0.151852072663
3034    0.151842936641
3036    0.151842936624
3038    0.151842877808
3040    0.151842852571
3042    0.151834088377
3044    0.151834088362
3046    0.151833113037
3048    0.151832999655
3050    0.151832999478
3052    0.151832782059
3054    0.151832336137
3057    0.151773870125
3059    0.151762420814
3062    0.151705807657
3064    0.15169731183
3066    0.151695570047
3068    0.151695570046
3070    0.151685145663
3072    0.151677791919
3074    0.151677768304
3076    0.151677720312
3078    0.151676645113
3080    0.15167575453
3082    0.151675733944
3084    0.151675691773
3086    0.151674953175
3088    0.151673038106
3090    0.151673037904
3092    0.151671154633
3094    0.151670165922
3096    0.151665058123
3098    0.151665058119
3100    0.151665054502
3102    0.151665051969
3104    0.151660164624
3106    0.151660164623
3108    0.151659376401
3110    0.151659323833
3112    0.151659323832
3114    0.151659271366
3116    0.151654895431
3118    0.15165475634
3120    0.151653844367
3122    0.15165298957
3124    0.151652261694
3126    0.151652259512
3128    0.151651448409
3130    0.151650733901
3132    0.151650627578
3134    0.151650619357
3160    0.151315665345
3162    0.151313680513
3164    0.151305077484
3166    0.151305077467
3168    0.15130501938
3170    0.151304994457
3172    0.151296744401
3174    0.151296744385
3176    0.15129577622
3178    0.151295648493
3180    0.151295648413
3182    0.15129544701
3184    0.151294983154
3187    0.151238997382
3189    0.151227583698
3192    0.151173377176
3194    0.151165102187
3196    0.151163295085
3198    0.151163295084
3200    0.151153030827
3202    0.151145658085
3204    0.151145633868
3206    0.1511455849
3208    0.151144531806
3210    0.151143659532
3212    0.151143638434
3214    0.151143595282
3216    0.151142873338
3218    0.151140972038
3220    0.151140971843
3222    0.151139104374
3224    0.151138115793
3226    0.151133412961
3228    0.151133412957
3230    0.15113340943
3232    0.151133406959
3234    0.151128907819
3236    0.151128907818
3238    0.151128120198
3240    0.151128067617
3242    0.151128067617
3244    0.15112801515
3246    0.151123552633
3248    0.151123439597
3250    0.151122862608
3252    0.151122057633
3254    0.151121372172
3256    0.151121365619
3258    0.151120831898
3260    0.151120157411
3262    0.151120146927
3264    0.151120139182
3266    0.151108836866
3268    0.151106882385
3270    0.151098911374
3272    0.151098911355
3274    0.151098852842
3276    0.151098827735
3278    0.151091186466
3280    0.151091186448
3282    0.151090223149
3284    0.151090084815
3286    0.15109008478
3288    0.151089894319
3290    0.15108941333
3293    0.151035811832
3295    0.151024450753
3298    0.15097255759
3300    0.150964499577
3302    0.150962628074
3304    0.150962628073
3306    0.150952518392
3308    0.150945143061
3310    0.150945118247
3312    0.150945068301
3314    0.15094403147
3316    0.150943172666
3318    0.150943151051
3320    0.150943106933
3322    0.150942397618
3324    0.150940510642
3326    0.150940510453
3328    0.15093865866
3330    0.150937670611
3332    0.150933340401
3334    0.150933340397
3336    0.150933336945
3338    0.150933334527
3340    0.150929192562
3342    0.150929192561
3344    0.150928405516
3346    0.150928352906
3348    0.150928352906
3350    0.150928300462
3352    0.150923732291
3354    0.150923637352
3356    0.150923313537
3358    0.150922562358
3360    0.150921922705
3362    0.150921911152
3364    0.150921592154
3366    0.150920960805
3368    0.150920949905
3370    0.150920942632
3372    0.150909732005
3374    0.150907798307
3376    0.150900412489
3378    0.150900412469
3380    0.150900354649
3382    0.15090032984
3384    0.150893252204
3386    0.150893252185
3388    0.150892295848
3390    0.1508921498
3392    0.150892149786
3394    0.150891966876
3396    0.150891469575
3399    0.150840159749
3401    0.150828867162
3404    0.150779197532
3406    0.150771352606
3408    0.150769417672
3410    0.15076941767
3412    0.150759457274
3414    0.150752090603
3416    0.150752065198
3418    0.150752014276
3420    0.150750989751
3422    0.15075014114
3424    0.150750119002
3426    0.150750073925
3428    0.150749374517
3430    0.15074750221
3432    0.150747502029
3434    0.150745665907
3436    0.150744678668
3438    0.150740691338
3440    0.150740691333
3442    0.150740687949
3444    0.150740685578
3446    0.15073687226
3448    0.150736872259
3450    0.150736085822
3452    0.150736033184
3454    0.150736033183
3456    0.150735980772
3458    0.150731340323
3460    0.150731258148
3462    0.150731078398
3464    0.150730366524
3466    0.15072976034
3468    0.150729743932
3470    0.150729551478
3472    0.15072895189
3474    0.15072894029
3476    0.150728933456
3478    0.150717814929
3480    0.150715900399
3482    0.150709056501
3484    0.150709056481
3486    0.150708999557
3488    0.150708975132
3490    0.150702419383
3492    0.150702419363
3494    0.150701470477
3496    0.150701318884
3498    0.150701318879
3500    0.150701141219
3502    0.150700628438
3505    0.150651521065
3507    0.150640311749
3510    0.15059277898
3512    0.150585143202
3514    0.150583145853
3516    0.150583145852
3518    0.150573329658
3520    0.150565979327
3522    0.150565953333
3524    0.150565901438
3526    0.150564886527
3528    0.150564045879
3530    0.150564023213
3532    0.150563977183
3534    0.150563285831
3536    0.150561428431
3538    0.150561428256
3540    0.150559607849
3542    0.150558621627
3544    0.15055494982
3546    0.150554949816
3548    0.150554946495
3550    0.150554944168
3552    0.150551433256
3554    0.150551433256
3556    0.150550647489
3558    0.150550594827
3560    0.150550594827
3562    0.150550542449
3564    0.15054585473
3566    0.150545781668
3568    0.150545683388
3570    0.150545000642
3572    0.150544419262
3574    0.150544398486
3576    0.150544280991
3578    0.150543705154
3580    0.150543692604
3582    0.150543686182
3584    0.150532659881
3586    0.150530764356
3588    0.150524422354
3590    0.150524422332
3592    0.150524366336
3594    0.15052434231
3596    0.150518269832
3598    0.15051826981
3600    0.150517328554
3602    0.150517173009
3604    0.150517173008
3606    0.150516999022
3608    0.150516471601
3611    0.150469480615
3613    0.150458368264
3616    0.150412888737
3618    0.150405458129
3620    0.15040339942
3622    0.150403399419
3624    0.150393722553
3626    0.150386393785
3628    0.150386367203
3630    0.150386314339
3632    0.150385307201
3634    0.150384472991
3636    0.150384449794
3638    0.150384402812
3640    0.150383718252
3642    0.150381875937
3644    0.150381875768
3646    0.150380071132
3648    0.1503790861
3650    0.150375704652
3652    0.150375704647
3654    0.150375701387
3656    0.150375699102
3658    0.150372466458
3660    0.150372466457
3662    0.150371681434
3664    0.150371628757
3666    0.150371628757
3668    0.150371576414
3670    0.150366860051
3672    0.150366793559
3674    0.150366740954
3676    0.15036608011
3678    0.150365517379
3680    0.150365492833
3682    0.15036542003
3684    0.15036486224
3686    0.150364848515
3688    0.150364842477
3690    0.150353908312
3692    0.15035203188
3694    0.150346154741
3696    0.150346154717
3698    0.150346099648
3700    0.150346076019
3702    0.150340451083
3704    0.15034045106
3706    0.150339517548
3708    0.150339359205
3710    0.150339359205
3712    0.150339187805
3714    0.150338646587
3717    0.150293688962
3719    0.150282686208
3722    0.150239179246
3724    0.150231949801
3726    0.150229830819
3728    0.150229830817
3730    0.1502202886
3732    0.150212984929
3734    0.150212957757
3736    0.150212903928
3738    0.150211903303
3740    0.150211074486
3742    0.150211050754
3744    0.150211002822
3746    0.15021032419
3748    0.1502084971
3750    0.150208496938
3752    0.150206708127
3754    0.150205724437
3756    0.150202610199
3758    0.150202610194
3760    0.150202606992
3762    0.150202604749
3764    0.15019962817
3766    0.150199628169
3768    0.150198843966
3770    0.15019879128
3772    0.15019879128
3774    0.15019873897
3776    0.150194007779
3778    0.150193946057
3780    0.150193918746
3782    0.150193274625
3784    0.150192726134
3786    0.150192698412
3788    0.150192652468
3790    0.150192108634
3792    0.150192093524
3794    0.150192087847
3796    0.15018124556
3798    0.150179388334
3800    0.150173941785
3802    0.15017394176
3804    0.150173887611
3806    0.150173864377
3808    0.150168653918
3810    0.150168653893
3812    0.150167728216
3814    0.150167567905
3816    0.150167567905
3818    0.150167398337
3820    0.150166844164
3823    0.150123839802
3825    0.150112958248
3828    0.150071346017
3830    0.150064313708
3832    0.150062135568
3834    0.150062135566
3836    0.150052723508
3838    0.15004544731
3840    0.150045419547
3842    0.150045364755
3844    0.150044369774
3846    0.150043545633
3848    0.15004352136
3850    0.15004347248
3852    0.150042799182
3854    0.150040987434
3856    0.150040987277
3858    0.150039214341
3860    0.15003823213
3862    0.150035363808
3864    0.150035363803
3866    0.150035360657
3868    0.150035358454
3870    0.150032617516
3872    0.150032617515
3874    0.150031834209
3876    0.150031781521
3878    0.150031781521
3880    0.150031729242
3882    0.150026993436
3884    0.150026935191
3886    0.15002692164
3888    0.150026290505
3890    0.150025753071
3892    0.15002572271
3894    0.150025693068
3896    0.15002516023
3898    0.150025143536
3900    0.150025138196
3902    0.150014387401
3904    0.150012549487
3906    0.150007501804
3908    0.150007501778
3910    0.150007448541
3912    0.150007425699
3914    0.150002599111
3916    0.150002599085
3918    0.150001681323
3920    0.150001519637
3922    0.150001519636
3924    0.150001351372
3926    0.150000785082
3929    0.149959656713
3931    0.149948906965
3934    0.149909114369
3936    0.14990227516
3938    0.149900038999
3940    0.149900038997
3942    0.149890752789
3944    0.149883505645
3946    0.149883477289
3948    0.149883421538
3950    0.149882431602
3952    0.14988161164
3954    0.149881586823
3956    0.149881536995
3958    0.14988086862
3960    0.14987907231
3962    0.149879072159
3964    0.149877315137
3966    0.149876334531
3968    0.149873692537
3970    0.149873692531
3972    0.149873689442
3974    0.149873687277
3976    0.149871163193
3978    0.149871163192
3980    0.149870380858
3982    0.149870328173
3984    0.149870328173
3986    0.149870275925
3988    0.14986554303
3990    0.149865487323
3992    0.149865481056
3994    0.149864860193
3996    0.149864331506
3998    0.149864298967
4000    0.149864279336
4002    0.149863755343
4004    0.149863736874
4006    0.149863731852
4008    0.149853072062
4010    0.149851253545
4012    0.149846575362
4014    0.149846575335
4016    0.149846523001
4018    0.149846500546
4020    0.149842029498
4022    0.14984202947
4024    0.149841119694
4026    0.149840957053
4028    0.149840957053
4030    0.149840789724
4032    0.149840212151
4035    0.149800885231
4037    0.149790276934
4040    0.149752231528
4042    0.149745581374
4044    0.14974328835
4046    0.149743288348
4048    0.149734123851
4050    0.149726906802
4052    0.149726877851
4054    0.149726821142
4056    0.149725835836
4058    0.149725019708
4060    0.149724994343
4062    0.149724943569
4064    0.149724279833
4066    0.149722499041
4068    0.149722498895
4070    0.149720757816
4072    0.149719778935
4074    0.149717345249
4076    0.149717345243
4078    0.149717342207
4080    0.149717340081
4082    0.149715015568
4084    0.149715015567
4086    0.149714234277
4088    0.149714181599
4090    0.149714181599
4092    0.149714129379
4094    0.149709404932
4096    0.149709351071
4098    0.149709348496
4100    0.149708735926
4102    0.149708214299
4104    0.149708179967
4106    0.149708166569
4108    0.149707649851
4110    0.149707629419
4112    0.149707624694
4114    0.149697055348
4116    0.149695256296
4118    0.149690920422
4120    0.149690920393
4122    0.149690868954
4124    0.149690846883
4126    0.149686705146
4128    0.149686705117
4130    0.149685803387
4132    0.149685640091
4134    0.14968564009
4136    0.149685473438
4138    0.149684885405
4141    0.14964728803
4143    0.149636829901
4146    0.149600461801
4148    0.149593996663
4150    0.149591647948
4152    0.149591647946
4154    0.14958260119
4156    0.149575414902
4158    0.149575385353
4160    0.14957532769
4162    0.149574346722
4164    0.149573534187
4166    0.14957350827
4168    0.149573456552
4170    0.149572797256
4172    0.149571032047
4174    0.149571031906
4176    0.149569306786
4178    0.149568329743
4180    0.149566087788
4182    0.149566087782
4184    0.1495660848
4186    0.149566082711
4188    0.14956394187
4190    0.149563941869
4192    0.149563161691
4194    0.149563109025
4196    0.149563109025
4198    0.149563056832
4200    0.149558344892
4202    0.149558292365
4204    0.149558291522
4206    0.149557685794
4208    0.149557169994
4210    0.149557134183
4212    0.149557124725
4214    0.149556614129
4216    0.149556591552
4218    0.149556587108
4220    0.149546107583
4222    0.149544328048
4224    0.149540309306
4226    0.149540309276
4228    0.149540258722
4230    0.14954023703
4232    0.149536400321
4234    0.14953640029
4236    0.149535506659
4238    0.149535342919
4240    0.149535342918
4242    0.149535176762
4244    0.149534579082
4247    0.149498641896
4249    0.149488341763
4252    0.149453583561
4254    0.149447299408
4256    0.149444896186
4258    0.149444896185
4260    0.149435963356
4262    0.149428808242
4264    0.149428778093
4266    0.149428719478
4268    0.149427742643
4270    0.14942693353
4272    0.149426907058
4274    0.149426854396
4276    0.1494261994
4278    0.149424449827
4280    0.149424449691
4282    0.149422740539
4284    0.14942176544
4286    0.149419699965
4288    0.149419699959
4290    0.149419697029
4292    0.149419694977
4294    0.149417723183
4296    0.149417723182
4298    0.149416944181
4300    0.149416891529
4302    0.149416891529
4304    0.149416839364
4306    0.149412142899
4308    0.149412091322
4310    0.149412091167
4312    0.149411491216
4314    0.149410980335
4316    0.149410943297
4318    0.149410936375
4320    0.149410431053
4322    0.149410406149
4324    0.149410401969
4326    0.149400011599
4328    0.149398251613
4330    0.149394526692
4332    0.14939452666
4334    0.149394476981
4336    0.149394455666
4338    0.149390901497
4340    0.149390901465
4342    0.149390015976
4344    0.149389851942
4346    0.149389851941
4348    0.149389686153
4350    0.149389079626
4353    0.149354735738
4355    0.14934460058
4358    0.149311387264
4360    0.149305280081
4362    0.149302823547
4364    0.149302823545
4366    0.149294000982
4368    0.149286877281
4370    0.149286846527
4372    0.149286786963
4374    0.149285814114
4376    0.149285008304
4378    0.149284981272
4380    0.149284927669
4382    0.149284276873
4384    0.149282542974
4386    0.149282542843
4388    0.149280849655
4390    0.149279876602
4392    0.149277973578
4394    0.149277973572
4396    0.149277970694
4398    0.149277968677
4400    0.149276152474
4402    0.149276152473
4404    0.149275374713
4406    0.149275322078
4408    0.149275322078
4410    0.149275269938
4412    0.149270591109
4414    0.149270540195
4416    0.149270540195
4418    0.149269945235
4420    0.149269438603
4422    0.149269400541
4424    0.149269395278
4426    0.149268894604
4428    0.149268867197
4430    0.149268863264
4432    0.149258561346
4434    0.149256820927
4436    0.149253368238
4438    0.149253368204
4440    0.149253319392
4442    0.149253298449
4444    0.149250005998
4446    0.149250005964
4448    0.149249128654
4450    0.149248964431
4452    0.14924896443
4454    0.14924879892
4456    0.149248184334
4459    0.149215369238
4461    0.149205405221
4464    0.149173674099
4466    0.149167739893
4468    0.149165231245
4470    0.149165231243
4472    0.149156515427
4474    0.14914942326
4476    0.149149391901
4478    0.14914933139
4480    0.149148362421
4482    0.149147559823
4484    0.14914753223
4486    0.149147477686
4488    0.149146831016
4490    0.14914511282
4492    0.149145112694
4494    0.14914343546
4496    0.149142464549
4498    0.149140711067
4500    0.149140711061
4502    0.149140708232
4504    0.149140706251
4506    0.149139033261
4508    0.14913903326
4510    0.149138256801
4512    0.149138204183
4514    0.149138204183
4516    0.149138152068
4518    0.149133492444
4520    0.149133441974
4522    0.149133441875
4524    0.149132851324
4526    0.149132348447
4528    0.149132309521
4530    0.149132305364
4532    0.149131808872
4534    0.149131778785
4536    0.149131775084
4538    0.149121560888
4540    0.149119840039
4542    0.149116639588
4544    0.149116639552
4546    0.149116591597
4548    0.149116571021
4550    0.149113521007
4552    0.149113520972
4554    0.149112651869
4556    0.149112487533
4558    0.149112487531
4560    0.149112322237
4562    0.149111700361
4565    0.149080351859
4567    0.149070564377
4570    0.149040255003
4572    0.149034489804
4574    0.149031930247
4576    0.149031930245
4578    0.149023317796
4580    0.149016257201
4582    0.149016225234
4584    0.149016163779
4586    0.149015198611
4588    0.149014399161
4590    0.149014371002
4592    0.149014315519
4594    0.149013672922
4596    0.149011970445
4598    0.149011970324
4600    0.149010309023
4602    0.149009340345
4604    0.14900772453
4606    0.149007724523
4608    0.149007721744
4610    0.149007719797
4612    0.149006178632
4614    0.14900617863
4616    0.149005403528
4618    0.149005350929
4620    0.149005350929
4622    0.149005298839
4624    0.149000659547
4626    0.149000609357
4628    0.149000609051
4630    0.149000022478
4632    0.148999522989
4634    0.148999483324
4636    0.148999479918
4638    0.148998987263
4640    0.14899895432
4642    0.148998950839
4644    0.148988823612
4646    0.148987122322
4648    0.148984155593
4650    0.148984155556
4652    0.148984108448
4654    0.148984088236
4656    0.148981262801
4658    0.148981262764
4660    0.148980401891
4662    0.148980237494
4664    0.148980237492
4666    0.148980072368
4668    0.148979443956
4671    0.148949502086
4673    0.148939895801
4676    0.148910949902
4678    0.148905349774
4680    0.148902740511
4682    0.148902740509
4684    0.148894228181
4686    0.148887199143
4688    0.148887166564
4690    0.148887104168
4692    0.148886142741
4694    0.148885346391
4696    0.148885317662
4698    0.148885261243
4700    0.148884622676
4702    0.148882935927
4704    0.148882935809
4706    0.148881290415
4708    0.148880324055
4710    0.14887883498
4712    0.148878834974
4714    0.148878832243
4716    0.14887883033
4718    0.148877410512
4720    0.148877410511
4722    0.148876636818
4724    0.148876584239
4726    0.148876584239
4728    0.148876532174
4730    0.148871914018
4732    0.148871863983
4734    0.148871863442
4736    0.148871280526
4738    0.14887078415
4740    0.148870743846
4742    0.148870740958
4744    0.148870251879
4746    0.148870215908
4748    0.148870212633
4750    0.148860171605
4752    0.148858489852
4754    0.148855739693
4756    0.148855739655
4758    0.148855693384
4760    0.148855673531
4762    0.14885305614
4764    0.1488530561
4766    0.148852203473
4768    0.148852039051
4770    0.148852039049
4772    0.148851874065
4774    0.148851239852
4777    0.148822646817
4779    0.148813225695
4782    0.148785587105
4784    0.148780148146
4786    0.148777490381
4788    0.148777490379
4790    0.14876907505
4792    0.148762077516
4794    0.148762044323
4796    0.148761980989
4798    0.148761023257
4800    0.148760229966
4802    0.148760200664
4804    0.148760143311
4806    0.148759508742
4808    0.148757837716
4810    0.148757837603
4812    0.148756208079
4814    0.148755244119
4816    0.148753871732
4818    0.148753871725
4820    0.148753869041
4822    0.148753867162
4824    0.148752559051
4826    0.14875255905
4828    0.148751786819
4830    0.14875173426
4832    0.14875173426
4834    0.14875168222
4836    0.148747085765
4838    0.14874703579
4840    0.14874703502
4842    0.14874645552
4844    0.148745962052
4846    0.148745921187
4848    0.148745918662
4850    0.148745432965
4852    0.148745393791
4854    0.14874539071
4856    0.148735435101
4858    0.148733772848
4860    0.148731223376
4862    0.148731223335
4864    0.148731177892
4866    0.148731158393
4868    0.148728733728
4870    0.148728733687
4872    0.148727889314
4874    0.148727724894
4876    0.148727724892
4878    0.148727560025
4880    0.148726920728
4883    0.148699620827
4885    0.148690388179
4888    0.148664002772
4890    0.148658721119
4892    0.148656016053
4894    0.148656016051
4896    0.14864769472
4898    0.148640728613
4900    0.148640694803
4902    0.148640630534
4904    0.148639676458
4906    0.148638886196
4908    0.148638856319
4910    0.148638798034
4912    0.148638167435
4914    0.148636512122
4916    0.148636512013
4918    0.148634898315
4920    0.148633936834
4922    0.148632671882
4924    0.148632671875
4926    0.148632669238
4928    0.148632667391
4930    0.148631462119
4932    0.148631462118
4934    0.148630691395
4936    0.148630638859
4938    0.148630638859
4940    0.148630586842
4942    0.148626012478
4944    0.14862596249
4946    0.148625961515
4948    0.148625385249
4950    0.148624894535
4952    0.148624853171
4954    0.148624850903
4956    0.14862436844
4958    0.148624325891
4960    0.148624322992
4962    0.148614452009
4964    0.148612809209
4966    0.14861044571
4968    0.148610445668
4970    0.148610401041
4972    0.148610381893
4974    0.148608135769
4976    0.148608135727
4978    0.148607299611
4980    0.148607135212
4982    0.14860713521
4984    0.148606970444
4986    0.148606326761
4989    0.148580266321
4991    0.148571224841
4994    0.148546040469
4996    0.1485409123
4998    0.148538161129
5000    0.148538161127
5002    0.148529930911
5004    0.148522996134
5006    0.148522961705
5008    0.148522896504
5010    0.148521946053
5012    0.148521158793
5014    0.148521128337
5016    0.148521069123
5018    0.148520442471
5020    0.148518802851
5022    0.148518802746
5024    0.148517204826
5026    0.148516245895
5028    0.148515079869
5030    0.148515079862
5032    0.148515077271
5034    0.148515075456
5036    0.14851396486
5038    0.148513964859
5040    0.148513195692
5042    0.148513143177
5044    0.148513143177
5046    0.148513091185
5048    0.148508539169
5050    0.148508489115
5052    0.148508487961
5054    0.148507914793
5056    0.148507426716
5058    0.148507384901
5060    0.148507382817
5062    0.148506903474
5064    0.148506857379
5066    0.148506854652
5068    0.148497067497
5070    0.148495444092
5072    0.148493252936
5074    0.148493252892
5076    0.148493209073
5078    0.148493190272
5080    0.148491109551
5082    0.148491109506
5084    0.148490281646
5086    0.14849011728
5088    0.148490117278
5090    0.148489952603
5092    0.14848930521
5095    0.148464432528
5097    0.148455584329
5100    0.148431550758
5102    0.148426572299
5104    0.148423776211
5106    0.148423776209
5108    0.148415634336
5110    0.148408730782
5112    0.148408695732
5114    0.148408629602
5116    0.14840768275
5118    0.14840689847
5120    0.148406867431
5122    0.148406807291
5124    0.148406184566
5126    0.14840456061
5128    0.148404560508
5130    0.148402978309
5132    0.148402021999
5134    0.148400947065
5136    0.148400947058
5138    0.148400944512
5140    0.148400942728
5142    0.148399919301
5144    0.148399919299
5146    0.148399151731
5148    0.148399099238
5150    0.148399099238
5152    0.14839904727
5154    0.148394517765
5156    0.148394467604
5158    0.148394466299
5160    0.148393896123
5162    0.148393410594
5164    0.148393368367
5166    0.148393366416
5168    0.148392890105
5170    0.148392840294
5172    0.148392837729
5174    0.148383133597
5176    0.148381529518
5178    0.148379498081
5180    0.148379498035
5182    0.148379455013
5184    0.148379436553
5186    0.148377509066
5188    0.14837750902
5190    0.148376689409
5192    0.148376525085
5194    0.148376525083
5196    0.148376360492
