26    2.28296303865
52    2.16810241433
78    2.14551878306
104    2.14110957905
130    2.13573428117
148    2.01209392492
150    2.01209392475
152    2.01209170437
178    2.01173507065
204    2.01114072987
230    1.88771349248
256    1.88694005113
282    1.88608709552
308    1.88526038273
310    1.88525541784
336    1.8842210203
362    1.77668609297
364    1.77668609297
390    1.76692454918
416    1.6436775787
422    1.52143034921
437    1.39810343914
439    1.39809450956
441    1.39808806746
443    1.39808777966
445    1.39808423738
447    1.39807958399
456    1.27377787166
458    1.27377787166
460    1.27377565471
482    1.1500777224
508    1.13814515395
534    1.01563957215
536    1.01562943369
538    1.01562277171
564    1.00397663525
566    1.00396699472
568    1.00396451298
581    0.879961041016
583    0.879961041016
585    0.87995969567
611    0.759380340238
637    0.638067816422
649    0.514958145716
666    0.513903392843
668    0.513893153111
672    0.513846784406
674    0.513845299723
676    0.513836817685
702    0.490146521011
704    0.490146074227
730    0.467275433543
756    0.466394606178
761    0.466338547454
776    0.466082857765
778    0.466076449962
782    0.466037867681
784    0.466033572046
786    0.466033562061
788    0.466033403348
814    0.46532512692
840    0.464229429396
842    0.46421953644
868    0.46289051567
894    0.461446817347
920    0.459969239275
922    0.45996549025
948    0.458253202742
956    0.458137625038
958    0.458137624914
975    0.457721167418
977    0.457720091038
979    0.457720090669
981    0.457719834164
983    0.457715896186
985    0.457713047157
987    0.457713047095
989    0.45771293158
991    0.457710853281
993    0.457710060657
995    0.457710060639
997    0.457708361318
999    0.457708359135
1025    0.446866580875
1027    0.446863807181
1029    0.446862275905
1031    0.446861273977
1057    0.437102931364
1059    0.437100884873
1061    0.437100860502
1063    0.437100564243
1065    0.437100564131
1067    0.437097373749
1069    0.437097361496
1071    0.437088560033
1073    0.437087738143
1075    0.437080562843
1077    0.437074573341
1079    0.437068124194
1081    0.437067338791
1083    0.437062323085
1109    0.42089178321
1111    0.420891029217
1137    0.406610066429
1139    0.40660702573
1141    0.406597605448
1143    0.406588150929
1145    0.406583331045
1147    0.406572714602
1149    0.406570453736
1151    0.406570402683
1153    0.406570264138
1179    0.405327594315
1205    0.40342087067
1207    0.403416862947
1233    0.401299421871
1259    0.399059976912
1285    0.396600869182
1287    0.396600777631
1313    0.394052961761
1315    0.394052729836
1317    0.394052729735
1319    0.394041978649
1321    0.394039281964
1323    0.394039281866
1325    0.39403920017
1327    0.394037054754
1329    0.394035502305
1331    0.394035502141
1333    0.394035470779
1335    0.394034333379
1337    0.394034294596
1339    0.394034294534
1341    0.394031543139
1343    0.394031335193
1369    0.385570273024
1371    0.385568690744
1373    0.385568513647
1375    0.385568398311
1401    0.378443832517
1403    0.378442657095
1405    0.378441522974
1407    0.378441456013
1409    0.378441455961
1411    0.378439864196
1413    0.378439663702
1415    0.378434630625
1417    0.378428333748
1419    0.37842367165
1421    0.378419779283
1423    0.378416129234
1425    0.378412616639
1427    0.378409362229
1453    0.370371879347
1455    0.370371240029
1481    0.363091416282
1483    0.363089110367
1485    0.363081478266
1487    0.363073308146
1489    0.363069679361
1491    0.363060379679
1493    0.363058817708
1495    0.363058681129
1497    0.363057702144
1523    0.36119149302
1549    0.35822312698
1551    0.358221961316
1577    0.35530465087
1603    0.352341151547
1629    0.348750421589
1631    0.348748473047
1657    0.345597624381
1659    0.345597353171
1661    0.345597353095
1663    0.345586820645
1665    0.345582998009
1667    0.345582997851
1669    0.345582963599
1671    0.345581543039
1673    0.345580514957
1675    0.345580514757
1677    0.345580504648
1679    0.345579748622
1681    0.345578940702
1683    0.34557894059
1685    0.345574735225
1687    0.345574568592
1713    0.33974170599
1715    0.339740774051
1717    0.339740757426
1719    0.339740746635
1745    0.33505737408
1747    0.335056680535
1749    0.335054280198
1751    0.335053916404
1753    0.33505391638
1755    0.335052844693
1757    0.335052166142
1759    0.335049280529
1761    0.335041569031
1763    0.335038338157
1765    0.335035640266
1767    0.335033576464
1769    0.33502941189
1771    0.335027169691
1797    0.331773889169
1799    0.331773491701
1825    0.328342391373
1827    0.328340670794
1829    0.328334393469
1831    0.328327320859
1833    0.328324561671
1835    0.328316395551
1837    0.32831494946
1839    0.328314673193
1841    0.328312345237
1867    0.326064620447
1893    0.322149530478
1895    0.322149372707
1921    0.318902653301
1947    0.315766797987
1973    0.311375404645
1975    0.311365893546
2001    0.308325366263
2003    0.308325098543
2005    0.308325098488
2007    0.308314566628
2009    0.30831008962
2011    0.308310089393
2013    0.308310070706
2015    0.30830897239
2017    0.308308177433
2019    0.308308177195
2021    0.308308173372
2023    0.308307587183
2025    0.308305607315
2027    0.308305607162
2029    0.308300126155
2031    0.308300099215
2057    0.304612364642
2059    0.304611804131
2061    0.304611798971
2063    0.304611795628
2089    0.301740282204
2091    0.30173986735
2093    0.301736591364
2095    0.301736028654
2097    0.301736028643
2099    0.301735151449
2101    0.30173394279
2103    0.301732283213
2105    0.30172696798
2107    0.301724635628
2109    0.301722687783
2111    0.301721522708
2113    0.301718435551
2115    0.301716830898
2141    0.300581513717
2143    0.300581306459
2169    0.298962974777
2171    0.29896171635
2173    0.29895645358
2175    0.29895031984
2177    0.298948187022
2179    0.298940998151
2181    0.298939330377
2183    0.298938873107
2185    0.29893488459
2211    0.296884787172
2237    0.292660959454
2239    0.292660959443
2265    0.289866639876
2291    0.287300765046
2317    0.282868699558
2321    0.282823452106
2347    0.280588885624
2349    0.280588635614
2351    0.280588635575
2353    0.280578107604
2355    0.280573280397
2357    0.280573280109
2359    0.280573267958
2361    0.280572323957
2363    0.280571640636
2365    0.280571640354
2367    0.280571638829
2369    0.280571134064
2371    0.280568009792
2373    0.280568009612
2375    0.280561701948
2377    0.280561688455
2403    0.278355334647
2405    0.278354994035
2407    0.27835498194
2409    0.278354974117
2435    0.276668262903
2437    0.276668014113
2439    0.276664208773
2441    0.276663549426
2443    0.276663549421
2445    0.276662752529
2447    0.276661038061
2449    0.276660079774
2451    0.276657477345
2453    0.276655734235
2455    0.276654278354
2457    0.276653622094
2459    0.276651828019
2461    0.276650640515
2478    0.276424690816
2480    0.276424606649
2506    0.275546028127
2508    0.275545130521
2510    0.275540634164
2512    0.275535304333
2514    0.275533626202
2516    0.27552728088
2518    0.275525140448
2520    0.275524507181
2522    0.275518797708
2548    0.274118653966
2574    0.270355831704
2576    0.27035465262
2602    0.268475977753
2628    0.266819371279
2654    0.263021198445
2658    0.262975295819
2684    0.261696951672
2686    0.261696699334
2688    0.261696699306
2690    0.261686306359
2692    0.261681303404
2694    0.261681303051
2696    0.261681294361
2698    0.261680428536
2700    0.261679801769
2702    0.261679801439
2704    0.261679800901
2706    0.26167933743
2708    0.261675324695
2710    0.261675324502
2712    0.261668663253
2714    0.261668527821
2740    0.260391524236
2742    0.260391316626
2744    0.260391284732
2746    0.260391264121
2772    0.25942506185
2774    0.259424913445
2776    0.259420809012
2778    0.25942010834
2780    0.259420108338
2782    0.259419347626
2784    0.259417175076
2786    0.25941661884
2788    0.259415952684
2790    0.259414607736
2792    0.259413484337
2794    0.259413115801
2796    0.25941237905
2798    0.259411471652
2800    0.259406884402
2802    0.259406859212
2828    0.258856159222
2830    0.258855539343
2832    0.258851644707
2834    0.258847003905
2836    0.258845668402
2838    0.258840052195
2840    0.258837248911
2842    0.258836499661
2844    0.258829271758
2870    0.258110500802
2896    0.255204587196
2898    0.255199853742
2924    0.25416813277
2950    0.253282729813
2976    0.250369472011
2980    0.250328059875
3006    0.249735325212
3008    0.249735037688
3010    0.249735037668
3012    0.249724959358
3014    0.249719875921
3016    0.249719875499
3018    0.249719868935
3020    0.24971904468
3022    0.249718447982
3024    0.249718447603
3026    0.249718447484
3028    0.249718006008
3030    0.249713437994
3032    0.249713437799
3034    0.249706800067
3036    0.249706473393
3062    0.248981433462
3064    0.24898130704
3066    0.248981244714
3068    0.248981204462
3094    0.248435527231
3096    0.248435439682
3098    0.248431178122
3100    0.248430462151
3102    0.24843046215
3104    0.248429719719
3106    0.248427160422
3108    0.248426835364
3110    0.248426785287
3112    0.248425707172
3114    0.248424806616
3116    0.248424600524
3118    0.248424348844
3120    0.248423627496
3122    0.248422478993
3124    0.24842247322
3142    0.248179122281
3144    0.248178712247
3146    0.248175314903
3148    0.248171265339
3150    0.248170200921
3152    0.248165215885
3154    0.248161633466
3156    0.248160853452
3158    0.248152466644
3160    0.248140881176
3186    0.246033447969
3188    0.246021318912
3214    0.245480509126
3240    0.245023332672
3266    0.242886489026
3269    0.242865411111
3271    0.242854442665
3273    0.242854056245
3275    0.24285405623
3277    0.242844533776
3279    0.242839420662
3281    0.242839420157
3283    0.242839414988
3285    0.242838614039
3287    0.242838034202
3289    0.242838033771
3291    0.24283803377
3293    0.242837604672
3295    0.242832792223
3297    0.242832792033
3299    0.242826431944
3301    0.242825904499
3327    0.242418724494
3329    0.242418647707
3331    0.242418549999
3333    0.242418486921
3343    0.242302388242
3345    0.242302339589
3347    0.242298228778
3349    0.242297509222
3351    0.242297509221
3353    0.242296777669
3355    0.242293906735
3357    0.24229371512
3359    0.242293714283
3361    0.242292817361
3363    0.242292068138
3365    0.242291953559
3367    0.242291829975
3369    0.242291233947
3371    0.242290989785
3373    0.242290988619
3375    0.242278870202
3377    0.242278614779
3379    0.242275643321
3381    0.242272101703
3383    0.242271258635
3385    0.242266820871
3387    0.242262460432
3389    0.242261730092
3391    0.242252489954
3393    0.242247660682
3419    0.240745446498
3422    0.240719450553
3425    0.240694710023
3427    0.240682462886
3453    0.239084512175
3456    0.239062686085
3458    0.239054733759
3460    0.239054195059
3462    0.239054195047
3464    0.239045335431
3466    0.239040219426
3468    0.239040218829
3470    0.239040214978
3472    0.239039428029
3474    0.239038858321
3476    0.239038857837
3478    0.239038857744
3480    0.239038436136
3482    0.239033563548
3484    0.239033563369
3486    0.239027776469
3488    0.239027076958
3490    0.239014933357
3492    0.239014891218
3494    0.239014703297
3496    0.239014581976
3498    0.239002504942
3500    0.239002480764
3502    0.238998732896
3504    0.238998014979
3506    0.238998014979
3508    0.238997291232
3510    0.238994167364
3512    0.238994053155
3514    0.238994028976
3516    0.238993260915
3518    0.238992619328
3520    0.23899255614
3522    0.238992478844
3524    0.238991971548
3526    0.238991760682
3528    0.238991760165
3530    0.238979883475
3532    0.23897973793
3534    0.238977134913
3536    0.238974030268
3538    0.238973368832
3540    0.238969406414
3542    0.238964313606
3544    0.23896367815
3546    0.238953843946
3548    0.238951192499
3574    0.237836524363
3577    0.237811648082
3579    0.23780242387
3581    0.237793261691
3607    0.236623651794
3610    0.236601715692
3612    0.236595989885
3614    0.236595290357
3616    0.236595290348
3618    0.236587016937
3620    0.236581912124
3622    0.236581911434
3624    0.236581908794
3626    0.236581131044
3628    0.236580567991
3630    0.236580567449
3632    0.236580567023
3634    0.2365801504
3636    0.23657535607
3638    0.236575355911
3640    0.236570298847
3642    0.236569519854
3644    0.236557631771
3646    0.236557608916
3648    0.236557370414
3650    0.236557216439
3652    0.236545388372
3654    0.236545376769
3656    0.236541802908
3658    0.236541088943
3660    0.236541088942
3662    0.236540371772
3664    0.236537068136
3666    0.236536999107
3668    0.236536957485
3670    0.23653627376
3672    0.236535702618
3674    0.236535668166
3676    0.236535604783
3678    0.236535155523
3680    0.236534975371
3682    0.236534975151
3684    0.236523333898
3686    0.236523262198
3688    0.236520980413
3690    0.236518252188
3692    0.236517740005
3694    0.236514191178
3696    0.236508401308
3698    0.236507862069
3700    0.236497722647
3702    0.236496489801
3728    0.235684935127
3731    0.235660759595
3733    0.235653938183
3735    0.235647163163
3761    0.234805419309
3764    0.23478361527
3766    0.234779536409
3768    0.234778672921
3770    0.234778672914
3772    0.234770916186
3774    0.234765829942
3776    0.234765829153
3778    0.23476582693
3780    0.234765055865
3782    0.234764497649
3784    0.234764497045
3786    0.234764496314
3788    0.234764083374
3790    0.234759618774
3792    0.234759618633
3794    0.234755079573
3796    0.23475428248
3798    0.2347426472
3800    0.234742634646
3802    0.234742371484
3804    0.23474220159
3806    0.234730619256
3808    0.234730613988
3810    0.234727137377
3812    0.234726428395
3814    0.234726428395
3816    0.234725717326
3818    0.23472228883
3820    0.234722246381
3822    0.234722196451
3824    0.23472156896
3826    0.234721044789
3828    0.234721026308
3830    0.234720967253
3832    0.234720556797
3834    0.234720404592
3836    0.234720404505
3838    0.234708992372
3840    0.234708965683
3842    0.234706965672
3844    0.234704562124
3846    0.234704172372
3848    0.234700984
3850    0.234694578442
3852    0.234694130464
3854    0.234683909362
3856    0.234683494317
3882    0.234101705292
3885    0.23407804831
3887    0.234073038188
3889    0.234068062294
3915    0.233469899899
3918    0.233448337987
3920    0.233445454124
3922    0.233444427124
3924    0.233444427118
3926    0.233437126633
3928    0.233432062732
3930    0.233432061843
3932    0.233432059722
3934    0.233431294021
3936    0.233430739686
3938    0.233430739017
3940    0.233430738043
3942    0.233430328107
3944    0.23342624096
3946    0.233426240834
3948    0.233422132813
3950    0.233421344553
3952    0.23340995854
3954    0.23340995152
3956    0.233409676102
3958    0.233409498297
3960    0.233398158053
3962    0.233398155875
3964    0.233394744419
3966    0.233394040885
3968    0.233394040885
3970    0.233393335741
3972    0.233389822459
3974    0.233389795798
3976    0.233389741969
3978    0.233389152581
3980    0.233388660237
3982    0.233388650552
3984    0.233388592595
3986    0.233388208601
3988    0.233388081595
3990    0.233388081565
3992    0.233376892345
3994    0.233376887783
3996    0.233375135228
3998    0.233373012104
4000    0.233372721929
4002    0.23336984824
4004    0.233362935758
4006    0.233362570418
4008    0.233352432041
4010    0.233352377064
4036    0.232940131182
4039    0.232916910269
4041    0.2329132397
4043    0.232909594177
4069    0.232488491841
4072    0.232467220157
4074    0.232465191096
4076    0.232464003729
4078    0.232464003724
4080    0.23245710688
4082    0.232452067214
4084    0.232452066221
4086    0.232452064059
4088    0.23245130302
4090    0.232450752059
4092    0.232450751322
4094    0.232450750148
4096    0.232450342855
4098    0.232446622248
4100    0.232446622136
4102    0.232442895528
4104    0.23244212718
4106    0.232430986523
4108    0.232430982497
4110    0.232430700354
4112    0.23243051821
4114    0.232419416211
4116    0.232419415455
4118    0.23241605541
4120    0.232415357533
4122    0.232415357533
4124    0.232414658254
4126    0.232411088929
4128    0.232411071754
4130    0.232411015832
4132    0.232410452632
4134    0.232409982163
4136    0.232409977259
4138    0.232409919248
4140    0.232409553635
4142    0.232409449172
4144    0.232409449163
4146    0.232398476804
4148    0.232398476388
4150    0.232396940766
4152    0.232395060183
4154    0.232394849891
4156    0.232392251402
4158    0.232384951496
4160    0.232384658325
4162    0.232374718561
4164    0.232374704306
4166    0.232362693333
4169    0.232339948555
4171    0.232336788373
4173    0.232333649659
4196    0.232038679475
4199    0.23201756138
4201    0.23201582417
4203    0.232014481597
4205    0.232014481593
4207    0.23200794148
4209    0.232002926952
4211    0.232002925851
4213    0.232002923579
4215    0.232002166818
4217    0.232001618953
4219    0.232001618145
4221    0.232001616793
4223    0.232001211953
4225    0.231997832016
4227    0.231997831917
4229    0.231994449807
4231    0.231993705594
4233    0.231982806171
4235    0.23198280378
4237    0.231982517319
4239    0.231982332389
4241    0.231971464649
4243    0.231971464474
4245    0.23196814974
4247    0.231967457609
4249    0.231967457609
4251    0.231966764171
4253    0.23196315918
4255    0.231963147783
4257    0.231963090478
4259    0.23196254552
4261    0.231962090289
4263    0.231962087932
4265    0.231962029447
4267    0.231961676841
4269    0.231961592376
4271    0.231961592375
4273    0.231950830964
4275    0.231950820743
4277    0.231949500913
4279    0.231947830417
4281    0.231947691124
4283    0.231945333776
4285    0.231937674297
4287    0.231937498705
4289    0.231928206353
4291    0.231928141885
4293    0.231918046927
4296    0.231895697116
4298    0.231892913989
4300    0.231890149682
4302    0.231877969499
4304    0.231865613723
4306    0.231863944344
4308    0.231862450744
4310    0.23186245074
4312    0.231856218315
4314    0.231851229324
4316    0.231851228111
4318    0.231851225689
4320    0.231850472995
4322    0.231849928074
4324    0.23184992719
4326    0.231849925671
4328    0.231849523179
4330    0.231846455657
4332    0.231846455569
4334    0.231843386596
4336    0.231842667858
4338    0.231832005461
4340    0.231832003975
4342    0.23183171424
4344    0.231831527198
4346    0.231820889674
4348    0.231820889668
4350    0.231817617371
4352    0.231816931018
4354    0.231816931018
4356    0.231816243406
4358    0.231812617094
4360    0.23181260927
4362    0.231812550861
4364    0.231812018789
4366    0.231811574321
4368    0.23181157328
4370    0.231811514168
4372    0.231811170957
4374    0.231811104063
4376    0.231811104063
4378    0.231800547878
4380    0.2318005172
4382    0.231799395124
4384    0.231797906875
4386    0.231797823511
4388    0.231795677841
4390    0.231787791163
4392    0.231787679331
4394    0.231779123188
4396    0.231779043192
4398    0.2317691152
4400    0.231759392366
4402    0.231756675478
4404    0.231753976909
4406    0.231741985045
4408    0.231730235267
4410    0.231728629218
4412    0.23172699559
4414    0.231726995587
4416    0.231721047064
4418    0.231716083757
4420    0.231716082432
4422    0.231716079839
4424    0.231715331087
4426    0.23171478902
4428    0.231714788057
4430    0.231714786374
4432    0.231714386172
4434    0.231711603888
4436    0.231711603809
4438    0.231708819966
4440    0.231708126849
4442    0.231697697239
4444    0.23169769626
4446    0.231697403707
4448    0.231697214848
4450    0.231686803477
4452    0.231686803446
4454    0.231683572079
4456    0.231682891507
4458    0.231682891507
4460    0.231682209705
4462    0.231678572122
4464    0.231678566548
4466    0.231678507145
4468    0.231677984318
4470    0.231677547574
4472    0.231677547178
4474    0.231677487386
4476    0.231677151118
4478    0.231677099485
4480    0.231677099483
4482    0.231666742993
4484    0.231666683906
4486    0.231665723369
4488    0.231664393463
4490    0.231664347647
4492    0.23166238811
4494    0.23165448452
4496    0.231654413193
4498    0.231646387306
4500    0.231646298187
4502    0.231636537211
4504    0.231626491826
4506    0.231623840029
4508    0.231621206066
4510    0.231609400292
4512    0.231598090244
4514    0.231596545523
4516    0.231594780192
4518    0.23159478019
4520    0.231589084217
4522    0.231584146601
4524    0.23158414516
4526    0.231584142381
4528    0.231583397496
4530    0.231582858228
4532    0.231582857183
4534    0.231582855335
4536    0.231582457389
4538    0.231579935097
4540    0.231579935027
4542    0.231577410874
4544    0.231576743037
4546    0.231566541938
4548    0.231566541247
4550    0.231566246082
4552    0.23156605554
4554    0.231555866224
4556    0.231555866088
4558    0.231552674722
4560    0.231551999917
4562    0.231551999917
4564    0.231551323903
4566    0.231547682059
4568    0.231547677927
4570    0.231547617577
4572    0.231547101508
4574    0.231546670407
4576    0.231546670296
4578    0.231546609805
4580    0.231546278808
4582    0.231546240238
4584    0.231546240234
4586    0.23153607807
4588    0.231535984809
4590    0.23153515665
4592    0.231533964536
4594    0.231533942612
4596    0.231532147044
4598    0.231524348461
4600    0.23152430289
4602    0.231516688704
4604    0.231516589818
4606    0.231506993851
4608    0.231496739745
4610    0.231494151744
4612    0.231491581109
4614    0.231479959072
4616    0.231468975789
4618    0.231467490421
4620    0.231465601978
4622    0.231465601976
4624    0.231460131185
4626    0.231455219197
4628    0.231455217637
4630    0.231455214664
4632    0.231454473592
4634    0.231453937084
4636    0.231453935955
4638    0.231453933937
4640    0.231453538225
4642    0.231451252719
4644    0.231451252657
4646    0.231448964975
4648    0.231448321882
4650    0.231438345003
4652    0.231438344477
4654    0.231438046802
4656    0.231437854641
4658    0.231427883267
4660    0.231427882997
4662    0.231424730953
4664    0.231424061891
4666    0.231424061891
4668    0.231423391637
4670    0.231419750404
4672    0.231419747214
4674    0.23141968594
4676    0.231419174918
4678    0.231418748033
4680    0.231418748021
4682    0.231418686825
4684    0.231418359951
4686    0.231418332355
4688    0.23141833235
4690    0.231408359299
4692    0.231408227874
4694    0.231407508575
4696    0.231406436567
4698    0.231406428503
4700    0.231404777641
4702    0.231397152118
4704    0.231397122942
4706    0.231389850071
4708    0.231389740858
4710    0.231380307773
4712    0.231369927002
4714    0.231367401411
4716    0.231364892734
4718    0.231353452017
4720    0.231342718102
4722    0.231341290146
4724    0.231339287236
4726    0.231339287234
4728    0.231334017667
4730    0.231329131206
4732    0.231329129524
4734    0.23132912635
4736    0.231328389052
4738    0.231327855275
4740    0.231327854057
4742    0.231327851867
4744    0.231327458374
4746    0.2313253884
4748    0.231325388345
4750    0.231323315912
4752    0.231322696956
4754    0.231312940002
4756    0.231312939571
4758    0.23131263944
4760    0.231312445695
4762    0.231302688147
4764    0.23130268774
4766    0.231299574446
4768    0.231298911096
4770    0.231298911096
4772    0.231298246571
4774    0.231294609325
4776    0.231294606764
4778    0.231294544575
4780    0.231294037422
4782    0.23129361377
4784    0.231293613765
4786    0.231293551863
4788    0.231293228323
4790    0.231293209718
4792    0.231293209711
4794    0.231283420714
4796    0.231283248559
4798    0.231282619111
4800    0.231281651969
4802    0.231281650498
4804    0.231280127576
4806    0.231272711225
4808    0.231272692497
4810    0.231265717578
4812    0.231265597554
4814    0.231256325146
4816    0.231245876334
4818    0.231243411719
4820    0.231240963579
4822    0.231229701727
4824    0.23121916382
4826    0.231217791376
4828    0.231215682532
4830    0.231215682531
4832    0.231210593163
4834    0.231205732111
4836    0.231205730304
4838    0.231205726923
4840    0.231204993364
4842    0.231204462295
4844    0.231204460985
4846    0.231204458616
4848    0.231204067332
4850    0.23120219345
4852    0.231202193401
4854    0.231200316822
4856    0.231199721374
4858    0.23119018006
4860    0.23119017968
4862    0.23118987713
4864    0.231189681825
4866    0.231180133992
4868    0.231180133455
4870    0.231177058388
4872    0.231176400715
4874    0.231176400715
4876    0.231175741881
4878    0.231172110959
4880    0.231172108823
4882    0.231172045727
4884    0.23117154163
4886    0.23117112053
4888    0.231171120491
4890    0.231171057883
4892    0.231170737131
4894    0.231170725633
4896    0.231170725626
4898    0.231161115769
