26    2.15107451928
52    1.97826615099
58    1.85376072029
73    1.72966673892
75    1.7296661693
101    1.68386766157
127    1.65500017304
153    1.56691507221
179    1.44295587819
205    1.33617126978
231    1.31194877529
257    1.22553365988
283    1.19165633506
309    1.0470096122
335    0.934016811549
361    0.819135016701
363    0.819135014436
386    0.698677498416
412    0.685983661865
438    0.560672770922
464    0.289545074529
490    0.268520483904
494    0.26847714302
520    0.247154093614
546    0.232357139062
548    0.232357139062
550    0.232354353872
552    0.232354352869
578    0.225229322279
604    0.219667325149
630    0.209147805916
632    0.20914741093
657    0.208105894623
683    0.206742168032
709    0.205638597374
735    0.201422916002
761    0.198103668087
774    0.197804889316
787    0.197529727475
789    0.19752971688
791    0.197529708469
817    0.196416474299
843    0.193783262024
869    0.18423725483
895    0.176500263301
897    0.176500254974
923    0.167487326638
949    0.158860933658
951    0.158860933613
953    0.158860724245
955    0.15886072378
981    0.157432690748
1007    0.154193837806
1033    0.149307524015
1035    0.14930751369
1037    0.149299621353
1044    0.14922568479
1046    0.149219491362
1072    0.147626760499
1098    0.146559083679
1100    0.146556521231
1102    0.146554393384
1104    0.146554392972
1106    0.146554392956
1113    0.146477549945
1129    0.146221804218
1155    0.14161288449
1181    0.137610813856
1183    0.137610805122
1209    0.131588926131
1235    0.124914549675
1237    0.124914549613
1239    0.124914510226
1241    0.124914509996
1267    0.124459884403
1293    0.122346093108
1319    0.11973612132
1321    0.11973612104
1323    0.119732985196
1325    0.119727599774
1327    0.119725820477
1353    0.119096431809
1378    0.118708975834
1380    0.118707422459
1382    0.118706751978
1384    0.118706751784
1386    0.118706751759
1388    0.118696696857
1390    0.118686809779
1416    0.115876168118
1442    0.11337176777
1444    0.113371758673
1470    0.108479205714
1496    0.103131953889
1498    0.103131953841
1500    0.103131930478
1502    0.103131930364
1505    0.103110035261
1531    0.101792933534
1557    0.100346109379
1559    0.100346109375
1561    0.100344841859
1563    0.100342468273
1565    0.100341946178
1576    0.100215354268
1578    0.100204856545
1580    0.100203565086
1582    0.100203006052
1584    0.100203005904
1586    0.100203005898
1588    0.100193639203
1590    0.100184386526
1616    0.0979485312139
1642    0.0959479188025
1644    0.0959479114018
1670    0.0920030617668
1696    0.0879605885307
1698    0.0879605884958
1700    0.0879605772189
1702    0.0879605771664
1704    0.0879528173766
1730    0.0871426408541
1756    0.0863192687793
1758    0.0863192687738
1760    0.0863181814423
1762    0.0863169338383
1764    0.0863165162983
1766    0.0863061096049
1768    0.0862959522982
1770    0.0862948723166
1772    0.0862944229975
1774    0.0862944228758
1776    0.0862944228733
1778    0.0862856873394
1780    0.0862770272767
1806    0.0841642197881
1832    0.0822401426549
1834    0.082240137311
1860    0.0792639399186
1886    0.0764005276126
1888    0.0764005275909
1890    0.0764005195876
1892    0.0764005195642
1894    0.0763955616713
1920    0.0759043358986
1946    0.0754263426613
1948    0.0754263426525
1950    0.0754253874369
1952    0.075424703194
1954    0.0754243281669
1956    0.0754142049602
1958    0.075404368875
1960    0.0754034611393
1962    0.0754031146385
1964    0.0754031145343
1966    0.0754031145326
1968    0.0753949598117
1970    0.0753867999429
1996    0.0732481979351
2022    0.0712321944439
2024    0.0712321910737
2050    0.0691234301591
2076    0.0671867659173
2078    0.0671867659047
2080    0.0671867581815
2082    0.0671867581704
2084    0.0671837476859
2100    0.0669953456219
2113    0.0668471439097
2115    0.0668471439061
2117    0.0668463009711
2119    0.0668457992194
2121    0.0668454626728
2123    0.0668356396941
2125    0.0668261098733
2127    0.0668253432209
2129    0.0668250882973
2131    0.0668250882072
2133    0.0668250882056
2135    0.0668174696561
2137    0.066809708213
2163    0.0646191116852
2189    0.0624707591037
2191    0.0624707573596
2217    0.0610424929086
2243    0.0597637111279
2245    0.0597637111195
2247    0.059763703693
2249    0.0597637036867
2251    0.0597614143202
2253    0.0597507499487
2255    0.0597399682415
2257    0.0597399682415
2259    0.0597392210855
2261    0.0597387456399
2263    0.0597384433725
2265    0.0597289765927
2267    0.059719738457
2269    0.0597190879024
2271    0.0597189108207
2273    0.059718910742
2275    0.0597189107392
2277    0.0597117885057
2279    0.0597043329958
2305    0.0574923820584
2331    0.0552435773962
2333    0.0552435767683
2359    0.0543033477634
2385    0.0534635029009
2387    0.0534635028916
2389    0.0534634982866
2391    0.0534634982811
2393    0.053461320691
2395    0.0534508880362
2397    0.0534403441041
2399    0.0534403441034
2401    0.0534396789459
2403    0.0534392279681
2405    0.0534389556487
2407    0.0534298310815
2409    0.0534208699745
2411    0.0534203153718
2413    0.0534202012627
2415    0.0534202011935
2417    0.0534202011894
2419    0.0534135394071
2421    0.0534063096547
2447    0.0512332663018
2473    0.0489583346151
2475    0.0489583345258
2501    0.048349161467
2527    0.0477928461119
2529    0.0477928461043
2531    0.0477928426447
2533    0.0477928426394
2535    0.0477907695186
2537    0.0477805616674
2539    0.0477702486998
2541    0.0477702486975
2543    0.0477696540084
2545    0.0477692257978
2547    0.047768979728
2549    0.047760184084
2551    0.0477514868585
2553    0.0477510118953
2555    0.047750945691
2557    0.0477509456297
2559    0.0477509456234
2561    0.0477447117703
2563    0.047737640799
2589    0.045675908703
2615    0.0434677990524
2617    0.0434677989407
2643    0.0430759136076
2669    0.0427005573258
2671    0.0427005573194
2673    0.0427005543724
2675    0.0427005543672
2677    0.0426985790267
2679    0.0426885897429
2681    0.0426785012785
2683    0.0426785012752
2685    0.0426779673763
2687    0.0426775603734
2689    0.0426773373855
2691    0.042668858006
2693    0.042660412728
2695    0.0426600041459
2697    0.04265997142
2699    0.0426599713654
2701    0.0426599713563
2703    0.042654135769
2705    0.0426471719057
2731    0.0407653667752
2757    0.0387135669084
2759    0.0387135662972
2761    0.0387026501955
2783    0.038453175428
2785    0.0384531754239
2787    0.0384531727235
2789    0.0384531727192
2791    0.0384512889934
2793    0.038441510551
2795    0.038431640368
2797    0.0384316403635
2799    0.0384311591017
2801    0.0384307718776
2803    0.0384305692516
2805    0.0384223940334
2807    0.038414189733
2809    0.0384138367173
2811    0.0384138245572
2813    0.0384138245086
2815    0.0384138244961
2817    0.0384083599781
2819    0.0384014693311
2845    0.0367509018759
2871    0.0349239105127
2873    0.0349239090453
2875    0.0349147491463
2877    0.0349039080546
2879    0.0349039080524
2881    0.0349039054784
2883    0.0349039054752
2885    0.0349021076827
2887    0.0348925350544
2889    0.0348828772142
2891    0.0348828772095
2893    0.0348824416965
2895    0.0348820729455
2897    0.0348818883389
2899    0.0348740057252
2901    0.0348660322706
2903    0.0348657259721
2905    0.0348657237697
2907    0.0348657237258
2909    0.034865723709
2911    0.0348606052541
2913    0.034853772907
2939    0.0334606871194
2965    0.0318968509635
2967    0.0318968484129
2969    0.031887847552
2971    0.0318771575547
2973    0.0318771575524
2975    0.0318771550473
2977    0.0318771550441
2979    0.0318754379322
2981    0.0318660663351
2983    0.0318566151828
2985    0.0318566151781
2987    0.0318562195755
2989    0.0318558681035
2991    0.0318556994938
2993    0.0318480984347
2995    0.0318403464008
2997    0.0318400795524
2999    0.0318400794878
3001    0.0318400794485
3003    0.0318400794278
3005    0.0318352839712
3007    0.031828512704
3033    0.0306936180638
3059    0.029401104937
3061    0.0294011011924
3063    0.029392255018
3065    0.0293817139204
3067    0.0293817139181
3069    0.0293817114531
3071    0.0293817114505
3073    0.0293800701559
3075    0.0293708950012
3077    0.0293616451358
3079    0.0293616451311
3081    0.0293612844742
3083    0.0293609491867
3085    0.0293607948218
3087    0.0293534647281
3089    0.0293459252764
3091    0.0293456918882
3093    0.0293456889644
3095    0.0293456889286
3097    0.0293456889038
3099    0.0293411951053
3101    0.0293345017133
3127    0.0284383268714
3153    0.0274016319642
3155    0.0274016270057
3157    0.0273929319728
3159    0.0273825375755
3161    0.0273825375737
3163    0.0273825351341
3165    0.0273825351313
3167    0.0273809651489
3169    0.0273719820252
3171    0.0273629282871
3173    0.0273629282829
3175    0.0273625983366
3177    0.0273622782309
3179    0.0273621365896
3181    0.0273550673073
3183    0.0273477321106
3185    0.0273475272269
3187    0.0273475188952
3189    0.0273475188627
3191    0.0273475188338
3193    0.0273433069068
3195    0.0273367171187
3221    0.026647567198
3247    0.0258365718551
3249    0.0258365657274
3251    0.0258280187234
3253    0.0258177687511
3255    0.0258177687492
3257    0.0258177663274
3259    0.0258177663248
3261    0.0258162634761
3263    0.025807468137
3265    0.0257986055917
3267    0.0257986055883
3269    0.0257983027286
3271    0.0257979968831
3273    0.0257978666403
3275    0.0257910484263
3277    0.0257839096073
3279    0.0257837291112
3281    0.0257837146612
3283    0.0257837146314
3285    0.0257837145994
3287    0.0257797661659
3289    0.0257733094165
3315    0.0252548392517
3341    0.0246331877646
3343    0.0246331805526
3345    0.0246247787129
3347    0.0246146708472
3349    0.0246146708453
3351    0.0246146684373
3353    0.0246146684346
3355    0.024613228843
3357    0.0246046171932
3359    0.0245959411155
3361    0.024595941112
3363    0.0245956622281
3365    0.0245953697958
3367    0.0245952497935
3369    0.0245886732944
3371    0.0245817233763
3373    0.0245815638342
3375    0.0245815437456
3377    0.0245815437181
3379    0.0245815436834
3381    0.0245778416471
3383    0.0245715466886
3409    0.0241883068929
3435    0.0237195026145
3437    0.0237194944236
3439    0.0237112350419
3441    0.0237012669575
3443    0.0237012669556
3445    0.0237012645586
3447    0.0237012645559
3449    0.0236998846197
3451    0.0236914527038
3453    0.0236829585604
3455    0.0236829585579
3457    0.0236827009721
3459    0.023682421172
3461    0.0236823103966
3463    0.0236759666292
3465    0.023669198495
3467    0.0236690570302
3469    0.023669032417
3471    0.023669032392
3473    0.0236690323556
3475    0.0236655607931
3477    0.0236594526262
3489    0.0235303616006
3515    0.0231776908963
3517    0.0231776821989
3519    0.0231695626666
3521    0.0231597320416
3523    0.02315973204
3525    0.0231597296526
3527    0.0231597296503
3529    0.0231584060196
3531    0.0231501499955
3533    0.0231418334159
3535    0.0231418334136
3537    0.0231415948123
3539    0.0231413269246
3541    0.0231412244854
3543    0.0231351048094
3545    0.0231285116601
3547    0.0231283858534
3549    0.0231283592746
3551    0.0231283592514
3553    0.0231283592139
3555    0.0231251033299
3557    0.0231192739101
3559    0.0231085951606
3567    0.0230290205885
3569    0.0230290138501
3571    0.0230210316359
3573    0.0230113361715
3575    0.02301133617
3577    0.0230113337917
3579    0.0230113337891
3581    0.023010063346
3583    0.0230019794852
3585    0.022993836255
3587    0.0229938362531
3589    0.0229936146327
3591    0.0229933579906
3593    0.0229932631023
3595    0.0229873592082
3597    0.0229809345403
3599    0.0229808223877
3601    0.0229807962678
3603    0.0229807962463
3605    0.0229807962089
3607    0.0229777422976
3609    0.0229722692402
3611    0.0229617999667
3613    0.0229509057669
3615    0.0229509004251
