26    2.06948309834
52    1.91564009518
78    1.88844188138
104    1.76734477859
106    1.76734098852
120    1.64500584361
146    1.61585380866
172    1.48553415589
198    1.36351704989
224    1.29849300404
226    1.29848742523
252    1.17742677657
273    1.17343004202
299    1.01904947116
311    0.895050857194
331    0.771440299307
333    0.771438729578
340    0.647784597068
354    0.646354147867
380    0.528806621307
406    0.170691438704
432    0.154777956648
453    0.153023093391
479    0.137963177329
505    0.128602742615
531    0.117012485144
533    0.117008294366
535    0.117003188437
537    0.117003122663
563    0.106314564434
565    0.106305977906
567    0.106304876824
593    0.0967432538968
595    0.0967432533958
597    0.096743068023
599    0.0967345417976
625    0.0891156466558
627    0.0891156446021
629    0.0891155534959
631    0.0891155468299
633    0.0891155468158
635    0.089106347089
661    0.0867076220569
687    0.0835431636992
711    0.082733482182
713    0.0827328925764
739    0.0770984975022
765    0.0734280550816
791    0.0685515925883
793    0.0685487847789
795    0.0685458571015
797    0.0685458540659
823    0.0631688909185
825    0.0631626598114
827    0.0631619662218
853    0.0610404794319
855    0.0610404791318
857    0.0610404791245
859    0.0610334695329
885    0.0571165562181
887    0.0571165528966
889    0.0571165492052
891    0.0571165466559
893    0.057116546655
895    0.0571082559622
906    0.0569408713871
923    0.0566507031946
925    0.0566411271245
927    0.0566410723764
953    0.0544176553686
979    0.0529698798379
1005    0.0507375660024
1007    0.0507357654659
1009    0.0507341711771
1011    0.0507341513309
1037    0.0474998198677
1039    0.0474951989833
1041    0.047494767948
1067    0.0468185418462
1069    0.0468185416728
1071    0.0468185409275
1073    0.0468126406667
1099    0.0443145352377
1101    0.0443145309052
1103    0.0443145199906
1105    0.0443145188453
1107    0.0443145188454
1109    0.044307013005
1111    0.0442967783408
1113    0.0442861825327
1115    0.0442775159099
1117    0.0442774768712
1143    0.043415142101
1169    0.0428377303511
1195    0.0416603839927
1197    0.0416592737922
1199    0.0416583342897
1201    0.0416583095918
1227    0.0393379438819
1229    0.0393344381931
1231    0.0393341671809
1244    0.0391626424998
1246    0.0391626423953
1248    0.0391626418042
1250    0.0391575757516
1276    0.0374699611853
1278    0.0374699564929
1280    0.0374699486237
1282    0.0374699479078
1284    0.0374699479077
1286    0.0374631246202
1288    0.0374536918833
1290    0.0374435914331
1292    0.0374357390923
1294    0.0374357113737
1316    0.037155565601
1324    0.0370737450149
1350    0.0363469258463
1352    0.0363462731624
1354    0.0363456380199
1356    0.0363456134095
1382    0.0343304631079
1384    0.034327734226
1386    0.0343275579534
1389    0.0343052308939
1391    0.034305230829
1393    0.0343052305449
1395    0.0343007944392
1421    0.0331106005911
1423    0.0331105960277
1425    0.0331105897887
1427    0.0331105892627
1429    0.0331105892627
1431    0.0331043602425
1433    0.033095664738
1435    0.033086020993
1437    0.0330789007363
1439    0.0330788811573
1441    0.0330693525687
1443    0.0330585955833
1469    0.0325423627668
1471    0.0325420060391
1473    0.0325415261379
1475    0.032541502048
1501    0.0305271913828
1503    0.030525000962
1505    0.0305248818797
1507    0.030516269397
1509    0.0305162693561
1511    0.030516269211
1513    0.0305123247739
1539    0.0296659471961
1541    0.0296659429427
1543    0.0296659376156
1545    0.0296659372505
1547    0.0296659372504
1549    0.0296602285303
1551    0.0296522111693
1553    0.0296429891759
1555    0.029636529003
1557    0.0296365152546
1559    0.0296273254519
1561    0.0296168069488
1587    0.0292105295849
1589    0.0292103575608
1591    0.0292099572019
1593    0.0292099331301
1619    0.0270772117633
1621    0.0270753871631
1623    0.0270753043163
1625    0.027069146238
1627    0.0270691462117
1629    0.0270691461344
1631    0.027065593676
1657    0.0264695268138
1659    0.026469522898
1661    0.0264695180971
1663    0.0264695178548
1665    0.0264695178548
1667    0.0264642667581
1669    0.0264568734101
1671    0.0264480414461
1673    0.0264421776475
1675    0.0264421680544
1677    0.0264333032665
1679    0.0264229970446
1699    0.0261527007116
1701    0.0261526347764
1703    0.026152413209
1705    0.0261523975726
1731    0.0239311277426
1733    0.0239295592601
1735    0.0239295001482
1737    0.0239252644235
1739    0.0239252644067
1741    0.0239252643724
1743    0.0239220264609
1769    0.0235063235489
1771    0.0235063199542
1773    0.0235063154618
1775    0.023506315305
1777    0.0235063153051
1779    0.0235014678447
1781    0.0234946488429
1783    0.0234861780425
1785    0.0234808538253
1787    0.0234808471689
1789    0.0234722945165
1791    0.0234622093516
1808    0.0232442847795
1810    0.023244270294
1812    0.0232441054545
1814    0.0232440926844
1840    0.0209946375925
1842    0.0209932371659
1844    0.0209931940326
1846    0.0209903323895
1848    0.0209903323784
1850    0.0209903323669
1852    0.020987347778
1866    0.0208302592855
1868    0.0208302560564
1870    0.0208302517459
1872    0.0208302516233
1874    0.0208302516233
1876    0.0208257561206
1878    0.0208194658746
1880    0.0208113299479
1882    0.020806494437
1884    0.0208064898327
1886    0.020798237231
1888    0.0207883718256
1902    0.0206187652533
1904    0.020618765248
1906    0.0206186491836
1908    0.0206186394693
1934    0.0184350334794
1936    0.0184337431233
1938    0.0184337103727
1940    0.0184314100925
1942    0.0184314100856
1944    0.0184314100838
1946    0.0184286300604
1948    0.0184177289607
1950    0.0184177260604
1952    0.0184177218548
1954    0.0184177217484
1956    0.0184177217484
1958    0.0184135345719
1960    0.0184077312224
1962    0.0183999062169
1964    0.0183955136798
1966    0.0183955104859
1968    0.0183875467804
1970    0.0183779054984
1980    0.0182649447133
1982    0.0182649350534
1984    0.0182648698603
1986    0.0182648639246
2012    0.0162378412634
2014    0.0162366304485
2016    0.0162366047626
2018    0.0162344380752
2020    0.0162344380702
2022    0.0162344380486
2024    0.0162318247328
2026    0.0162211019243
2028    0.0162210992526
2030    0.0162210951047
2032    0.0162210950108
2034    0.0162210950108
2036    0.0162171827955
2038    0.0162118278979
2040    0.0162042919813
2042    0.0162003012025
2044    0.016200298954
2046    0.0161926140348
2048    0.0161832102628
2055    0.0161116270688
2057    0.0161115937358
2059    0.0161115576101
2061    0.0161115540401
2087    0.0143026818405
2089    0.0143015317918
2091    0.0143015115281
2093    0.0142994664297
2095    0.0142994664263
2097    0.0142994663693
2099    0.0142969893345
2101    0.014286439595
2103    0.0142864371083
2105    0.0142864329893
2107    0.0142864329048
2109    0.0142864329047
2111    0.0142827666852
2113    0.0142778249182
2115    0.0142705581717
2117    0.0142669319309
2119    0.0142669302931
2121    0.0142595148753
2123    0.0142503594493
2127    0.0142168185696
2129    0.0142167552303
2131    0.0142167394386
2133    0.0142167376573
2159    0.0126564764728
2161    0.0126553813246
2163    0.0126553652619
2165    0.0126534315407
2167    0.0126534315383
2169    0.0126534314637
2171    0.0126510663946
2173    0.0126406854511
2175    0.012640683125
2177    0.0126406790161
2179    0.0126406789392
2181    0.0126406789392
2183    0.012637233507
2185    0.0126326724094
2187    0.0126256566496
2189    0.0126223612896
2191    0.0126223600215
2193    0.0126152054918
2195    0.0126063103815
2197    0.012596063862
2199    0.0125959695074
2201    0.0125959626753
2203    0.0125959617563
2229    0.0112870439796
2231    0.0112860005436
2233    0.0112859877625
2235    0.011284156591
2237    0.0112841565891
2239    0.0112841565125
2241    0.0112818838948
2243    0.0112716679528
2245    0.0112716657705
2247    0.0112716616598
2249    0.0112716615885
2251    0.0112716615885
2253    0.0112684149522
2255    0.0112642046829
2257    0.0112574233043
2259    0.011254428358
2261    0.0112544272875
2263    0.0112475254093
2265    0.0112388971304
2267    0.0112299462242
2269    0.0112298227065
2271    0.0112298167143
2273    0.0112298159016
2299    0.0101584124845
2301    0.0101574140148
2303    0.0101574038151
2305    0.0101556674534
2307    0.0101556674524
2309    0.0101556673823
2311    0.0101534715087
2313    0.01014341705
2315    0.0101434149983
2317    0.010143410879
2319    0.0101434108125
2321    0.0101434108125
2323    0.0101403437396
2325    0.0101364568598
2327    0.0101298946862
2329    0.0101271725521
2331    0.010127171558
2333    0.010120514204
2335    0.0101121505511
2337    0.0101046692582
2339    0.0101045201094
2341    0.0101045150715
2343    0.0101045143796
2369    0.00924577054019
2371    0.00924481740246
2373    0.00924480924559
2375    0.00924316083065
2377    0.0092431608294
2379    0.00924316076943
2381    0.00924102897638
2383    0.00923113267021
2385    0.00923113073725
2387    0.00923112660443
2389    0.00923112654208
2391    0.00923112654206
2393    0.00922822216965
2395    0.00922463344142
2397    0.0092182765931
2399    0.00921580225081
2401    0.0092158012481
2403    0.00920938045344
2405    0.00920128085241
2407    0.00919521800725
2409    0.00919504771274
2411    0.00919504359629
2413    0.00919504302239
2439    0.00851849341591
2441    0.00851758883638
2443    0.00851758230358
2445    0.00851601569134
2447    0.0085160156906
2449    0.00851601564116
2451    0.00851393770341
2453    0.00850419637304
2455    0.00850419454888
2457    0.0085041904003
2459    0.00850419034137
2461    0.00850419034136
2463    0.00850143384663
2465    0.00849812004941
2467    0.00849195582309
2469    0.00848970658045
2471    0.00848970551186
2473    0.0084835134487
2475    0.00847567702894
2477    0.00847087183442
2479    0.00847068515942
2481    0.00847068186668
2483    0.00847068140082
2509    0.00794495272879
2511    0.00794410045636
2513    0.00794409522048
2515    0.007942604869
2517    0.00794260486845
2519    0.0079426048282
2521    0.00794057247789
2523    0.0079309830826
2525    0.00793098135865
2527    0.00793097719252
2529    0.00793097713674
2531    0.00793097713674
2533    0.00792835545887
2535    0.00792529522283
2537    0.00791931197993
2539    0.00791726724822
2541    0.00791726607504
2543    0.00791129504263
2545    0.00790371961136
2547    0.00789997281747
2549    0.00789977433637
2551    0.0078997717447
2553    0.00789977137269
2579    0.00749563717339
2581    0.00749484024453
2583    0.00749483604646
2585    0.00749341692551
2587    0.00749341692492
2589    0.00749341689249
2591    0.00749142343749
2593    0.00748198306684
2595    0.00748198143481
2597    0.00748197725031
2599    0.00748197719749
2601    0.00748197719751
2603    0.00747947879826
2605    0.00747665245107
2607    0.00747083952159
2609    0.00746898061534
2611    0.00746897931377
2613    0.00746322174091
2615    0.00745590340456
2617    0.00745301695652
2619    0.0074528107685
2621    0.00745280875408
2623    0.00745280846083
2643    0.00721955624866
2645    0.00721884477947
2647    0.00721884141613
2649    0.00721748893598
2651    0.00721748893569
2653    0.00721748890952
2655    0.00721552894468
2657    0.00720623480281
2659    0.00720623325556
2661    0.00720622905284
2663    0.00720622900221
2665    0.00720622900221
2667    0.00720384366275
2669    0.00720123308865
2671    0.00719558067455
2673    0.00719389062995
2675    0.00719388918537
2677    0.00718833849371
2679    0.00718129371042
2681    0.00717893527225
2683    0.00717872832337
2685    0.00717872670076
2687    0.00717872646609
2689    0.00716770811998
2691    0.00716712177616
2693    0.00716711908693
2695    0.00716582904259
2697    0.00716582904214
2699    0.00716582902096
2701    0.00716389818844
2703    0.00715474758992
2705    0.00715474612089
2707    0.00715474189956
2709    0.00715474185155
2711    0.00715474185155
2713    0.00715246049926
2715    0.00715004901357
2717    0.00714454810991
2719    0.00714301152264
2721    0.00714300992846
