26    2.25105266455
52    2.12980090674
54    2.12979620423
64    2.12954484929
66    2.12954157086
92    2.00742212403
94    2.00742212401
97    2.00740250995
123    1.88861836573
149    1.82358500961
175    1.81049512463
198    1.80863873882
200    1.80863075709
226    1.78095461887
252    1.76822933543
254    1.76822821938
280    1.64675124481
282    1.64675124481
286    1.64670952372
294    1.52217496957
305    1.39893378571
331    1.29832872707
333    1.29832813439
335    1.29832801363
337    1.2983261861
363    1.28375330544
365    1.28375281435
391    1.16159819974
393    1.16159819974
398    1.16153829831
413    1.03747662341
439    1.03479567015
465    1.03438524091
467    1.03437850823
469    1.03437506263
495    1.03138540412
521    1.03092420678
523    1.03092119671
538    0.906590820413
540    0.906590820413
542    0.906588799496
549    0.781982273002
557    0.658028981291
564    0.533621334009
566    0.533621327664
568    0.533621326721
570    0.533620730654
572    0.533619243963
574    0.533619243864
600    0.502739748066
602    0.502738947307
628    0.476931126674
630    0.476928070636
632    0.476927442174
634    0.476925671902
636    0.476925176376
638    0.476923882117
640    0.476919867323
642    0.476919486487
644    0.476919486223
647    0.47689715173
673    0.466593796088
699    0.456312012811
701    0.456311921625
703    0.456311844484
729    0.452471519456
755    0.442978622827
757    0.442975480767
759    0.442975441437
761    0.442975441157
763    0.442966543455
765    0.442964824356
767    0.442964147227
793    0.441513131129
795    0.441512555338
797    0.4415124363
799    0.441512196267
806    0.441434238396
808    0.441433892455
811    0.441410069193
813    0.441410068961
815    0.44140902221
817    0.441408853227
843    0.438132506917
869    0.437351699248
871    0.43735036021
873    0.437349666645
899    0.433800459447
925    0.432930823716
927    0.432928571133
929    0.432928464174
931    0.43292846417
933    0.432928464157
935    0.432928462047
937    0.432928355074
939    0.432926318757
941    0.432926318688
943    0.432926318678
945    0.432926299488
947    0.432925971121
949    0.432925971117
975    0.415386269911
977    0.415385295062
1003    0.402145768812
1005    0.402144422981
1007    0.402143967682
1009    0.402143291799
1011    0.402142932119
1013    0.402142441427
1015    0.40214038169
1017    0.402139760214
1019    0.402138650289
1021    0.402132909646
1047    0.400774515623
1073    0.392671902793
1075    0.392671159031
1077    0.392670532138
1103    0.392152008525
1129    0.385169120955
1131    0.385159188976
1133    0.385158704586
1135    0.385158704103
1138    0.385136803747
1140    0.385134632428
1142    0.385134534544
1144    0.38512469211
1146    0.385124285547
1148    0.385124201404
1150    0.385124167333
1152    0.38511509812
1154    0.385114786204
1156    0.385107557093
1158    0.385107556106
1160    0.385107538389
1162    0.385107012916
1188    0.381313068009
1214    0.380342122953
1216    0.380341390703
1218    0.380341008047
1244    0.376363112966
1270    0.375287152932
1272    0.375283654761
1274    0.375283603684
1276    0.375283603674
1278    0.3752834446
1280    0.375283441165
1282    0.375283437468
1284    0.375283435643
1286    0.375283435632
1288    0.37528343563
1290    0.375283434966
1292    0.375283434673
1294    0.375283434672
1320    0.368554911076
1322    0.368554433139
1348    0.363055853512
1350    0.363055235757
1352    0.363054928938
1354    0.363054680292
1356    0.363054437552
1358    0.363054259204
1360    0.363052622674
1362    0.36305196616
1364    0.363050019461
1366    0.363045157469
1368    0.363034311328
1394    0.357458420554
1396    0.357456720767
1398    0.357455291184
1402    0.357421652043
1428    0.352843714184
1432    0.352807118006
1434    0.35280471239
1436    0.352804711743
1439    0.352782632209
1441    0.35278044051
1443    0.35278042237
1445    0.352771771669
1447    0.35277137708
1449    0.352771295364
1451    0.352771289023
1453    0.352763322907
1455    0.352763014099
1457    0.352757501081
1459    0.352757498789
1461    0.352756150853
1463    0.352753958429
1489    0.348640661311
1515    0.347444154437
1517    0.34744344371
1519    0.347443068997
1545    0.343280251687
1571    0.341961330742
1573    0.341955597215
1575    0.341955521905
1577    0.341955521885
1579    0.341954998833
1581    0.341954995939
1583    0.341954995723
1585    0.341954759198
1587    0.341954759174
1589    0.34195475917
1591    0.341954759131
1593    0.34195471955
1595    0.34195471955
1621    0.339910727149
1623    0.33991057044
1649    0.337711918459
1651    0.337711618347
1653    0.337711426674
1655    0.337711340969
1657    0.337711189122
1659    0.33771112897
1661    0.337709461282
1663    0.337708893636
1665    0.337706965653
1667    0.337698803495
1669    0.337688710487
1695    0.334196749289
1697    0.334195855601
1699    0.334195105142
1701    0.334184283154
1727    0.331393088312
1731    0.331358004849
1733    0.331353074593
1735    0.331353073843
1738    0.331331708054
1740    0.331329532342
1742    0.331329527335
1744    0.331321781723
1746    0.331321391721
1748    0.331321310923
1750    0.33132130917
1752    0.331314181211
1754    0.331313874263
1756    0.331309208309
1758    0.331309204257
1760    0.331304944908
1762    0.331300380863
1788    0.327144170203
1814    0.325685096551
1816    0.325684289486
1818    0.325683860285
1844    0.321625779511
1870    0.320028090915
1872    0.320019485396
1874    0.320019321675
1876    0.320019321643
1878    0.320018274083
1880    0.320018272157
1882    0.320018272088
1884    0.320018054942
1886    0.320018054868
1888    0.320018054857
1890    0.320018054844
1892    0.320018018103
1894    0.320018018102
1920    0.319511965938
1922    0.319511925363
1948    0.318581145204
1950    0.318580988193
1952    0.318580868491
1954    0.318580842338
1956    0.318580747378
1958    0.318580729801
1960    0.318579030787
1962    0.318578536322
1964    0.318576639928
1967    0.318555028939
1969    0.318544943898
1995    0.316486410247
1997    0.316485705343
1999    0.316485114011
2001    0.316474393379
2027    0.314846048743
2031    0.314809703896
2033    0.31480222886
2035    0.314802228063
2038    0.314782228794
2040    0.314780071096
2042    0.31478006908
2044    0.314773016718
2046    0.314772630889
2048    0.314772550931
2050    0.314772550229
2052    0.31476606468
2054    0.314765759613
2056    0.31476137433
2058    0.314761368275
2060    0.314753322212
2062    0.314745810221
2088    0.310830479213
2114    0.309075861285
2116    0.309074935558
2118    0.309074439187
2144    0.305378476338
2170    0.303474473145
2173    0.303456294057
2175    0.303455953694
2177    0.303455953647
2179    0.303454210427
2181    0.303454209123
2183    0.303454209036
2185    0.303454127168
2187    0.303454127034
2189    0.303454127014
2191    0.303454126998
2193    0.303454112868
2195    0.303454112865
2197    0.303449661534
2199    0.303449658071
2225    0.302915102222
2227    0.302915012357
2229    0.302914937453
2231    0.302914931317
2233    0.30291487181
2235    0.302914868104
2237    0.302913145337
2239    0.302912714574
2241    0.302910842504
2245    0.302875275356
2247    0.302865349501
2273    0.301695092924
2275    0.301694215364
2277    0.301693479636
2279    0.301683009488
2305    0.300755821618
2309    0.300715975687
2311    0.300706250452
2313    0.300706249653
2315    0.300695761228
2317    0.30069362208
2319    0.300693620872
2321    0.300687121812
2323    0.300686740076
2325    0.300686660944
2327    0.300686660529
2329    0.300680688045
2331    0.300680384931
2333    0.30067587941
2335    0.300675871371
2338    0.300654793955
2341    0.300631303023
2367    0.297170253654
2393    0.295099433649
2395    0.29509776924
2397    0.295096869938
2423    0.291924707694
2449    0.289704790044
2452    0.289680760801
2454    0.289680131591
2456    0.289680131526
2458    0.28967750637
2460    0.289677505496
2462    0.289677505354
2464    0.289677505353
2466    0.289677505151
2468    0.289677505121
2470    0.289677505095
2472    0.289677505087
2474    0.289677505082
2476    0.289676772285
2478    0.289676772039
2496    0.289457276334
2498    0.289457219505
2500    0.289457172543
2502    0.289457171903
2504    0.289457134535
2506    0.289457134302
2508    0.289455393597
2510    0.289455018362
2512    0.289453165382
2516    0.289415847659
2518    0.289406197773
2544    0.288755254032
2546    0.288754407121
2548    0.288753697386
2550    0.288743584523
2576    0.288222151934
2581    0.288172160603
2583    0.288162911565
2585    0.288162910796
2588    0.288142552287
2590    0.288140431883
2592    0.288140431285
2594    0.28813438933
2596    0.288134011689
2598    0.288133933389
2600    0.288133933188
2602    0.288128384847
2604    0.288128083775
2606    0.288121321114
2608    0.288121311378
2611    0.288098558968
2614    0.288070697867
2640    0.285176000954
2666    0.282794374595
2668    0.282792413701
2670    0.28279134678
2696    0.280201505182
2722    0.277688145907
2725    0.277660752838
2727    0.2776597056
2729    0.277659705515
2731    0.277656016074
2733    0.277656015339
2735    0.277656015117
2737    0.277656014486
2739    0.277656014259
2741    0.277656014224
2743    0.277656014184
2745    0.277656014123
2747    0.277656014118
2749    0.27765597165
2751    0.277655971639
2753    0.277645368053
2755    0.277645328317
2757    0.277645298814
2759    0.277645298743
2761    0.277645275225
2763    0.277645275037
2765    0.277643521592
2767    0.277643194963
2769    0.277641356608
2774    0.277586498476
2776    0.277577209978
2802    0.277218489747
2804    0.277217659114
2806    0.277216963216
2808    0.277207279088
2824    0.277027680845
2828    0.276987719736
2831    0.276968022171
2833    0.276968021451
2836    0.276946871251
2838    0.276944769895
2840    0.27694476943
2842    0.276939153117
2844    0.276938779532
2846    0.276938702057
2848    0.276938701906
2850    0.276933548459
2852    0.276933249496
2854    0.276923998491
2856    0.276923987438
2859    0.276900316308
2862    0.276869405738
2888    0.274553503698
2914    0.271903048382
2916    0.271900954179
2918    0.271899807535
2944    0.269865713871
2970    0.267120797584
2973    0.26709227372
2975    0.267090673656
2977    0.267090673552
2979    0.26708577257
2981    0.267085771952
2983    0.267085771636
2985    0.267085771594
2987    0.26708577134
2989    0.267085771301
2991    0.267085771244
2993    0.267085771244
2995    0.267085771238
2997    0.267085742547
2999    0.267085742546
3001    0.267075373391
3003    0.267075342938
3005    0.267075324364
3007    0.267075323472
3009    0.267075308636
3011    0.267075307601
3013    0.267073543901
3015    0.267073259474
3017    0.267071433696
3022    0.267021792117
3024    0.267012989895
3026    0.267003075122
3028    0.267002131319
3030    0.26700134061
3032    0.266992283222
3034    0.266981411795
3038    0.266941645649
3040    0.266930899322
3042    0.266930898683
3044    0.266921774756
3046    0.266919692492
3048    0.266919692364
3050    0.266914493517
3052    0.266914124025
3054    0.266914047384
3056    0.266914047347
3058    0.266909280997
3060    0.266908984235
3063    0.266888154727
3065    0.266888142715
3069    0.26685011553
3072    0.266818526799
3098    0.265025044544
3124    0.262188179277
3126    0.262186062052
3128    0.262184896305
3154    0.260630596286
3180    0.257754204161
3183    0.257726776611
3185    0.257724499282
3187    0.257724499161
3189    0.257718310566
3191    0.257718309951
3193    0.257718309541
3195    0.257718309529
3197    0.257718309274
3199    0.257718309236
3201    0.257718309162
3203    0.257718309161
3205    0.257718309155
3207    0.257718291324
3209    0.257718291323
3211    0.257708149019
3213    0.257708123825
3215    0.257708112105
3217    0.257708110214
3219    0.25770810083
3221    0.257708098907
3223    0.257706327948
3225    0.257706080399
3227    0.257704264789
3231    0.257666042989
3233    0.257657859356
3235    0.257648074013
3237    0.257647519011
3239    0.257647054118
3241    0.257638629156
3243    0.257627924329
3247    0.257592652432
3249    0.257582552729
3251    0.257582552166
3253    0.257573433873
3255    0.257571370965
3257    0.257571370906
3259    0.257566581379
3261    0.257566216007
3263    0.257566140207
3265    0.257566140192
3267    0.257561753164
3269    0.257561458694
3273    0.25752642464
3275    0.257526412053
3279    0.257483886129
3282    0.25745408078
3308    0.256098119893
3334    0.253190593982
3336    0.253188547519
3338    0.2531874152
3364    0.252023201355
3390    0.249140720833
3393    0.249116304582
3395    0.249113255439
3397    0.249113255305
3399    0.249105804069
3401    0.249105803455
3403    0.249105802973
3405    0.249105802963
3407    0.249105802709
3409    0.249105802671
3411    0.249105802584
3413    0.249105802582
3415    0.249105802576
3417    0.249105792875
3419    0.249105792875
3421    0.249095870152
3423    0.24909584804
3425    0.249095840625
3427    0.249095837909
3429    0.249095831956
3431    0.249095829326
3433    0.249094053466
3435    0.249093838068
3437    0.249092030651
3442    0.249042556295
3444    0.249034965294
3446    0.249025326327
3448    0.249024565732
3450    0.249023928595
3452    0.24901610493
3454    0.249005578719
3458    0.248969149134
3460    0.248959588041
3462    0.248959587545
3464    0.248950541549
3466    0.248948498126
3468    0.248948498086
3470    0.248944125664
3472    0.24894376445
3474    0.2489436895
3476    0.248943689492
3478    0.248939688634
3480    0.248939396553
3484    0.248903957989
3486    0.248903945155
3490    0.248860200682
3493    0.248834164357
3519    0.247826034025
3545    0.244978685817
3547    0.244976785081
3549    0.244975728947
3575    0.244115703525
3601    0.241355965595
3604    0.241335856057
3606    0.241331989599
3608    0.241331989456
3610    0.241323413774
3612    0.24132341316
3614    0.241323412646
3616    0.241323412636
3618    0.241323412382
3620    0.241323412344
3622    0.241323412251
3624    0.241323412249
3626    0.241323412243
3628    0.241323408116
3630    0.241323408116
3632    0.241313697958
3634    0.241313677698
3636    0.241313672993
3638    0.241313669676
3640    0.241313665887
3642    0.241313662753
3644    0.241311883174
3646    0.241311695827
3648    0.241309896111
3652    0.24127277976
3654    0.241265723295
3656    0.241256219643
3658    0.241255745884
3660    0.241255349103
3662    0.241248071717
3664    0.241237714597
3667    0.241213922096
3669    0.241204819993
3671    0.241204819555
3673    0.241195893218
3675    0.241193869713
3677    0.241193869679
3679    0.241189906513
3681    0.241189549393
3683    0.241189475282
3685    0.241189475276
3687    0.241185853037
3689    0.241185563406
3693    0.241149596345
3695    0.241149583509
3699    0.241106547457
3702    0.241085468541
3728    0.240344855465
3754    0.237679864939
3756    0.237678160799
3758    0.237677210523
3784    0.237048274443
3810    0.234520439767
3812    0.234510745933
3814    0.234506078929
3816    0.234506078784
3818    0.234496618235
3820    0.234496617622
3822    0.234496617123
3824    0.234496617113
3826    0.23449661686
3828    0.234496616821
3830    0.234496616731
3832    0.23449661673
3834    0.234496616724
3836    0.234496615777
3838    0.234496615777
3840    0.234487111405
3842    0.234487092277
3844    0.234487089282
3846    0.234487085554
3848    0.234487083133
3850    0.234487079657
3852    0.234485297524
3854    0.234485134506
3856    0.234483341377
3860    0.234449567537
3862    0.234443027629
3864    0.234433688891
3866    0.234433055557
3868    0.234432525096
3870    0.234425771005
3872    0.234415604568
3876    0.234381726196
3878    0.234373021428
3880    0.234373021042
3882    0.234364249421
3884    0.234362245991
3886    0.234362245959
3888    0.234358678519
3890    0.234358325475
3892    0.234358252201
3894    0.234358252197
3896    0.234354995785
3898    0.234354708672
3902    0.234318667332
3904    0.234318654669
3908    0.234277445199
3910    0.234269912334
3936    0.233730200619
3962    0.231339931259
3964    0.231338796291
3966    0.231338161532
3992    0.230881640651
4018    0.22865886897
4020    0.228651757179
4022    0.228646371605
4024    0.228646371463
4026    0.228636334982
4028    0.228636334369
4030    0.228636333927
4032    0.228636333917
4034    0.228636333663
4036    0.228636333625
4038    0.228636333545
4040    0.228636333543
4042    0.228636333537
4044    0.228636333533
4046    0.228636333533
4048    0.228627028411
4050    0.228627009984
4052    0.22862700807
4054    0.228627004071
4056    0.228627002516
4058    0.228626998816
4060    0.228625215731
4062    0.22862507407
4064    0.228623286606
4068    0.228587135861
4070    0.228581056783
4072    0.228571856494
4074    0.228571441322
4076    0.228571093661
4078    0.22856481065
4080    0.228554813688
4083    0.228532420564
4085    0.228524069439
4087    0.228524069099
4089    0.228515475745
4091    0.228513492528
4093    0.228513492498
4095    0.228510301451
4097    0.228509952465
4099    0.228509880025
4101    0.228509880022
4103    0.228506971305
4105    0.228506686775
4109    0.228471177415
4111    0.228471165041
4115    0.228432415087
4117    0.228425868695
4143    0.228035478284
4169    0.22597298703
4171    0.225972066456
4173    0.225971550369
4199    0.225642450294
4225    0.223757427349
4227    0.223752306645
4229    0.22374634122
4231    0.223746341085
4233    0.223736061902
4235    0.22373606129
4237    0.223736060927
4239    0.223736060916
4241    0.223736060663
4243    0.223736060625
4245    0.223736060559
4247    0.223736060558
4249    0.223736060552
4251    0.2237360594
4253    0.2237360594
4255    0.223726947226
4257    0.223726929236
4259    0.223726928006
4261    0.223726923831
4263    0.223726922827
4265    0.223726918982
4267    0.223725135046
4269    0.223725011881
4271    0.223723230115
4274    0.223699784572
4276    0.223694141376
4278    0.22368509864
4280    0.223684825901
4282    0.223684597573
4284    0.22367875812
4286    0.223668942878
4289    0.223648155359
4291    0.223640122316
4293    0.223640122015
4295    0.223631722921
4297    0.223629760042
4299    0.223629760012
4301    0.22362692157
4303    0.223626576618
4305    0.223626505009
4307    0.223626505006
4309    0.223623921763
4311    0.223623639874
4315    0.22358923016
4317    0.223589218149
4321    0.223553250685
4323    0.223548011922
4335    0.223422390699
4361    0.221706681095
4363    0.221705938281
4365    0.221705521176
4369    0.221672182216
4395    0.220133351524
4397    0.220129818658
4399    0.22012344888
4401    0.220123448755
4403    0.220113247869
4405    0.220113247257
4407    0.220113246981
4409    0.220113246969
4411    0.220113246716
4413    0.220113246678
4415    0.220113246628
4417    0.220113246627
4419    0.220113246621
4421    0.22011324237
4423    0.22011324237
4425    0.220104317036
4427    0.220104299319
4429    0.220104298524
4431    0.220104294238
4433    0.220104293585
4435    0.220104289649
4437    0.220102505926
4439    0.220102398891
4441    0.220100621946
4445    0.220067081812
4447    0.2200618542
4449    0.220052978278
4451    0.220052500567
4453    0.220052100547
4455    0.220046681632
4457    0.220037054861
4460    0.220014875438
4462    0.220007133899
4464    0.220007133633
4466    0.219998939756
4468    0.219996997348
4470    0.219996997318
4472    0.219994540875
4474    0.219994199942
4476    0.219994129162
4478    0.21999412916
4480    0.219991897908
4482    0.219991618732
4485    0.219966351413
4487    0.219966339869
4490    0.219946334021
4492    0.219942031976
4498    0.219886222768
4524    0.218505221837
4526    0.218504617186
4528    0.218504277218
4532    0.21847105948
4558    0.217246125058
4560    0.217243733433
4562    0.217237150812
4564    0.2172371507
4566    0.217227299746
4568    0.217227299134
4570    0.217227298936
4572    0.217227298924
4574    0.217227298671
4576    0.217227298633
4578    0.217227298597
4580    0.217227298596
4582    0.21722729859
4584    0.217227289421
4586    0.21722728942
4588    0.21721854509
4590    0.217218527544
4592    0.217218527027
4594    0.21721852267
4596    0.217218522243
4598    0.217218518248
4600    0.217216734876
4602    0.217216641914
4604    0.217214870171
4607    0.217192768017
4609    0.217187912978
4611    0.217179190431
4613    0.21717889024
4615    0.217178638944
4617    0.217173600433
4619    0.217164150798
4622    0.217143785555
4624    0.217136313574
4626    0.217136313339
4628    0.217128330513
4630    0.217126408628
4632    0.217126408597
4634    0.217124294937
4636    0.217123957961
4638    0.217123888
4640    0.217123887997
4642    0.217121972305
4644    0.217121695877
4647    0.217098272954
4649    0.217098261816
4652    0.217078959346
4654    0.217075582806
4659    0.21703114936
4685    0.215943454529
4687    0.215942927579
4689    0.215942630999
4692    0.215920508342
4718    0.214964324008
4720    0.214962780042
4722    0.21495617129
4724    0.21495617119
4726    0.214946873931
4728    0.21494687332
4730    0.214946873185
4732    0.214946873173
4734    0.21494687292
4736    0.214946872882
4738    0.214946872857
4740    0.214946872856
4742    0.21494687285
4744    0.214946857068
4746    0.214946857068
4748    0.214938288122
4750    0.214938270685
4752    0.214938270346
4754    0.214938265945
4756    0.214938265662
4758    0.214938261632
4760    0.214936479441
4762    0.214936398743
4764    0.214934631531
4767    0.214911712786
4769    0.214907206026
4771    0.214898639531
4773    0.214898427192
4775    0.21489824949
4777    0.214893565751
4779    0.214884293463
4781    0.214873825431
4783    0.214866607058
4785    0.21486660685
4787    0.214858837767
4789    0.214856936444
4791    0.214856936414
4793    0.214855119011
4795    0.214854785979
4797    0.214854716833
4799    0.214854716831
4801    0.214853073638
4803    0.21485280001
4806    0.214830882683
4808    0.214830871942
4810    0.214820264136
4812    0.21481770284
4816    0.21478434688
4842    0.213942497223
4844    0.213942028858
4846    0.213941765044
4849    0.213919616095
4875    0.213184456692
4877    0.213183525785
4879    0.213177055467
4881    0.21317705538
4883    0.213168447099
4885    0.213168446488
4887    0.2131684464
4889    0.213168446387
4891    0.213168446135
4893    0.213168446096
4895    0.21316844608
4897    0.213168446079
4899    0.213168446073
4901    0.213168422103
4903    0.213168422103
4905    0.21316002313
4907    0.21316000576
4909    0.213160005536
4911    0.213160001108
4913    0.213160000919
4915    0.213159996867
4917    0.213158215639
4919    0.213158145544
4921    0.213156383146
4923    0.213145399407
4925    0.213141221067
4927    0.21313282367
4929    0.213132678304
4931    0.213132556696
4933    0.213128206412
4935    0.213119119233
4937    0.213109149589
4939    0.213102169866
4941    0.213102169682
4943    0.213094614892
4945    0.21309273406
4947    0.21309273403
4949    0.213091178036
4951    0.213090848932
4953    0.213090780599
4955    0.213090780597
4957    0.213089377583
4959    0.213089106795
4961    0.21307961787
4963    0.213079607519
4965    0.213069531829
4967    0.213067636354
4971    0.213034343797
4997    0.212391315718
4999    0.212390893201
5001    0.212390655066
5004    0.212368618267
5030    0.211809852282
5032    0.211809344115
5034    0.211803144743
5036    0.211803144668
5038    0.211795299521
5040    0.21179529891
5042    0.211795298854
5044    0.211795298841
5046    0.211795298589
5048    0.211795298551
5050    0.21179529854
5052    0.21179529854
5054    0.211795298534
5056    0.211795264912
5058    0.211795264912
5060    0.211787030697
5062    0.211787013371
5064    0.211787013221
5066    0.211787008777
5068    0.21178700865
5070    0.211787004584
5072    0.211785225089
5074    0.211785164241
5076    0.211783406033
5079    0.211762522054
5081    0.211758656631
5083    0.211750434443
5085    0.211750109711
5087    0.211749837897
5089    0.21174580378
5091    0.211736906319
5093    0.211726026192
5095    0.211719273715
5097    0.211719273553
5099    0.211711932651
5101    0.211710072615
5103    0.211710072584
5105    0.211708734781
5107    0.211708409487
5109    0.211708341944
5111    0.211708341942
5113    0.211707139222
5115    0.211706871279
5117    0.211697459045
5119    0.211697449069
5121    0.211687832529
5123    0.21168645928
5126    0.211664364034
5152    0.211178289495
5154    0.211177908228
5156    0.211177693244
5158    0.211166666518
5184    0.210745913319
5186    0.210745674583
5188    0.210739843034
5190    0.210739842971
5192    0.210732785818
5194    0.210732785209
5196    0.210732785174
5198    0.21073278516
5200    0.210732784908
5202    0.21073278487
5204    0.210732784864
5206    0.210732784863
5208    0.210732784857
5210    0.210732740228
5212    0.210732740228
5214    0.210724665748
5216    0.210724648449
5218    0.210724648347
5220    0.210724643893
5222    0.210724643806
5224    0.210724639733
5226    0.21072286185
5228    0.210722809067
5230    0.210721055619
5232    0.210710817094
5234    0.210707231176
5236    0.210699170496
5238    0.210698960901
5240    0.210698785525
5242    0.210695036677
5244    0.21068631745
5246    0.210676121558
5248    0.210669585626
5250    0.210669585483
5252    0.210662456014
5254    0.210660616553
5256    0.210660616522
5258    0.210659467838
5260    0.210659146372
5262    0.210659079622
5264    0.210659079621
5266    0.210658050296
5268    0.210657785235
5270    0.210648476334
5272    0.210648466722
5274    0.210639277269
5276    0.210638288454
5279    0.210616152398
5305    0.210251645077
5307    0.210251298719
5309    0.210251103348
5311    0.21024008122
5337    0.209925332343
5339    0.209925246788
5341    0.209919845851
5343    0.209919845797
5345    0.209913564578
5347    0.209913563968
5349    0.209913563948
5351    0.209913563933
5353    0.209913563681
5355    0.209913563643
5357    0.20991356364
5359    0.209913563639
5361    0.209913563633
5363    0.209913506741
5365    0.209913506741
5367    0.209905587149
5369    0.209905569868
5371    0.209905569798
5373    0.209905565339
5375    0.209905565278
5377    0.209905561201
5379    0.209903785583
5381    0.209903739827
5383    0.209901990604
5385    0.209891317585
5387    0.209887991998
5389    0.209880092561
5391    0.209879949682
5393    0.209879830178
5395    0.20987634667
5397    0.209867803796
5399    0.209858101879
5401    0.209851773801
5403    0.209851773674
5405    0.209844852668
5407    0.209843033775
5409    0.209843033743
5411    0.209842046984
5413    0.209841729315
5415    0.209841663353
5417    0.209841663352
5419    0.209840782296
5421    0.209840520141
5423    0.20983135213
5425    0.209831342869
5427    0.209822531089
5429    0.209821827455
5432    0.209799752652
5437    0.209755270857
5439    0.209754994903
5441    0.209754839257
5443    0.209743951467
5445    0.209732986581
5447    0.209732960485
5449    0.20972771518
5451    0.209727715135
5453    0.209722390983
5455    0.209722390374
5457    0.209722390374
5459    0.209722390359
5461    0.209722390107
5463    0.20972239007
5465    0.209722390069
5467    0.209722390069
5469    0.209722390063
5471    0.209722319749
5473    0.209722319749
5475    0.209714550332
5477    0.209714533063
5479    0.209714533014
5481    0.209714528552
5483    0.209714528509
5485    0.209714524429
5487    0.20971275117
5489    0.209712711531
5491    0.209710966671
5493    0.209700005025
5495    0.20969692151
5497    0.209689182281
5499    0.20968907922
5501    0.209688993056
5503    0.209685756133
5505    0.209677387391
5507    0.209668050097
5509    0.209661922117
5511    0.209661922004
5513    0.209655205841
5515    0.209653407493
5517    0.209653407461
5519    0.209652559371
5521    0.209652245463
5523    0.209652180281
5525    0.209652180281
5527    0.209651426017
5529    0.209651166783
5531    0.209642166893
5533    0.209642157972
5535    0.209633686097
5537    0.209633003363
5539    0.20962216315
5541    0.209611257991
5543    0.209611039407
5545    0.209610916117
5547    0.209600190856
5549    0.209589344205
5551    0.209589337087
5553    0.209584423069
5555    0.209584423032
5557    0.209579805029
5559    0.209579804421
5561    0.209579804419
5563    0.209579804404
5565    0.209579804152
5567    0.209579804114
5569    0.209579804114
5571    0.209579804113
5573    0.209579804107
5575    0.209579719302
5577    0.209579719302
5579    0.209572095559
5581    0.209572078298
5583    0.209572078264
5585    0.209572073801
5587    0.20957207377
5589    0.209572069689
5591    0.209570298914
5593    0.209570264601
5595    0.209568524219
5598    0.209547884844
5600    0.209545032722
5602    0.209537459103
5604    0.209537184347
5606    0.20953695443
5608    0.209533952035
5610    0.209525761702
5612    0.20951546517
5614    0.209509530673
5616    0.209509530574
5618    0.209503015632
5620    0.209501237788
5622    0.209501237756
5624    0.209500509307
5626    0.209500199127
5628    0.209500134719
5630    0.209500134719
5632    0.209499489668
5634    0.209499233368
5636    0.209490411491
5638    0.209490402905
5640    0.209482251209
5642    0.209481621208
5644    0.209470944396
5646    0.209460159616
5648    0.209459962606
5650    0.209459851482
5652    0.209449287086
5654    0.20943855855
5656    0.209438557724
5658    0.209434053812
5660    0.209434053782
5662    0.209429986406
5664    0.209429985798
5666    0.209429985797
5668    0.20942998578
5670    0.209429985529
5672    0.209429985491
5674    0.20942998549
5676    0.20942998549
5678    0.209429985484
5680    0.209429885205
5682    0.209429885204
5684    0.209422402792
5686    0.209422385538
5688    0.209422385512
5690    0.209422381049
5692    0.209422381026
5694    0.209422376946
5696    0.209420608514
5698    0.209420578844
5700    0.209418843492
5702    0.209408798129
5704    0.209406151439
5706    0.209398729914
5708    0.209398550163
5710    0.209398399807
5712    0.209395608126
5714    0.209387584942
5716    0.209377892547
5718    0.209372144565
5720    0.209372144477
5722    0.209365826057
5724    0.209364068663
5726    0.209364068631
5728    0.209363442634
5730    0.209363136148
5732    0.209363072507
5734    0.209363072507
5736    0.209362520811
5738    0.209362267451
5740    0.209353638959
5742    0.209353630696
5744    0.209345772401
5746    0.209345208453
5748    0.20933469319
5750    0.209324028197
5752    0.209323841362
5754    0.209323735975
5756    0.209313330609
5758    0.209302719633
5760    0.20930271935
5762    0.209298637589
5764    0.209298637564
5766    0.209295026532
5768    0.209295025924
5770    0.209295025923
5772    0.209295025906
5774    0.209295025655
5776    0.209295025617
5778    0.209295025617
5780    0.209295025616
5782    0.20929502561
5784    0.209294908955
5786    0.209294908955
5788    0.209287563676
5790    0.209287546426
5792    0.209287546407
5794    0.209287541944
5796    0.209287541927
5798    0.209287537847
5800    0.209285772381
5802    0.209285746747
5804    0.209284015883
5806    0.209273596139
5808    0.209271140864
5810    0.209263870855
5812    0.209263746548
5814    0.209263642617
5816    0.209261047026
5818    0.209253189038
5820    0.209243935743
5822    0.209238368396
5824    0.209238368318
5826    0.209232241905
5828    0.209230504886
5830    0.209230504854
5832    0.209229966608
5834    0.20922966378
5836    0.2092296009
5838    0.209229600899
5840    0.209229129006
5842    0.20922887859
5844    0.209220453629
5846    0.209220445677
5848    0.209212859338
5850    0.209212358663
5852    0.209202002968
5854    0.20919145689
5856    0.209191276199
5858    0.209191174276
5860    0.209180926045
5862    0.209170431852
5864    0.209170428659
5866    0.209166751461
5868    0.20916675144
5870    0.209163532655
5872    0.209163532048
5874    0.209163532046
5876    0.209163532029
5878    0.209163531778
5880    0.20916353174
5882    0.20916353174
5884    0.20916353174
5886    0.209163531734
5888    0.209163397879
5890    0.209163397879
5892    0.209156185676
5894    0.20915616843
5896    0.209156168416
5898    0.209156163954
5900    0.20915616394
5902    0.209156159861
5904    0.20915439743
5906    0.209154375305
5908    0.209152649063
5910    0.209141984596
5912    0.209139707381
5914    0.209132587688
5916    0.20913249672
5918    0.209132420699
5920    0.209130007431
5922    0.20912231243
5924    0.209113385699
5926    0.20910799344
5928    0.209107993371
5930    0.209102054349
5932    0.209100337617
5934    0.209100337584
5936    0.209099874517
5938    0.209099575313
5940    0.209099513184
5942    0.209099513184
5944    0.209099109511
5946    0.209098862037
5948    0.20909064681
5950    0.209090639158
5952    0.209083307327
5954    0.20908286294
5956    0.209072664791
5958    0.209062236611
5960    0.209062060449
5962    0.209061961077
5964    0.209051868064
5966    0.209041489749
5968    0.209041481297
5970    0.209038179337
5972    0.20903817932
5974    0.209035304632
5976    0.209035304025
5978    0.209035304024
5980    0.209035304006
5982    0.209035303755
5984    0.209035303717
5986    0.209035303717
5988    0.209035303716
5990    0.20903530371
5992    0.209035151904
5994    0.209035151904
5996    0.209028068858
5998    0.209028051615
6000    0.209028051604
6002    0.209028047143
6004    0.209028047132
6006    0.209028043054
6008    0.209026283753
6010    0.209026264677
6012    0.20902454316
6014    0.209013728597
6016    0.209011616822
6018    0.20900464582
6020    0.209004575518
6022    0.209004516792
6024    0.209002272944
6026    0.208994738546
6028    0.208986060884
6030    0.208980838441
6032    0.20898083838
6034    0.208975082084
6036    0.208973385535
6038    0.208973385502
6040    0.208972986862
6042    0.208972691245
6044    0.208972629862
6046    0.208972629862
6048    0.20897228451
6050    0.208972039975
6052    0.208964037725
6054    0.208964030362
6056    0.208956938599
6058    0.208956543094
6060    0.20894650046
6062    0.208936189078
6064    0.208936016663
6066    0.208935919403
6068    0.208925979685
6070    0.208915716256
6072    0.208915700906
6074    0.208912741441
6076    0.208912741426
6078    0.208910171911
6080    0.208910171305
6082    0.208910171304
6084    0.208910171286
6086    0.208910171035
6088    0.208910170997
6090    0.208910170997
6092    0.208910170996
6094    0.20891017099
6096    0.20891000055
6098    0.20891000055
6100    0.208903042873
6102    0.208903025633
6104    0.208903025625
6106    0.208903021164
6108    0.208903021156
6110    0.208903017078
6112    0.208901261017
6114    0.208901244588
6116    0.20889952788
6118    0.208888631579
6120    0.208886673383
6122    0.208879849157
6124    0.208879792048
6126    0.208879744363
6128    0.208877657875
6130    0.208870281587
6132    0.208861799216
6134    0.208856741553
6136    0.208856741498
6138    0.208851163253
6140    0.208849486771
6142    0.208849486736
6144    0.208849143328
6146    0.208848851261
6148    0.208848790614
6150    0.208848790614
6152    0.208848495128
6154    0.208848253525
6156    0.208840465278
6158    0.208840458193
6160    0.208833594341
6162    0.208833240966
6164    0.208823351822
6166    0.208813156083
6168    0.208812986941
6170    0.208812891526
6172    0.20880310318
6174    0.208792953591
6176    0.208792930236
6178    0.208790280821
6180    0.208790280809
6182    0.208787983481
6184    0.208787982876
6186    0.208787982875
6188    0.208787982856
6190    0.208787982605
6192    0.208787982567
6194    0.208787982567
6196    0.208787982567
6198    0.208787982561
6200    0.208787792869
6202    0.208787792869
6204    0.208780956899
6206    0.208780939663
6208    0.208780939656
6210    0.208780935196
6212    0.208780935189
6214    0.208780931113
6216    0.208779178405
6218    0.208779164276
6220    0.208777452446
6222    0.208766523428
6224    0.208764707716
6226    0.208758028154
6228    0.208757979705
6230    0.208757939266
6232    0.208755998899
6234    0.208748778153
6236    0.20874045353
6238    0.208735555805
6240    0.208735555757
6242    0.208730150909
6244    0.208728494366
6246    0.208728494331
6248    0.208728198286
6250    0.208727909732
6252    0.208727849814
6254    0.208727849814
6256    0.208727596967
6258    0.208727358284
6260    0.208719783427
6262    0.208719776611
6264    0.208713130245
6266    0.208712813126
6268    0.208703075456
6270    0.208692994171
6272    0.208692827953
6274    0.208692734185
6276    0.208683095294
6278    0.208673058454
6280    0.2086730264
6282    0.208670656447
6284    0.208670656437
6286    0.208668602565
6288    0.20866860196
6290    0.208668601959
6292    0.20866860194
6294    0.208668601689
6296    0.208668601652
6298    0.208668601652
6300    0.208668601651
6302    0.208668601645
6304    0.208668392146
6306    0.208668392146
6308    0.208661674343
6310    0.208661657109
6312    0.208661657103
6314    0.208661652645
6316    0.208661652639
6318    0.208661648563
6320    0.208659899328
6322    0.208659887193
6324    0.2086581803
6326    0.208647253538
6328    0.208645569955
6330    0.208639032816
6332    0.208638990201
6334    0.208638954642
6336    0.208637149935
6338    0.208630082123
6340    0.208621888908
6342    0.208617146458
6344    0.208617146415
6346    0.20861191035
6348    0.208610273608
6350    0.208610273573
6352    0.208610018161
6354    0.208609733083
6356    0.208609673887
6358    0.208609673887
6360    0.208609457502
6362    0.208609221728
6364    0.208601858434
6366    0.208601851876
6368    0.208595413906
6370    0.208595128009
6372    0.208585539811
6374    0.208575571762
6376    0.208575408182
6378    0.208575315901
6380    0.208565824553
6382    0.20855589934
6384    0.208555858217
6386    0.208553739555
6388    0.208553739547
6390    0.208551903723
6392    0.208551903118
6394    0.208551903118
6396    0.208551903098
6398    0.208551902847
6400    0.208551902809
6402    0.208551902809
6404    0.208551902809
6406    0.208551902803
6408    0.208551672998
6410    0.208551672998
6412    0.20854506994
6414    0.208545052709
6416    0.208545052704
6418    0.208545048247
6420    0.208545048242
6422    0.208545044167
6424    0.20854329852
6426    0.208543288114
6428    0.20854158621
6430    0.208530686551
6432    0.208529125458
6434    0.208522728419
6436    0.208522689829
6438    0.208522657638
6440    0.208520978865
6442    0.208514061358
6444    0.208505980994
6446    0.20850138931
6448    0.208501389272
6450    0.208496317431
6452    0.208494700344
6454    0.20849470031
6456    0.208494479771
6458    0.208494198131
6460    0.20849413965
6462    0.208494139649
6464    0.208493954448
6466    0.208493721569
6468    0.208486567124
6470    0.208486560816
6472    0.208480323177
6474    0.20848006421
6476    0.208470623497
6478    0.20846076745
6480    0.208460606261
6482    0.208460515326
6484    0.208451169622
6486    0.208441354888
6488    0.208441304576
6490    0.20843941156
6492    0.208439411553
6494    0.208437771128
6496    0.208437770524
6498    0.208437770523
6500    0.208437770503
6502    0.208437770252
6504    0.208437770214
6506    0.208437770214
6508    0.208437770214
6510    0.208437770208
6512    0.208437519655
6514    0.208437519655
6516    0.208431028032
6518    0.208431010804
6520    0.2084310108
6522    0.208431006344
6524    0.20843100634
6526    0.208431002266
6528    0.208429260319
6530    0.208429251412
6532    0.208427554544
6534    0.208416699576
6536    0.208415252014
6538    0.208408992701
6540    0.208408956952
6542    0.208408927139
6544    0.208407365268
6546    0.208400595431
6548    0.208392614788
6550    0.208388169505
6552    0.208388169472
6554    0.208383257363
6556    0.208381659777
6558    0.208381659741
6560    0.208381469147
6562    0.208381190908
6564    0.208381133132
6566    0.208381133132
6568    0.208380974602
6570    0.208380744603
6572    0.208373795653
6574    0.208373789585
6576    0.208367745016
6578    0.208367509319
6580    0.208358214119
6582    0.208348468829
6584    0.208348309812
6586    0.208348220101
6588    0.208339018149
6590    0.208329312732
6592    0.208329253298
6594    0.208327562723
6596    0.208327562718
6598    0.208326097418
6600    0.208326096814
6602    0.208326096814
6604    0.208326096793
6606    0.208326096543
6608    0.208326096505
6610    0.208326096505
6612    0.208326096505
6614    0.208326096499
6616    0.208325824806
6618    0.208325824805
6620    0.208319441418
6622    0.208319424194
6624    0.20831942419
6626    0.208319419734
6628    0.208319419731
6630    0.208319415658
6632    0.208317677522
6634    0.208317669911
6636    0.208315978123
6638    0.208305180253
6640    0.208303837902
6642    0.208297713916
6644    0.20829768022
6646    0.208297652124
6648    0.208296198772
6650    0.208289573973
6652    0.208281683722
6654    0.2082773806
6656    0.20827738057
6658    0.208272623781
6660    0.208271045535
6662    0.208271045499
6664    0.208270880628
6666    0.208270605751
6668    0.208270548674
6670    0.208270548674
6672    0.208270412961
6674    0.208270185822
6676    0.208263438561
6678    0.208263432724
6680    0.208257574592
6682    0.208257359044
6684    0.208248207402
6686    0.208238571618
6688    0.208238414578
6690    0.208238325981
6692    0.208229265902
6694    0.208219668627
6696    0.208219600281
6698    0.208218091217
6700    0.208218091212
6702    0.208216782855
6704    0.208216782252
6706    0.208216782251
6708    0.20821678223
6710    0.208216781979
6712    0.208216781941
6714    0.208216781941
6716    0.208216781941
6718    0.208216781935
6720    0.20821648876
6722    0.208216488759
6724    0.208210210512
