0 0.104189483365 0.105901594019 0.00866959170214 0.104189483365 0.105901594019 0.00866959170214 1961 1923 2241 0.185634241605 0.246619235492 0.302005697012  0.185634241605  0.246619235492  0.302005697012
1 0.197288424312 0.199182369342 0.0449871649353 0.150738953838 0.15254198168 0.0268283783187 5608 5229 3825 0.528641950011 0.645168341494 0.591465372515  0.357138095808  0.445893788493  0.446735534763
2 0.171411650204 0.1740589173 0.0095301217977 0.157629852627 0.159714293554 0.0210622928117 4090 4274 3171 0.213087610507 0.400624558616 0.428954679298  0.309121267374  0.4308040452  0.440808582942
3 0.210729005393 0.214877818226 0.0158017697878 0.170904640818 0.173505174722 0.0197471620558 6261 4550 3629 0.231894847202 0.726214067698 0.4743932616  0.289814662331  0.504656550825  0.449204752606
4 0.153726999991 0.15371692979 0.0290231817891 0.167469112653 0.169547525735 0.0216023660024 4564 4189 4947 0.393921643114 0.557820839906 0.4994620924  0.310636058488  0.515289408641  0.459256220565
5 0.16452806319 0.164403482403 0.0229509004251 0.166978937742 0.16869018518 0.0218271217395 3344 3570 3615 0.232222976494 0.355531403112 0.386770342898  0.297567211489  0.488663074386  0.447175240954
6 0.264767588362 0.264530867495 0.0257389439818 0.180948744974 0.182381711225 0.0223859534884 7983 7749 5344 0.385113101602 0.986821616697 1.52228754561  0.310073767219  0.559828580431  0.600762713047
7 0.194445390423 0.202127908471 0.0201118963787 0.182635825655 0.184849985881 0.0221016963497 6143 3544 3217 0.463869037318 1.00747769392 0.365837825704  0.329298175982  0.615784719616  0.571397102129
8 0.238918571319 0.245443719186 0.0203630833135 0.188889464062 0.191582622915 0.0219085171235 8269 7718 7775 0.534635558701 1.0110077837 0.937671127701  0.352113440728  0.659698393403  0.612094216082
9 0.0680338838898 0.0676251921093 0.00541111360121 0.176803906045 0.179186879834 0.0202587767712 1195 1234 1338 0.101083620191 0.119363715291 0.123395435786  0.327010458674  0.605664925592  0.563224338052
10 0.0868474924116 0.0874878032056 0.00692464087419 0.16862605026 0.170850600141 0.0190465825988 1762 1815 2230 0.162770750594 0.15704615519 0.17283020401  0.312079576122  0.56488140101  0.52773396223
11 0.180612904638 0.189272859338 0.0107622071294 0.169624954792 0.172385788407 0.0183562179763 5736 5886 4441 0.343340894985 0.691315883398 0.737806399179  0.314684686027  0.575417607876  0.545239998643
12 0.276571360433 0.218431953236 0.0607488124771 0.177851601379 0.175927801086 0.0216171867841 4127 9677 5624 0.442363865113 0.423905961204 1.09477732069  0.324506161341  0.563762865824  0.587512100339
13 0.10475148041 0.105414912784 0.00714300992846 0.172630164167 0.170891166207 0.0205833170087 1960 1939 2721 0.20712430799 0.205395169902 0.20204724679  0.316121743245  0.538165173258  0.559978896514
14 0.245374195144 0.242801256954 0.0829994970597 0.177479766232 0.175685172257 0.0247443956787 8181 8349 3728 0.25189492178 0.928341373897 0.951341653299  0.311839955147  0.564176919967  0.586069746966
15 0.247634500473 0.242800745886 0.0721647427662 0.181864437122 0.179879895609 0.0277081673717 7586 8628 5489 0.380094719791 0.886396863008 1.12128368361  0.316105877937  0.584315666407  0.619520618007
16 0.136679415749 0.139490377433 0.0700699573187 0.179206494689 0.177504041599 0.0302000373686 3179 3074 2268 0.17873519671 0.367659727192 0.344588287091  0.30802524963  0.571571199395  0.603348127953
17 0.228050158457 0.231161115769 0.0451614080333 0.181920031565 0.180484990164 0.0310312246278 5901 4898 6560 0.532442363 0.653228580403 0.510143424892  0.320492867039  0.576107720562  0.598170088894
18 0.149069768853 0.152127691949 0.0200034260221 0.180191070369 0.178992500784 0.0304508141748 4879 4296 4013 0.29548047719 0.614107814813 0.5287510952  0.319176425468  0.578107725522  0.594516457647
19 0.109347127156 0.108681057059 0.0462116166748 0.176648873209 0.175476928598 0.0312388542998 2022 2080 2036 0.137972290802 0.1915520509 0.20144662149  0.310116218735  0.558779941791  0.574862965839
20 0.0732559699246 0.0729095874463 0.0108991882868 0.171725401624 0.170592769495 0.0302702987754 1615 1667 2095 0.149835050511 0.166112519193 0.174376345611  0.302483782153  0.540081493096  0.555792174399
21 0.155566296325 0.156971096475 0.0226179662816 0.170990896837 0.16997360254 0.0299224654802 3219 3263 2928 0.196071653795 0.382544750714 0.391030532694  0.297646867228  0.532920732079  0.548303008867
22 0.205372388011 0.208210210512 0.0421079106929 0.17248574428 0.171636063756 0.030452267446 6923 6724 6453 0.481360402417 0.801035834599 0.7718693784  0.305634412236  0.544577910449  0.558023285804
23 0.195408754628 0.195632761358 0.0216872906817 0.173440869711 0.172635926156 0.0300870600808 3959 4235 4645 0.327625508595 0.389908499408 0.427773537207  0.306550707917  0.538133351656  0.552596212945
24 0.141242108926 0.148376360492 0.0093536376785 0.17215291928 0.171665543529 0.0292577231847 5444 5196 3782 0.270947908807 0.639823622918 0.608187070012  0.305126595953  0.542200962506  0.554819847228
25 0.22890575181 0.229248382217 0.0126400416366 0.174335720531 0.173880268094 0.0286185815867 2200 2405 5252 0.405784402418 0.230052005792 0.260795235896  0.308998050048  0.530195233402  0.543511208331
26 0.236470652088 0.238094477584 0.0631892670548 0.176637014292 0.17625857215 0.0298989773448 7405 6723 4186 0.271766336703 0.894742708802 0.797356667304  0.307619097702  0.54369699175  0.552912891996
27 0.212000050004 0.213459872609 0.025697759956 0.177899979853 0.177587190023 0.0297489338666 6714 6111 3536 0.254213328195 0.848651677489 0.75734459269  0.305711748791  0.554588230526  0.560214024164
28 0.133693832746 0.134751055338 0.00961512998764 0.176375629953 0.176110081931 0.0290546647673 2178 2387 4223 0.33627762661 0.222403324699 0.265548792315  0.306765744578  0.543133578601  0.5500531541
29 0.100790765603 0.100347651223 0.00580196905082 0.173856134475 0.173584667574 0.0282795749101 1956 2020 2813 0.202914220715 0.1923507725 0.203765258503  0.303304027116  0.531440818398  0.538510224247
30 0.118958500871 0.120748672401 0.00720648109258 0.172085243068 0.171880280633 0.0275997976902 2113 2200 3489 0.27580892818 0.255892003989 0.265935628891  0.30241708844  0.522552146965  0.529717495365
31 0.202536119698 0.209060610098 0.0189317439831 0.173036832963 0.173042165928 0.0273289210119 6099 4474 4358 0.30211589179 0.741086957407 0.479799942899  0.302407676045  0.529381359792  0.52815757185
32 0.154893520397 0.15753400549 0.0303896088665 0.172487035612 0.172572221673 0.0274216691287 2833 2655 4230 0.282223173714 0.302623585606 0.276126550293  0.301796024459  0.522509912089  0.520520268166
33 0.267933061849 0.272123226631 0.138077173537 0.175294271678 0.175500192407 0.0306762427877 10924 11148 6900 0.509844784188 1.15260285461 1.20456596329  0.307915105628  0.541042057457  0.5406392592
34 0.261438357352 0.26371814909 0.0625537141367 0.177755531269 0.178020705455 0.0315870276834 7606 7819 5170 0.376982997513 0.815224189281 0.878382918  0.309888473967  0.548875832652  0.550289078022
35 0.154515925489 0.153891644924 0.0154416143353 0.177109986664 0.177350453773 0.0311385439793 3088 3204 3008 0.249643235898 0.36802411139 0.383741322994  0.308214995132  0.543852173728  0.545662751494
36 0.257217252489 0.258525407808 0.0520172654352 0.179275047902 0.17954437145 0.0317028337484 6362 5852 5213 0.407481779099 0.805653953505 0.707062227488  0.310897881185  0.550927897506  0.550024899494
37 0.19898850878 0.208854400395 0.0178954296367 0.179793823189 0.180315688001 0.0313394810086 7487 7407 5720 0.398262830806 0.873953077197 0.869702806592  0.313196958807  0.55942856013  0.558437475996
38 0.170499489167 0.18002582349 0.0186962666981 0.179555506932 0.180308255578 0.0310152960263 5997 3880 5796 0.439111617804 0.746287351799 0.431313010216  0.316425539807  0.564219811198  0.55517787431
39 0.121551124584 0.12066729128 0.0119394118934 0.178105397373 0.17881723147 0.030538398923 2627 2409 2706 0.215895073485 0.293939854288 0.262080039096  0.313912278149  0.557462812275  0.547850428429
40 0.239896965474 0.243312012898 0.0349670235035 0.17961250879 0.18039027492 0.0306464141566 6456 5174 5133 0.387626735401 0.823224581599 0.7040897053  0.31571019174  0.563944806649  0.551661142499
41 0.15682304097 0.158027462616 0.0183088546169 0.179069902413 0.179857827008 0.030352662739 2328 2415 3314 0.242579887605 0.24890809691 0.309230838609  0.313968994023  0.556443932608  0.545888992407
42 0.101076104006 0.10149268551 0.00863776455184 0.177256093148 0.178035381857 0.0298476651068 1856 1939 1934 0.170270415306 0.246536560202 0.219874202704  0.310627166611  0.549236784412  0.538307253111
43 0.257928412083 0.259161269786 0.0174046765773 0.179089554942 0.179879152037 0.0295648699129 3084 2701 6097 0.4767553509 0.320084836698 0.263995146298  0.314402807163  0.5440287856  0.532072887047
44 0.173379393651 0.1780994695 0.0438315416934 0.178962662469 0.179839603536 0.0298819070636 7004 7107 2863 0.197370734811 0.833100147295 0.853408529401  0.311802094444  0.550452593638  0.5392136791
45 0.108823515359 0.109337995607 0.00679727429524 0.177437898401 0.178306959885 0.0293800672208 2360 2467 1916 0.134993738413 0.237716761589 0.254663407707  0.30795843453  0.543653988594  0.533027803635
46 0.362567691399 0.363516194893 0.0307088917577 0.181376830167 0.182247581907 0.0294083400833 6347 6610 5949 0.404953268909 0.739109467196 0.778561059308  0.31002215441  0.547812615798  0.538251915457
47 0.16706248907 0.166654937094 0.0231597007896 0.181078614728 0.18192273514 0.029278160098 3312 3335 4433 0.342219124484 0.353430391312 0.369157599807  0.31069292462  0.543762986121  0.534729117215
48 0.317678535959 0.317707906381 0.0247989452409 0.183866368222 0.184693861084 0.0291867475499 4210 4504 6207 0.45172033 0.522547529197 0.548967101407  0.313571034934  0.543330017612  0.535019688321
