26    2.08495030267
52    1.96510472102
78    1.95966833433
92    1.83553089913
118    1.8117809913
144    1.73318789727
170    1.67697614623
196    1.54287646432
222    1.4263595259
248    1.42439297667
254    1.42429917995
280    1.33347507695
306    1.30465973777
332    1.15828560128
358    1.15741423231
368    1.03304148124
370    1.0330414492
396    0.958170480326
422    0.913240259128
448    0.777977103631
474    0.415361859697
480    0.41483533702
506    0.40612879438
532    0.390673786161
558    0.374938952904
584    0.371110862411
586    0.371110853421
612    0.369154366334
638    0.366988510015
664    0.347958710156
690    0.345784068711
698    0.345665281607
724    0.345186412944
726    0.345186410598
752    0.343967743733
778    0.341072424595
804    0.327155667418
830    0.326766647444
832    0.326766640888
834    0.326766558404
860    0.323903711811
886    0.305807509795
912    0.303348878883
938    0.300761152776
940    0.300753745195
945    0.300705383953
971    0.297316685711
997    0.291841092165
1023    0.289859335762
1025    0.289859333102
1050    0.289439104729
1055    0.289394691193
1081    0.277625420021
1107    0.276854781799
1109    0.276852240948
1135    0.27655367306
1137    0.27655367286
1139    0.276543906406
1165    0.275583845826
1191    0.26483170485
1193    0.264822233572
1195    0.264822222785
1197    0.264822221824
1216    0.264523958729
1242    0.251918017596
1268    0.250847541807
1279    0.250692074773
1281    0.250685182496
1283    0.250680502317
1309    0.249789430421
1335    0.247402163909
1361    0.246289778803
1363    0.246289776941
1365    0.246279402298
1367    0.246275883667
1393    0.237660565899
1405    0.237517308452
1407    0.237516619185
1409    0.237507853422
1411    0.237507853263
1413    0.23750505237
1437    0.23716135221
1463    0.228745920983
1465    0.228739630638
1467    0.228739617401
1469    0.228739616789
1471    0.228730845169
1497    0.220240248853
1523    0.219756417753
1525    0.219746990052
1527    0.219740406553
1529    0.219736435048
1540    0.219618535627
1566    0.218337801624
1592    0.217677428012
1594    0.217677427616
1596    0.217671241179
1598    0.217669524149
1624    0.210544683597
1626    0.210535533324
1628    0.210535243594
1630    0.210526864316
1632    0.21052686428
1634    0.210525976056
1636    0.210516015936
1662    0.203993458271
1664    0.203988040915
1666    0.203988026439
1668    0.203988026004
1670    0.203983232727
1696    0.198431126528
1703    0.198363592565
1705    0.19835515544
1707    0.198348815519
1709    0.198345438967
1711    0.19833921951
1737    0.197566857095
1763    0.197163285185
1765    0.197163283961
1767    0.197159987546
1769    0.197159122579
1795    0.190894130297
1797    0.1908861413
1799    0.190885894655
1801    0.19087631792
1803    0.190876317873
1805    0.190875928636
1807    0.19086639387
1833    0.18576077046
1835    0.185755198407
1837    0.185755183606
1839    0.185755183255
1841    0.185751595211
1867    0.182153690122
1869    0.182143724271
1871    0.182136159165
1873    0.182130038449
1875    0.182127162799
1877    0.18212300814
1903    0.181625773235
1909    0.181571132042
1911    0.181571130984
1913    0.181569785782
1915    0.181569136681
1941    0.175917287425
1943    0.175910180725
1945    0.175909968242
1960    0.175750948864
1962    0.175750948804
1964    0.175750690121
1966    0.175741330722
1992    0.171569844502
1994    0.171563327404
1996    0.171563321934
1998    0.171563321647
2000    0.171560850446
2026    0.169172002527
2028    0.16916232691
2030    0.169155531879
2032    0.169149618205
2034    0.169147165305
2036    0.169143836131
2062    0.168806160507
2064    0.168797824978
2066    0.16879782419
2068    0.168797243269
2070    0.168796836466
2096    0.163713578047
2098    0.163707303799
2100    0.163707118695
2126    0.163368905287
2128    0.163368905213
2130    0.163368649623
2132    0.163359364498
2158    0.159730755081
2160    0.15972277916
2162    0.15972277488
2164    0.159722774608
2166    0.159721195359
2192    0.158036619375
2194    0.158027069993
2196    0.158020956888
2198    0.158015241851
2200    0.158013146522
2202    0.15800988497
2204    0.157999326122
2206    0.157993171548
2208    0.157993170998
2210    0.157992786012
2212    0.157992567992
2238    0.153485352596
2240    0.153479878757
2242    0.153479717313
2268    0.153091758557
2270    0.153091758471
2272    0.153091553468
2274    0.153082361397
2300    0.149798111872
2302    0.149788355515
2304    0.149788351187
2306    0.149788350816
2308    0.149787340083
2334    0.148484202413
2336    0.148474700607
2338    0.148469192806
2340    0.148463669272
2342    0.148461876961
2344    0.148458392776
2346    0.148448341454
2348    0.148443809736
2350    0.148443809364
2352    0.148443572769
2354    0.148443462766
2380    0.144531155464
2382    0.144526421851
2384    0.144526282051
2410    0.144089901557
2412    0.14408990146
2414    0.144089731438
2416    0.144080654943
2442    0.141045454937
2452    0.140944809058
2454    0.140944804623
2456    0.140944793218
2458    0.140943984903
2484    0.139800693461
2486    0.139791189024
2488    0.139786219716
2490    0.139780881108
2492    0.139779346042
2494    0.139775559862
2496    0.139765850768
2498    0.139762460501
2500    0.139762460246
2502    0.139762319165
2504    0.139762266099
2530    0.136440585937
2532    0.136436520745
2534    0.136436400904
2560    0.135962248799
2562    0.135962248694
2564    0.1359621001
2566    0.135953168667
2592    0.133130968128
2612    0.132903988356
2614    0.132903984073
2616    0.132903933047
2618    0.132903137237
2644    0.131762057962
2646    0.131752524418
2648    0.131748035125
2650    0.131742875175
2652    0.131741558845
2654    0.131737404395
2656    0.131727876678
2658    0.131725271699
2660    0.131725271519
2662    0.131725187757
2664    0.131725163555
2690    0.128963032789
2692    0.128959558153
2694    0.128959456564
2720    0.128462120253
2722    0.128462120144
2724    0.128461986395
2726    0.128453229128
2752    0.125827224652
2778    0.125516398642
2780    0.125516394771
2782    0.125516298809
2784    0.125515500349
2810    0.124276799577
2812    0.124267239863
2814    0.124263179247
2816    0.124258191937
2818    0.12425706187
2820    0.124252489213
2822    0.124243002646
2824    0.124240938861
2826    0.124240938735
2828    0.124240888413
2830    0.12424087835
2856    0.1219859656
2858    0.121983003894
2860    0.121982918647
2886    0.12147710832
2888    0.121477108209
2890    0.121476986874
2892    0.121468427585
2918    0.119017785764
2944    0.118677099342
2946    0.118677096042
2948    0.118676977791
2950    0.118676236118
2976    0.117293693713
2978    0.117284142367
2980    0.11728046524
2982    0.117275644767
2984    0.117274673532
2986    0.11726965078
2988    0.117260093144
2990    0.117258410423
2992    0.11725841034
2994    0.11725837942
2996    0.117258375904
3022    0.115445992806
3024    0.115443471188
3026    0.115443400177
3052    0.114941933549
3054    0.114941933438
3056    0.114941823953
3058    0.114933479225
3084    0.112628657764
3110    0.112266560891
3112    0.112266558249
3114    0.112266421654
3116    0.112265749317
3142    0.110723131304
3144    0.110713639878
3146    0.110710306372
3148    0.110705647136
3150    0.110704811511
3152    0.110699324698
3154    0.110689613976
3156    0.110688209669
3158    0.110688209622
3160    0.110688190057
3162    0.110688189229
3188    0.109249868101
3190    0.109247720971
3192    0.10924766201
3218    0.108761035629
3220    0.108761035521
3222    0.108760938013
3224    0.108752817002
3250    0.106563389257
3276    0.106181751052
3278    0.106181749113
3280    0.10618159296
3282    0.10618098145
3308    0.104486845561
3310    0.104477471098
3312    0.104474445965
3314    0.104469942551
3316    0.104469222852
3318    0.104463274217
3320    0.10445335707
3322    0.104452165729
3324    0.104452165709
3326    0.10445215291
3328    0.104452152873
3354    0.103322086095
3356    0.103320255958
3358    0.10332020693
3384    0.102857168009
3386    0.102857167904
3388    0.102857082739
3390    0.102849188038
3416    0.100754838256
3442    0.100360851501
3444    0.100360850256
3446    0.100360675894
3448    0.100360119268
3474    0.0985480132979
3476    0.0985388122293
3478    0.0985360642397
3480    0.0985317114149
3482    0.0985310909285
3484    0.0985246961602
3486    0.0985145440614
3488    0.0985135233586
3490    0.098513523355
3492    0.0985135146855
3494    0.0985135145741
3520    0.0976324576684
3522    0.0976308950247
3524    0.0976308540107
3550    0.0971990646677
3552    0.0971990645687
3554    0.0971989921201
3556    0.0971913209879
3582    0.0951893147938
3608    0.0947941864779
3610    0.0947941858411
3612    0.0947939973397
3614    0.0947934953505
3640    0.0929188391556
3642    0.09290986372
3644    0.0929073651524
3646    0.092903157857
3648    0.0929026223711
3650    0.0928958074221
3652    0.0928854117221
3654    0.0928845332275
3656    0.0928845332268
3658    0.0928845271513
3660    0.0928845266393
3686    0.0922015566953
3688    0.0922002194262
3690    0.0922001847813
3716    0.0918063326998
3718    0.0918063326067
3720    0.0918062730189
3722    0.0917988185775
3748    0.0899044237994
3774    0.0895215456892
3776    0.0895215454882
3778    0.0895213493928
3780    0.0895209053306
3806    0.0876531023709
3808    0.0876443981091
3810    0.0876421243109
3812    0.0876380576546
3814    0.0876375950696
3816    0.0876303930073
3818    0.0876197599066
3820    0.0876190033121
3822    0.0876190032975
3824    0.0876189989035
3826    0.0876189979324
3852    0.087091783348
3854    0.0870906358882
3856    0.0870906062653
3882    0.0867398878497
3884    0.0867398877627
3886    0.0867398406924
3888    0.0867325930757
3914    0.0849726746986
3940    0.0846152616223
3942    0.0846152616167
3944    0.0846150660395
3946    0.0846146835743
3972    0.0828253755951
3974    0.0828169796385
3976    0.08281490865
3978    0.082810977907
3980    0.0828105779085
3982    0.0828030261232
3985    0.0827818291137
3987    0.0827811791705
3989    0.0827811791251
3991    0.0827811754275
3993    0.0827811740645
4019    0.0823751002387
4021    0.0823741126585
4023    0.0823740869938
4043    0.0821386508561
4045    0.0821386507751
4047    0.0821386321967
4049    0.0821315919795
4075    0.0805481681985
4099    0.0802574941114
4101    0.0802574940153
4103    0.080257340798
4105    0.0802570500764
4131    0.0786138359338
4133    0.0786057852546
4135    0.0786038974805
4137    0.0786000980877
4139    0.0785997518731
4141    0.0785914900817
4143    0.0785809227712
4145    0.0785803657917
4147    0.0785803657007
4149    0.0785803630235
4151    0.0785803613743
4177    0.0782789197038
4179    0.0782780663195
4181    0.0782780432711
4195    0.0781245453523
4197    0.0781245452775
4199    0.0781245406513
4201    0.0781177184372
4227    0.0767261163835
4244    0.0765365315563
4246    0.0765365310566
4248    0.076536451014
4250    0.0765362725069
4276    0.0750844449746
4278    0.075076779155
4280    0.0750750570859
4282    0.0750713846451
4284    0.0750710846937
4286    0.0750625988511
4289    0.0750416073643
4291    0.0750411300225
4293    0.0750411298718
4295    0.075041127523
4297    0.0750411257222
4299    0.0750305693113
4301    0.0750298115749
4303    0.0750297902299
4313    0.0749273690427
4315    0.0749273689771
4317    0.0749273683166
4319    0.0749207738618
4345    0.0737192040165
4356    0.0736063202349
4358    0.0736063190007
4360    0.073606282273
4362    0.0736061821066
4388    0.0723558685994
4390    0.072348610138
4392    0.072347038105
4394    0.0723434883613
4396    0.0723432282419
4398    0.0723344438969
4400    0.0723242489494
4402    0.0723237835275
4404    0.0723237832822
4406    0.0723237809929
4408    0.0723237795567
4410    0.0723133102777
4412    0.0723126255971
4414    0.0723126053777
4421    0.0722467810111
4423    0.072246780954
4425    0.0722467809535
4427    0.0722404151215
4453    0.0712180029232
4458    0.071174437406
4460    0.0711744351281
4462    0.0711744247616
4464    0.0711743752512
4490    0.0701156392314
4492    0.0701087940733
4494    0.0701073580411
4496    0.0701039268981
4498    0.0701037011058
4500    0.070095079684
4502    0.070084929952
4504    0.0700844760953
4506    0.0700844757083
4508    0.0700844734736
4510    0.0700844723263
4512    0.0700740895838
4514    0.0700734642367
4516    0.0700734447675
4519    0.0700520228904
4521    0.0700520228405
4523    0.0700520218958
4525    0.0700458782839
4551    0.0691856650515
4553    0.0691752368456
4555    0.0691752332951
4557    0.0691752300469
4559    0.069175202611
4585    0.0682870518844
4587    0.0682806043775
4589    0.0682792917506
4591    0.0682759752434
4593    0.068275779061
4595    0.0682673113229
4597    0.0682572096596
4599    0.0682567670198
4601    0.0682567664836
4603    0.0682567642994
4605    0.0682567633799
4607    0.0682464665374
4609    0.0682458913564
4611    0.0682458722693
4613    0.0682354725233
4615    0.0682354724801
4617    0.0682354711207
4619    0.0682295503175
4645    0.0675113809138
4647    0.0675017382502
4649    0.0675017333515
4651    0.0675017303185
4653    0.0675017081643
4679    0.0667634219999
4681    0.0667573399081
4683    0.0667561393688
4685    0.0667529336636
4687    0.0667527630451
4689    0.0667444407307
4691    0.0667343896289
4693    0.0667339578639
4695    0.0667339571957
4697    0.0667339550589
4699    0.0667339543195
4701    0.0667237427243
4703    0.0667232110899
4705    0.0667231922776
4707    0.0667133012692
4709    0.0667133012313
4711    0.0667133001876
4713    0.0667075905562
4739    0.0661125616848
4741    0.0661039339374
4743    0.0661039277832
4745    0.0661039250715
4747    0.0661039046479
4773    0.0654956512374
4775    0.0654899011014
4777    0.0654888024645
4779    0.0654857038564
4781    0.0654855553292
4783    0.0654773710071
4785    0.0654673726284
4787    0.0654669514047
4789    0.0654669506336
4791    0.0654669485409
4793    0.0654669479432
4795    0.0654568209348
4797    0.065456327774
4799    0.0654563092298
4801    0.0654470595024
4803    0.0654470594691
4805    0.0654470586896
4807    0.0654415434622
4833    0.0649518096567
4835    0.0649442658045
4837    0.0649442585922
4839    0.0649442562236
4841    0.0649442368958
4867    0.064446981248
4869    0.0644415327196
4871    0.0644405268077
4873    0.0644375317187
4875    0.0644374022977
4877    0.0644293492469
4879    0.0644194054565
4881    0.0644189944483
4883    0.0644189936053
4885    0.0644189915545
4887    0.064418991068
4889    0.0644089479843
4891    0.0644084892329
4893    0.0644084709626
4895    0.0643999149601
4897    0.0643999149309
4899    0.064399914293
4901    0.064394578467
4927    0.0639937145855
4929    0.0639872307251
4931    0.0639872227021
4933    0.0639872206683
4935    0.0639872025157
4961    0.063583294463
4963    0.0635781209172
4965    0.0635771994506
4967    0.0635743044239
4969    0.0635741915426
4971    0.0635662636602
4973    0.0635563760588
4975    0.0635559749493
4977    0.0635559740621
4979    0.0635559720515
4981    0.0635559716531
4983    0.063546011835
4985    0.0635455841332
4987    0.0635455661469
4989    0.0635377064431
4991    0.0635377064172
4993    0.0635377058376
4995    0.063532536887
5021    0.0632058505387
5023    0.0632003507844
5025    0.0632003422105
5027    0.0632003404869
5029    0.0632003236951
5055    0.0628739314413
5057    0.0628690096457
5059    0.0628681651443
5061    0.0628653668401
5063    0.062865268289
5065    0.0628574600091
5067    0.0628476299619
5069    0.0628472384442
5071    0.0628472375354
5073    0.0628472355628
5075    0.062847235233
5077    0.0628373580263
5079    0.0628369585311
5081    0.0628369408357
5083    0.0628297495878
5085    0.0628297495647
5087    0.0628297489933
5089    0.062824736463
5098    0.0627377208767
5100    0.0627330696591
5102    0.0627330607811
5104    0.062733059245
5106    0.0627330438838
5116    0.0626349745788
5118    0.0626302687713
5120    0.0626294944721
5122    0.0626267897027
5124    0.0626267035781
5126    0.0626190097829
5128    0.0626092384148
5130    0.0626088561883
5132    0.062608855276
5134    0.0626088533403
5136    0.0626088530647
5138    0.0625990577898
5140    0.0625986840519
5142    0.0625986667831
5144    0.0625917539883
5146    0.0625917539677
5148    0.062591753813
5150    0.0625868929971
5152    0.0625764504214
5154    0.0625721074253
5156    0.0625720989437
5158    0.0625720978554
5160    0.0625720800502
5162    0.0625616263747
5164    0.0625571140301
5166    0.0625564038103
5168    0.0625537894754
5170    0.0625537141367
