26 2.25848304169
38 2.13562015622
64 2.13010438299
66 2.13010408728
76 2.12993548457
83 2.00543397424
95 1.88132960976
97 1.88132936328
99 1.88132484436
101 1.88132481938
127 1.76705665461
149 1.64489077631
175 1.64007646983
177 1.64007302327
185 1.63996686736
211 1.51839387616
237 1.42857963597
240 1.42855674065
266 1.4084176223
268 1.40841382003
294 1.28546889299
320 1.17089775329
322 1.17089249206
348 1.16602286531
350 1.16602133755
363 1.04197571713
389 1.02799800713
391 1.02799645204
417 1.01437356323
419 1.01437197388
428 0.889028769453
454 0.769617550872
456 0.76961748632
478 0.767809836989
480 0.76780908214
506 0.743445611589
524 0.619864902012
550 0.599969684881
552 0.599969163724
578 0.584565217299
590 0.460603737357
616 0.339635888897
618 0.339624763234
631 0.339114960341
633 0.339110017281
639 0.214390731102
641 0.214390724704
643 0.214390724285
645 0.214387116292
647 0.214387110232
649 0.214378097835
651 0.214377898888
653 0.214369881762
655 0.214369755093
657 0.214364593153
659 0.214364521109
661 0.21436097406
663 0.214360966725
665 0.214360797091
667 0.214360769824
669 0.21435177185
671 0.214351187462
673 0.214343237811
675 0.214336231641
701 0.210849537167
703 0.210847404937
729 0.210197964071
731 0.210197445359
733 0.210189733503
738 0.210137339881
740 0.210136608937
742 0.210127110394
744 0.210127089899
746 0.210126811837
772 0.197138435725
774 0.197137883055
800 0.186096195224
802 0.18609373777
804 0.18609097623
810 0.186021700895
812 0.186020304291
814 0.18600983271
816 0.186006648494
842 0.176175362294
844 0.176174066045
870 0.16795785278
872 0.167947810421
898 0.162296348024
900 0.162296017073
902 0.162290959995
904 0.162288461263
906 0.162284390937
908 0.162283114524
910 0.162282282955
912 0.162281931536
914 0.16228187994
916 0.162279756253
918 0.16227971236
920 0.162273030429
922 0.162272895072
924 0.162266953833
926 0.162266825674
928 0.162266192666
930 0.162266120721
932 0.162265243567
934 0.162265236193
936 0.162264697909
938 0.16226469677
940 0.162257452178
942 0.162257080828
944 0.162250692719
946 0.162247443664
948 0.162237360367
950 0.162236600278
952 0.162227104334
954 0.162227031635
956 0.162221878971
958 0.162213037332
960 0.162212866585
962 0.162205049993
964 0.162204991759
966 0.162204695321
992 0.153288064593
994 0.153287699125
1020 0.14639716084
1022 0.146393292802
1024 0.146388268583
1027 0.146363986164
1029 0.146362308595
1031 0.146353236518
1033 0.146348409328
1059 0.143831815333
1061 0.14383036967
1087 0.141113740704
1090 0.141090010419
1116 0.139280015169
1118 0.139278361901
1120 0.139275026994
1122 0.139273790129
1124 0.139271119286
1126 0.139270428831
1128 0.139269709141
1130 0.139269336442
1132 0.139269281943
1134 0.139268101065
1136 0.139268031917
1138 0.139263033474
1140 0.139262919364
1142 0.139258477314
1144 0.139258349725
1146 0.139258316843
1148 0.139258244639
1150 0.139257948345
1152 0.139257940939
1154 0.139256937433
1156 0.13925691598
1158 0.139250985109
1160 0.139250711712
1162 0.13924549085
1164 0.139243476659
1166 0.139234629594
1168 0.139234345931
1170 0.139226006131
1172 0.139226005436
1174 0.139222217319
1176 0.139214810567
1178 0.139214794748
1180 0.139208241065
1182 0.139207998957
1184 0.139206385889
1210 0.134043171902
1212 0.1340428978
1238 0.130279735167
1240 0.130274685481
1242 0.130266963121
1245 0.130244767126
1247 0.13024312363
1249 0.130237035239
1251 0.130231227626
1277 0.129789185468
1279 0.129789121562
1305 0.128886948901
1307 0.128876798493
1333 0.12827624417
1335 0.128274027481
1337 0.128271826112
1339 0.128270887097
1341 0.128269134696
1343 0.128268586204
1345 0.128267871395
1347 0.128267500286
1349 0.12826744566
1351 0.128266843329
1353 0.128266761539
1355 0.128262985443
1357 0.128262879063
1359 0.128259525428
1361 0.128259398157
1363 0.128259392435
1365 0.128259320092
1367 0.128259174277
1369 0.128259166869
1371 0.128257669112
1373 0.128257620072
1375 0.128252679999
1377 0.128252462789
1379 0.1282481213
1381 0.128246756972
1383 0.128238985929
1385 0.128238889769
1387 0.128231558892
1389 0.12823151009
1391 0.128228496377
1393 0.128222298701
1395 0.128222294963
1397 0.128216806903
1399 0.128216377167
1401 0.128213309248
1427 0.125509382372
1429 0.125509181235
1455 0.123600846106
1457 0.123595090611
1459 0.123585234513
1461 0.123575626757
1463 0.123574109841
1465 0.123569561009
1467 0.123563327434
1469 0.123561743004
1471 0.123560969242
1497 0.123185239274
1499 0.123176874085
1504 0.123130577697
1506 0.12312817325
1508 0.123126718017
1510 0.123125877788
1512 0.123124728398
1514 0.123124226791
1516 0.123123514437
1518 0.123123145621
1520 0.123123091034
1522 0.123122824937
1524 0.123122736744
1526 0.123119852882
1528 0.123119749421
1530 0.123117190226
1532 0.123117063129
1534 0.123117029199
1536 0.123116956778
1538 0.123116857748
1540 0.123116850352
1542 0.123114870069
1544 0.123114796398
1546 0.123110609462
1548 0.12311042558
1550 0.123106752263
1552 0.123105745184
1554 0.123098914085
1556 0.123098887119
1558 0.123092439239
1560 0.123092317555
1562 0.123089759059
1564 0.123084626783
1566 0.123084593481
1568 0.123080045598
1570 0.123079464829
1572 0.123075266932
1598 0.121732474767
1600 0.121732332802
1626 0.120800716192
1628 0.120794686741
1630 0.120783557041
1632 0.12077559588
1634 0.120774211332
1636 0.120770920476
1638 0.120764645438
1640 0.120764547007
1642 0.120762746684
1644 0.120752040311
1646 0.120745743689
1648 0.120734835632
1650 0.120732382563
1652 0.120731418689
1654 0.120730619527
1656 0.120729866044
1658 0.12072938354
1660 0.120728674033
1662 0.120728307561
1664 0.120728253083
1666 0.120728164412
1668 0.120728072593
1670 0.120725843754
1672 0.120725741402
1674 0.120723765421
1676 0.120723638435
1678 0.120723585096
1680 0.120723512621
1682 0.120723430202
1684 0.120723422825
1686 0.120720994375
1688 0.120720901469
1690 0.120717291847
1692 0.120717128251
1694 0.120713967151
1696 0.120713164521
1698 0.120707156487
1700 0.120707151775
1702 0.12070147817
1704 0.120701290706
1706 0.120699007108
1708 0.120694808287
1710 0.120694740134
1712 0.120691016845
1714 0.120690325606
1716 0.120685429474
1742 0.120035699466
1744 0.120035602036
1770 0.119589164806
1772 0.119583162185
1775 0.119568273618
1777 0.119561916477
1779 0.119558051105
1781 0.119555685486
1783 0.119547475822
1785 0.119547404556
1787 0.119544739677
1789 0.119534358466
1791 0.11952910427
1793 0.119518559855
1795 0.119516114759
1797 0.11951547476
1799 0.119514695578
1801 0.119514202017
1803 0.119513728569
1805 0.119513022299
1807 0.119512658198
1809 0.11951260388
1811 0.119512590641
1813 0.119512496455
1815 0.119510751484
1817 0.119510649536
1819 0.119509104371
1821 0.119508977468
1823 0.119508914042
1825 0.119508841523
1827 0.119508765387
1829 0.119508758031
1831 0.119505926707
1833 0.119505819672
1835 0.119502656367
1837 0.119502505344
1839 0.119499740409
1841 0.119499058825
1843 0.119493772693
1845 0.119493772656
1847 0.119488778872
1849 0.11948854041
1851 0.119486425961
1853 0.119483027662
1855 0.119482930486
1857 0.119479914961
1859 0.119479146859
1861 0.119473929094
1879 0.119257882985
1881 0.119257831923
1883 0.119246779689
1885 0.119241377285
1887 0.119231322088
1889 0.119226299517
1891 0.119224959974
1893 0.119223324276
1895 0.119217715616
1897 0.11921766775
1899 0.119214442571
1901 0.119204378336
1903 0.11919966582
1905 0.119189472585
1907 0.119187051863
1909 0.119186625596
1911 0.11918586051
1913 0.119185537566
1915 0.119185070573
1917 0.119184367848
1919 0.119184006135
1921 0.119183952021
1923 0.119183950575
1925 0.119183854642
1927 0.119182469492
1929 0.119182367661
1931 0.119181142857
1933 0.119181016023
1935 0.119180947467
1937 0.119180874909
1939 0.119180801133
1941 0.119180793798
1943 0.119177608553
1945 0.119177491461
1947 0.119174676076
1949 0.119174532925
1951 0.119172077067
1953 0.119171469054
1955 0.119166816786
1957 0.119166815583
1959 0.119162419195
1961 0.119162143828
1963 0.119160134659
1965 0.119157457941
1967 0.119157339469
1969 0.119154962522
1971 0.119154142587
1973 0.119148962925
1975 0.119137942799
1977 0.119137921269
1979 0.119127151496
1981 0.119122268007
1983 0.119111410682
1985 0.11910744842
1987 0.119106459471
1989 0.119105361706
1991 0.119100478595
1993 0.11910044957
1995 0.119096884922
1997 0.1190871276
1999 0.119082704961
2001 0.119072850115
2003 0.119070458797
2005 0.119070173793
2007 0.11906942101
2009 0.119069210027
2011 0.11906874885
2013 0.119068049917
2015 0.119067690605
2017 0.119067636729
2019 0.119067609075
2021 0.119067511747
2023 0.11906639607
2025 0.119066294232
2027 0.119065309346
2029 0.119065182576
2031 0.11906511121
2033 0.119065038614
2035 0.119064965622
2037 0.119064958309
2039 0.119061467458
2041 0.119061343323
2043 0.119058801342
2045 0.119058663135
2047 0.119056450451
2049 0.119055887987
2051 0.119051792738
2053 0.119051788986
2055 0.119047917903
2057 0.119047616798
2059 0.119045673454
2061 0.119043586888
2063 0.119043453808
2065 0.119041599531
2067 0.119040745407
2069 0.119035827773
2071 0.119025089604
2073 0.119025076951
2075 0.119014587211
2077 0.119010064697
2079 0.11899975809
2081 0.118996609263
2083 0.118995710601
2085 0.118994990929
2087 0.11899052632
2089 0.11899051136
2091 0.118986746886
2093 0.118977285844
2095 0.118973021168
2097 0.118963492195
2099 0.118961131969
2101 0.11896094051
2103 0.118960199371
2105 0.118960061823
2107 0.118959606336
2109 0.118958911386
2111 0.118958554484
2113 0.118958500871
