26    2.26538625877
52    2.22782150152
78    2.21709308976
104    2.1911213198
126    2.19041396559
152    2.098322426
154    2.09832242561
180    2.07978736133
187    1.95512317121
213    1.8347454161
225    1.71058356871
227    1.7105821375
229    1.71058197124
239    1.71030574411
241    1.71030302589
243    1.71030299365
269    1.58801441329
271    1.58801441329
275    1.58796679384
289    1.46373340235
295    1.3402650893
308    1.21635623541
310    1.21635611217
312    1.21635605637
314    1.21635585816
316    1.21635328177
318    1.21635325716
331    1.09247843717
333    1.09247843717
335    1.09247388129
356    0.968744905583
358    0.968744243609
384    0.846044808064
386    0.846043347641
388    0.846042420994
390    0.84604175676
392    0.846035588951
394    0.846035005952
420    0.727062015021
422    0.727062015021
443    0.72534136647
469    0.69094313876
495    0.665676228115
517    0.54271491449
543    0.518334298217
569    0.50218618515
595    0.484326905
597    0.484326876075
623    0.474752883672
649    0.431197781893
651    0.431197224668
677    0.400236981648
685    0.400125326936
711    0.385492826401
713    0.385490079428
739    0.376063186441
741    0.376063063131
767    0.373868080858
769    0.373867710306
795    0.373028795964
797    0.373028007941
799    0.373022520537
801    0.373020785088
803    0.373020427832
805    0.373020384785
807    0.373016014851
809    0.373015316012
811    0.373015306046
813    0.373014891797
815    0.373014891769
817    0.373009354275
819    0.3730093063
821    0.37300929239
823    0.37300927819
825    0.373009245172
827    0.373009230125
829    0.373009229155
831    0.373009223047
833    0.373009216125
835    0.373007244004
837    0.373007244004
839    0.373006306085
841    0.37300564458
843    0.373004983616
845    0.372995841484
847    0.372995618988
849    0.37299547753
851    0.372994809863
853    0.372988209678
855    0.3729881224
857    0.372987776796
859    0.372987776475
865    0.372910158447
891    0.369011821552
917    0.354350915416
919    0.354347875158
945    0.35067424347
971    0.34851574192
997    0.33855477765
1001    0.338497168287
1027    0.337025774933
1053    0.320726554585
1055    0.320726098929
1081    0.310074161803
1083    0.310067285179
1109    0.304543905046
1111    0.304543416654
1137    0.301095777752
1139    0.301095251723
1141    0.301093417134
1143    0.301093071652
1148    0.301042425967
1150    0.301041619388
1152    0.301037965202
1154    0.301037680372
1156    0.301037330108
1158    0.30103728782
1160    0.301034377603
1162    0.301034262948
1164    0.301034253001
1166    0.30103342699
1168    0.301033426963
1170    0.301028898644
1172    0.301028823702
1174    0.301028823616
1176    0.301028820789
1178    0.301028799874
1180    0.301028790338
1182    0.301028790334
1184    0.301028789109
1186    0.301028784708
1188    0.301028397579
1190    0.301028397579
1192    0.301028199499
1194    0.301028027904
1196    0.301027362831
1198    0.301022334625
1200    0.301022311579
1202    0.301022296923
1204    0.301021623631
1206    0.301017990442
1208    0.301017982058
1210    0.301017369216
1212    0.301017368739
1217    0.300961261749
1219    0.300952557916
1245    0.292746740695
1247    0.292745264525
1273    0.291918478144
1299    0.291432262222
1325    0.28632490923
1329    0.286269911842
1355    0.285847653239
1381    0.281396911503
1383    0.281396638397
1409    0.278120450583
1411    0.278115989653
1437    0.276277025214
1439    0.27627700655
1465    0.275100641209
1467    0.275098822583
1469    0.27509713548
1471    0.275096761782
1473    0.275085301727
1475    0.275084496088
1477    0.275082075426
1479    0.275082027596
1481    0.275081679369
1483    0.275081637296
1485    0.275079709584
1487    0.275079690413
1489    0.275079680406
1491    0.275078479464
1493    0.275078479437
1495    0.275074609894
1497    0.275074528636
1499    0.275074528632
1501    0.275074528073
1503    0.275074509342
1505    0.2750745008
1507    0.2750745008
1509    0.275074500553
1511    0.27507449661
1513    0.275074423369
1515    0.275074423369
1517    0.275074379041
1519    0.275074314477
1521    0.275073644065
1523    0.275070827061
1525    0.27507082653
1527    0.275070826191
1529    0.275070147035
1531    0.275068110398
1533    0.275068110315
1535    0.275065569095
1537    0.275065568694
1541    0.275027354731
1543    0.275027354484
1569    0.270939897894
1571    0.270939861765
1573    0.270928881879
1575    0.270918121423
1601    0.268510258386
1604    0.268485325775
1618    0.268315503771
1644    0.267305738089
1646    0.267305566097
1672    0.266268085301
1674    0.266264692109
1700    0.265682494151
1702    0.265682469236
1728    0.265292931252
1730    0.26529012446
1732    0.265288117738
1734    0.265287731975
1736    0.26527681966
1738    0.265276015605
1740    0.265274436034
1742    0.265274427563
1744    0.265274081161
1746    0.265274039294
1748    0.265272781557
1750    0.265272778214
1752    0.265272768163
1754    0.26527126018
1756    0.265271260154
1758    0.265267831011
1760    0.265267748414
1762    0.26526774841
1764    0.265267748301
1766    0.265267730022
1768    0.265267721685
1770    0.265267721685
1772    0.265267721635
1774    0.265267717786
1776    0.265267705209
1778    0.265267705209
1780    0.265267694045
1782    0.265267657815
1784    0.265266981565
1786    0.26526539427
1788    0.265265393453
1790    0.265265392933
1792    0.265264707816
1794    0.26526355969
1796    0.265263559094
1798    0.265259495813
1800    0.265259495549
1803    0.26523546696
1805    0.265235362143
1831    0.263396338495
1833    0.263395491566
1835    0.26338495741
1837    0.263374631799
1863    0.262285123202
1865    0.262274327557
1870    0.26222631778
1872    0.262216808656
1874    0.262216719878
1900    0.261692710807
1902    0.261689771887
1904    0.261680726657
1906    0.26168068568
1908    0.261669262779
1910    0.261666467816
1912    0.261664856066
1914    0.261664490468
1916    0.261654499922
1918    0.26165369795
1920    0.261652702832
1922    0.261652701137
1924    0.261652356486
1926    0.261652314825
1928    0.261651522649
1930    0.26165152201
1932    0.261651511935
1934    0.261649766344
1936    0.261649766318
1938    0.261646637372
1940    0.261646554503
1942    0.2616465545
1944    0.261646554479
1946    0.261646536301
1948    0.261646528011
1950    0.261646528011
1952    0.261646528
1954    0.261646524173
1956    0.261646522542
1958    0.261646522541
1960    0.261646519057
1962    0.261646491673
1964    0.26164580936
1966    0.261644917434
1968    0.261644915019
1970    0.261644913483
1972    0.261644222344
1974    0.261643576898
1976    0.261643575439
1978    0.26163892811
1980    0.261638927961
1983    0.261616336929
1985    0.261615802544
2011    0.260815747365
2013    0.260814009415
2015    0.260802847027
2017    0.260791904464
2043    0.260305640652
2045    0.260296880025
2047    0.260285267251
2049    0.260282822335
2051    0.260282776331
2059    0.260193079727
2061    0.260190121033
2063    0.260181458087
2065    0.260181419045
2067    0.26017042471
2069    0.260167639802
2071    0.260166356159
2073    0.260166009779
2075    0.260156845677
2077    0.26015604627
2079    0.260155420026
2081    0.260155419593
2083    0.260155076649
2085    0.260155035189
2087    0.260154536828
2089    0.260154536681
2091    0.260154526597
2093    0.260152603493
2095    0.260152603468
2097    0.260149682625
2099    0.260149599714
2101    0.260149599709
2103    0.260149599706
2105    0.260149581555
2107    0.260149573277
2109    0.260149573277
2111    0.260149573274
2113    0.260149569453
2115    0.260149569395
2117    0.260149569395
2119    0.260149567906
2121    0.260149543459
2123    0.260148854966
2125    0.260148354055
2127    0.26014835079
2129    0.260148348713
2131    0.2601476515
2133    0.26014728883
2135    0.260147286893
2137    0.260141957117
2139    0.260141957041
2141    0.260131003228
2143    0.260129905848
2163    0.259865144768
2165    0.259862498069
2167    0.25985095663
2169    0.259839642107
2171    0.259828436005
2173    0.259821054626
2175    0.259809987931
2177    0.259808479366
2179    0.259808448453
2181    0.259796995302
2183    0.259794018707
2185    0.259785723331
2187    0.25978568598
2189    0.259775104749
2191    0.259772328404
2193    0.25977131633
2195    0.259770988247
2197    0.259762566441
2199    0.259761769914
2201    0.259761376287
2203    0.259761376127
2205    0.259761034877
2207    0.25976099362
2209    0.259760680523
2211    0.259760680478
2213    0.259760670397
2215    0.259758617938
2217    0.259758617913
2219    0.259755843522
2221    0.259755760616
2223    0.259755760609
2225    0.259755760608
2227    0.259755742468
2229    0.259755734194
2231    0.259755734194
2233    0.259755734193
2235    0.259755730375
2237    0.259755730316
2239    0.259755730316
2241    0.259755729422
2243    0.259755705879
2245    0.259755011124
2247    0.259754739703
2249    0.259754736079
2251    0.259754733775
2253    0.259754030434
2255    0.259753833795
2257    0.259753831614
2259    0.259748521692
2261    0.259748521662
2263    0.259737811269
2265    0.259736563277
2267    0.25972506714
2269    0.259721722936
2271    0.259710819278
2273    0.259700130107
2275    0.259689230536
2277    0.259682691884
2279    0.259672256954
2281    0.259670878865
2283    0.259670856357
2285    0.259659775841
2287    0.259656783014
2289    0.259648840991
2291    0.259648805127
2293    0.25963862205
2295    0.259635853019
2297    0.259635064661
2299    0.259634753984
2301    0.259627000011
2303    0.259626206601
2305    0.259625959524
2307    0.259625959434
2309    0.259625619875
2311    0.259625578819
2313    0.25962538242
2315    0.2596253824
2317    0.259625372333
2319    0.259623227503
2321    0.259623227479
2323    0.25962055766
2325    0.259620474771
2327    0.259620474762
2329    0.259620474762
2331    0.259620456628
2333    0.259620448357
2335    0.259620448356
2337    0.259620448356
2339    0.259620444539
2341    0.259620444314
2343    0.259620444314
2345    0.25962044361
2347    0.259620420184
2349    0.259619719103
2351    0.259619574038
2353    0.259619570287
2355    0.259619567902
2357    0.259618858379
2359    0.259618753195
2361    0.259618750879
2363    0.259613286484
2365    0.259613286475
2367    0.259603041367
2369    0.259601990007
2371    0.259590791322
2373    0.25958694975
2375    0.259576645656
2377    0.259566544356
2379    0.259555944347
2381    0.259549921959
2383    0.259540080141
2385    0.259538825587
2387    0.25953880936
2389    0.25952808768
2391    0.259525080099
2393    0.259517477661
2395    0.259517443112
2397    0.259507643697
2399    0.259504880927
2401    0.259504275759
2403    0.259503981626
2405    0.259496829419
2407    0.25949603931
2409    0.259495884453
2411    0.259495884384
2413    0.259495546515
2415    0.259495505662
2417    0.259495382682
2419    0.25949538267
2421    0.259495372624
2423    0.259493163111
2425    0.259493163087
2427    0.259490569047
2429    0.259490486177
2431    0.259490486168
2433    0.259490486168
2435    0.259490468039
2437    0.259490459771
2439    0.259490459771
2441    0.25949045977
2443    0.259490455954
2445    0.2594904556
2447    0.2594904556
2449    0.259490454948
2451    0.259490431344
2453    0.259489723876
2455    0.259489645718
2457    0.25948964193
2459    0.259489639521
2461    0.259488923762
2463    0.259488867031
2465    0.25948886462
2467    0.259483281613
2469    0.259483281611
2471    0.259473448654
2473    0.259472572098
2475    0.259461665556
2477    0.259457480413
2479    0.259447739142
2481    0.259438189676
2483    0.259427882336
2485    0.259422182326
2487    0.259412897216
2489    0.259411758797
2491    0.259411747236
2493    0.259401370772
2495    0.259398349746
2497    0.259391073558
2499    0.259391040179
2501    0.259381610368
2503    0.259378852967
2505    0.259378396675
2507    0.259378118256
2509    0.259371509076
2511    0.259370722405
2513    0.259370625506
2515    0.259370625444
2517    0.25937028926
2519    0.259370248608
2521    0.259370171756
2523    0.259370171746
2525    0.259370161729
2527    0.259367907918
2529    0.259367907895
2531    0.259365369657
2533    0.259365286808
2535    0.259365286798
2537    0.259365286798
2539    0.259365268674
2541    0.259365260407
2543    0.259365260407
2545    0.259365260407
2547    0.259365256592
2549    0.259365256147
2551    0.259365256147
2553    0.259365255491
2555    0.259365231601
2557    0.25936451769
2559    0.259364475131
2561    0.259364471338
2563    0.259364468925
2565    0.259363746874
2567    0.25936371594
2569    0.259363713447
2571    0.259358043201
2573    0.2593580432
2575    0.25934857778
2577    0.259347855175
2579    0.259337235459
2581    0.25933281644
2583    0.259323603054
2585    0.259314571156
2587    0.259304549665
2589    0.259299054153
2591    0.259290291564
2593    0.259289261763
2595    0.259289253645
2597    0.259279209099
2599    0.259276175788
2601    0.259269212945
2603    0.259269180611
2605    0.259260106784
2607    0.259257353997
2609    0.259257017544
2611    0.259256754043
2613    0.259250635576
2615    0.259249852448
2617    0.259249791921
2619    0.25924979186
2621    0.259249457359
2623    0.259249416909
2625    0.25924936899
2627    0.259249368983
2629    0.259249358999
2631    0.259247075733
2633    0.25924707571
2635    0.259244579319
2637    0.25924449649
2639    0.259244496479
2641    0.259244496479
2643    0.25924447836
2645    0.259244470096
2647    0.259244470095
2649    0.259244470095
2651    0.259244466281
2653    0.25924446577
2655    0.25924446577
2657    0.259244465085
2659    0.259244440874
2661    0.259243720458
2663    0.25924369696
2665    0.259243693171
2667    0.259243690761
2669    0.259242962358
2671    0.259242945249
2673    0.259242942677
2675    0.259237212437
2677    0.259237212437
2679    0.259228076976
2681    0.259227488794
2683    0.259217150573
2685    0.259212573044
2687    0.259203854549
2689    0.259195307863
2691    0.259185565477
2693    0.259180201635
2695    0.259171929512
2697    0.25917100091
2699    0.25917099531
2701    0.259161269786
