26 2.35523226193
52 2.24520187863
78 2.22304973642
104 2.21618908405
130 2.19765583331
156 2.18942853114
175 2.06605807547
201 2.05687880976
203 2.05687338082
229 2.04723176047
245 1.92399769668
271 1.83287171613
274 1.83285153471
300 1.81464593773
302 1.81463813546
328 1.71931261058
349 1.5977566455
375 1.58219479015
377 1.58219334316
403 1.58005881099
429 1.47514217459
455 1.38435912915
481 1.37555634426
507 1.35771071068
525 1.35731649592
551 1.24825971477
577 1.22698439508
603 1.22082373391
629 1.20181728212
643 1.20157286181
654 1.07868704015
661 0.954538623757
663 0.954536199452
665 0.954535471991
667 0.95453194322
671 0.829961393104
677 0.705485841219
679 0.705485552699
681 0.705485491636
683 0.705485490913
691 0.581293620622
702 0.457352676632
704 0.457352644765
706 0.457350347818
708 0.457350342227
734 0.385184059154
760 0.355783810226
786 0.3464223058
812 0.335361836149
821 0.335263312108
847 0.325242616994
849 0.325242585985
875 0.317896690431
901 0.311297170817
903 0.311296899935
929 0.303404457352
931 0.303404249081
957 0.29592692721
959 0.295925069073
985 0.294164150183
987 0.294161393962
1002 0.293962908833
1004 0.293957234926
1006 0.293951629739
1008 0.293945974322
1022 0.293766215239
1026 0.293737562871
1028 0.293729838465
1030 0.293724902289
1056 0.289996977239
1058 0.289990256427
1084 0.289340615612
1086 0.289336417923
1088 0.289335363195
1114 0.275503188983
1116 0.27550049153
1142 0.264620710427
1144 0.264619632549
1146 0.264618168972
1148 0.264618066308
1150 0.264616322701
1152 0.264616307776
1154 0.264610256895
1156 0.264610223781
1158 0.264609367005
1160 0.264609338273
1162 0.264609290665
1164 0.264609290585
1166 0.264609276156
1169 0.264585552305
1171 0.264585551202
1174 0.264568918411
1176 0.264568917991
1202 0.262583902829
1228 0.261506172716
1249 0.261233880225
1275 0.2580056025
1277 0.258005168693
1303 0.254693237659
1313 0.254567620717
1339 0.252167879415
1365 0.248207149704
1367 0.248206488922
1393 0.242996781048
1395 0.24299677817
1421 0.238391266469
1423 0.238387108235
1425 0.238379659676
1427 0.238378246778
1429 0.238371359736
1431 0.238367168407
1433 0.238366977656
1435 0.238366973496
1437 0.238359806565
1439 0.238356319277
1441 0.238349819119
1443 0.238348104435
1452 0.238260520102
1454 0.238256043551
1456 0.238250063277
1458 0.238247082442
1460 0.238247018872
1486 0.230904869625
1488 0.230904680738
1514 0.225612030335
1516 0.225611747254
1518 0.22560659017
1520 0.22560659008
1522 0.225605083599
1524 0.225605083558
1526 0.225596976156
1528 0.225596943756
1530 0.225596941073
1532 0.225596912066
1534 0.225596911917
1536 0.225596911832
1538 0.225596908876
1540 0.225596850258
1542 0.225596850253
1544 0.225588713747
1546 0.225588713737
1548 0.225588358556
1550 0.225580295519
1552 0.225572729038
1578 0.224885193577
1580 0.224884024658
1606 0.223822473549
1619 0.223592588896
1645 0.222776100706
1671 0.22105179328
1673 0.221050819985
1699 0.218158153302
1701 0.21815792102
1727 0.215682701325
1729 0.215677553929
1731 0.215671138059
1733 0.215670148285
1735 0.215664226735
1737 0.215660624303
1739 0.215660574066
1741 0.215660383232
1743 0.215654285237
1745 0.215651789476
1747 0.215646288096
1749 0.215645259516
1751 0.215636566412
1753 0.215633095879
1755 0.21562713419
1757 0.215624932722
1759 0.215624875035
1785 0.212386261768
1787 0.212386161987
1813 0.210095014049
1815 0.210092784592
1817 0.210084250496
1819 0.210084249822
1821 0.210082989769
1823 0.210082989726
1826 0.210070718514
1828 0.210070686141
1830 0.210070686132
1832 0.21007065712
1834 0.210070657119
1836 0.210070657034
1838 0.210070656349
1840 0.210069580133
1842 0.210069579884
1844 0.210065138464
1846 0.210065138455
1848 0.210064926534
1850 0.210057602854
1852 0.210050771817
1854 0.210045772468
1856 0.210045266567
1882 0.209581569319
1892 0.209450347161
1918 0.209077826045
1944 0.208540287973
1946 0.208539026156
1972 0.207055517895
1974 0.207054730884
2000 0.205782933453
2002 0.205777339056
2004 0.20577181023
2006 0.205771000936
2008 0.20576590714
2010 0.205762594391
2012 0.205762593183
2014 0.205762143038
2016 0.205756924554
2018 0.205754962741
2020 0.205750280323
2022 0.205749656105
2024 0.205741233126
2026 0.205738523117
2028 0.205732779218
2030 0.205731152461
2032 0.205730942454
2058 0.204426989657
2060 0.204426515653
2086 0.203475528903
2088 0.203471527555
2091 0.203450647795
2093 0.203450647141
2095 0.203448356986
2097 0.203448356955
2100 0.203434084313
2102 0.203434051953
2104 0.203434051953
2106 0.203434022944
2108 0.203434022944
2110 0.203434022858
2112 0.203434022316
2114 0.203431841212
2116 0.203431840896
2118 0.203428401687
2120 0.203428401673
2122 0.203428292664
2124 0.203421631303
2126 0.203415454952
2128 0.203414993374
2130 0.203411580085
2137 0.203356792553
2144 0.203285800693
2160 0.203136644685
2162 0.203132072127
2164 0.203130717307
2190 0.202301663424
2192 0.202300624132
2218 0.201576509447
2220 0.201570705664
2222 0.201565938882
2224 0.201565228305
2226 0.201560844765
2228 0.201557711825
2230 0.201557693922
2232 0.201557021858
2234 0.201552529335
2236 0.201550870538
2238 0.201546862236
2240 0.201546504848
2242 0.201538576734
2244 0.201536442909
2246 0.201531085497
2248 0.201529882115
2250 0.2015296386
2276 0.201029517102
2278 0.201028847885
2304 0.200635850651
2306 0.200630919769
2309 0.20061108021
2311 0.200611079847
2313 0.200608983312
2315 0.200608983305
2318 0.2005958219
2320 0.20059578954
2322 0.20059578954
2324 0.200595760536
2326 0.200595760536
2328 0.20059576045
2330 0.200595759925
2332 0.200593104516
2334 0.200593104177
2336 0.200589973976
2338 0.200589973962
2340 0.200589930861
2342 0.200583859486
2344 0.200578265089
2346 0.200578189047
2348 0.200570797273
2350 0.200563809296
2354 0.200533923493
2358 0.20050733248
2360 0.200507023484
2362 0.20050558798
2388 0.200058305353
2390 0.200057078931
2416 0.199649965105
2418 0.199644113049
2420 0.199640001221
2422 0.199639343818
2424 0.199635570135
2426 0.199632551146
2428 0.19963247066
2430 0.199631633604
2432 0.1996277421
2434 0.199626261248
2436 0.199622809759
2438 0.199622622116
2440 0.199615310599
2442 0.199613614548
2444 0.199608735199
2446 0.199607843522
2448 0.19960766213
2451 0.199590142453
2453 0.199589687543
2470 0.199429337454
2472 0.199424867367
2475 0.199406273971
2477 0.199406273864
2479 0.199404619835
2481 0.199404619834
2483 0.199396296225
2485 0.199396263869
2487 0.199396263869
2489 0.19939623487
2491 0.19939623487
2493 0.199396234784
2495 0.199396234259
2497 0.199393397929
2499 0.199393397574
2501 0.199390366363
2503 0.19939036635
2505 0.199390357695
2507 0.199384811203
2509 0.199379734222
2511 0.199379655436
2513 0.199370883733
2515 0.199363972911
2519 0.199335425455
2522 0.199317904223
2524 0.199317512061
2526 0.199316018502
2544 0.199152092341
2546 0.19915078031
2569 0.198932405162
2571 0.19892656494
2573 0.198923016194
2575 0.198922396434
2577 0.198919146626
2579 0.198916218768
2581 0.198916044964
2583 0.198915092346
2585 0.1989116999
2587 0.198910326307
2589 0.198907336271
2591 0.19890725073
2593 0.198900698433
2595 0.1988993359
2597 0.198895043459
2599 0.198894381088
2601 0.198894306041
2603 0.198888192378
2605 0.198887922939
2607 0.198879453954
2609 0.198875690872
2611 0.198867559771
2613 0.198867559751
2615 0.198866956293
2617 0.198866956286
2619 0.198860721804
2621 0.198860689444
2623 0.198860689444
2625 0.198860660451
2627 0.198860660451
2629 0.198860660365
2631 0.198860659838
2633 0.198857752714
2635 0.198857752345
2637 0.198854751899
2639 0.198854751887
2641 0.198854751696
2643 0.1988496723
2645 0.198845055736
2647 0.198844979298
2651 0.198816771718
2653 0.19880999199
2658 0.198770818343
2660 0.198762198222
2662 0.198760499092
2664 0.198758998507
2666 0.198752402451
2668 0.198751092317
2670 0.198742479631
2672 0.198736666528
2674 0.198733602105
2676 0.198733016529
2678 0.198730216933
2680 0.198727375611
2682 0.198727089205
2684 0.198726057851
2686 0.198723081078
2688 0.198721773456
2690 0.198719167124
2692 0.198719137425
2694 0.198713318702
2696 0.19871221147
2698 0.198708482761
2700 0.198707989212
2702 0.198707974965
2704 0.198702057123
2706 0.19870192376
2708 0.198693695542
2710 0.198690474721
2712 0.198682067553
2714 0.198682067532
2716 0.198681646073
2718 0.198681646065
2720 0.198676199405
2722 0.198676167053
2724 0.198676167053
2726 0.198676138065
2728 0.198676138065
2730 0.198676137979
2732 0.198676137448
2734 0.198673199003
2736 0.198673198622
2738 0.198670206417
2740 0.198670206406
2742 0.198670193552
2744 0.198665530176
2746 0.198661323732
2748 0.198661264003
2753 0.198620850457
2755 0.198614242953
2760 0.19857552221
2762 0.198567205582
2764 0.198565490874
2766 0.198564054896
2768 0.198557461183
2770 0.198556127821
2772 0.198547657
2774 0.198541924501
2776 0.198539276907
2778 0.198538712384
2780 0.198536299884
2782 0.198533524559
2784 0.198533114827
2786 0.198532030447
2788 0.198529400991
2790 0.198528134647
2792 0.198525848448
2794 0.198525843568
2796 0.198520670418
2798 0.198519759605
2800 0.198516522765
2802 0.198516153654
2804 0.198516153584
2806 0.198510432125
2808 0.198510375803
2810 0.198502386172
2812 0.198499584417
2814 0.198491663883
2816 0.198491663859
2818 0.198491299206
2820 0.198491299198
2822 0.198486362567
2824 0.19848633022
2826 0.19848633022
2828 0.198486301238
2830 0.198486301238
2832 0.198486301152
2834 0.198486300617
2836 0.198483345187
2838 0.198483344793
2840 0.198480353585
2842 0.198480353576
2844 0.198480311106
2846 0.198476018659
2848 0.198472177959
2850 0.198472137896
2855 0.198431642796
2857 0.19842520082
2862 0.198386817786
2864 0.198378793014
2866 0.198377062281
2868 0.19837567064
2870 0.198369080169
2872 0.198367737781
2874 0.198359407166
2876 0.19835377557
2878 0.198351486843
2880 0.198350938212
2882 0.198348858654
2884 0.198346141174
2886 0.198345603689
2888 0.198344483694
2890 0.198342145365
2892 0.198340905288
2894 0.19833888709
2896 0.198338886784
2898 0.198334282414
2900 0.198333523549
2902 0.198330715879
2904 0.19833043865
2906 0.198330425702
2908 0.198324898993
2910 0.198324881824
2912 0.198317127205
2914 0.198314652123
2916 0.198307338637
2918 0.198307338612
2920 0.198307005889
2922 0.19830700588
2924 0.198302495544
2926 0.198302463204
2928 0.198302463204
2930 0.198302434227
2932 0.198302434227
2934 0.198302434141
2936 0.198302433602
2938 0.198299466772
2940 0.198299466365
2942 0.19829647406
2944 0.198296474051
2946 0.19829638855
2948 0.1982924272
2950 0.198288913055
2952 0.198288888463
2957 0.19824839958
2959 0.198242116446
2964 0.19820400293
2966 0.19819625873
2968 0.198194511805
2970 0.198193152392
2972 0.198186565854
2974 0.198185223247
2976 0.198177031053
2978 0.198171507541
2980 0.198169527914
2982 0.198168993043
2984 0.198167199947
2986 0.198164536902
2988 0.198163871786
2990 0.198162727815
2992 0.198160634311
2994 0.19815941127
2996 0.198157618207
2998 0.198157609757
3000 0.198153507051
3002 0.198152866404
3004 0.198150433165
3006 0.19815022392
3008 0.198150183619
3010 0.198144849001
3012 0.198144847184
3014 0.198137323329
3016 0.198135105004
3018 0.198128383661
3020 0.198128383634
3022 0.198128076316
3024 0.198128076305
3026 0.19812394951
3028 0.198123917177
3030 0.198123917177
3032 0.198123888206
3034 0.198123888206
3036 0.198123888121
3038 0.198123887577
3040 0.198120911881
3042 0.198120911461
3044 0.198117917693
3046 0.198117917686
3048 0.198117778721
3050 0.198114113258
3052 0.198110891035
3054 0.198110877936
3059 0.198070448377
3061 0.198064317532
3065 0.198034079603
3067 0.198026617341
3069 0.198024818807
3071 0.198023484098
3073 0.198016937045
3075 0.198015599915
3077 0.198007554697
3079 0.198002141257
3081 0.198000427994
3083 0.197999905913
3085 0.197998359376
3087 0.197995749155
3089 0.197994959739
3091 0.197993799554
3093 0.197991912608
3095 0.197990700892
3097 0.197989097614
3099 0.197989073493
3101 0.197985413708
3103 0.197984865571
3105 0.197982758957
3107 0.197982600133
3109 0.197982525937
3111 0.197977380093
3113 0.197977379136
3115 0.197970081366
3117 0.197968066435
3119 0.197961897258
3121 0.19796189723
3123 0.197961612567
3125 0.197961612556
3127 0.197957836818
3129 0.197957804491
3131 0.197957804491
3133 0.197957775526
3135 0.197957775526
3137 0.19795777544
3139 0.197957774892
3141 0.197954791782
3143 0.197954791349
3145 0.197951796318
3147 0.197951796312
3149 0.19795159596
3151 0.197948195233
3153 0.197945234296
3155 0.197945230528
3159 0.197916276076
3161 0.197910306807
3165 0.197880716462
3167 0.197873508352
3169 0.197871693534
3171 0.197870379509
3173 0.197863858689
3175 0.197862530091
3177 0.197854614964
3179 0.197849311575
3181 0.197847827963
3183 0.197847318144
3185 0.197845983896
3187 0.197843425537
3189 0.197842517339
3191 0.197841346142
3193 0.197839634041
3195 0.197838430101
3197 0.197836987372
3199 0.197836943579
3201 0.197833675239
3203 0.197833199913
3205 0.197831378149
3207 0.197831256826
3209 0.197831147053
3211 0.197826186179
3213 0.197826177679
3215 0.197819101007
3217 0.1978172484
3219 0.19781158903
3221 0.197811589001
3223 0.19781132512
3225 0.197811325108
3227 0.197807871833
3229 0.197807839513
3231 0.197807839513
3233 0.197807810554
3235 0.197807810554
3237 0.197807810468
3239 0.197807809915
3241 0.197804820432
3243 0.197804819985
3245 0.197801824064
3247 0.197801824059
3249 0.197801556494
3251 0.197798392911
3253 0.197795666141
3255 0.197795665672
3259 0.197766335158
3261 0.197760521869
3265 0.197731397939
3267 0.197724434609
3269 0.197722602298
3271 0.19772130619
3273 0.197714812493
3275 0.1977134945
3277 0.19770570806
3279 0.19770051381
3281 0.197699228295
3283 0.197698730389
3285 0.197697578987
3287 0.197695071764
3289 0.19769405171
3291 0.197692873029
3293 0.197691309405
3295 0.197690111034
3297 0.197688804605
3299 0.19768873949
3301 0.197685817422
3303 0.197685399729
3305 0.197683826301
3307 0.197683732959
3309 0.197683588776
3311 0.197678808703
3313 0.197678788186
3315 0.197671927401
3317 0.197670205258
3319 0.197665015419
3321 0.197665015389
3323 0.197664770696
3325 0.197664770682
3327 0.197661613734
3329 0.19766158142
3331 0.19766158142
3333 0.197661552467
3335 0.197661552467
3337 0.197661552381
3339 0.197661551824
3341 0.197658556833
3343 0.197658556373
3345 0.197655559973
3347 0.197655559968
3349 0.197655221114
3351 0.197652270212
3353 0.197649753575
3355 0.197649753266
3359 0.197620184705
3361 0.197614521611
3365 0.197585742877
3367 0.197579015132
3369 0.197577164603
3371 0.197575884718
3373 0.197569418669
3375 0.19756811254
3377 0.1975604532
3379 0.197555366813
3381 0.197554252266
3383 0.197553765989
3385 0.197552772126
3387 0.197550315373
3389 0.197549191225
3391 0.197548007487
3393 0.197546570354
3395 0.19754537618
3397 0.197544185871
3399 0.197544099307
3401 0.197541483835
3403 0.197541112005
3405 0.197539754987
3407 0.197539682599
3409 0.197539506728
3411 0.197534903014
3413 0.197534868484
3415 0.19752821822
3417 0.197526601635
3419 0.197521843875
3421 0.197521843844
3423 0.197521616888
3425 0.197521616873
3427 0.197518732163
3429 0.197518699857
3431 0.197518699857
3433 0.197518670909
3435 0.197518670909
3437 0.197518670824
3439 0.197518670261
3441 0.197515670537
3443 0.197515670063
3445 0.197512673587
3447 0.197512673583
3449 0.197512260815
3451 0.197509500878
3453 0.197507173058
3455 0.19750716991
3459 0.197477458387
3461 0.197471939671
3465 0.197443424733
3467 0.197436923624
3469 0.197435054484
3471 0.197433789778
3473 0.197427351657
3475 0.19742605815
3477 0.19741852421
3479 0.197413544236
3481 0.197412577318
3483 0.197412102414
3485 0.197411244331
3487 0.197408837384
3489 0.197407617306
3491 0.197406430217
3493 0.197405101179
3495 0.197403910352
3497 0.197402819323
3499 0.197402712133
3501 0.197400368362
3503 0.197400033213
3505 0.197398864688
3507 0.197398808054
3509 0.19739860395
3511 0.197394171952
3513 0.197394122942
3515 0.197387677728
3517 0.197386147095
3519 0.197381786762
3521 0.19738178673
3523 0.197381576174
3525 0.197381576159
3527 0.197378941457
3529 0.197378909157
3531 0.197378909157
3533 0.197378880215
3535 0.197378880215
3537 0.197378880129
3539 0.197378879562
3541 0.197375875813
3543 0.197375875325
3545 0.197372879158
3547 0.197372879155
3549 0.197372391044
3551 0.197369802774
3553 0.197367644842
3555 0.197367636033
3559 0.197337846957
3561 0.19733246687
3565 0.19730416095
3567 0.197297877809
3569 0.197295989895
3571 0.197294739717
3573 0.197288329643
3575 0.197287049209
3577 0.197279638901
3579 0.197274763793
3581 0.197273924418
3583 0.197273460643
3585 0.197272719623
3587 0.197270361799
3589 0.197269054051
3591 0.197267864837
3593 0.197266628454
3595 0.197265440452
3597 0.197264434601
3599 0.19726430816
3601 0.197262205377
3603 0.197261899698
3605 0.197260895247
3607 0.197260850511
3609 0.197260621857
3611 0.197256356796
3613 0.197256293733
3615 0.197250048042
3617 0.197248587826
3619 0.197244592907
3621 0.197244592875
3623 0.197244397484
3625 0.197244397467
3627 0.197241992257
3629 0.197241959964
3631 0.197241959964
3633 0.197241931029
3635 0.197241931029
3637 0.197241930943
3639 0.197241930371
3641 0.197238923255
3643 0.197238922753
3645 0.197235927257
3647 0.197235927255
3649 0.19723536335
3651 0.197232929578
3653 0.197230924711
3655 0.197230907604
3659 0.197201085986
3661 0.19719583891
3665 0.197167705103
3667 0.197161631568
3669 0.197159724873
3671 0.197158488813
3673 0.197152106794
3675 0.197150839695
3677 0.197143551215
3679 0.197138779366
3681 0.197138050241
3683 0.197137597355
3685 0.197136957294
3687 0.197134647889
3689 0.197133260602
3691 0.197132070166
3693 0.197130913436
3695 0.197129727943
3697 0.197128795426
3699 0.197128651396
3701 0.197126762538
3703 0.19712648063
3705 0.197125618895
3707 0.197125583189
3709 0.197125333593
3711 0.197121230605
3713 0.197121154409
3715 0.197115102692
3717 0.197113700512
3719 0.197110041454
3721 0.197110041421
3723 0.197109860051
3725 0.197109860034
3727 0.197107665388
3729 0.197107633102
3731 0.197107633102
3733 0.197107604172
3735 0.197107604172
3737 0.197107604087
3739 0.19710760351
3741 0.19710459364
3743 0.197104593124
3745 0.197101598635
3747 0.197101598634
3749 0.197100959283
3751 0.197098664712
3753 0.197096797942
3755 0.197096770092
3759 0.197066946975
3761 0.197061827459
3765 0.1970338409
3767 0.197027968923
3769 0.197026043548
3771 0.197024821342
3773 0.197018467312
3775 0.197017213697
3777 0.197010045223
3779 0.197005374986
3781 0.19700474121
3783 0.197004298979
3785 0.197003746013
3787 0.197001484304
3789 0.197000025328
3791 0.196998834353
3793 0.196997746293
3795 0.19699656312
3797 0.196995693959
3799 0.196995534111
3801 0.196993835311
3803 0.196993572639
3805 0.196992834939
3807 0.196992806123
3809 0.196992538956
3811 0.196988593131
3813 0.196988504954
3815 0.196982641674
3817 0.196981287609
3819 0.19697793714
3821 0.196977937105
3823 0.196977768699
3825 0.19697776868
3827 0.196975767146
3829 0.196975734867
3831 0.196975734867
3833 0.196975705944
3835 0.196975705944
3837 0.196975705858
3839 0.196975705277
3841 0.196972693226
3843 0.196972692695
3845 0.196969699528
3847 0.196969699527
3849 0.196968985718
3851 0.196966816705
3853 0.196965074699
3855 0.196965033851
3859 0.196935230734
3861 0.196930233515
3865 0.196902377465
3867 0.19689669931
3869 0.196894755431
3871 0.196893546901
3873 0.196887220748
3875 0.196885980694
3877 0.196878930403
3879 0.196874360098
3881 0.196873808831
3883 0.196873377023
3885 0.196872899215
3887 0.19687068446
3889 0.196869161262
3891 0.196867970277
3893 0.196866941578
3895 0.196865760617
3897 0.196864946378
3899 0.196864772475
3901 0.19686324267
3903 0.196862995603
3905 0.196862365599
3907 0.19686234207
3909 0.196862060382
3911 0.196858266804
3913 0.196858167868
3915 0.196852487522
3917 0.196851173587
3919 0.19684810655
3921 0.196848106515
3923 0.196847950093
3925 0.196847950073
3927 0.196846125565
3929 0.196846093292
3931 0.196846093292
3933 0.196846064375
3935 0.196846064375
3937 0.196846064289
3939 0.196846063703
3941 0.196843050004
3943 0.19684304946
3945 0.196840057909
3947 0.196840057908
3949 0.196839271137
3951 0.196837215497
3953 0.196835586366
3955 0.196835530447
3959 0.196805762317
3961 0.196800882332
3965 0.196773145541
3967 0.196767653784
3969 0.196765691628
3971 0.196764496651
3973 0.196758198234
3975 0.196756971771
3977 0.196750037848
3979 0.196745565772
3981 0.196745085943
3983 0.196744664331
3985 0.196744251398
3987 0.196742082839
3989 0.196740502442
3991 0.196739311866
3993 0.196738334614
3995 0.196737155809
3997 0.196736389343
3999 0.196736203073
4001 0.196734823654
4003 0.196734589267
4005 0.196734052669
4007 0.196734033222
4009 0.196733739714
4011 0.196730093485
4013 0.196729984993
4015 0.196724482135
4017 0.196723201874
4019 0.196720395076
4021 0.19672039504
4023 0.196720249698
4025 0.196720249678
4027 0.196718587375
4029 0.19671855511
4031 0.19671855511
4033 0.196718526199
4035 0.196718526199
4037 0.196718526113
4039 0.196718525522
4041 0.196715510673
4043 0.196715510114
4045 0.196712520452
4047 0.196712520451
4049 0.196711662611
4051 0.196709709448
4053 0.196708182582
4055 0.19670810969
4059 0.196678387095
4061 0.196673619482
4065 0.196645994413
4067 0.196640681931
4069 0.196638701764
4071 0.196637520247
4073 0.196631249401
4075 0.196630036534
4077 0.196623217176
4079 0.196618841613
4081 0.196618423668
4083 0.196618012028
4085 0.196617655109
4087 0.196615531979
4089 0.196613900925
4091 0.196612711096
4093 0.196611778545
4095 0.196610601869
4097 0.196609877097
4099 0.19660968003
4101 0.196608434547
4103 0.19660821047
4105 0.196607754785
4107 0.196607738508
4109 0.196607435536
4111 0.196603931801
4113 0.196603814875
4115 0.196598484133
4117 0.19659723231
4119 0.196594664375
4121 0.196594664338
4123 0.196594529239
4125 0.196594529218
4127 0.196593015476
4129 0.196592983219
4131 0.196592983219
4133 0.196592954313
4135 0.196592954313
4137 0.196592954228
4139 0.196592953632
4141 0.196589938098
4143 0.196589937523
4145 0.196586950005
4147 0.196586950005
4149 0.196586023294
4151 0.196584162851
4153 0.196582728765
4155 0.196582637167
4159 0.196552967624
4161 0.196548307723
4165 0.196520789351
4167 0.196515649315
4169 0.196513651426
4171 0.196512483296
4173 0.196506239848
4175 0.196505040562
4177 0.196498333985
4179 0.196494053207
4181 0.196493688901
4183 0.196493287012
4185 0.196492978469
4187 0.196490899992
4189 0.196489224334
4191 0.196488035528
4193 0.196487141908
4195 0.196485967356
4197 0.196485279094
4199 0.196485072662
4201 0.196483946561
4203 0.196483730864
4205 0.19648334517
4207 0.196483331372
4209 0.196483020966
4211 0.196479654931
4213 0.196479530593
4215 0.196474366681
4217 0.196473139036
4219 0.196470790271
4221 0.196470790233
4223 0.196470664604
4225 0.196470664581
4227 0.196469286841
4229 0.19646925459
4231 0.19646925459
4233 0.196469225691
4235 0.196469225691
4237 0.196469225606
4239 0.196469225004
4241 0.196466209218
4243 0.196466208629
4245 0.196463223492
4247 0.196463223492
4249 0.196462230335
4251 0.196460453864
4253 0.196459104073
4255 0.19645899219
4259 0.19642938115
4261 0.196424824496
4265 0.196397409495
4267 0.196392435358
4269 0.196390420056
4271 0.19638926525
4273 0.196383049018
4275 0.19638186329
4277 0.196375267727
4279 0.196371080001
4281 0.196370762215
4283 0.196370369861
4285 0.196370103108
4287 0.196368068502
4289 0.1963663538
4291 0.196365166249
4293 0.196364306612
4295 0.196363134189
4297 0.196362478004
4299 0.196362263495
4301 0.19636124389
4303 0.196361034991
4305 0.196360709745
4307 0.196360697898
4309 0.196360381791
4311 0.19635714874
4313 0.196357017899
4315 0.196352015628
4317 0.196350808684
4319 0.196348660955
4321 0.196348660916
4323 0.196348544041
4325 0.196348544017
4327 0.196347290724
4329 0.196347258481
4331 0.196347258481
4333 0.196347229588
4335 0.196347229588
4337 0.196347229503
4339 0.196347228896
4341 0.196344213263
4343 0.196344212658
4345 0.196341230124
4347 0.196341230124
4349 0.196340173106
4351 0.196338472753
4353 0.196337199659
4355 0.196337066058
4359 0.196307517556
4361 0.196303059879
4365 0.19627574607
4367 0.196270931558
4369 0.196268899164
4371 0.196267757625
4373 0.196261568426
4375 0.196260396221
4377 0.196253909929
4379 0.196249813521
4381 0.196249536104
4383 0.196249153072
4385 0.196248922427
4387 0.196246930907
4389 0.196245182248
4391 0.196243996145
4393 0.196243166236
4395 0.196241995955
4397 0.196241368046
4399 0.196241146606
4401 0.196240222078
4403 0.19624001868
4405 0.196239745544
4407 0.196239735243
4409 0.196239414906
4411 0.196236310211
4413 0.19623617366
4415 0.196231327949
4417 0.196230138864
4419 0.196228175476
4421 0.196228175437
4423 0.196228066657
4425 0.196228066632
4427 0.19622692716
4429 0.196226894924
4431 0.196226894924
4433 0.196226866038
4435 0.196226866038
4437 0.196226865952
4439 0.196226865341
4441 0.196223850237
4443 0.196223849616
4445 0.196220869892
4447 0.196220869892
4449 0.196219751704
4451 0.196218120408
4453 0.196216917196
4455 0.196216760582
4459 0.196187277687
4461 0.1961829149
4465 0.196155700879
4467 0.196151039978
4469 0.196148990824
4471 0.196147862497
4473 0.196141700146
4475 0.196140541425
4477 0.196134162684
4479 0.196130155865
4481 0.196129913499
4483 0.19612953958
4485 0.196129340143
4487 0.196127390923
4489 0.196125612935
4491 0.196124428444
4493 0.196123624599
4495 0.196122456476
4497 0.196121853575
4499 0.19612162621
4501 0.196120786638
4503 0.196120587665
4505 0.19612035936
4507 0.196120350294
4509 0.196120026966
4511 0.196117046097
4513 0.196116904526
4515 0.196112210406
4517 0.196111036851
4519 0.196109242444
4521 0.196109242403
4523 0.196109141107
4525 0.196109141081
4527 0.196108105666
4529 0.196108073437
4531 0.196108073437
4533 0.196108044556
4535 0.196108044556
4537 0.196108044471
4539 0.196108043854
4541 0.196105029631
4543 0.196105028995
4545 0.196102052272
4547 0.196102052272
4549 0.196100875668
4551 0.196099307075
4553 0.196098167627
4555 0.196097986833
4559 0.196068571945
4561 0.196064300138
4565 0.196037185025
4567 0.196032671974
4569 0.196030606396
4571 0.196029491229
4573 0.196023355542
4575 0.196022210264
4577 0.196015937375
4579 0.19601201842
4581 0.196011806507
4583 0.196011441495
4585 0.196011269036
4587 0.19600936133
4589 0.196007558213
4591 0.196006375474
4593 0.196005594524
4595 0.196004428578
4597 0.19600384787
4599 0.196003615463
4601 0.196002851863
4603 0.196002656428
4605 0.1960024666
4607 0.196002458526
4609 0.196002133249
4611 0.195999271781
4613 0.195999125782
4615 0.195994578401
4617 0.195993418466
4619 0.195991778909
4621 0.195991778867
4623 0.195991684491
4625 0.195991684464
4627 0.195990744134
4629 0.195990711912
4631 0.195990711912
4633 0.195990683039
4635 0.195990683038
4637 0.195990682953
4639 0.195990682331
4641 0.195987669317
4643 0.195987668665
4645 0.195984695123
4647 0.195984695123
4649 0.195983462881
4651 0.195981951261
4653 0.195980870079
4655 0.19598066406
4659 0.195951319119
4661 0.195947134553
4665 0.195920117819
4667 0.195915747095
4669 0.195913665435
4671 0.195912563376
4673 0.19590645417
4675 0.195905322288
4677 0.195899153578
4679 0.195895320774
4681 0.195895135335
4683 0.195894779029
4685 0.195894629895
4687 0.195892762919
4689 0.195890938469
4691 0.195889757602
4693 0.195888996805
4695 0.195887833056
4697 0.195887272108
4699 0.195887035426
4701 0.195886339822
4703 0.195886147187
4705 0.195885990296
4707 0.195885983024
4709 0.195885656668
4711 0.195882910287
4713 0.195882760365
4715 0.195878354994
4717 0.195877207108
4719 0.195875709409
4721 0.195875709367
4723 0.195875621391
4725 0.195875621363
4727 0.195874767877
4729 0.195874735663
4731 0.195874735663
4733 0.195874706795
4735 0.195874706795
4737 0.19587470671
4739 0.195874706083
4741 0.195871694584
4743 0.195871693916
4745 0.195868723722
4747 0.195868723721
4749 0.195867438616
4751 0.195865978799
4753 0.195864950935
4755 0.195864718757
4759 0.195835445381
4761 0.195831344481
4765 0.195804425832
4767 0.195800192141
4769 0.195798094746
4771 0.195797005742
4773 0.195790922838
4775 0.195789804304
4777 0.195783738122
4779 0.195779989767
4781 0.195779827357
4783 0.19577947956
4785 0.195779350597
4787 0.195777523572
4789 0.195775681212
4791 0.195774502318
4793 0.195773759297
4795 0.195772597762
4797 0.19577205447
4799 0.195771814176
4801 0.195771179482
4803 0.195770989032
4805 0.195770860248
4807 0.19577085363
4809 0.195770526923
4811 0.19576789143
4813 0.195767738013
4815 0.195763470044
4817 0.195762332917
4819 0.195760965135
4821 0.195760965092
4823 0.195760883034
4825 0.195760883005
4827 0.195760108802
4829 0.195760076595
4831 0.195760076595
4833 0.195760047734
4835 0.195760047734
4837 0.195760047648
4839 0.195760047016
4841 0.195757037317
4843 0.195757036633
4845 0.195754069943
4847 0.195754069942
4849 0.195752734718
4851 0.195751322032
4853 0.195750343028
4855 0.195750083864
4859 0.195720883446
4861 0.195716862791
4865 0.19569004209
4867 0.195685940359
4869 0.195683827578
4871 0.195682751574
4873 0.195676694795
4875 0.195675589558
4877 0.195669624278
4879 0.195665958684
4881 0.195665816321
4883 0.19566547684
4885 0.195665365324
4887 0.195663577474
4889 0.19566172028
4891 0.195660543448
4893 0.195659816137
4895 0.195658656836
4897 0.195658129374
4899 0.195657886039
4901 0.195657305953
4903 0.195657117174
4905 0.195657012293
4907 0.19565700621
4909 0.195656679756
4911 0.195654151068
4913 0.195653994517
4915 0.195649859471
4917 0.195648732038
4919 0.195647483201
4921 0.195647483157
4923 0.195647406573
4925 0.195647406543
4927 0.195646704684
4929 0.195646672485
4931 0.195646672484
4933 0.19564664363
4935 0.19564664363
4937 0.195646643544
4939 0.195646642907
4941 0.195643635274
4943 0.195643634573
4945 0.195640671532
4947 0.195640671531
4949 0.195639288885
4951 0.195637919101
4953 0.195636984937
4955 0.195636698059
4959 0.195607571829
4961 0.195603628147
4965 0.195576905362
4967 0.195572930726
4969 0.195570802909
4971 0.195569739851
4973 0.195563709024
4975 0.195562617032
4977 0.19555675105
4979 0.195553166548
4981 0.195553041645
4983 0.195552710289
4985 0.195552613866
4987 0.195550864423
4989 0.195548995155
4991 0.195547820462
4993 0.195547107061
4995 0.195545950013
4997 0.195545436794
4999 0.195545190908
5001 0.195544659823
5003 0.195544472288
5005 0.195544387649
5007 0.195544382009
5009 0.195544056309
5011 0.195541630463
5013 0.195541471083
5015 0.195537464604
5017 0.195536345991
5019 0.195535206019
5021 0.195535205975
5023 0.195535134455
5025 0.195535134424
5027 0.195534498545
5029 0.195534466353
5031 0.195534466353
5033 0.195534437505
5035 0.195534437504
5037 0.195534437419
5039 0.195534436777
5041 0.195531431457
5043 0.195531430741
5045 0.195528471485
5047 0.195528471483
5049 0.19552704405
5051 0.195525713336
5053 0.195524820384
5055 0.195524505154
5059 0.195495454226
5061 0.195491584386
5065 0.195464959552
5067 0.195461107348
5069 0.195458964848
5071 0.19545791468
5073 0.195451909635
5075 0.195450830832
5077 0.19544506257
5079 0.195441557507
5081 0.195441447823
5083 0.195441124407
5085 0.195441041042
5087 0.195439329244
5089 0.195437450375
5091 0.195436277885
5093 0.195435576829
5095 0.195434422049
5097 0.195433921693
5099 0.195433673674
5101 0.195433186599
5103 0.195432999949
5105 0.19543293237
5107 0.195432927099
5109 0.195432602569
5111 0.195430275721
5113 0.195430113766
5115 0.195426231625
5117 0.195425121108
5119 0.19542408075
5121 0.195424080705
5123 0.19542401387
5125 0.195424013838
5127 0.195423438106
5129 0.195423405922
5131 0.195423405922
5133 0.19542337708
5135 0.19542337708
5137 0.195423376995
5139 0.195423376347
5141 0.195420373573
5143 0.19542037284
5145 0.195417417495
5147 0.195417417493
5149 0.19541594783
5151 0.195414652712
5153 0.195413797689
5155 0.195413453558
5159 0.195384478958
5161 0.195380679965
5165 0.195354153158
5167 0.195350418916
5169 0.195348262085
5171 0.19534722475
5173 0.195341245321
5175 0.195340179652
5177 0.195334507554
5179 0.195331080297
5181 0.195330983886
5183 0.195330668228
5185 0.195330596161
5187 0.195328921256
5189 0.195327034993
5191 0.195325864764
5193 0.195325174684
5195 0.195324022191
5197 0.195323533492
5199 0.195323283698
5201 0.195322836183
5203 0.195322650119
5205 0.195322596838
5207 0.195322591876
5209 0.195322268859
5211 0.195320037284
5213 0.195319872969
5215 0.195316111061
5217 0.195315008045
5219 0.195314058809
5221 0.195314058763
5223 0.195313996264
5225 0.19531399623
5227 0.195313475301
5229 0.195313443124
5231 0.195313443124
5233 0.195313414289
5235 0.195313414288
5237 0.195313414203
5239 0.19531341355
5241 0.195310413536
5243 0.195310412786
5245 0.195307461471
5247 0.195307461468
5249 0.195305952053
5251 0.195304689373
5253 0.19530386931
5255 0.195303495807
5259 0.195274598494
5261 0.195270867482
5264 0.195252087206
5266 0.195248474814
5268 0.195246264147
5270 0.195245239385
5272 0.195239315177
5274 0.195238262825
5276 0.195232693507
5278 0.195229342431
5280 0.195229257606
5282 0.19522894953
5284 0.195228887241
5286 0.195227248485
5288 0.1952253568
5290 0.19522418888
5292 0.195223508583
5294 0.19522235839
5296 0.195221880297
5298 0.195221629031
5300 0.19522121711
5302 0.19522103138
5304 0.195220990003
5306 0.195220985301
5308 0.19522066408
5310 0.195218524173
5312 0.195218357677
5314 0.195214712021
5316 0.195213616014
5318 0.195212750105
5320 0.195212750059
5322 0.195212691572
5324 0.195212691538
5326 0.195212220515
5328 0.195212188346
5330 0.195212188346
5332 0.195212159517
5334 0.195212159517
5336 0.195212159432
5338 0.195212158774
5340 0.195209161722
5342 0.195209160955
5344 0.195206213778
5346 0.195206213775
5348 0.195204666991
5350 0.19520343388
5352 0.195202646086
5354 0.195202227548
5357 0.195183921115
5359 0.195180266969
5362 0.195161781622
5364 0.195158275836
5366 0.19515605012
5368 0.195155038249
5370 0.195149157281
5372 0.195148117933
5374 0.195142638525
5376 0.195139362069
5378 0.195139287363
5380 0.195138986691
5382 0.195138932865
5384 0.195137329517
5386 0.195135434166
5388 0.195134268597
5390 0.195133597038
5392 0.195132449159
5394 0.195131980754
5396 0.195131728272
5398 0.195131348404
5400 0.1951311628
5402 0.195131131251
5404 0.19513112677
5406 0.19513080758
5408 0.195128755853
5410 0.195128587323
5412 0.195125054061
5414 0.195123964656
5416 0.195123174929
5418 0.195123174881
5420 0.195123120109
5422 0.195123120074
5424 0.195122694476
5426 0.195122662315
5428 0.195122662315
5430 0.195122633493
5432 0.195122633492
5434 0.195122633407
5436 0.195122632743
5438 0.195119638841
5440 0.195119638058
5442 0.195116695122
5444 0.195116695118
5446 0.195115113258
5448 0.195113907102
5450 0.195113149137
5452 0.195112700268
5455 0.195094203711
5457 0.195090623835
5460 0.195072375011
5462 0.195068972126
5464 0.195066730889
5466 0.195065731801
5468 0.195059893922
5470 0.19505886756
5472 0.195053476762
5474 0.195050273353
5476 0.195050207493
5478 0.195049914056
5480 0.195049867554
5482 0.195048298891
5484 0.195046401435
5486 0.195045238254
5488 0.19504457452
5490 0.195043428969
5492 0.195042969445
5494 0.195042715965
5496 0.19504236499
5498 0.195042179336
5500 0.195042155821
5502 0.19504215153
5504 0.195041834563
5506 0.195039867642
5508 0.195039697205
5510 0.195036272598
5512 0.19503518946
5514 0.195034469361
5516 0.195034469312
5518 0.19503441798
5520 0.195034417943
5522 0.195034033671
5524 0.195034001517
5526 0.195034001517
5528 0.195033972701
5530 0.195033972701
5532 0.195033972616
5534 0.195033971946
5536 0.195030981369
5538 0.195030980567
5540 0.195028041969
5542 0.195028041964
5544 0.195026427223
5546 0.195025245639
5548 0.195024515288
5550 0.195024035516
5553 0.195005396338
5555 0.195001888136
5558 0.194983831239
5560 0.194980527647
5562 0.194978270612
5564 0.19497728422
5566 0.194971489169
5568 0.194970475757
5570 0.194965172234
5572 0.194962040326
5574 0.194961982203
5576 0.194961695835
5578 0.194961655673
5580 0.194960120979
5582 0.194958222805
5584 0.194957062044
5586 0.194956405334
5588 0.194955262124
5590 0.194954810776
5592 0.19495455648
5594 0.194954231571
5596 0.194954045722
5598 0.194954028693
5600 0.194954024566
5602 0.19495370998
5604 0.194951824608
5606 0.194951652365
5608 0.194948332794
5610 0.194947255646
5612 0.194946599168
5614 0.194946599118
5616 0.194946550971
5618 0.194946550934
5620 0.194946204235
5622 0.194946172089
5624 0.194946172089
5626 0.194946143279
5628 0.194946143279
5630 0.194946143194
5632 0.19494614252
5634 0.19494315543
5636 0.194943154611
5638 0.19494022044
5640 0.194940220434
5642 0.194938574908
5644 0.194937415724
5646 0.194936710972
5648 0.194936199841
5652 0.194909679802
5654 0.194906249434
5658 0.194878180039
5660 0.194874971869
5662 0.194872711819
5664 0.194871738065
5666 0.194865961657
5668 0.194864961091
5670 0.194859743443
5672 0.194856681508
5674 0.194856630158
5676 0.194856350695
5678 0.19485631602
5680 0.194854814591
5682 0.194852916931
5684 0.194851758617
5686 0.194851108232
5688 0.194849967375
5690 0.194849523583
5692 0.194849268625
5694 0.194848967256
5696 0.19484878109
5698 0.194848769212
5700 0.194848765228
5702 0.194848453152
5704 0.194846646183
5706 0.194846472221
5708 0.194843254184
5710 0.194842182797
5712 0.194841584435
5714 0.194841584385
5716 0.194841539189
5718 0.19484153915
5720 0.194841226596
5722 0.194841194458
5724 0.194841194458
5726 0.194841165655
5728 0.194841165655
5730 0.19484116557
5732 0.19484116489
5734 0.19483818144
5736 0.194838180604
5738 0.194835250946
5740 0.194835250939
5742 0.194833576627
5744 0.194832437858
5746 0.194831756873
5748 0.194831218868
5752 0.194804079412
5754 0.194800699714
5758 0.194773347031
5760 0.194770231661
5762 0.194767965988
5764 0.194767004759
5766 0.194761248495
5768 0.194760260727
5770 0.19475512837
5772 0.194752134919
5774 0.194752089503
5776 0.194751816785
5778 0.19475178686
5780 0.194750317999
5782 0.194748421942
5784 0.194747266099
5786 0.194746621425
5788 0.194745482931
5790 0.19474504615
5792 0.194744790658
5794 0.194744510567
5796 0.194744323984
5798 0.19474431611
5800 0.194744312252
5802 0.194744002792
5804 0.19474227119
5806 0.194742095579
5808 0.194738975686
5810 0.19473790987
5812 0.194737364584
5814 0.194737364533
5816 0.19473732207
5818 0.194737322031
5820 0.194737040488
5822 0.194737008358
5824 0.194737008357
5826 0.194736979561
5828 0.194736979561
5830 0.194736979476
5832 0.19473697879
5834 0.194733999124
5836 0.194733998271
5838 0.194731073202
5840 0.194731073194
5842 0.194729372
5844 0.194728251831
5846 0.194727592944
5848 0.194727026841
5852 0.194699488991
5854 0.194696158994
5858 0.194669320712
5860 0.19466629538
5862 0.19466402242
5864 0.194663073624
5866 0.194657338482
5868 0.194656363449
5870 0.194651315553
5872 0.194648389118
5874 0.194648348906
5876 0.194648082776
5878 0.194648056961
5880 0.194646619984
5882 0.194644726494
5884 0.194643573144
5886 0.194642933643
5888 0.194641797522
5890 0.194641367274
5892 0.194641111356
5894 0.194640850515
5896 0.194640663431
5898 0.194640658579
5900 0.194640654833
5902 0.194640348074
5904 0.194638688911
5906 0.194638511711
5908 0.194635486683
5910 0.19463442628
5912 0.194633929452
5914 0.194633929401
5916 0.194633889471
5918 0.194633889431
5920 0.194633636037
5922 0.194633603915
5924 0.194633603914
5926 0.194633575125
5928 0.194633575124
5930 0.19463357504
5932 0.194633574349
5934 0.194630598599
5936 0.194630597727
5938 0.194627677322
5940 0.194627677312
5942 0.194625951041
5944 0.194624847812
5946 0.1946242095
5948 0.194623614465
5952 0.194595831213
5954 0.194592549645
5957 0.194573747485
5959 0.194570816657
5961 0.194568494342
5963 0.194567557705
5965 0.194561872549
5967 0.194560910414
5969 0.194555953545
5971 0.194553092672
5973 0.194553057025
5975 0.194552797332
5977 0.194552775075
5979 0.194551369312
5981 0.194549479242
5983 0.194548328401
5985 0.194547693602
5987 0.194546559864
5989 0.194546135726
5991 0.19454587947
5993 0.194545636063
5995 0.19454544841
5997 0.194545445737
5999 0.194545442092
6001 0.194545138105
6003 0.194543548555
6005 0.194543369814
6007 0.19454043648
6009 0.194539381361
6011 0.194538928764
6013 0.194538928712
6015 0.194538891131
6017 0.19453889109
6019 0.194538663231
6021 0.194538631117
6023 0.194538631116
6025 0.194538602333
6027 0.194538602333
6029 0.194538602248
6031 0.194538601551
6033 0.194535629842
6035 0.194535628952
6037 0.194532713279
6039 0.194532713268
6041 0.194530963632
6043 0.194529875822
6045 0.194529256696
6047 0.194528613111
6050 0.194510907816
6052 0.194507684024
6055 0.194489275867
6057 0.194486426943
6059 0.194484093886
6061 0.194483169697
6063 0.194477523649
6065 0.194476574093
6067 0.194471696746
6069 0.194468900042
6071 0.194468868406
6073 0.194468614997
6075 0.194468595819
6077 0.194467220604
6079 0.194465334706
6081 0.194464186389
6083 0.194463555881
6085 0.194462424534
6087 0.194462006134
6089 0.194461749613
6091 0.194461522009
6093 0.19446133373
6095 0.194461332521
6097 0.194461328967
6099 0.194461027808
6101 0.194459505147
6103 0.194459324907
6105 0.194456480202
6107 0.194455430258
6109 0.194455018024
6111 0.194455017972
6113 0.194454982569
6115 0.194454982526
6117 0.194454777819
6119 0.194454745712
6121 0.194454745712
6123 0.194454716935
6125 0.194454716935
6127 0.19445471685
6129 0.194454716148
6131 0.194451748594
6133 0.194451747686
6135 0.194448836809
6137 0.194448836797
6139 0.194447065419
6141 0.194445991632
6143 0.194445390423
