26    2.21676794219
52    2.03647480207
68    1.91330182707
94    1.81834582121
96    1.81834408892
122    1.72519309307
148    1.70500262024
174    1.5576260012
200    1.45286990803
226    1.34011499167
229    1.34009429479
255    1.25390128792
281    1.2171026777
307    1.16963594962
318    1.04605733115
322    0.921345519463
348    0.907238573949
355    0.783232087373
381    0.768795355076
392    0.643428838153
418    0.318766583417
430    0.318178613068
456    0.290956780027
482    0.266603012625
508    0.245476148424
510    0.245476131154
536    0.242840129627
538    0.242840126874
563    0.242292831451
589    0.240290217991
615    0.235656222224
641    0.234730601771
660    0.234203113725
662    0.234202694091
688    0.233122975319
714    0.229015033585
740    0.217702669146
742    0.217702666181
744    0.217702657781
770    0.213095260193
772    0.213095260094
798    0.209626367328
800    0.20961878308
826    0.197600420854
828    0.197592661855
854    0.19214556592
880    0.182917965541
906    0.168123327204
908    0.168123324636
921    0.167954513286
923    0.167954510579
925    0.167950221098
951    0.167427580094
977    0.165650113272
979    0.165643346677
981    0.165640545431
983    0.165640541797
985    0.165633012263
1011    0.16438921031
1037    0.159737733415
1039    0.159737733241
1041    0.159737726274
1067    0.15786849476
1069    0.157868494726
1095    0.155343465415
1097    0.155336683878
1123    0.152650973016
1125    0.152643743244
1151    0.151440605168
1177    0.145906020194
1203    0.132361637578
1205    0.13236163644
1207    0.132355453828
1209    0.132355451842
1211    0.132354203167
1215    0.132326783962
1241    0.131450986946
1243    0.131448417264
1245    0.13144822806
1247    0.131448225805
1249    0.131445968911
1275    0.131001276929
1301    0.127222860675
1303    0.127222860673
1305    0.127222855
1331    0.126112351915
1333    0.1261123519
1359    0.123339920726
1361    0.123333838295
1387    0.122721081137
1389    0.122714344643
1408    0.122510161305
1434    0.118204391938
1460    0.105736468978
1462    0.105736468694
1464    0.105733594982
1466    0.105733593397
1468    0.105733183039
1470    0.105724784073
1496    0.105220625965
1498    0.105219648255
1500    0.105219614562
1502    0.105219613589
1504    0.105219024929
1511    0.105161931774
1537    0.101403021401
1539    0.10140302139
1541    0.101403016895
1567    0.100580405312
1569    0.100580405306
1595    0.0977107040295
1597    0.097705238999
1603    0.0976594524038
1605    0.0976531735801
1607    0.0976458276694
1633    0.0942733019673
1659    0.0835341400017
1661    0.0835341400009
1663    0.0835329288417
1665    0.0835329275411
1667    0.0835327929083
1669    0.0835246069676
1695    0.0831955345431
1697    0.0831948083674
1699    0.0831945562639
1701    0.083194555622
1703    0.0831943757843
1705    0.0831858933416
1731    0.0795900611499
1733    0.0795900611202
1735    0.0795900576329
1761    0.0789521669912
1763    0.0789521669893
1789    0.0763129977657
1791    0.0763080787992
1793    0.076299906104
1795    0.0762940545105
1797    0.0762871234016
1823    0.0738637382323
1849    0.0652472823571
1851    0.0652472823268
1853    0.0652468045109
1855    0.0652468034729
1857    0.065246751429
1859    0.0652388700289
1877    0.0650758341978
1879    0.0650752058655
1881    0.0650747975804
1883    0.0650747970739
1885    0.0650747606868
1887    0.0650665199741
1913    0.061937345391
1915    0.061937345356
1917    0.06193734261
1943    0.0614643275659
1945    0.0614643275659
1971    0.0592887466947
1973    0.0592843085811
1975    0.059276565519
1977    0.0592711103135
1979    0.059264569979
2005    0.0576720480471
2031    0.0511339644327
2033    0.0511339643992
2035    0.0511337231974
2037    0.051133722401
2039    0.0511336882436
2041    0.0511262211995
2043    0.0511175378665
2045    0.0511169812541
2047    0.0511165547068
2049    0.0511165542869
2051    0.0511165527737
2053    0.0511085790879
2079    0.0486382743176
2081    0.0486382742877
2083    0.0486382720039
2109    0.048310316825
2111    0.0483103168245
2137    0.0466674046829
2139    0.0466633879196
2141    0.0466560508214
2143    0.0466509645447
2145    0.0466447924262
2171    0.0456616511017
2197    0.0408839624921
2199    0.0408839624859
2201    0.0408837477662
2203    0.0408837471783
2205    0.0408837063659
2207    0.0408767267268
2209    0.0408681351821
2211    0.0408676366731
2213    0.0408672836626
2215    0.0408672832981
2217    0.040867280831
2219    0.0408596226381
2245    0.0390648201668
2247    0.0390648201452
2249    0.0390648180981
2261    0.0389574120214
2263    0.0389574120172
2289    0.0377920849188
2291    0.0377884359958
2293    0.0377814823145
2295    0.03777673966
2297    0.0377709145983
2323    0.0371828342188
2349    0.0337721451285
2351    0.0337721451276
2353    0.0337719535041
2355    0.0337719530831
2357    0.0337719063267
2359    0.0337653741985
2361    0.0337568713838
2363    0.0337564214711
2365    0.0337562346447
2367    0.0337562343209
2369    0.0337562250755
2371    0.0337489083484
2397    0.0325213916003
2399    0.0325213915824
2401    0.0325213896354
2403    0.0325131966183
2405    0.0325131966121
2431    0.0317005803864
2433    0.031697252695
2435    0.031690661208
2437    0.0316862387332
2439    0.0316807408842
2465    0.0313314547917
2491    0.0289301383822
2493    0.0289301383625
2495    0.0289299670035
2497    0.0289299667096
2499    0.0289299148001
2501    0.0289237939063
2503    0.0289153772769
2505    0.0289149692486
2507    0.0289148691358
2509    0.0289148688452
2511    0.0289148560316
2513    0.0289078770393
2539    0.0280913686009
2541    0.0280913685858
2543    0.0280913666633
2545    0.0280850886013
2547    0.0280850885958
2573    0.0275248889403
2575    0.0275218429738
2577    0.0275155937372
2579    0.0275114696824
2581    0.0275062804158
2588    0.0274520941566
2614    0.0257432653632
2616    0.0257432652881
2618    0.0257431117857
2620    0.0257431115458
2622    0.0257430552876
2624    0.0257373111446
2626    0.0257289784967
2628    0.0257286070632
2630    0.0257285346958
2632    0.0257285344332
2634    0.0257285212037
2636    0.025721857714
2662    0.0251901048169
2664    0.0251901048061
2666    0.0251901028695
2668    0.025185730178
2670    0.0251857301734
2696    0.0248035400659
2698    0.0248007423798
2700    0.0247948166226
2702    0.0247909707521
2704    0.0247860725429
2706    0.0247791281168
2732    0.023561268525
2734    0.0235612683704
2736    0.023561130656
2738    0.023561130457
2740    0.0235610706435
2742    0.023555673825
2744    0.0235474232256
2746    0.0235470838667
2748    0.0235470320666
2750    0.0235470318283
2752    0.0235470193563
2754    0.0235406430214
2780    0.0232005135584
2782    0.0232005135511
2784    0.0232005115894
2786    0.0231976085189
2788    0.0231976085152
2812    0.0229638070117
2814    0.0229612286191
2816    0.0229556086767
2818    0.0229520221703
2820    0.0229473985327
2822    0.0229419442358
2848    0.0220742454248
2850    0.0220742451884
2852    0.0220741214696
2854    0.0220741213099
2856    0.0220740586939
2858    0.0220689832789
2860    0.0220608129752
2862    0.0220605018431
2864    0.0220604697591
2866    0.0220604695423
2868    0.0220604581886
2870    0.0220543423378
2881    0.0219603327918
2883    0.0219603327856
2885    0.0219603308294
2887    0.0219581025963
2889    0.0219581025937
2891    0.0219496315008
2893    0.0219472444836
2895    0.0219419136946
2897    0.021938569018
2899    0.0219342044131
2901    0.0219299350965
2927    0.021309943623
2929    0.0213099433134
2931    0.0213098320288
2933    0.0213098319042
2935    0.0213097671823
2937    0.021304989844
2939    0.0212968981933
2941    0.0212966123404
2943    0.0212965968693
2945    0.0212965966716
2947    0.0212965874574
2949    0.0212906885965
2951    0.0212821519385
2953    0.0212821519301
2955    0.0212821501396
2957    0.0212800103235
2959    0.0212800103223
2961    0.0212716788556
2963    0.0212694638969
2965    0.02126440657
2967    0.0212612873996
2969    0.021257167198
2971    0.0212538278886
2997    0.0208080695421
2999    0.0208080691724
3001    0.0208079689547
3003    0.0208079688595
3005    0.0208079026639
3007    0.0208034023482
3009    0.0207953878353
3011    0.020795124492
3013    0.020795110049
3015    0.0207951098689
3017    0.0207951033612
3019    0.0207893982061
3021    0.0207810311227
3023    0.0207810311139
3025    0.0207810294719
3027    0.0207789735079
3029    0.0207789735071
3031    0.020770778575
3033    0.0207687191547
3035    0.0207639204889
3037    0.0207610116112
3039    0.0207571220243
3041    0.0207545046104
3067    0.0204308516119
3069    0.0204308511951
3071    0.020430760844
3073    0.0204307607724
3075    0.0204306936663
3077    0.0204264512707
3079    0.020418512457
3081    0.0204182690038
3083    0.0204182554683
3085    0.020418255303
3087    0.0204182507896
3089    0.0204127282004
3091    0.0204045265155
3093    0.0204045265066
3095    0.0204045249976
3097    0.0204025486121
3099    0.0204025486112
3101    0.0203944872645
3103    0.0203925688926
3105    0.0203880149183
3107    0.0203853021491
3109    0.0203816301717
3111    0.0203795680803
3129    0.0202159555091
3131    0.0202159550539
3133    0.0202158735127
3135    0.0202158734551
3137    0.0202158059359
3139    0.0202118035856
3141    0.020203939078
3143    0.0202037132619
3145    0.020203700536
3147    0.0202037003842
3149    0.0202036973232
3151    0.0201983471498
3153    0.0201903069696
3155    0.0201903069611
3157    0.0201903055708
3159    0.020188404751
3161    0.02018840475
3163    0.020180474167
3165    0.0201786840363
3167    0.0201743615638
3169    0.0201718316753
3171    0.0201683650379
3173    0.0201666000494
3175    0.0201579438226
3177    0.0201579433362
3179    0.0201578696728
3181    0.0201578696244
3183    0.0201578021232
3185    0.0201540233086
3187    0.0201462317545
3189    0.0201460216322
3191    0.0201460096342
3193    0.0201460094945
3195    0.0201460074754
3197    0.0201408204295
3199    0.0201329380957
3201    0.0201329380874
3203    0.0201329368042
3205    0.0201311077798
3207    0.0201311077788
3209    0.0201233052647
3211    0.0201216320145
3213    0.0201175285925
3215    0.0201151692495
3217    0.0201118963787
