26    2.19677984803
52    2.15108163069
78    2.09705572315
104    1.98118507841
130    1.98017843902
156    1.97966065615
182    1.93390566162
208    1.90930333007
234    1.80141316352
246    1.67696644275
248    1.67695439375
274    1.57679662015
300    1.54105657647
326    1.41170402004
352    1.3514155069
378    1.22919983149
380    1.22919409729
394    1.10661576656
420    1.07542116807
446    0.955668141775
472    0.582422698843
498    0.575351451088
504    0.575229684489
530    0.552772109304
556    0.528609119615
582    0.514982486074
597    0.514490189253
623    0.513703369579
649    0.513021916483
675    0.489837519499
701    0.476935938554
727    0.475596582567
729    0.475596582298
731    0.475586321336
746    0.475247766595
772    0.46784419108
796    0.467208042395
822    0.455600413843
824    0.455599571588
826    0.455596549962
828    0.455596549134
854    0.446981638202
880    0.445352240873
888    0.44517512617
899    0.444965670694
901    0.444961768439
927    0.433991752789
953    0.420416744117
979    0.416232533969
981    0.416227005009
1007    0.415786814888
1033    0.415328902948
1059    0.400190893627
1085    0.39027426828
1087    0.390266306622
1089    0.390266304549
1091    0.390258678462
1093    0.390255796681
1119    0.38608600526
1121    0.38607337155
1147    0.383095790443
1149    0.383095718361
1151    0.38309470277
1153    0.383094688367
1179    0.378865557047
1182    0.378836443947
1184    0.378824842757
1186    0.378812949791
1188    0.378810318722
1214    0.372920400074
1240    0.365067894148
1266    0.363399919612
1268    0.363397966337
1270    0.36338930085
1272    0.363380224015
1298    0.353278529339
1324    0.345588392182
1326    0.345585786224
1328    0.345585783796
1330    0.345581151715
1332    0.345580077878
1358    0.342838177329
1360    0.342826060111
1386    0.341855992146
1388    0.341855954922
1390    0.341855577317
1392    0.341855566763
1418    0.339581032791
1420    0.339567989674
1422    0.339558351781
1424    0.339547558286
1426    0.339545758997
1452    0.336060891566
1478    0.331067542148
1504    0.330256805974
1506    0.330255704945
1508    0.330251391913
1510    0.330247543369
1536    0.323394530655
1562    0.317562582474
1564    0.317561732883
1566    0.317561728753
1568    0.317559354601
1570    0.317559000616
1596    0.315716092446
1598    0.315704547485
1612    0.315474697
1614    0.315474677213
1616    0.315474619695
1618    0.315474617128
1644    0.314178854445
1646    0.31416669786
1648    0.314158580115
1650    0.314148777697
1652    0.3141475306
1678    0.311768217012
1704    0.308126961793
1723    0.307781697055
1725    0.307780739547
1727    0.307778603442
1729    0.307777253549
1755    0.303021755247
1781    0.298642955617
1783    0.298642646817
1785    0.298642640858
1787    0.298641641415
1789    0.298641519187
1815    0.297423667993
1817    0.297412809492
1819    0.297400987948
1821    0.297400977298
1823    0.297400975246
1825    0.297400974897
1851    0.296589685969
1853    0.296578333274
1855    0.296571409795
1857    0.296562502043
1859    0.296561626721
1885    0.294625974337
1911    0.291500731885
1918    0.291407930831
1920    0.291406903534
1922    0.29140583001
1924    0.291405462834
1950    0.288007168544
1976    0.284710935484
1978    0.284710807109
1980    0.284710799781
1982    0.284710492686
1984    0.284710444546
2010    0.283930157973
2012    0.283920017311
2014    0.283912017919
2016    0.283912012253
2018    0.283912010877
2020    0.283912010629
2046    0.283386931425
2048    0.283376306212
2050    0.283370330752
2052    0.283362231477
2054    0.283361609901
2080    0.281506320888
2106    0.278430131923
2108    0.278416503198
2110    0.278415328146
2112    0.278414822047
2114    0.278414777808
2140    0.275910764254
2166    0.273399618869
2168    0.273399557749
2170    0.273399549494
2172    0.273399507862
2174    0.27339948533
2200    0.272919326795
2202    0.272909874561
2204    0.27290480688
2206    0.272904803947
2208    0.272904803075
2210    0.27290480291
2219    0.272783993364
2221    0.272774032252
2223    0.27276881495
2225    0.272761447036
2227    0.272761000932
2253    0.270777884434
2279    0.267504956062
2281    0.267493655978
2283    0.267492310526
2285    0.267492115031
2287    0.267492108437
2313    0.265613281573
2339    0.263664227045
2341    0.263664194124
2343    0.263664185744
2345    0.263664181856
2347    0.263664169321
2349    0.26365285518
2351    0.263644029677
2353    0.263639751995
2355    0.263639750037
2357    0.263639749354
2359    0.263639749215
2361    0.263625800873
2363    0.263616441509
2365    0.26361183389
2367    0.263605127986
2369    0.26360480475
2395    0.261392630592
2421    0.257842981664
2423    0.257834151767
2425    0.257832667532
2427    0.257832618483
2429    0.257832526027
2455    0.2564105354
2481    0.254737723299
2483    0.254737695151
2485    0.254737687481
2487    0.254737636175
2489    0.254737618235
2491    0.25473076603
2493    0.254722506007
2495    0.254718455073
2497    0.254718453571
2499    0.254718453
2501    0.254718452891
2503    0.25470479349
2505    0.254695978468
2507    0.254691863328
2509    0.254685757025
2511    0.254685520839
2537    0.25224112062
2563    0.248477988677
2565    0.248471282832
2567    0.248469685951
2569    0.248469684407
2571    0.248469476486
2597    0.247382381359
2623    0.245931115344
2625    0.245931091194
2627    0.245931084077
2629    0.245930945983
2631    0.245930922842
2633    0.245926943447
2635    0.245919198266
2637    0.245915356654
2639    0.24591535547
2641    0.245915354995
2643    0.245915354908
2645    0.245901975736
2647    0.245893654111
2649    0.245889938348
2651    0.24588437542
2653    0.245884201579
2679    0.243291009515
2705    0.239480214556
2707    0.239475199459
2709    0.239473510027
2711    0.239473497344
2713    0.239473190978
2739    0.238633366759
2765    0.237362614274
2767    0.237362593473
2769    0.237362586726
2771    0.237362338104
2773    0.237362310215
2775    0.237359861729
2777    0.2373525896
2779    0.237348942537
2781    0.237348941575
2783    0.237348941171
2785    0.2373489411
2787    0.237335834271
2789    0.237327960643
2791    0.23732457002
2793    0.237319499754
2795    0.237319371014
2821    0.23470926179
2847    0.231045902427
2849    0.231042181258
2851    0.231040414007
2853    0.231040356164
2855    0.231039983825
2881    0.230383247084
2907    0.229261389372
2909    0.229261371385
2911    0.229261364875
2913    0.229260994104
2915    0.229260962062
2917    0.229258921804
2919    0.229252086509
2921    0.229248621067
2923    0.229248620267
2925    0.229248619914
2927    0.229248619853
2929    0.229235777835
2931    0.229228311632
2933    0.229225186823
2935    0.229220563453
2937    0.229220467631
2963    0.226720073211
2989    0.223357498475
2991    0.223354743815
2993    0.22335291076
2995    0.223352789388
2997    0.223352383695
3023    0.222831362093
3049    0.221833533126
3051    0.221833517511
3053    0.221833511154
3055    0.221833015641
3057    0.221832980102
3059    0.221830416049
3061    0.221823985414
3063    0.221820690038
3065    0.221820689356
3067    0.221820689042
3069    0.221820688988
3071    0.221808104512
3073    0.221801009405
3075    0.221798102947
3077    0.221793885141
3079    0.221793813537
3105    0.219488659102
3131    0.216508487148
3133    0.216506443356
3135    0.216504555224
3137    0.216504362927
3139    0.216503950381
3165    0.216083737144
3191    0.215190058757
3193    0.21519004515
3195    0.215190038895
3197    0.215189422515
3199    0.215189384149
3201    0.215185528138
3203    0.215179473199
3205    0.215176337413
3207    0.215176336818
3209    0.215176336534
3211    0.215176336485
3213    0.215164002561
3215    0.215157245983
3217    0.215154519876
3219    0.215150670295
3221    0.21515061663
3247    0.213082177397
3273    0.210505090707
3275    0.210503565427
3277    0.210501632206
3279    0.210501369883
3281    0.210500969374
3284    0.21047234894
3310    0.209666868144
3312    0.209666856255
3314    0.209666850072
3316    0.209666118408
3318    0.209666077865
3320    0.209660281095
3322    0.209654575476
3324    0.209651589684
3326    0.209651589158
3328    0.209651588897
3330    0.209651588852
3332    0.209639498749
3334    0.209633051454
3336    0.209630475259
3338    0.209626960143
3340    0.209626919847
3366    0.207807555183
3392    0.205611762013
3394    0.205610387433
3396    0.205608439631
3398    0.205608139439
3400    0.205607745062
3402    0.205593805105
3428    0.204864425861
3430    0.204864415441
3432    0.204864409315
3434    0.204863574093
3436    0.204863531977
3438    0.204855281581
3440    0.20484990133
3442    0.204847056697
3444    0.204847056224
3446    0.204847055982
3448    0.204847055941
3450    0.204835203277
3452    0.204829039009
3454    0.204826588347
3456    0.204823377181
3458    0.204823346893
3484    0.203253024301
3510    0.201408963642
3512    0.201407710029
3514    0.201405770951
3516    0.201405434975
3518    0.201405051188
3520    0.20139128363
3546    0.200727810629
3548    0.200727801466
3550    0.200727795387
3552    0.200726869869
3554    0.200726826729
3556    0.200715714776
3558    0.200710637955
3560    0.200707926306
3562    0.200707925876
3564    0.20070792565
3566    0.200707925611
3568    0.200696304299
3570    0.200690399452
3572    0.200688054783
3574    0.200685119957
3576    0.200685097193
3602    0.199355811646
3628    0.197826412717
3630    0.197825263415
3632    0.19782334116
3634    0.197822971931
3636    0.197822602342
3638    0.197808890955
3664    0.197202735357
3666    0.197202727273
3668    0.197202721239
3670    0.197201719246
3672    0.197201675574
3674    0.197187380932
3676    0.19718258738
3678    0.197180001123
3680    0.19718000073
3682    0.197180000517
3684    0.197180000481
3686    0.197168604719
3688    0.197162938044
3690    0.197160683699
3692    0.197158000226
3694    0.19715798313
3720    0.196055032919
3746    0.194800140393
3748    0.194799081379
3750    0.194797178671
3752    0.194796779475
3754    0.194796426278
3756    0.194782680331
3782    0.194226602211
3784    0.194226595056
3786    0.194226589065
3788    0.194225524338
3790    0.19422548056
3816    0.193793320756
3818    0.19378858624
3820    0.193786118321
3822    0.193786117958
3824    0.193786117758
3826    0.193786117723
3828    0.193774942042
3830    0.193769494417
3832    0.193767317823
3834    0.193764863081
3836    0.193764850264
3862    0.192867374532
3888    0.191846487284
3890    0.191845508808
3892    0.191843742681
3894    0.191843318622
3896    0.191842961682
3898    0.19182905478
3924    0.191228907561
3926    0.191228901119
3928    0.191228896036
3930    0.191227899257
3932    0.19122788986
3958    0.190752449558
3960    0.190747839289
3962    0.190745483121
3964    0.190745482785
3966    0.190745482595
3968    0.190745482562
3970    0.190734521697
3972    0.190729275869
3974    0.190727166921
3976    0.190724920411
3978    0.190724910826
4004    0.190007508462
4030    0.189181970999
4032    0.189181063415
4034    0.189179394431
4036    0.189178948517
4038    0.18917859241
4040    0.189164436964
4066    0.18851451931
4068    0.188514515151
4070    0.188514510692
4072    0.188513558821
4074    0.188513555891
4100    0.18798812396
4102    0.187983662016
4104    0.187981411446
4106    0.187981411135
4108    0.187981410954
4110    0.187981410923
4112    0.187970659842
4114    0.187965600246
4116    0.187963550807
4118    0.187961493951
4120    0.187961486804
4146    0.187396712424
4172    0.186731299118
4174    0.186730454424
4176    0.186728884266
4178    0.18672841894
4180    0.186728068565
4184    0.186685021481
4210    0.185979592411
4212    0.185979589848
4214    0.185979585921
4216    0.185978661131
4218    0.185978659891
4244    0.185397827582
4246    0.185393520433
4248    0.185391369716
4250    0.185391369426
4252    0.185391369253
4254    0.185391369224
4256    0.185380823109
4258    0.185375935687
4260    0.185373939196
4262    0.185372055147
4264    0.185372049838
4290    0.184932973691
4316    0.184396671517
4318    0.18439588506
4320    0.184394416543
4322    0.184393933316
4324    0.1843935984
4329    0.18433594298
4355    0.183570404321
4357    0.183570402764
4359    0.183570399314
4361    0.183569487499
4363    0.183569486854
4389    0.182929245451
4391    0.18292509338
4393    0.182923037136
4395    0.182923036867
4397    0.182923036703
4399    0.182923036674
4401    0.182912690906
4403    0.182907962954
4405    0.182906014102
4407    0.18290428758
4409    0.18290428365
4411    0.18289027059
4437    0.182422133465
4439    0.182421396269
4441    0.182420028431
4443    0.182419511703
4445    0.182419198763
4451    0.182347036106
4477    0.181517880137
4479    0.181517879216
4481    0.181517876192
4483    0.181516966336
4485    0.181516965956
4511    0.180814814846
4513    0.180810816413
4515    0.180808849603
4517    0.180808849353
4519    0.180808849197
4521    0.18080884917
4523    0.180798699281
4525    0.180794119294
4527    0.18079221377
4529    0.180790630905
4531    0.180790628007
4533    0.180778182597
4559    0.180366731441
4561    0.180366039839
4563    0.180364770002
4565    0.180364227042
4567    0.180363941073
4572    0.1803059649
4598    0.179411690887
4600    0.179411690368
4602    0.179411687716
4604    0.179410772073
4606    0.179410771835
4632    0.178646248192
4634    0.178642402005
4636    0.178640519909
4638    0.178640519679
4640    0.178640519529
4642    0.178640519503
4644    0.178630561229
4646    0.178626118806
4648    0.1786242531
4650    0.178622801305
4652    0.178622799172
4654    0.17861178742
4664    0.178480995646
4666    0.178480337646
4668    0.17847916057
4670    0.178478618167
4672    0.178478353515
4678    0.178406065644
4704    0.177446556552
4706    0.177446556284
4708    0.177446553949
4710    0.177445627623
4712    0.177445627472
4738    0.176620055812
4740    0.176616361118
4742    0.17661455931
4744    0.176614559098
4746    0.176614558955
4748    0.17661455893
4750    0.176604788139
4752    0.176600473843
4754    0.176598645078
4756    0.176597312918
4758    0.176597311347
4760    0.176586818653
4762    0.17657261758
4764    0.176571989446
4766    0.176570900917
4768    0.176570371198
4770    0.176570130777
4774    0.176526849578
4800    0.175504627714
4802    0.175504627595
4804    0.175504625522
4806    0.175503687118
4808    0.175503687024
4834    0.174621066625
4836    0.174617523481
4838    0.174615797806
4840    0.174615797611
4842    0.174615797474
4844    0.17461579745
4846    0.174606210158
4848    0.174602015434
4850    0.174600221243
4852    0.174598998329
4854    0.174598997166
4856    0.174588630088
4858    0.174574497017
4860    0.174573895471
4862    0.174572886927
4864    0.174572366772
4866    0.174572148123
4871    0.174514412186
4897    0.173433174509
4899    0.173433174471
4901    0.173433172604
4903    0.173432223462
4905    0.173432223405
4931    0.172498429539
4933    0.172495038679
4935    0.172493385237
4937    0.172493385058
4939    0.172493384927
4941    0.172493384905
4943    0.172483977272
4945    0.172479894355
4947    0.172478132773
4949    0.172477009665
4951    0.172477008792
4953    0.172466767347
4955    0.172452691522
4957    0.172452116301
4959    0.17245118139
4961    0.172450670447
4963    0.172450478471
4967    0.172407218514
4993    0.17127358134
4995    0.171273581336
4997    0.171273579623
4999    0.171272624738
5001    0.171272624706
5027    0.170296180398
5029    0.170292943006
5031    0.170291358131
5033    0.170291357969
5035    0.170291357844
5037    0.170291357822
5039    0.170282126122
5041    0.170278147952
5043    0.170276417341
5045    0.17027538545
5047    0.17027538478
5049    0.170265265028
5051    0.170251253645
5053    0.170250702309
5055    0.170249831632
5057    0.170249327859
5059    0.170249161586
5064    0.170191664358
5090    0.169014175231
5092    0.169014175229
5094    0.169014173618
5096    0.169013220824
5098    0.169013220808
5124    0.168004483881
5126    0.168001401275
5128    0.167999881521
5130    0.167999881374
5132    0.167999881254
5134    0.167999881232
5136    0.167990821853
5138    0.167986942008
5140    0.167985240984
5142    0.167984292501
5144    0.167984291965
5146    0.167974293952
5148    0.16796033563
5150    0.167959807956
5152    0.167958993803
5154    0.167958497027
5156    0.167958359081
5160    0.167915441854
5186    0.166705210048
5188    0.166705210032
5190    0.166705208474
5192    0.166704268417
5194    0.16670426841
5220    0.16567563898
5222    0.165672712282
5224    0.165671254406
5226    0.165671254274
5228    0.165671254158
5230    0.165671254138
5232    0.165662363566
5234    0.165658576194
5236    0.165656903579
5238    0.165656031393
5240    0.165656030943
5242    0.165646150956
5244    0.165632254091
5246    0.165631747772
5248    0.165630980108
5250    0.165630488509
5252    0.165630376227
5255    0.165601728937
5281    0.164371522585
5283    0.164371522546
5285    0.164371520992
5287    0.164370605839
5289    0.164370605838
5315    0.163335591555
5317    0.163332821352
5319    0.1633314223
5321    0.163331422183
5323    0.163331422071
5325    0.163331422052
5327    0.163322696872
5329    0.163318996632
5331    0.163317351414
5333    0.163316549053
5335    0.163316548651
5337    0.163306783221
5339    0.163292957366
5341    0.163292470024
5343    0.163291739134
5345    0.163291250932
5347    0.163291161712
5350    0.163262442278
5376    0.16202603676
5378    0.162026036697
5380    0.162026035096
5382    0.162025157412
5384    0.162025157412
5410    0.160997587956
5412    0.160994974021
5414    0.160993630918
5416    0.160993630815
5418    0.160993630708
5420    0.160993630689
5422    0.160985067576
5424    0.160981449596
5426    0.160979830895
5428    0.160979092463
5430    0.160979092082
5432    0.160969439673
5434    0.160955684243
5436    0.160955214539
5438    0.160954511811
5440    0.160954026192
5442    0.160953958607
5445    0.160925239079
5471    0.159696900294
5473    0.15969690021
5475    0.159696898515
5477    0.159696070262
5479    0.159696070262
5505    0.15868951752
5507    0.158687058586
5509    0.158685768722
5511    0.158685768632
5513    0.158685768529
5515    0.158685768511
5517    0.158677364227
5519    0.158673824049
5521    0.158672231092
5523    0.158671551214
5525    0.158671550835
5527    0.158662009939
5529    0.158648324242
5531    0.158647870962
5533    0.15864718795
5535    0.158646704254
5537    0.158646655945
5540    0.158617994757
5566    0.157411706776
5568    0.157411706675
5570    0.157411704834
5572    0.157410936268
5574    0.157410936266
5600    0.156437989642
5602    0.156435683266
5604    0.156434444088
5606    0.156434444009
5608    0.156434443911
5610    0.156434443893
5612    0.156426195281
5614    0.156422728825
5616    0.156421160922
5618    0.156420534704
5620    0.156420534311
5622    0.156411103446
5624    0.156397486663
5626    0.156397048712
5628    0.15639637738
5630    0.156395895096
5632    0.15639586305
5635    0.156367303298
5661    0.155196034103
5663    0.155196033992
5665    0.155196031951
5667    0.155195330761
5669    0.155195330757
5695    0.154266974837
5697    0.154264817361
5699    0.154263626457
5701    0.154263626389
5703    0.154263626295
5705    0.154263626278
5707    0.154255530257
5709    0.154252133784
5711    0.154250590316
5713    0.15425001329
5715    0.154250012875
5717    0.154240690582
5719    0.154227141738
5721    0.154226718137
5723    0.154226050972
5725    0.154225569736
5727    0.154225550569
5729    0.154211278146
5755    0.153086437289
5757    0.153086437176
5759    0.153086434882
5761    0.153085805703
5763    0.153085805696
5789    0.152211006363
5791    0.152208992945
5793    0.152207848041
5795    0.152207847984
5797    0.152207847893
5799    0.152207847877
5801    0.152199901443
5803    0.152196571519
5805    0.152195051923
5807    0.152194520014
5809    0.15219451957
5811    0.152185302787
5813    0.152171832824
5815    0.15217142241
5817    0.152170751633
5819    0.152170270279
5821    0.152170260032
5824    0.152141761666
5850    0.151072546252
5852    0.151072546142
5854    0.15107254354
5856    0.151071987783
5858    0.151071987775
5884    0.150257269286
5886    0.150255394029
5888    0.150254292976
5890    0.15025429293
5892    0.150254292842
5894    0.150254292826
5896    0.150246493045
5898    0.150243226515
5900    0.150241730275
5902    0.150241239762
5904    0.150241239286
5906    0.150232128308
5908    0.150218724096
5910    0.150218326163
5912    0.15021764645
5914    0.150217165754
5916    0.150217161828
5918    0.150202934408
5944    0.149196391919
5946    0.149196391817
5948    0.149196388854
5950    0.149195905153
5952    0.149195905143
5978    0.148445525055
5980    0.148443781169
5982    0.14844272194
5984    0.148442721902
5986    0.148442721818
5988    0.148442721803
5990    0.148435065807
5992    0.148431859768
5994    0.148430386405
5996    0.148429933893
5998    0.148429933382
6000    0.148420925232
6002    0.148407597706
6004    0.148407211613
6006    0.148406516482
6008    0.148406035528
6010    0.148406034702
6012    0.148391773557
6038    0.14745252788
6040    0.14745252779
6042    0.147452524412
6044    0.147452108991
6046    0.14745210898
6072    0.146768010498
6074    0.146766390514
6076    0.146765371191
6078    0.146765371162
6080    0.14676537108
6082    0.146765371065
6084    0.146757856056
6086    0.146754707829
6088    0.146753256893
6090    0.146752839279
6092    0.146752838733
6094    0.146743932133
6096    0.146730680052
6098    0.146730305177
6100    0.146729589823
6102    0.146729108674
6104    0.146729108664
6106    0.146714808135
6132    0.14584525803
6134    0.145845257952
6136    0.145845254113
6138    0.145844901519
6140    0.145844901508
6166    0.145227036623
6168    0.145225532609
6170    0.14522455138
6172    0.145224551357
6174    0.145224551279
6176    0.145224551265
6178    0.145217174508
6180    0.145214081622
6182    0.145212652692
6184    0.14521226714
6186    0.14521226656
6188    0.145203460252
6190    0.145190282181
6192    0.145189917984
6194    0.145189178307
6196    0.145188697123
6198    0.145188696083
6201    0.145160105523
6227    0.144360509106
6229    0.144360509043
6231    0.144360504699
6233    0.144360208464
6235    0.144360208452
6261    0.143806868395
6263    0.143805472174
6265    0.143804527323
6267    0.143804527307
6269    0.143804527232
6271    0.143804527218
6273    0.143797286038
6275    0.143794246207
6277    0.143792838883
6279    0.143792482801
6281    0.143792482186
6283    0.143783776458
6285    0.143770657727
6287    0.143770303223
6289    0.143769536742
6291    0.143769056734
6293    0.143769052993
6296    0.143740533661
6322    0.143009584739
6324    0.143009584689
6326    0.143009579804
6328    0.143009333062
6330    0.143009333051
6356    0.142517550243
6358    0.142516253585
6360    0.142515343489
6362    0.142515343477
6364    0.142515343405
6366    0.142515343392
6368    0.142508235175
6370    0.142505246282
6372    0.142503860182
6374    0.142503531198
6376    0.142503530551
6378    0.142494924086
6380    0.14248186244
6382    0.142481517369
6384    0.142480721459
6386    0.142480243003
6388    0.142480235495
6391    0.142451729932
6417    0.141786811855
6419    0.141786811816
6421    0.141786806362
6423    0.141786602274
6425    0.141786602262
6451    0.141352485254
6453    0.141351280046
6455    0.141350403168
6457    0.141350403161
6459    0.141350403091
6461    0.141350403079
6463    0.141343425266
6465    0.14134048535
6467    0.141339120108
6469    0.141338816051
6471    0.141338815373
6473    0.14133030688
6475    0.141317299929
6477    0.14131696407
6479    0.141316136859
6481    0.141315660361
6483    0.141315648524
6486    0.1412870957
6512    0.140684635875
6514    0.140684635847
6516    0.1406846298
6518    0.140684461892
6520    0.140684461881
6537    0.140438895649
6539    0.140437764412
6541    0.140436919296
6543    0.140436919292
6545    0.140436919225
6547    0.140436919212
6549    0.140430069307
6551    0.140427176539
6553    0.1404258318
6555    0.140425550684
6557    0.140425549977
6559    0.140417138176
6561    0.140404183037
6563    0.140403856095
6565    0.140402995803
6567    0.140402521644
6569    0.140402505273
6572    0.140373840888
6598    0.139844330467
6600    0.139844330444
6602    0.139844324099
6604    0.139844168927
6606    0.139844168926
6618    0.139679084276
6620    0.139678016286
6622    0.139677201552
6624    0.13967720155
6626    0.139677201486
6628    0.139677201474
6630    0.139670477032
6632    0.139667629713
6634    0.139666305137
6636    0.139666045141
6638    0.139666044407
6640    0.139657728039
6642    0.139644821984
6644    0.139644503844
6646    0.139643624065
6648    0.139643152737
6650    0.139643132168
6654    0.139600023
6680    0.139139194347
6682    0.139139194325
6684    0.139139187811
6686    0.139139038897
6688    0.139139038893
6699    0.138989708367
6701    0.138988697746
6703    0.138987912087
6705    0.138987912087
6707    0.138987912025
6709    0.138987912014
6711    0.138981310642
6713    0.13897850719
6715    0.138977202447
6717    0.138976961904
6719    0.138976961146
6721    0.138968740379
6723    0.138955866389
6725    0.138955556427
6727    0.138954667177
6729    0.138954200117
6731    0.1389541752
6735    0.13891097515
6761    0.138508649095
6763    0.138508649075
6765    0.138508642386
6767    0.138508501737
6769    0.138508501724
6779    0.138374850081
6781    0.138373891729
6783    0.138373133904
6785    0.138373133904
6787    0.138373133845
6789    0.138373133834
6791    0.138366653189
6793    0.138363892127
6795    0.138362606895
6797    0.138362384277
6799    0.138362383495
6801    0.138354257023
6803    0.138341411643
6805    0.138341110114
6807    0.138340214095
6809    0.138339751841
6811    0.138339723454
6816    0.138282029228
6822    0.138209605445
6824    0.138209605433
6826    0.138209598573
6828    0.138209476576
6830    0.13820947655
6833    0.138180893345
6835    0.138179979517
6837    0.138179248347
6839    0.138179248347
6841    0.13817924829
6843    0.138179248279
6845    0.138172886052
6847    0.138170165989
6849    0.138168899953
6851    0.138168693858
6853    0.138168693054
6855    0.138160660749
6857    0.138147845772
6859    0.138147552359
6861    0.138146724904
6863    0.138146265204
6865    0.138146232314
6867    0.138131979732
6870    0.138103412631
6872    0.138103412623
6874    0.138103405812
6876    0.13810328851
6878    0.138103288394
6880    0.138089117775
6882    0.138088244483
6884    0.138087538849
6886    0.138087538847
6888    0.138087538792
6890    0.138087538782
6892    0.138081292724
6894    0.138078612365
6896    0.13807736522
6898    0.13807717436
6900    0.138077173537
