26 2.34282839338
48 2.21934307681
74 2.19481072567
76 2.19480376415
102 2.17642636027
122 2.052885856
136 1.92903086197
138 1.92902742767
140 1.92902288148
142 1.92902074418
160 1.80537019064
186 1.69189451752
189 1.69187009914
215 1.6852872618
217 1.68528035399
230 1.56102720736
240 1.43677004644
242 1.43676963174
244 1.43676641561
246 1.43676636082
256 1.31246201705
282 1.23948365566
284 1.23947424943
310 1.21215982183
312 1.2121540399
338 1.13284053793
364 1.02158798212
390 0.996440100853
416 0.989159302182
442 0.982740792383
468 0.96859730304
478 0.844245998074
504 0.830106112872
506 0.830102346464
532 0.817125719464
542 0.692745301506
568 0.594023295165
570 0.594023293934
596 0.577618011827
598 0.577617762338
609 0.453592328249
629 0.329823537196
631 0.329818221351
633 0.329812384847
635 0.329808472981
660 0.206120776699
662 0.206111866285
664 0.206105603063
690 0.193645508954
692 0.193643792619
718 0.184777253807
720 0.184777100399
746 0.178874775818
748 0.178873585083
750 0.178873513732
752 0.178872553827
754 0.178872520329
756 0.178871917457
758 0.178871781564
767 0.178697447035
769 0.178694576208
771 0.178681913625
773 0.178678857499
775 0.178677775397
777 0.178677717201
779 0.178677716242
781 0.178677697363
783 0.17867765269
785 0.178677354068
811 0.170875629388
813 0.170874097354
839 0.168501587316
841 0.168498926871
867 0.167248126855
876 0.167079852188
891 0.166790151301
893 0.166783617987
895 0.166769285853
921 0.158217587754
923 0.158217132796
949 0.149407681265
951 0.149407593454
977 0.142043334957
979 0.142042186859
1005 0.139405606254
1007 0.139405303975
1021 0.139113104689
1023 0.139112600876
1025 0.139112103324
1027 0.139111948855
1029 0.139110833097
1031 0.139110737535
1033 0.139109085971
1035 0.139105223628
1037 0.139102056934
1039 0.139099830164
1065 0.135744728704
1067 0.135743174582
1093 0.133168807172
1095 0.133168721897
1121 0.131517442123
1123 0.131517156724
1125 0.131517140904
1127 0.131516851967
1129 0.131516844743
1131 0.131516663078
1133 0.131515513666
1135 0.13150411738
1137 0.131502780369
1139 0.131492662502
1141 0.131490880731
1143 0.131490284148
1145 0.131490276161
1147 0.1314902317
1149 0.131490229099
1151 0.131490118917
1153 0.131487693379
1178 0.130869242756
1180 0.13086866895
1182 0.130854713331
1184 0.130852841052
1186 0.130844289809
1188 0.130840287597
1190 0.130827950773
1192 0.130827814225
1194 0.130815348713
1220 0.127171505111
1222 0.127171079925
1248 0.12287295177
1250 0.122871636689
1276 0.11938548831
1278 0.119384209952
1280 0.119371061244
1282 0.119370838472
1284 0.119358631651
1286 0.119358197942
1288 0.119356376403
1290 0.119356319605
1292 0.119355886133
1294 0.119355850944
1296 0.119354758947
1298 0.119353504174
1300 0.119352360264
1302 0.119351555555
1328 0.11861591852
1330 0.118614456684
1356 0.117887910035
1358 0.117887416369
1384 0.117439975501
1386 0.117439917238
1388 0.117439913704
1390 0.117439820454
1392 0.117439818938
1394 0.11743976021
1396 0.117437831806
1398 0.117428706538
1400 0.117427885046
1402 0.117419797852
1404 0.117418491005
1406 0.117418008359
1408 0.117418007385
1410 0.117417938077
1412 0.117417937757
1414 0.117417802455
1416 0.117414636106
1418 0.117401641178
1420 0.117401261027
1422 0.117388604431
1424 0.117386974574
1426 0.117379281298
1428 0.117378569131
1430 0.117367181936
1432 0.117365737079
1434 0.117354185609
1460 0.116202625446
1462 0.116201751846
1488 0.114297031238
1490 0.114294346322
1516 0.112722776865
1518 0.112721458087
1520 0.112710052458
1522 0.112709841444
1524 0.112699261723
1526 0.112698836884
1528 0.112696650791
1530 0.11269662982
1532 0.112696306915
1534 0.112696293911
1536 0.112695317528
1538 0.112694930495
1540 0.112694506553
1542 0.112694208144
1544 0.112687851056
1546 0.112686483188
1548 0.112672527864
1550 0.112671933549
1552 0.112658205364
1554 0.11265819923
1556 0.112658198409
1558 0.112658167577
1560 0.112658167271
1562 0.112658147796
1564 0.112655799701
1566 0.112648491333
1568 0.112647868403
1570 0.112641403859
1572 0.112640293882
1574 0.112639841327
1576 0.112639841223
1578 0.112639763794
1580 0.112639763759
1582 0.112639620289
1584 0.112636363863
1586 0.112624592989
1588 0.112624253778
1590 0.112612776191
1592 0.112611221095
1594 0.112604394063
1596 0.112604349991
1598 0.112594007357
1600 0.112589460117
1602 0.112578937368
1604 0.112566982515
1606 0.112565316111
1632 0.11158226275
1634 0.111579510784
1660 0.110738956443
1662 0.11073765614
1664 0.110727761793
1666 0.110727549768
1668 0.110718379815
1670 0.110717954472
1672 0.110715714999
1674 0.11071570725
1676 0.110715411053
1678 0.110715406238
1680 0.110714464449
1682 0.110714356504
1684 0.110714192915
1686 0.110714077661
1688 0.11070815808
1690 0.110706956135
1692 0.110693630931
1694 0.110692932366
1696 0.11067983013
1698 0.110679830122
1700 0.110679829914
1702 0.110679817599
1704 0.110679817543
1706 0.110679809729
1708 0.110677262411
1710 0.110671407842
1712 0.110670869894
1714 0.1106657024
1716 0.110664680562
1718 0.1106642358
1720 0.110664235788
1722 0.110664156107
1724 0.110664156102
1726 0.110664009946
1728 0.110660795713
1730 0.110650134546
1732 0.11064980993
1734 0.110639401601
1736 0.110637889182
1738 0.110631985864
1740 0.11063196486
1742 0.110622784617
1744 0.110617069385
1746 0.110607701427
1748 0.110605328994
1750 0.110603124672
1776 0.110106991628
1778 0.110104102192
1804 0.109654694075
1806 0.109653408016
1808 0.109644823838
1810 0.10964461184
1812 0.109636663634
1814 0.109636238771
1816 0.109634017494
1818 0.109634014636
1820 0.10963372902
1822 0.109633727234
1824 0.10963280362
1826 0.109632779442
1828 0.109632712328
1830 0.10963266498
1832 0.109627155923
1834 0.109626056803
1836 0.109613330963
1838 0.109612556694
1840 0.109600050363
1842 0.109600048493
1844 0.109600048432
1846 0.109600042223
1848 0.109600042215
1850 0.109600038252
1852 0.109597405421
1854 0.109592714148
1856 0.109592215807
1858 0.109588085186
1860 0.109587105712
1862 0.109586662557
1864 0.109586662556
1866 0.109586582419
1868 0.109586582418
1870 0.109586435282
1872 0.109583289462
1874 0.109573632861
1876 0.109573317668
1878 0.109563878077
1880 0.109562401832
1882 0.109557345053
1884 0.109557323592
1886 0.109549223455
1888 0.109542830489
1890 0.109534538333
1892 0.109534515942
1894 0.109531962104
1896 0.109520902665
1898 0.109518203881
1900 0.109503860453
1902 0.10950259723
1904 0.109495148853
1906 0.109494934921
1908 0.109488045536
1910 0.109487619878
1912 0.109485432507
1914 0.109485431459
1916 0.109485153024
1918 0.10948515236
1920 0.109484243645
1922 0.109484240785
1924 0.109484210734
1926 0.109484189494
1928 0.109479065588
1930 0.1094780308
1932 0.109465875164
1934 0.10946504674
1936 0.109453107675
1938 0.109453103662
1940 0.109453103639
1942 0.109453099697
1944 0.109453099697
1946 0.109453097167
1948 0.109450434146
1950 0.109446673762
1952 0.109446195613
1954 0.109442893885
1956 0.109441936773
1958 0.10944149359
1960 0.10944149359
1962 0.109441413526
1964 0.109441413526
1966 0.109441265968
1968 0.109438193177
1970 0.109429445029
1972 0.109429138123
1974 0.109420575785
1976 0.109419134196
1978 0.109414949762
1980 0.109414877578
1982 0.109407889934
1984 0.109402058686
1986 0.109394873663
1988 0.109394859895
1990 0.109392278554
1992 0.109381468475
1994 0.109378811931
1996 0.109364795815
1998 0.109363541982
2000 0.109357078349
2002 0.109356865574
2004 0.109350893895
2006 0.10935046993
2008 0.109348319976
2010 0.109348319596
2012 0.109348047571
2014 0.109348047324
2016 0.109347152973
2018 0.109347152929
2020 0.109347137843
2022 0.109347127156
