20 2.2506414137
36 2.12717021916
38 2.12716018858
40 2.12715662705
42 2.12715039219
49 2.00266659906
75 1.88067514109
77 1.8806748613
87 1.88036750421
89 1.88036744808
115 1.76431244894
129 1.64134981205
155 1.63753588886
157 1.63753387115
161 1.63749481067
187 1.63543016229
213 1.53195923728
239 1.52872671641
265 1.51588912929
291 1.51220589955
317 1.50863388873
343 1.38718918874
369 1.38512719649
384 1.38434176072
410 1.38234110033
436 1.26030540545
462 1.24394068429
469 1.24379078351
495 1.22847733997
498 1.22845398276
524 1.10372104468
550 1.0196955607
552 1.01969484771
578 0.99654851598
580 0.996548046953
606 0.873074432314
632 0.750939354728
636 0.750901189137
640 0.750862046635
642 0.750857337059
655 0.626928699097
681 0.529815773349
683 0.529815605003
709 0.51270212648
711 0.51270202809
737 0.393163060795
760 0.390986393806
764 0.390945448727
766 0.390945448655
768 0.390944987524
770 0.390941179824
772 0.390940945967
774 0.390938549606
776 0.390937625963
780 0.39089283385
782 0.39089241454
784 0.390885374822
786 0.390885300853
788 0.390885290827
790 0.390882477102
792 0.390873089713
794 0.39087194571
796 0.390863264523
822 0.388067123848
848 0.386585566257
874 0.382928310597
876 0.382917134865
902 0.378706898149
928 0.374889639301
933 0.374834018481
959 0.372267458666
961 0.372257553919
987 0.369797281704
989 0.369795089887
1015 0.355432766121
1017 0.35542559311
1043 0.343899434243
1046 0.343874036972
1048 0.343870399159
1074 0.338658878172
1076 0.338658085863
1102 0.337448901765
1104 0.337442571435
1106 0.3374423202
1108 0.337439434685
1110 0.337436184701
1112 0.337434091726
1114 0.337433037177
1116 0.337430132839
1142 0.334302933228
1144 0.334302605334
1164 0.333873667771
1166 0.333872898648
1168 0.3338728362
1170 0.33386659907
1172 0.333856257285
1174 0.333855733033
1176 0.33385559979
1178 0.333853722136
1180 0.333853658636
1182 0.333852471805
1184 0.333851602156
1186 0.333843689881
1188 0.333843261465
1190 0.333838899088
1192 0.333838823102
1194 0.333838627094
1196 0.333837121479
1198 0.333829638217
1200 0.333829058144
1202 0.333822065757
1228 0.331174093119
1231 0.331149625929
1257 0.327285302641
1259 0.327279577479
1285 0.32300909331
1311 0.319111959131
1313 0.319102123373
1339 0.316170061028
1341 0.316160657439
1367 0.313341830826
1369 0.313334811393
1395 0.304410853811
1397 0.304405998295
1423 0.297863767816
1426 0.297837583327
1428 0.297834435385
1440 0.297658051282
1442 0.297656264712
1444 0.297644960051
1446 0.297634835762
1448 0.297634835229
1450 0.297633155344
1452 0.297631303839
1454 0.297630103594
1456 0.29762968602
1458 0.29762735722
1461 0.297603459209
1463 0.297603073617
1465 0.297593883117
1467 0.297593094816
1469 0.297593053087
1471 0.297588717172
1473 0.29758067782
1475 0.297579502895
1477 0.297579462922
1479 0.297578291904
1481 0.297578275169
1483 0.297577532152
1485 0.297576664913
1487 0.297571323254
1489 0.297570896336
1491 0.297568223635
1493 0.297568147469
1495 0.297567666796
1497 0.297566756409
1499 0.297560543127
1501 0.297560416848
1503 0.297554555572
1529 0.295225789486
1531 0.295217225904
1557 0.291605494587
1559 0.29160330911
1585 0.287744528956
1611 0.284060853403
1613 0.28405148473
1639 0.280977841644
1641 0.280969697213
1667 0.27802375546
1669 0.278011695648
1695 0.273292025735
1697 0.273288720124
1723 0.2700050693
1726 0.269979585985
1728 0.26997530246
1730 0.269963951399
1732 0.269962084811
1734 0.269951301982
1736 0.269939441272
1738 0.269939374074
1740 0.269938422434
1742 0.269937185938
1744 0.269936520306
1746 0.269936333987
1748 0.269934025861
1750 0.269923874535
1752 0.269923488078
1754 0.269915508976
1756 0.269914719352
1758 0.269914404133
1760 0.269911334016
1762 0.269904917719
1764 0.269903330451
1766 0.269903317591
1768 0.269902436589
1770 0.269902432467
1772 0.269901871916
1774 0.269901005864
1776 0.269897365116
1778 0.269896940217
1780 0.269895327584
1782 0.269895251437
1784 0.269894478725
1786 0.269893769675
1788 0.269888428916
1790 0.269888409061
1792 0.269883328715
1818 0.268111803623
1820 0.268105665251
1846 0.265072025821
1848 0.265071744977
1874 0.261900847193
1900 0.258704401951
1902 0.258695508856
1928 0.25574404219
1930 0.255737709196
1956 0.252922811339
1959 0.252894498158
1985 0.250602610603
1987 0.250598825856
2013 0.249048869382
2017 0.249010609165
2019 0.249004795955
2021 0.248994126836
2023 0.248992533039
2025 0.248982397273
2028 0.248961579336
2030 0.248961387164
2032 0.248960845645
2034 0.248959938565
2036 0.2489595707
2038 0.248959484582
2040 0.248957184945
2042 0.248948252613
2044 0.248947867695
2046 0.248940942373
2048 0.24894015409
2050 0.248939445311
2052 0.248937219665
2054 0.248931955318
2056 0.248930146521
2058 0.24893014186
2060 0.248929390905
2062 0.248929390045
2064 0.248928911417
2066 0.248928047141
2068 0.248925537718
2070 0.248925114825
2072 0.24892416167
2074 0.248924085629
2076 0.248923034421
2078 0.248922290004
2080 0.248917591272
2082 0.248917139052
2084 0.248912637523
2110 0.247743403614
2112 0.247738868859
2138 0.245392260628
2140 0.245392123079
2166 0.242958562811
2192 0.24043310194
2194 0.240424612313
2220 0.237817915196
2222 0.237813519976
2248 0.235334449778
2252 0.235289559313
2278 0.234218874959
2280 0.234214582367
2306 0.233502563969
2310 0.233462259197
2312 0.233452243272
2314 0.233442329266
2316 0.233441833381
2318 0.23343241544
2320 0.233422700281
2322 0.233422396417
2324 0.233422086274
2326 0.233421363652
2328 0.233421161273
2330 0.233421119553
2332 0.233418826684
2334 0.233410964021
2336 0.233410581277
2338 0.233404572615
2340 0.233403786601
2342 0.233402658889
2344 0.23340100389
2346 0.233396569102
2348 0.233394650728
2350 0.233394648708
2352 0.233393959997
2354 0.233393959888
2356 0.233393520515
2358 0.233392658532
2360 0.233390906129
2362 0.233390485211
2364 0.233389937577
2366 0.233389861708
2368 0.233388539044
2370 0.233387566213
2372 0.233383381056
2374 0.233382015473
2376 0.233377981608
2402 0.232708003099
2404 0.232704363478
2430 0.230989498895
2432 0.230988137775
2458 0.229198698424
2484 0.227386670669
2486 0.227378517202
2512 0.225238278307
2514 0.225235597062
2540 0.223195363009
2544 0.22315327884
2570 0.222662278502
2572 0.222658062011
2588 0.222456596527
2592 0.222418363847
2594 0.222407952576
2596 0.222398897168
2598 0.222398384816
2600 0.222389779708
2602 0.222379893148
2604 0.222379506457
2606 0.222379327302
2608 0.22237871223
2610 0.222378601627
2612 0.222378580219
2614 0.222376294166
2616 0.22236937018
2618 0.222368989732
2620 0.222363778396
2622 0.222362995048
2624 0.222361471262
2626 0.222360207195
2628 0.222356378215
2630 0.222354409798
2632 0.2223544087
2634 0.222353751489
2636 0.222353751489
2638 0.222353332009
2640 0.222352472713
2642 0.222351230405
2644 0.222350811436
2646 0.222350509119
2648 0.222350433474
2650 0.222348837886
2652 0.222347455999
2654 0.222343708199
2656 0.222341217687
2658 0.22233758657
2676 0.222114189131
2678 0.222110564971
2704 0.220866793866
2706 0.220863811688
2732 0.219545111383
2758 0.21836607811
2760 0.218358253317
2786 0.216702122259
2788 0.216700741349
2814 0.215106847861
2818 0.215067172724
2821 0.215042880953
2823 0.215039192148
2825 0.21502762659
2828 0.215002141247
2830 0.214991132165
2832 0.214983021551
2834 0.214982646039
2836 0.214974936374
2838 0.214965702328
2840 0.214965259578
2842 0.214965154916
2844 0.214964604538
2846 0.214964544672
2848 0.214964532914
2850 0.214962254167
2852 0.214956153978
2854 0.214955775812
2856 0.214951257929
2858 0.214950477476
2860 0.214948602163
2862 0.214947609781
2864 0.214944229106
2866 0.214942241031
2868 0.214942240282
2870 0.214941600051
2872 0.214941600013
2874 0.214941191282
2876 0.214940334972
2878 0.214939439113
2880 0.214939022071
2882 0.214938864698
2884 0.214938789316
2886 0.214936906742
2888 0.21493500656
2890 0.214931653776
2892 0.214928406898
2894 0.214925143636
2896 0.214918867472
2898 0.21491457798
2924 0.213994970765
2926 0.213990677889
2952 0.212994924541
2978 0.21229930708
2980 0.212291874043
3006 0.211062793575
3008 0.211062256158
3034 0.20985865694
3037 0.209834841691
3039 0.209823090681
3041 0.209820124129
3043 0.209808857081
3046 0.209786535826
3048 0.209775220927
3050 0.209767959915
3052 0.209767660673
3054 0.209760756063
3056 0.209751967929
3058 0.209751489554
3060 0.209751427505
3062 0.20975091704
3064 0.209750885089
3066 0.209750878134
3068 0.209748607255
3070 0.209743230166
3072 0.20974285424
3074 0.209738939401
3076 0.20973816202
3078 0.209735986734
3080 0.209735185959
3082 0.2097321412
3084 0.209730148678
3086 0.209730148063
3088 0.209729517798
3090 0.209729517701
3092 0.209729115305
3094 0.209728262215
3096 0.209727603783
3098 0.209727188656
3100 0.209727113912
3102 0.209727038826
3104 0.209724862014
3106 0.20972247018
3108 0.20971946997
3110 0.209716024221
3112 0.209713092286
3114 0.209710565438
3116 0.209705686561
3142 0.209042319497
3144 0.209036589077
3170 0.208295560224
3196 0.20792374672
3198 0.207916691415
3224 0.207024255985
3226 0.20702413773
3252 0.206129059767
3255 0.206105070753
3257 0.206093622459
3259 0.206091059546
3261 0.206080089522
3263 0.206068686886
3265 0.206057256981
3267 0.206050756424
3269 0.206050499708
3271 0.206044315617
3273 0.206035839241
3275 0.206035339595
3277 0.206035302108
3279 0.20603481679
3281 0.206034800086
3283 0.206034795653
3285 0.206032533172
3287 0.206027790892
3289 0.206027417164
3291 0.206024026647
3293 0.206023252489
3295 0.206020828058
3297 0.20602016441
3299 0.206017374296
3301 0.20601538486
3303 0.206015384287
3305 0.206014760558
3307 0.206014760407
3309 0.206014362187
3311 0.2060135125
3313 0.206013018415
3315 0.20601260519
3317 0.206012574885
3319 0.206012500119
3321 0.206010048494
3323 0.206007263202
3325 0.206004556058
3327 0.206000913292
3329 0.205998258689
3331 0.205997684092
3333 0.205992309328
3359 0.205524043051
3361 0.205516871873
3387 0.204971262257
3389 0.204963564547
3391 0.204957179204
3417 0.20426599143
3419 0.204265984749
3445 0.203562900815
3447 0.203551793521
3449 0.203540647866
3451 0.203538590115
3453 0.203527920775
3455 0.203517685172
3457 0.203506254501
3459 0.203500434508
3461 0.203500202936
3463 0.203494663673
3465 0.203486422509
3467 0.203485911239
3469 0.203485888046
3471 0.203485418881
3473 0.203485410415
3475 0.203485407385
3477 0.203483153774
3479 0.203478968891
3481 0.203478597325
3483 0.203475662574
3485 0.203474891776
3487 0.203472264576
3489 0.203471700486
3491 0.203469105523
3493 0.203467122869
3495 0.203467122295
3497 0.203466503406
3499 0.203466503207
3501 0.203466108099
3503 0.203465261955
3505 0.20346488285
3507 0.203464471519
3509 0.203464462667
3511 0.203464388241
3513 0.20346168313
3515 0.20345858622
3517 0.203456123986
3519 0.203452313216
3521 0.203449892072
3523 0.203449892062
3525 0.203444531768
3542 0.203239306942
3544 0.203231266918
3570 0.202809938732
3572 0.202805699557
3574 0.202799865004
3600 0.202274054848
3602 0.202274033542
3628 0.201728693331
3630 0.20171707328
3632 0.201706226177
3634 0.201704490738
3636 0.201694116348
3638 0.201684730488
3640 0.201673367797
3642 0.201668156846
3644 0.201667940838
3646 0.20166297868
3648 0.201654926975
3650 0.201654410396
3652 0.201654395619
3654 0.20165393704
3656 0.201653932949
3658 0.20165393075
3660 0.201651686425
3662 0.20164799108
3664 0.201647621647
3666 0.201645082967
3668 0.201644315651
3670 0.201641526159
3672 0.201641035355
3674 0.201638591518
3676 0.201636617442
3678 0.201636616845
3680 0.201636001952
3682 0.201636001709
3684 0.201635609184
3686 0.201634766691
3688 0.201634468938
3690 0.201634059491
3692 0.201634058613
3694 0.201633984542
3696 0.201631036337
3698 0.201627711082
3700 0.201625464717
3702 0.201621662538
3704 0.201619448509
3706 0.201619171853
3708 0.201613640753
3710 0.201603729024
3712 0.201595528781
3738 0.201240200678
3740 0.201238233357
3742 0.201232856433
3768 0.200839239222
3770 0.200839122031
3796 0.200420388631
3798 0.200408510728
3800 0.200397957255
3802 0.200396435517
3804 0.200386350004
3806 0.200377610238
3808 0.200366355923
3810 0.200361690002
3812 0.200361484191
3814 0.200357038544
3816 0.200349149131
3818 0.200348631294
3820 0.200348621545
3822 0.20034817007
3824 0.200348168242
3826 0.200348166567
3828 0.200345931894
3830 0.200342666596
3832 0.20034229927
3834 0.200340104683
3836 0.200339340961
3838 0.200336423514
3840 0.200335987369
3842 0.200333661755
3844 0.200331697113
3846 0.20033169648
3848 0.200331085155
3850 0.200331084872
3852 0.200330694664
3854 0.200329855906
3856 0.200329616392
3858 0.20032920882
3860 0.200329208321
3862 0.200329134616
3864 0.200325955839
3866 0.200322502959
3868 0.200320446667
3870 0.200316813661
3872 0.200314783085
3874 0.200314087944
3876 0.200308237101
3878 0.200300201714
3880 0.200291851388
3887 0.200217662648
3889 0.20021701275
3891 0.200212023502
3893 0.200200053821
3895 0.200199837752
3921 0.199838980501
3923 0.199826984641
3925 0.199816719168
3927 0.199815356955
3929 0.199805553898
3931 0.199797350234
3933 0.199786227711
3935 0.199782049532
3937 0.199781850836
3939 0.199777867482
3941 0.199770123953
3943 0.199769607418
3945 0.19976960072
3947 0.199769154157
3949 0.199769153445
3951 0.199769152122
3953 0.199766927417
3955 0.199764040005
3957 0.199763674763
3959 0.199761779007
3961 0.199761018981
3963 0.199758002145
3965 0.199757607274
3967 0.199755375079
3969 0.199753420257
3971 0.199753419581
3973 0.199752811603
3975 0.19975281128
3977 0.199752423251
3979 0.199751588289
3981 0.199751390961
3983 0.199750985254
3985 0.199750981131
3987 0.1997509078
3989 0.199747505266
3991 0.199744055866
3993 0.199742172178
3995 0.199738614952
3997 0.199736751462
3999 0.19973596068
4001 0.199729972833
4003 0.199722268504
4005 0.199714066096
4007 0.199701926538
4009 0.199701643268
4011 0.199697168632
4013 0.199687046133
4015 0.199686721339
4026 0.199562030923
4028 0.199550037276
4030 0.199540054102
4032 0.19953880965
4034 0.19952928273
4036 0.199521527217
4038 0.199510549838
4040 0.199506808163
4042 0.199506614786
4044 0.199503045232
4046 0.199495437503
4048 0.199494923855
4050 0.199494919043
4052 0.199494476007
4054 0.199494475798
4056 0.199494474727
4058 0.199492260272
4060 0.199489705027
4062 0.199489341852
4064 0.199487705528
4066 0.19948694929
4068 0.19948385653
4070 0.199483493192
4072 0.199481335596
4074 0.199479390757
4076 0.199479390033
4078 0.199478785282
4080 0.199478784918
4082 0.199478398998
4084 0.199477567877
4086 0.199477401478
4088 0.199476997628
4090 0.199476988028
4092 0.199476915078
4094 0.19947331956
4096 0.199469904327
4098 0.199468161605
4100 0.199464658197
4102 0.199462932291
4104 0.199462139801
4106 0.199456039486
4108 0.199448365736
4110 0.199440285662
4112 0.199428229852
4114 0.199428045421
4116 0.199424049239
4118 0.199414585291
4120 0.199414131508
4122 0.199402104619
4124 0.199390208427
4126 0.199380501717
4128 0.199379344038
4130 0.199370086942
4132 0.199362710819
4134 0.199351885961
4136 0.199348534954
4138 0.199348345828
4140 0.199345146701
4142 0.199337668371
4144 0.19933715857
4146 0.199337154945
4148 0.19933671456
4150 0.199336714534
4152 0.199336713653
4154 0.199334509697
4156 0.199332246538
4158 0.199331885413
4160 0.199330474231
4162 0.199329721867
4164 0.199326572268
4166 0.199326233289
4168 0.199324135921
4170 0.199322201119
4172 0.199322200344
4174 0.199321598753
4176 0.199321598348
4178 0.199321214496
4180 0.199320387249
4182 0.199320243785
4184 0.199319841786
4186 0.199319826104
4188 0.19931975354
4190 0.199315999501
4192 0.199312622942
4194 0.199310991726
4196 0.199307538374
4198 0.199305922524
4200 0.199305118476
4202 0.199298952289
4204 0.199291344303
4206 0.199283338941
4208 0.199271411106
4210 0.199271238287
4212 0.199267656904
4214 0.199258285793
4216 0.199257694296
4218 0.199245793542
4220 0.199234072226
4222 0.199224636047
4224 0.199223540816
4226 0.199214547245
4228 0.199207494099
4230 0.199196825584
4232 0.199193824242
4234 0.199193638725
4236 0.199190771218
4238 0.199183418041
4240 0.199182912646
4242 0.199182909781
4244 0.199182471491
4246 0.199182471487
4248 0.199182470757
4250 0.199180277523
4252 0.199178271306
4254 0.199177912219
4256 0.199176696334
4258 0.19917594792
4260 0.199172756897
4262 0.19917243694
4264 0.199170388774
4266 0.199168464009
4268 0.19916846318
4270 0.199167864709
4272 0.19916786426
4274 0.199167482452
4276 0.199166659103
4278 0.199166532826
4280 0.199166132668
4282 0.199166110995
4284 0.19916603882
4286 0.199162155868
4288 0.199158820235
4290 0.199157277795
4292 0.199153872478
4294 0.199152345383
4296 0.199151529665
4298 0.199145302579
4300 0.199137760046
4302 0.199129823759
4304 0.199118022602
4306 0.199117860872
4308 0.199114612955
4310 0.199105333468
4312 0.199104611278
4314 0.199092835547
4316 0.199081338401
4318 0.199072166735
4320 0.199071118225
4322 0.199062381892
4324 0.199055612981
4326 0.199045102515
4328 0.199042414154
4330 0.199042231847
4332 0.199039661244
4334 0.199032430219
4336 0.199031929534
4338 0.199031927164
4340 0.19903149062
4342 0.19903149056
4344 0.199031489953
4346 0.199029307638
4348 0.199027527542
4350 0.199027170479
4352 0.199026123925
4354 0.19902537953
4356 0.199022159466
4358 0.19902185452
4360 0.199019847062
4362 0.199017932306
4364 0.19901793142
4366 0.199017336038
4368 0.199017335545
4370 0.199016955764
4372 0.199016136327
4374 0.199016023054
4376 0.199015624732
4378 0.199015597512
4380 0.199015525729
4382 0.199011539007
4384 0.199008245391
4386 0.199006774047
4388 0.199003415542
4390 0.199001960594
4392 0.199001133111
4394 0.198994849769
4396 0.198987372346
4398 0.198979500002
4400 0.19896782421
4402 0.198967673063
4404 0.198964694862
4406 0.19895550581
4408 0.198954662908
4410 0.19894301104
4412 0.198931768361
4414 0.198922855165
4416 0.198921843056
4418 0.198913357717
4420 0.198906845767
4422 0.198896493788
4424 0.198894085589
4426 0.198893906239
4428 0.198891601476
4430 0.19888449033
4432 0.198883994501
4434 0.198883992455
4436 0.198883557433
4438 0.198883557287
4440 0.198883556783
4442 0.19888138556
4444 0.198879804553
4446 0.198879449501
4448 0.198878549687
4450 0.198877809372
4452 0.198874570176
4454 0.198874277202
4456 0.198872303883
4458 0.198870399097
4460 0.198870398154
4462 0.198869805836
4464 0.198869805298
4466 0.198869427531
4468 0.198868612014
4470 0.198868508665
4472 0.198868112171
4474 0.198868080006
4476 0.198868008616
4478 0.198863939287
4480 0.198860688172
4482 0.198859274079
4484 0.198855961568
4486 0.19885456573
4488 0.198853726404
4490 0.198847391139
4492 0.198839978453
4494 0.198832165374
4496 0.19882061363
4498 0.198820472573
4500 0.198817713782
4502 0.198808613998
4504 0.198807661717
4506 0.198796132522
4508 0.19878516188
4510 0.198776501123
4512 0.198775518553
4514 0.198767278026
4516 0.19876100326
4518 0.198750809442
4520 0.198748652041
4522 0.198748475479
4524 0.198746408764
4526 0.19873941564
4528 0.198738924711
4530 0.198738922878
4532 0.198738489241
4534 0.198738488997
4536 0.198738488582
4538 0.198736328601
4540 0.198734922968
4542 0.198734569915
4544 0.198733797193
4546 0.198733061012
4548 0.198729810591
4550 0.19872952727
4552 0.198727583002
4554 0.198725688139
4556 0.198725687137
4558 0.198725097864
4560 0.198725097278
4562 0.198724721514
4564 0.198723909921
4566 0.198723814203
4568 0.198723419529
4570 0.198723383059
4572 0.198723312063
4574 0.19871917782
4576 0.198715969368
4578 0.19871460162
4580 0.198711334492
4582 0.198709987473
4584 0.198709136241
4586 0.198702753093
4588 0.19869540475
4590 0.198687646673
4592 0.198676217649
4594 0.198676086208
4596 0.198673506867
4598 0.198664495205
4600 0.198663445206
4602 0.198652037467
4604 0.198641347961
4606 0.198632933653
4608 0.198631975996
4610 0.198623974178
4612 0.198617921745
4614 0.198607885297
4616 0.198605952422
4618 0.19860577853
4620 0.198603924993
4622 0.198597048276
4624 0.198596562229
4626 0.198596560534
4628 0.198596128195
4630 0.198596127856
4632 0.198596127517
4634 0.198593978911
4636 0.198592727843
4638 0.198592376777
4640 0.198591714063
4642 0.198590982064
4644 0.198587726713
4646 0.198587451264
4648 0.198585532094
4650 0.198583647103
4652 0.198583646041
4654 0.198583059794
4656 0.198583059158
4658 0.198582685388
4660 0.198581877716
4662 0.198581787904
4664 0.198581395042
4666 0.198581354886
4668 0.198581284284
4670 0.198577099837
4672 0.198573934037
4674 0.198572603994
4676 0.198569381747
4678 0.198568075381
4680 0.198567212191
4682 0.198560784927
4684 0.198553500512
4686 0.198545793549
4688 0.198534485918
4690 0.198534363631
4692 0.1985319318
4694 0.19852300714
4696 0.198521870767
4698 0.198510583251
4700 0.198500178375
4702 0.198492004588
4704 0.198491068676
4706 0.198483299555
4708 0.198477457863
4710 0.198467577705
4712 0.19846584585
4714 0.198465674538
4716 0.198464011926
4718 0.198457250136
4720 0.198456768916
4722 0.198456767307
4724 0.198456336212
4726 0.198456335782
4728 0.198456335509
4730 0.198454198394
4732 0.198453083625
4734 0.198452734535
4736 0.198452166977
4738 0.198451439203
4740 0.198448183925
4742 0.198447914973
4744 0.198446017826
4746 0.198444142657
4748 0.198444141533
4750 0.198443558294
4752 0.198443557607
4754 0.19844318582
4756 0.198442382065
4758 0.198442296848
4760 0.198441905791
4762 0.198441862513
4764 0.198441792304
4766 0.198437569835
4768 0.19843444657
4770 0.198433147357
4772 0.19842996955
4774 0.198428697327
4776 0.198427822139
4778 0.198421354273
4780 0.198414133352
4782 0.198406473959
4784 0.198395286392
4786 0.198395172813
4788 0.198392862812
4790 0.198384024052
4792 0.198382811968
4794 0.198371643433
4796 0.198361522991
4798 0.198353583869
4800 0.198352667498
4802 0.198345125155
4804 0.198339484784
4806 0.198329759653
4808 0.198328207783
4810 0.198328038982
4812 0.198326547381
4814 0.19831989911
4816 0.19831942264
4818 0.198319421082
4820 0.198318991198
4822 0.198318990684
4824 0.198318990469
4826 0.198316864945
4828 0.19831587044
4830 0.198315523314
4832 0.198315038007
4834 0.198314314493
4836 0.198311063259
4838 0.198310799738
4840 0.198308922218
4842 0.198307056821
4844 0.198307055633
4846 0.198306475383
4848 0.198306474645
4850 0.198306104832
4852 0.198305304986
4854 0.19830522336
4856 0.1983048341
4858 0.198304788197
4860 0.198304718381
4862 0.198300467942
4864 0.198297387035
4866 0.19829611316
4868 0.198292979382
4870 0.198291736093
4872 0.198290848879
4874 0.198284343681
4876 0.19827718581
4878 0.198269570752
4880 0.198258501922
4882 0.198258396619
4884 0.198256187686
4886 0.198247433747
4888 0.198246155737
4890 0.198235104935
4892 0.198225266326
4894 0.198217556094
4896 0.198216657693
4898 0.198209336313
4900 0.198203889302
4902 0.198194317813
4904 0.198192927108
4906 0.198192760759
4908 0.198191422346
4910 0.198184886227
4912 0.198184414419
4914 0.198184412884
4916 0.198183984192
4918 0.198183983601
4920 0.198183983435
4922 0.198181869587
4924 0.198180981264
4926 0.198180636091
4928 0.198180221822
4930 0.198179502601
4932 0.198176258561
4934 0.198175999639
4936 0.198174139878
4938 0.1981722842
4940 0.198172282948
4942 0.198171705671
4944 0.198171704879
4946 0.19817133703
4948 0.198170541085
4950 0.198170462274
4952 0.198170074803
4954 0.198170026704
4956 0.19816995728
4958 0.198165687143
4960 0.198162648377
4962 0.198161395438
4964 0.198158305298
4966 0.198157086759
4968 0.1981561875
4970 0.19814964802
4972 0.198142552737
4974 0.198134979065
4976 0.198124027648
4978 0.198123930204
4980 0.198121805467
4982 0.198113135291
4984 0.198111800184
4986 0.198100865864
4988 0.198091304933
4990 0.198083817904
4992 0.198082936324
4994 0.198075830193
4996 0.198070569576
4998 0.198061150264
5000 0.198059903879
5002 0.19805973993
5004 0.198058538755
5006 0.19805211344
5008 0.198051646199
5010 0.19805164467
5012 0.198051217159
5014 0.198051216496
5016 0.198051216372
5018 0.198049114273
5020 0.198048319758
5022 0.198047976527
5024 0.198047623559
5026 0.198046908659
5028 0.198043674307
5030 0.198043419336
5032 0.198041575873
5034 0.198039729864
5036 0.198039728546
5038 0.198039154224
5040 0.198039153377
5042 0.198038787482
5044 0.198037995426
5046 0.198037918829
5048 0.198037533139
5050 0.198037483208
5052 0.198037414175
5054 0.198033131133
5056 0.198030134261
5058 0.19802889872
5060 0.19802585184
5062 0.198024654679
5064 0.198023743365
5066 0.198017172444
5068 0.19801013928
5070 0.198002604301
5072 0.197991768981
5074 0.197991678991
5076 0.197989624679
5078 0.197981037228
5080 0.197979652891
5082 0.197968833805
5084 0.197959545409
5086 0.197952275991
5088 0.197951410364
5090 0.197944513876
5092 0.197939433372
5094 0.197930164715
5096 0.197929047577
5098 0.19792888598
5100 0.197927807767
5102 0.197921491915
5104 0.197921029145
5106 0.197921027607
5108 0.19792060127
5110 0.19792060054
5112 0.197920600451
5114 0.197918510163
5116 0.197917798583
5118 0.197917457282
5120 0.197917157162
5122 0.197916446605
5124 0.197913223916
5126 0.197912972386
5128 0.197911144079
5130 0.197909307687
5132 0.197909306303
5134 0.197908734919
5136 0.197908734015
5138 0.197908370067
5140 0.197907581887
5142 0.197907507032
5144 0.197907123115
5146 0.197907071658
5148 0.197907003015
5150 0.197902712634
5152 0.197899757388
5154 0.197898536396
5156 0.197895532404
5158 0.197894353897
5160 0.197893430527
5162 0.19788683081
5164 0.197879859287
5166 0.197872360546
5168 0.197861640011
5170 0.197861557083
5172 0.197859561908
5174 0.197851056163
5176 0.19784962954
5178 0.197838924442
5180 0.197829902833
5182 0.197822845528
5184 0.197821995173
5186 0.197815302832
5188 0.197810396649
5190 0.197801277078
5192 0.197800275697
5194 0.197800116407
5196 0.197799148378
5198 0.197792940652
5200 0.197792482258
5202 0.197792480699
5204 0.197792055534
5206 0.19779205474
5208 0.197792054681
5210 0.197789976254
5212 0.197789338047
5214 0.197788998666
5216 0.197788744059
5218 0.197788037863
5220 0.197784828399
5222 0.197784579909
5224 0.197782765863
5226 0.197780939038
5228 0.197780937586
5230 0.197780369123
5232 0.197780368161
5234 0.19778000615
5236 0.197779221833
5238 0.19777914835
5240 0.197778766199
5242 0.19777871347
5244 0.197778645215
5246 0.19777435205
5248 0.197771438148
5250 0.197770229405
5252 0.197767267935
5254 0.197766105875
5256 0.197765170456
5258 0.197758544409
5260 0.19775163404
5262 0.197744169297
5264 0.197733562242
5266 0.197733485999
5268 0.197731540674
5270 0.197723115634
5272 0.197721652812
5274 0.197711060463
5276 0.197702299533
5278 0.19769544894
5280 0.197694613308
5282 0.197688119723
5284 0.197683382422
5286 0.197674410338
5288 0.197673512639
5290 0.197673355614
5292 0.19767248633
5294 0.197666385391
5296 0.197665931277
5298 0.19766592969
5300 0.197665505695
5302 0.19766550484
5304 0.197665504803
5306 0.197663438278
5308 0.197662865036
5310 0.197662527563
5312 0.197662312105
5314 0.197661610286
5316 0.19765841528
5318 0.197658169513
5320 0.197656369026
5322 0.197654551717
5324 0.197654550197
5326 0.197653984637
5328 0.197653983617
5330 0.197653623533
5332 0.197652843064
5334 0.197652770663
5336 0.19765239027
5338 0.197652336478
5340 0.197652268611
5342 0.197647976381
5344 0.197645103527
5346 0.197643905175
5348 0.197640985862
5350 0.197639838459
5352 0.197638891004
5354 0.197632240924
5356 0.197625391216
5358 0.197617958427
5360 0.197607463558
5362 0.197607393635
5364 0.197605490494
5366 0.197597145176
5368 0.197595651461
5370 0.197585170627
5372 0.197576664078
5374 0.197570014897
5376 0.197569193521
5378 0.197562893414
5380 0.197558319825
5382 0.197549493601
5384 0.197548688778
5386 0.197548533977
5388 0.197547753196
5390 0.197541757704
5392 0.19754130778
5394 0.197541306159
5396 0.197540883334
5398 0.19754088242
5400 0.1975408824
5402 0.197538827808
5404 0.19753831213
5406 0.197537976554
5408 0.197537794729
5410 0.197537097299
5412 0.197533917721
5414 0.197533674427
5416 0.197531886945
5418 0.197530079102
5420 0.197530077512
5422 0.19752951484
5424 0.197529513759
5426 0.197529155593
5428 0.197528378957
5430 0.197528307408
5432 0.197527928764
5434 0.197527874084
5436 0.197527806601
5438 0.197523518342
5440 0.197520686232
5442 0.197519496767
5444 0.19751661925
5446 0.197515485046
5448 0.197514525575
5450 0.197507853602
5452 0.197501064058
5454 0.19749366136
5456 0.197483277388
5458 0.197483213432
5460 0.197481346133
5462 0.197473079571
5464 0.197471559566
5466 0.197461189025
5468 0.197452930479
5470 0.197446477509
5472 0.197445669984
5474 0.197439558184
5476 0.197435143348
5478 0.197426461337
5480 0.197425739716
5482 0.1974255871
5484 0.197424885654
5486 0.197418994266
5488 0.197418548444
5490 0.197418546783
5492 0.197418125127
5494 0.197418124156
5496 0.197418124148
5498 0.197416081512
5500 0.197415616881
5502 0.197415283192
5504 0.197415130219
5506 0.197414437186
5508 0.197411273802
5510 0.19741103278
5512 0.197409257866
5514 0.19740745944
5516 0.197407457778
5518 0.197406897978
5520 0.197406896835
5522 0.197406540579
5524 0.197405767761
5526 0.19740569688
5528 0.197405319979
5530 0.197405264552
5532 0.197405197453
5534 0.197400915637
5536 0.197398123956
5538 0.197396942161
5540 0.197394106079
5542 0.197392983884
5544 0.197392012424
5546 0.197385320552
5548 0.197378590671
5550 0.197371216364
5552 0.197360942015
5554 0.197360883683
5556 0.197359046961
5558 0.197350858208
5560 0.197349315896
5562 0.197339054432
5564 0.197331037505
5566 0.197324775645
5568 0.197323981606
5570 0.197318053052
5572 0.197313792184
5574 0.197305252721
5576 0.197304605641
5578 0.197304455172
5580 0.197303824852
5582 0.197298036223
5584 0.197297594417
5586 0.197297592713
5588 0.197297172227
5590 0.197297171199
5592 0.197297171198
5594 0.197295140534
5596 0.19729472121
5598 0.197294389397
5600 0.197294261137
5602 0.197293572506
5604 0.197290425914
5606 0.197290187004
5608 0.197288424312
