12 2.25032804367
38 2.20451631581
40 2.20451628511
66 2.17648447207
68 2.17648388407
81 2.05351808208
107 1.93068657794
109 1.93068281493
111 1.93067321268
113 1.93066803899
139 1.80967758192
156 1.68677446556
166 1.6865093928
168 1.68650488398
170 1.68649702773
196 1.58987619244
204 1.46683109424
230 1.45086645387
232 1.4508656149
258 1.4486393997
284 1.37855552869
296 1.25528922437
322 1.22766936245
324 1.22766814239
350 1.21833066668
361 1.09421239862
373 0.97016331926
375 0.970162688677
377 0.970160544154
379 0.970160325402
396 0.846692448362
422 0.727473077096
425 0.727450058304
447 0.725731564191
449 0.725726172128
475 0.710909481477
501 0.616160872047
527 0.600980096941
553 0.583435455114
579 0.570016470908
594 0.446688776264
620 0.349534809802
622 0.349528373718
648 0.332783010314
650 0.332778965408
676 0.223291790171
702 0.213155415866
724 0.212395942731
726 0.21239434414
752 0.197554731438
754 0.197554074351
780 0.189814402949
782 0.189811552295
784 0.189811362769
786 0.189811220842
788 0.189809677878
790 0.189809579905
792 0.189804247672
794 0.189801097326
796 0.18979247563
798 0.189786811436
800 0.189785782382
802 0.18978126404
804 0.189779000696
806 0.189770832454
820 0.189538585461
823 0.189513457924
825 0.189503270104
851 0.187675385955
853 0.187674584571
879 0.186332978258
881 0.186331770077
903 0.185953842006
905 0.185953705665
907 0.185953429115
909 0.185953406435
911 0.185953298643
913 0.185953290608
915 0.18595240312
920 0.185901012167
922 0.18589790945
924 0.185886971289
926 0.185884490579
952 0.176318367766
978 0.173456295651
1004 0.165206807431
1015 0.165046456205
1041 0.158294240999
1043 0.158294226152
1069 0.156598313632
1071 0.156597021379
1081 0.156456504959
1083 0.156455006751
1085 0.15644406166
1087 0.156435623836
1089 0.156428520028
1091 0.156425976877
1117 0.152526538537
1119 0.152525861613
1145 0.150600182919
1147 0.150596793634
1149 0.150594610224
1151 0.150594516164
1153 0.150593782445
1155 0.150593718196
1157 0.150588564638
1159 0.150587350619
1161 0.150583385958
1163 0.150580220986
1165 0.15058018179
1167 0.150577651575
1169 0.150577343613
1171 0.150574744702
1173 0.150564635302
1175 0.150554207235
1177 0.150544916637
1179 0.150544916448
1181 0.15054379322
1183 0.150532819334
1185 0.150531696901
1187 0.150521413803
1189 0.150521398608
1191 0.150521357017
1193 0.150521357004
1195 0.150521340418
1197 0.150521340413
1199 0.150519186766
1202 0.150495206978
1204 0.150493369888
1206 0.150483381991
1208 0.150481766829
1234 0.147251655238
1237 0.147228319572
1263 0.143812834005
1265 0.1438105961
1291 0.140990870865
1293 0.140990497089
1295 0.14098056877
1297 0.140980132143
1299 0.140970462366
1301 0.140969676421
1303 0.140961342771
1305 0.140955099192
1307 0.14094991146
1309 0.140946196713
1335 0.139999900108
1337 0.139999405756
1363 0.139539141435
1365 0.139535805752
1367 0.139531851221
1369 0.139531793805
1371 0.139531392181
1373 0.139531353643
1375 0.139526497881
1377 0.13952611163
1379 0.139523998619
1381 0.139522176899
1383 0.139522132045
1385 0.139520672948
1387 0.139520110123
1389 0.139513721945
1391 0.139504783058
1393 0.139496727786
1395 0.139488579817
1397 0.139488565786
1399 0.139487443958
1401 0.139477293594
1403 0.139476165268
1405 0.139466729631
1407 0.139466724521
1409 0.139466718382
1411 0.13946671763
1413 0.139466715016
1415 0.139466714756
1417 0.139463829991
1420 0.139441858067
1422 0.139440481533
1424 0.139433676365
1426 0.139432389042
1452 0.138603857078
1454 0.138598108446
1480 0.137304744512
1482 0.137304568549
1508 0.136150578363
1510 0.13614986759
1512 0.136141413948
1514 0.136141184506
1516 0.136132909312
1518 0.13613235057
1520 0.136125986662
1522 0.136121372982
1524 0.136117598581
1526 0.136113129386
1530 0.13607807321
1532 0.136077772519
1534 0.136066774427
1536 0.136063872968
1538 0.136058946466
1540 0.136058916693
1542 0.136058718386
1544 0.136058699032
1546 0.136054497491
1548 0.136054418784
1550 0.136053097986
1552 0.136052006231
1554 0.136051808054
1556 0.136050932137
1558 0.136050067503
1560 0.136042763442
1562 0.136034814912
1564 0.136027158212
1566 0.136019973378
1568 0.136019914237
1570 0.136018791137
1572 0.136009383381
1574 0.136008251743
1576 0.135999579713
1578 0.135999576049
1580 0.135999575197
1582 0.135999574037
1584 0.135999573601
1586 0.1359995732
1588 0.135996291332
1590 0.135986641629
1592 0.135985477249
1594 0.135980507639
1596 0.135979374667
1598 0.135973034161
1600 0.135968933898
1626 0.135384379873
1628 0.135384379183
1654 0.134804763874
1656 0.134803898533
1658 0.134796697667
1660 0.134796535063
1662 0.13478944871
1664 0.134788978858
1666 0.134784103297
1668 0.134780699625
1670 0.134777965761
1672 0.134773311484
1674 0.134762527527
1676 0.134762279216
1678 0.134751849542
1680 0.134749101913
1682 0.134743983563
1684 0.134743968094
1686 0.134743826437
1688 0.134743816837
1690 0.134739913871
1692 0.134739912402
1694 0.134738957183
1696 0.134738271128
1698 0.134737936936
1700 0.134737385736
1702 0.134736196128
1704 0.134728692392
1706 0.134721578561
1708 0.134713988134
1710 0.134707616815
1712 0.134707487264
1714 0.134706362293
1716 0.134697623623
1718 0.134696489971
1720 0.134688506453
1722 0.134688503067
1724 0.134688502969
1726 0.134688501707
1728 0.134688501623
1730 0.134688501189
1732 0.134685002452
1734 0.134677089818
1736 0.134676036089
1738 0.134672488999
1740 0.134671436878
1742 0.134670873053
1744 0.134667758866
1747 0.134644641866
1749 0.134644608129
1775 0.134256000881
1777 0.134255076385
1779 0.134248941109
1781 0.134248805475
1783 0.134242733558
1785 0.134242305951
1787 0.134238556937
1789 0.134236050737
1791 0.134234081063
1793 0.134229465019
1795 0.134219232637
1797 0.13421900019
1799 0.134209110662
1801 0.13420644579
1803 0.134201407571
1805 0.134201399465
1807 0.134201278003
1809 0.134201273291
1811 0.134197552621
1813 0.134197534701
1815 0.134196759229
1817 0.134196304491
1819 0.134195877037
1821 0.134195511323
1823 0.134193988794
1825 0.134186428629
1827 0.134180019596
1829 0.134172436896
1831 0.134166754735
1833 0.13416653477
1835 0.134165408042
1837 0.134157272652
1839 0.134156137797
1841 0.134148775717
1843 0.13414877239
1845 0.134148772386
1847 0.134148771097
1849 0.134148771075
1851 0.134148770635
1853 0.13414516031
1855 0.134138907705
1857 0.134137917912
1859 0.134135381461
1861 0.134134375879
1863 0.134134375779
1865 0.134131709254
1867 0.134124724727
1869 0.134124631048
1874 0.134077290905
1876 0.134076348994
1878 0.134071120994
1880 0.13407099848
1882 0.134065793049
1884 0.134065390546
1886 0.134062495802
1888 0.134060654504
1890 0.134059244385
1892 0.134054719278
1894 0.134045011273
1896 0.134044786785
1898 0.13403541022
1900 0.134032811379
1902 0.134027932872
1904 0.134027928581
1906 0.134027817518
1908 0.134027815242
1910 0.134024239891
1912 0.134024174174
1914 0.134023491173
1916 0.134023172059
1918 0.134022686371
1920 0.134022429615
1922 0.134020576528
1924 0.134012990123
1926 0.134007177945
1928 0.133999594147
1930 0.133994497685
1932 0.13399417181
1934 0.133993043686
1936 0.133985452796
1938 0.13398431734
1940 0.13397751677
1942 0.133977513456
1944 0.133977513455
1946 0.133977512157
1948 0.133977512148
1950 0.133977511708
1952 0.133973849309
1954 0.133968969512
1956 0.133968020317
1958 0.133966264478
1960 0.133965288985
1962 0.133965273076
1964 0.133962789505
1966 0.133956409117
1968 0.133956276496
1970 0.133944980739
1972 0.133944046064
1974 0.133939590869
1976 0.133939474496
1978 0.133935009581
1980 0.133934623077
1982 0.133932377483
1984 0.13393102814
1986 0.133930026271
1988 0.133925603
1990 0.133916393264
1992 0.133916174877
1994 0.133907285362
1996 0.133904748056
1998 0.133900048969
2000 0.133900046668
2002 0.133899943023
2004 0.13389994195
2006 0.133896498227
2008 0.133896380217
2010 0.133895746103
2012 0.133895508843
2014 0.133894988349
2016 0.13389479749
2018 0.133892623309
2020 0.133885019309
2022 0.133879714137
2024 0.133872129494
2026 0.133867532493
2028 0.133867089025
2030 0.133865959951
2032 0.133858861041
2034 0.13385772549
2036 0.133851432853
2038 0.133851429542
2040 0.133851429537
2042 0.133851428233
2044 0.133851428228
2046 0.133851427788
2048 0.133847758958
2050 0.133843934764
2052 0.133843008967
2054 0.133841815462
2056 0.13384085782
2058 0.133840829825
2060 0.133838486988
2062 0.133832311412
2064 0.133832142118
2066 0.133821120919
2068 0.133820203304
2070 0.13381640663
2072 0.133816293668
2074 0.133812461969
2076 0.133812087699
2078 0.133810336541
2080 0.133809350638
2082 0.133808645349
2084 0.133804325173
2086 0.133795588799
2088 0.133795376007
2090 0.133786948883
2092 0.133784471382
2094 0.133779953382
2096 0.133779952128
2098 0.13377985484
2100 0.133779854352
2102 0.133776535527
2104 0.13377637102
2106 0.133775763071
2108 0.133775576638
2110 0.133775035826
2112 0.133774885984
2114 0.13377240497
2116 0.13376478776
2118 0.133759914565
2120 0.133752330863
2122 0.133748161262
2124 0.133747591736
2126 0.13374646217
2128 0.133739808262
2130 0.133738673065
2132 0.13373284041
2134 0.1337328371
2136 0.133732837092
2138 0.133732835783
2140 0.133732835778
2142 0.13373283534
2144 0.133729182661
2146 0.13372616443
2148 0.133725253901
2150 0.133724458129
2152 0.133723512764
2154 0.13372346966
2156 0.133721253243
2158 0.133715274675
2160 0.133715067376
2162 0.133704311973
2164 0.133703414553
2166 0.133700179191
2168 0.13370006865
2170 0.133696778702
2172 0.133696415149
2174 0.133695041574
2176 0.1336943237
2178 0.133693832746
