26    2.09547110138
52    1.93077216107
78    1.8962418209
104    1.88771352721
107    1.88769924769
133    1.83397527062
159    1.77749713565
185    1.61788397921
211    1.50798886302
229    1.38429409807
252    1.38259031091
278    1.33155390174
304    1.28947039506
330    1.17469892237
351    1.05279405625
358    0.928244503144
384    0.914604962842
395    0.79135087478
421    0.783528997076
432    0.658026732056
458    0.498800450125
484    0.476309450128
510    0.441791046806
536    0.425202673714
562    0.413053216384
588    0.403276041702
614    0.396217340099
616    0.396210099865
642    0.391032326561
668    0.377182880058
694    0.357207825812
714    0.356652983749
716    0.356651081203
718    0.356650203174
744    0.350962207855
770    0.343937198199
796    0.335912790137
798    0.335912790023
800    0.335912776397
813    0.335750349441
815    0.335750348342
841    0.334741214926
843    0.334733295691
869    0.303863340963
895    0.296844052256
921    0.287245158594
947    0.279240761483
973    0.272976456856
999    0.269713045748
1025    0.266257612823
1027    0.266254370925
1053    0.265365646128
1079    0.258629768549
1105    0.247305357847
1107    0.247301392358
1109    0.247301334359
1111    0.24730132062
1137    0.246368571131
1163    0.242866047871
1189    0.239755564168
1191    0.239755563433
1193    0.239755558192
1195    0.239752446386
1197    0.239752446385
1211    0.239590168421
1213    0.239582791571
1239    0.225811707338
1265    0.221526149016
1291    0.216364979245
1317    0.212336835562
1343    0.209434683135
1369    0.208127425682
1395    0.206524275095
1397    0.20652276304
1417    0.206281254329
1443    0.202648678782
1469    0.195490048488
1471    0.195489002027
1473    0.195488990051
1475    0.195488985602
1495    0.195256147706
1521    0.193226006463
1547    0.191699549815
1549    0.191699549563
1551    0.191699546916
1553    0.191698656538
1555    0.191698656538
1557    0.19169027969
1559    0.191683511994
1585    0.181619479343
1611    0.178039066037
1637    0.173319825364
1663    0.171533832551
1689    0.170289243951
1715    0.169640450318
1741    0.168915221382
1743    0.168914400339
1745    0.168905665741
1771    0.16665861776
1797    0.162132388341
1799    0.162132054713
1801    0.162132049241
1803    0.162132040793
1805    0.162124041359
1831    0.160949776964
1857    0.160122558087
1859    0.160122557888
1861    0.160122556525
1863    0.160122289341
1865    0.160122289341
1867    0.160114062918
1869    0.16010789403
1895    0.151097234795
1921    0.148045550177
1947    0.143230183674
1973    0.142490513939
1999    0.141964682818
2025    0.141566392257
2051    0.141243942988
2053    0.141243407654
2055    0.141237511416
2081    0.139507988487
2107    0.136640292323
2109    0.136640155354
2111    0.136640151221
2113    0.136640144211
2115    0.136634868982
2141    0.135957407967
2167    0.135493998806
2169    0.13549399865
2171    0.135493998122
2173    0.135493920245
2175    0.135493920244
2177    0.135485907872
2179    0.135480297392
2205    0.127666389725
2231    0.125251791065
2257    0.120894049837
2283    0.120595329523
2296    0.120477074191
2317    0.120229100646
2319    0.120222573791
2321    0.120222294787
2323    0.120217902871
2349    0.118608324549
2375    0.116718409402
2377    0.116718348162
2379    0.116718345042
2381    0.116718340958
2383    0.116715226051
2409    0.116327181778
2428    0.116130677213
2430    0.116130677091
2432    0.116130677016
2434    0.116130641113
2436    0.116130641112
2438    0.116123017441
2440    0.116117930167
2466    0.110067675816
2492    0.108315843869
2518    0.104937005429
2520    0.104929684815
2522    0.104920989486
2540    0.104723189342
2542    0.104719653617
2544    0.104719450123
2546    0.104716626102
2572    0.103057440572
2598    0.101783671785
2600    0.101783640142
2602    0.101783637728
2604    0.101783634124
2606    0.101781697835
2618    0.101672963336
2620    0.101664168995
2622    0.101664168903
2624    0.101664168877
2626    0.101664125445
2628    0.101664125443
2630    0.101657029095
2632    0.101652430286
2658    0.0974409624426
2684    0.0962567812849
2710    0.0939438289557
2712    0.0939367543987
2714    0.0939281198074
2730    0.0937545173636
2732    0.0937529331766
2734    0.0937527651831
2736    0.0937509701294
2762    0.0919951626091
2788    0.0911161778764
2790    0.0911161553224
2792    0.091116154611
2794    0.0911161520028
2796    0.0911145172814
2798    0.0911059267677
2800    0.0910973334785
2802    0.0910973334057
2804    0.0910973331109
2806    0.0910972831574
2808    0.0910972831558
2810    0.0910906746814
2812    0.0910865213021
2838    0.0883589498244
2864    0.0875971466513
2890    0.0861425706514
2892    0.0861357266991
2894    0.0861270810625
2910    0.0859563114232
2912    0.0859557962652
2914    0.0859556257902
2916    0.0859544379938
2942    0.0841233417348
2968    0.0834996812317
2970    0.0834996618597
2972    0.0834996611862
2974    0.0834996594052
2976    0.0834981147198
2978    0.0834897675884
2980    0.0834813698535
2982    0.0834813697939
2984    0.0834813690541
2986    0.0834813136038
2988    0.0834813136022
2990    0.0834751538776
2992    0.0834713960318
3018    0.0817738484699
3044    0.0812993264449
3070    0.0804316127777
3072    0.0804249844822
3074    0.0804162693187
3088    0.0802699596643
3090    0.0802698955534
3092    0.0802697607899
3094    0.0802689688589
3120    0.0784355457819
3146    0.0779780663631
3148    0.0779780495643
3150    0.07797804891
3152    0.0779780479556
3154    0.0779765866043
3156    0.0779684665586
3158    0.0779602594456
3160    0.0779602593956
3162    0.0779602581497
3164    0.0779601982388
3166    0.0779601982366
3168    0.0779544521397
3170    0.0779510398077
3196    0.0769126039497
3222    0.0766317650854
3248    0.0761297989285
3250    0.0761233736148
3252    0.0761145693002
3265    0.0759841136489
3267    0.0759840926428
3269    0.0759839766191
3271    0.0759834277912
3297    0.0742274875289
3323    0.0738777388377
3325    0.0738777241775
3327    0.0738777235323
3329    0.0738777231214
3331    0.0738763390145
3333    0.0738684325872
3335    0.0738604115638
3337    0.073860411521
3339    0.0738604098012
3341    0.073860346426
3343    0.073860346424
3345    0.0738549822871
3347    0.0738518703275
3373    0.0732184301538
3376    0.0732007624368
3402    0.0729126776999
3404    0.0729064453176
3406    0.0728975485367
3416    0.0728031696415
3418    0.0728029297968
3420    0.0728028596004
3422    0.0728024833123
3448    0.0711991093913
3474    0.0709177485573
3476    0.0709177357007
3478    0.0709177350604
3480    0.0709177349507
3482    0.0709164225404
3484    0.0709087188569
3486    0.0709008796603
3488    0.070900879623
3490    0.0709008779646
3492    0.0709008120501
3494    0.0709008120479
3496    0.0708958011957
3498    0.0708929426114
3524    0.0705036769377
3526    0.0704949590555
3528    0.0704877027523
3530    0.0704816568456
3532    0.0704727106661
3540    0.0704034296862
3542    0.070402806692
3544    0.0704027619614
3546    0.0704024948539
3572    0.0689974815624
3591    0.068827871169
3593    0.0688278598123
3595    0.0688278591733
3597    0.0688278591494
3599    0.0688266134034
3601    0.0688190959613
3603    0.0688114345105
3605    0.0688114344776
3607    0.0688114328373
3609    0.0688113652199
3611    0.0688113652177
3613    0.0688066815885
3615    0.0688040245227
3641    0.0685253999948
3643    0.0685167017374
3645    0.0685112250619
3647    0.0685053615525
3649    0.0684964152257
3654    0.0684594170261
3656    0.068458452249
3658    0.068458433823
3660    0.0684582607072
3686    0.0672704173319
3688    0.0672614086869
3690    0.0672613985201
3692    0.0672613978802
3694    0.067261397869
3696    0.0672602142382
3698    0.0672528618216
3700    0.0672453741345
3702    0.067245374105
3704    0.0672453724177
3706    0.0672453038384
3708    0.0672453038361
3710    0.0672409236826
3712    0.0672384655522
3714    0.0672294727949
3716    0.0672214843791
3718    0.0672161304201
3720    0.0672104473159
3722    0.0672015711658
3724    0.0671929620913
3726    0.067191939188
3728    0.0671919351539
3730    0.0671918575407
3756    0.0662137048899
3758    0.0662047279132
3760    0.0662047187508
3762    0.06620471811
3764    0.0662047181054
3766    0.0662035923968
3768    0.0661964009672
3770    0.0661890832678
3772    0.0661890832414
3774    0.0661890814872
3776    0.0661890125894
3778    0.0661890125873
3780    0.066184914197
3782    0.0661826481383
3784    0.0661738010798
3786    0.066166080335
3788    0.0661608462646
3790    0.0661553423532
3792    0.0661466038805
3794    0.0661390092066
3796    0.0661379439293
3798    0.0661379404121
3800    0.0661378982961
3826    0.0653502981114
3828    0.0653413703687
3830    0.0653413620596
3832    0.0653413614184
3834    0.0653413614163
3836    0.065340289786
3838    0.0653332554964
3840    0.0653261041299
3842    0.065326104106
3844    0.0653261022979
3846    0.0653260336326
3848    0.0653260336301
3850    0.0653221971203
3852    0.0653200889125
3854    0.0653113932231
3856    0.0653038600595
3858    0.0652987431159
3860    0.0652934160556
3862    0.0652848450891
3864    0.0652784920187
3866    0.0652773905595
3868    0.0652773876274
3870    0.0652773620983
3896    0.0646559774864
3898    0.0646471123217
3900    0.064647104742
3902    0.0646471041004
3904    0.0646471040995
3906    0.0646460830163
3908    0.0646392022577
3910    0.0646322136484
3912    0.0646322136269
3914    0.0646322117402
3916    0.0646321437712
3918    0.0646321437689
3920    0.0646285508781
3922    0.0646265851511
3924    0.0646180414383
3926    0.0646106741951
3928    0.0646056716872
3930    0.064600518822
3932    0.0645921469145
3934    0.0645870131135
3936    0.0645858790014
3938    0.0645858766336
3940    0.0645858599663
3966    0.0641040189003
3968    0.0640952245507
3970    0.0640952175967
3972    0.0640952169553
3974    0.064095216955
3976    0.0640942431692
3978    0.0640875125265
3980    0.0640806831696
3982    0.0640806831498
3984    0.0640806811685
3986    0.0640806142787
3988    0.0640806142767
3990    0.0640772482023
3992    0.0640754118032
3994    0.0640670187658
3996    0.0640598092096
3998    0.0640549185196
4000    0.0640499367315
4002    0.0640417916559
4004    0.0640377446792
4006    0.0640365807358
4008    0.06403657887
4010    0.0640365673678
4036    0.0636682469514
4038    0.0636595273402
4040    0.0636595209263
4042    0.0636595202857
4044    0.0636595202855
4046    0.0636585908065
4048    0.063652007018
4050    0.0636453334737
4052    0.0636453334558
4054    0.0636453313736
4056    0.0636452658756
4058    0.0636452658737
4060    0.063642111128
4062    0.0636403923194
4064    0.0636321478434
4066    0.0636250911467
4068    0.0636203097257
4070    0.063615495405
4072    0.0636075986301
4074    0.0636044670998
4076    0.0636032759907
4078    0.0636032745491
4080    0.0636032662469
4106    0.0633249960319
4108    0.0633163518292
4110    0.0633163458834
4112    0.0633163452438
4114    0.0633163452438
4116    0.063315457314
4118    0.0633090172406
4120    0.0633024961295
4122    0.0633024961128
4124    0.0633024939302
4126    0.0633024300719
4128    0.0633024300697
4130    0.0632994723557
4132    0.0632978605946
4134    0.0632897622226
4136    0.063282854548
4138    0.0632781799155
4140    0.0632735290099
4142    0.0632658950566
4144    0.0632635061587
4146    0.0632622905001
4148    0.0632622894044
4150    0.0632622831776
4154    0.0632350344387
4156    0.0632264309469
4158    0.0632264254367
4160    0.0632264247987
4162    0.0632264247962
4164    0.0632255758644
4166    0.0632192787951
4168    0.0632129067672
4170    0.0632129067521
4172    0.0632129044718
4174    0.0632128424459
4176    0.063212842444
4178    0.06321006854
4180    0.063208554336
4182    0.0632005994649
4184    0.0631938373241
4186    0.0631892670548
