26 2.25361370343
52 2.14762455858
75 2.14563611688
101 2.13502372733
103 2.13501201295
117 2.01141274297
143 1.89675734334
145 1.89675199772
171 1.89190226762
173 1.89189875776
189 1.76832515666
207 1.64479456774
209 1.64478456394
211 1.64477832924
213 1.64477084731
223 1.52057575693
241 1.39690736841
243 1.39690680234
245 1.39690210615
247 1.39690192657
273 1.38865568734
299 1.31236430424
325 1.30654002415
351 1.28057099526
377 1.27525864372
403 1.27220115888
429 1.27150121723
455 1.26889310483
481 1.26826684789
507 1.26585738597
533 1.14332873747
547 1.02022697381
557 1.01992116643
559 1.0199165051
561 1.01990765243
571 0.895655339696
597 0.831172585071
599 0.831172579666
625 0.802534130186
627 0.802533523798
640 0.679298193174
650 0.555171201298
652 0.555164891569
654 0.555162404746
656 0.555155735141
682 0.434575844427
702 0.43304746044
704 0.433038576153
706 0.433038569779
732 0.431851490454
734 0.431845021691
736 0.431835778383
738 0.431826130672
740 0.431826114793
750 0.43165042973
752 0.431649366595
754 0.431639235324
756 0.431637978956
758 0.431637668476
760 0.431636651006
762 0.431633656866
764 0.431633058732
766 0.431630159036
768 0.431629611854
770 0.431623912969
772 0.431623907849
774 0.431619817101
776 0.431619815164
802 0.425460511676
828 0.417527608945
854 0.412233868188
880 0.40944580284
906 0.404643007732
932 0.401140248224
958 0.400314309232
984 0.397563363819
1010 0.396798697271
1036 0.394412424583
1038 0.39440706662
1040 0.394406620696
1042 0.394400703094
1044 0.394400522014
1046 0.394396846817
1048 0.394395159875
1074 0.382928612884
1076 0.382927885582
1102 0.37847157377
1104 0.378469734064
1106 0.378469077208
1108 0.378467991083
1110 0.378465687224
1112 0.378465659759
1114 0.378460495462
1116 0.378460238118
1118 0.378453058461
1120 0.378447016478
1122 0.378446728751
1124 0.378436412748
1126 0.378431760406
1128 0.378424064141
1130 0.378416487382
1132 0.378415910493
1134 0.378406903008
1136 0.378406549138
1138 0.378398597914
1140 0.378397926525
1142 0.378396158324
1144 0.378395807243
1146 0.378394465443
1148 0.378394258848
1150 0.378392599505
1152 0.378392354986
1154 0.37838886761
1156 0.378388820673
1158 0.378386613339
1160 0.378386597232
1186 0.373164463329
1212 0.372232123234
1238 0.36768827323
1261 0.367284260766
1287 0.363313936312
1313 0.359772030311
1339 0.359206401477
1365 0.356382368634
1391 0.355882109463
1417 0.353405999406
1419 0.353403215073
1421 0.353403085814
1423 0.353400101188
1425 0.353400056744
1427 0.353398687401
1429 0.353396150727
1455 0.351692204716
1457 0.351691598097
1483 0.351046875171
1485 0.35104500161
1487 0.351041667713
1489 0.351041389499
1491 0.35104033037
1493 0.351040313004
1495 0.351036065383
1497 0.351036064621
1499 0.351031038177
1501 0.351026805924
1503 0.351026056666
1505 0.35101730475
1507 0.351013874974
1509 0.351007482826
1511 0.351001364022
1513 0.351000448607
1515 0.350993364596
1517 0.35099316381
1519 0.350986919346
1521 0.350986405479
1523 0.350983771005
1525 0.350983649357
1527 0.350982777009
1529 0.350982705397
1531 0.35098143855
1533 0.350981227361
1535 0.350979045612
1537 0.350978988235
1539 0.350978404584
1541 0.350978385035
1567 0.347256330088
1569 0.347244662334
1595 0.343818660722
1606 0.343678585761
1632 0.340705720947
1658 0.337414732318
1684 0.337042720036
1710 0.334285066507
1712 0.3342739269
1738 0.331714930385
1740 0.331713366737
1742 0.331713328335
1744 0.33171176728
1746 0.331711757938
1748 0.331711216238
1750 0.331707986132
1757 0.331628716594
1759 0.33162830873
1761 0.331616795075
1763 0.331615183508
1765 0.331610252103
1767 0.331610123381
1769 0.331609548771
1771 0.331609494533
1773 0.331606016009
1775 0.331605901233
1777 0.331602265138
1779 0.33159920337
1781 0.331597939206
1783 0.331590508436
1785 0.331587913126
1787 0.331582608227
1789 0.331577531738
1791 0.331576498992
1793 0.331570925665
1795 0.331570768039
1797 0.331565862764
1799 0.33156540031
1801 0.33156240384
1803 0.33156236159
1805 0.331561649354
1807 0.331561624485
1809 0.331560500674
1811 0.33156029241
1813 0.331558759526
1815 0.331558700565
1817 0.331558700535
1819 0.331558680576
1845 0.32927796952
1848 0.329253616696
1874 0.326873521494
1882 0.32678014912
1908 0.324690830672
1934 0.321720884706
1936 0.3217128804
1962 0.319054439012
1964 0.319049598732
1990 0.316539541874
1992 0.316538582814
1994 0.316538571828
1996 0.316537570466
1998 0.316537569395
2000 0.316537308805
2002 0.316533914975
2004 0.316522743704
2006 0.316522386222
2008 0.316511685013
2010 0.316510146974
2012 0.316504752171
2014 0.316504657474
2016 0.316504219344
2018 0.316504148209
2020 0.316500963464
2022 0.316500580607
2024 0.316497857888
2026 0.316495565995
2028 0.31649380363
2030 0.316487488791
2032 0.316485471127
2034 0.316481072535
2036 0.316476751967
2038 0.316475690894
2040 0.316471304679
2042 0.316471162073
2044 0.316467308348
2046 0.316466866225
2048 0.316463743873
2050 0.316463729175
2052 0.316463079842
2054 0.316463071197
2056 0.316462006145
2058 0.316461800319
2060 0.316460477572
2062 0.316460417604
2064 0.316459939384
2066 0.316459919251
2092 0.315187115622
2099 0.31510858889
2125 0.313518434066
2128 0.313494232501
2154 0.312066271441
2180 0.309533721289
2182 0.309529439776
2208 0.307166292363
2210 0.307164602431
2236 0.304888605241
2238 0.304887983579
2240 0.304887979879
2242 0.304887297974
2244 0.304887297971
2246 0.304887173465
2248 0.304883798012
2250 0.3048734053
2252 0.304873060428
2254 0.304863114632
2256 0.304861609408
2258 0.304856177086
2260 0.304856090708
2262 0.304855696411
2264 0.304855618705
2266 0.304852574072
2268 0.304851880755
2270 0.304849768838
2272 0.304847992369
2274 0.304845781527
2276 0.304840409493
2278 0.304838797495
2280 0.304835154098
2282 0.304831389243
2284 0.304830330809
2286 0.304826877692
2288 0.30482674173
2290 0.304823713956
2292 0.304823282401
2294 0.304820131795
2296 0.304820126674
2298 0.304819506109
2300 0.304819503102
2302 0.304818466391
2304 0.304818264994
2306 0.304816870527
2308 0.304816809147
2310 0.304815281923
2312 0.304815261507
2338 0.304158327063
2349 0.304016866074
2375 0.302965790938
2377 0.302955824816
2403 0.301983896244
2429 0.299991924711
2431 0.299989364688
2457 0.298033991052
2459 0.298033568886
2485 0.296104526012
2487 0.296104105136
2489 0.296104103517
2491 0.296103616064
2493 0.296103615891
2495 0.296103558791
2497 0.296100233287
2499 0.296090564903
2501 0.296090226942
2503 0.29608098334
2505 0.296079504616
2507 0.296074161928
2509 0.296074076988
2511 0.296073702246
2513 0.296073621721
2515 0.296070673092
2517 0.296069681071
2519 0.296067984986
2521 0.296066559855
2523 0.296063962487
2525 0.296059387305
2527 0.296058064362
2529 0.296055049954
2531 0.296051698893
2533 0.296050653388
2535 0.296047933885
2537 0.296047801895
2539 0.296045422993
2541 0.296044998887
2543 0.296041858972
2545 0.296041857185
2547 0.29604125272
2549 0.296041251673
2551 0.296040232124
2553 0.296040035847
2555 0.296038374319
2557 0.296038311362
2559 0.296035649179
2561 0.296035628434
2575 0.295866294912
2585 0.295739997843
2611 0.294999963322
2613 0.294991777959
2639 0.294291899821
2665 0.292848568746
2667 0.292846652124
2693 0.291327497228
2695 0.291327447266
2721 0.289777805375
2723 0.289777512276
2725 0.289777511326
2727 0.289777150699
2729 0.289777150292
2731 0.289777126959
2733 0.289773856113
2735 0.289764861446
2737 0.289764529449
2739 0.289755938558
2741 0.289754485269
2743 0.289749267665
2745 0.289749182232
2747 0.289748820103
2749 0.289748738059
2751 0.289745871884
2753 0.289744616045
2755 0.289743208029
2757 0.289742026655
2759 0.28973910577
2761 0.289735204417
2763 0.289734090406
2765 0.289731599591
2767 0.289728560362
2769 0.289727531098
2771 0.289725388515
2773 0.289725259612
2775 0.289723390531
2777 0.289722972889
2779 0.289719859143
2781 0.289719858517
2783 0.289719265312
2785 0.289719264948
2787 0.289718258521
2789 0.289718068504
2791 0.28971602129
2793 0.289715956304
2795 0.289712692879
2797 0.289712671639
2799 0.289705477405
2808 0.289595415264
2834 0.289048531793
2836 0.28904187106
2862 0.288516714712
2888 0.287544825652
2890 0.287542978332
2916 0.286417228563
2918 0.286417227915
2944 0.285216231626
2946 0.285216024307
2948 0.285216023595
2950 0.285215750641
2952 0.285215750093
2954 0.285215742947
2956 0.285212527243
2958 0.285204159242
2960 0.285203833001
2962 0.285195848872
2964 0.285194420755
2966 0.285189336737
2968 0.285189250329
2970 0.285188898672
2972 0.285188815578
2974 0.285186027027
2976 0.285184549246
2978 0.285183344097
2980 0.285182334723
2982 0.285179148837
2984 0.285175817617
2986 0.285174856733
2988 0.285172801514
2990 0.285169999936
2992 0.285168987909
2994 0.285167299142
2996 0.285167173016
2998 0.285165704545
3000 0.285165293073
3002 0.285162211751
3004 0.28516221153
3006 0.285161627687
3008 0.28516162756
3010 0.285160632891
3012 0.285160447362
3014 0.285158007337
3016 0.28515794083
3018 0.28515447492
3020 0.285154453338
3022 0.285150541978
3031 0.28504344036
3057 0.28464280485
3059 0.284637613117
3085 0.284246167577
3111 0.283631619128
3113 0.283629493699
3139 0.282820273073
3141 0.282820251273
3167 0.281907279602
3169 0.281907131745
3171 0.281907131116
3173 0.281906921173
3175 0.281906920551
3177 0.281906919721
3179 0.281903758954
3181 0.281895973893
3183 0.281895653314
3185 0.281888233271
3187 0.281886830173
3189 0.281881880408
3191 0.281881792971
3193 0.281881451016
3195 0.28188136706
3197 0.281878653792
3199 0.281876995022
3201 0.281875934908
3203 0.281875048823
3205 0.281871649595
3207 0.281868801081
3209 0.281867953916
3211 0.281866260829
3213 0.281863642301
3215 0.281862647738
3217 0.281861316049
3219 0.281861192577
3221 0.281860038922
3223 0.281859633544
3225 0.28185658727
3227 0.281856587191
3229 0.281856011928
3231 0.281856011884
3233 0.281855028589
3235 0.281854845331
3237 0.281852069024
3239 0.281852001734
3241 0.281848351569
3243 0.281848329889
3245 0.281846467405
3252 0.281767922327
3255 0.2817435757
3257 0.281739390662
3282 0.281425265484
3308 0.281064597642
3310 0.281061952263
3336 0.280496234491
3338 0.280496200133
3364 0.279811265124
3366 0.279811159169
3368 0.279811158564
3370 0.27981099501
3372 0.279810994356
3374 0.279810994046
3376 0.279807887869
3378 0.279800645088
3380 0.279800330098
3382 0.279793434469
3384 0.279792056235
3386 0.279787239103
3388 0.279787150693
3390 0.279786818063
3392 0.279786733337
3394 0.279784093707
3396 0.279782290501
3398 0.279781335485
3400 0.279780539056
3402 0.279776970657
3404 0.27977453111
3406 0.279773769452
3408 0.279772377181
3410 0.279769901081
3412 0.279768923948
3414 0.279767873296
3416 0.279767752416
3418 0.279766846166
3420 0.279766446867
3422 0.279763436796
3424 0.279763436767
3426 0.279762869722
3428 0.279762869707
3430 0.279761897748
3432 0.279761718666
3434 0.279758720102
3436 0.279758651246
3438 0.279755192607
3440 0.279755170558
3442 0.279753857392
3447 0.279702872502
3449 0.279692293063
3451 0.279688668002
3456 0.279639690234
3458 0.279631408442
3460 0.279628103487
3486 0.279198106846
3488 0.279198082228
3514 0.278650398927
3516 0.278650325508
3518 0.2786503249
3520 0.27865019955
3522 0.278650198881
3524 0.278650195076
3526 0.278647143092
3528 0.278640404797
3530 0.278640095323
3532 0.278633687245
3534 0.278632333708
3536 0.278627646907
3538 0.278627557602
3540 0.278627234037
3542 0.278627148593
3544 0.278624581143
3546 0.278622664541
3548 0.278621786591
3550 0.278621056219
3552 0.278617355637
3554 0.27861526285
3556 0.278614566241
3558 0.278613423628
3560 0.278611059463
3562 0.278610099633
3564 0.278609270239
3566 0.278609151905
3568 0.278608440091
3570 0.278608046872
3572 0.278605073538
3574 0.278605073527
3576 0.2786045145
3578 0.278604514494
3580 0.278603553934
3582 0.278603378127
3584 0.278600302158
3586 0.278600231955
3588 0.278596856281
3590 0.278596833942
3592 0.278595507253
3595 0.278571150785
3597 0.278560641502
3599 0.278557329109
3603 0.278520880522
3605 0.278515729453
3607 0.278511666785
3626 0.278283951276
3628 0.27828394054
3654 0.277833334672
3656 0.277833283208
3658 0.277833282586
3660 0.277833184739
3662 0.277833184065
3664 0.277833174477
3666 0.277830176259
3668 0.277823907333
3670 0.277823603307
3672 0.277817648535
3674 0.277816319517
3676 0.277811760552
3678 0.277811670422
3680 0.2778113557
3682 0.277811269574
3684 0.277808772901
3686 0.277806768455
3688 0.277805947609
3690 0.277805266497
3692 0.277801464268
3694 0.277799665744
3696 0.277799019174
3698 0.277798083553
3700 0.277795808256
3702 0.277794865572
3704 0.277794210433
3706 0.277794094608
3708 0.277793535604
3710 0.277793148463
3712 0.277790212119
3714 0.277790212115
3716 0.27778966097
3718 0.277789660968
3720 0.27778871189
3722 0.277788536813
3724 0.277785421449
3726 0.27778535081
3728 0.277782024908
3730 0.277782002571
3732 0.277780688922
3734 0.277768683653
3736 0.277758263034
3738 0.277755089881
3740 0.277742988062
3742 0.2777397404
3744 0.277734971517
3746 0.277724725348
3748 0.277724724277
3774 0.277329046553
3776 0.27732901067
3778 0.27732901003
3780 0.277328933168
3782 0.277328932493
3784 0.277328915695
3786 0.277325970792
3788 0.27732013857
3790 0.277319839921
3792 0.277314306612
3794 0.277313001916
3796 0.277308568222
3798 0.277308477326
3800 0.277308171236
3802 0.277308084454
3804 0.277305657152
3806 0.277303585468
3808 0.277302807317
3810 0.277302163348
3812 0.277298284404
3814 0.277296735817
3816 0.277296128144
3818 0.277295363943
3820 0.277293159944
3822 0.277292234228
3824 0.277291716374
3826 0.277291603019
3828 0.277291164111
3830 0.277290783037
3832 0.277287883783
3834 0.277287883782
3836 0.277287340402
3838 0.277287340402
3840 0.277286402873
3842 0.277286228148
3844 0.277283098614
3846 0.277283027669
3848 0.277279730412
3850 0.277279708121
3852 0.277278397588
3854 0.277266778766
3856 0.277256380967
3858 0.277253386796
3860 0.277241337552
3862 0.277238970119
3864 0.277233717876
3866 0.277225059206
3868 0.277225057599
3894 0.276877946325
3896 0.276877920013
3898 0.276877919355
3900 0.27687785648
3902 0.276877855804
3904 0.276877832324
3906 0.276874940258
3908 0.276869514362
3910 0.276869221024
3912 0.276864079577
3914 0.276862798995
3916 0.276858487983
3918 0.276858396366
3920 0.276858098703
3922 0.276858011285
3924 0.276855651944
3926 0.276853529412
3928 0.276852783441
3930 0.27685216778
3932 0.276848232328
3934 0.276846896235
3936 0.27684631911
3938 0.276845696685
3940 0.276843550529
3942 0.276842641596
3944 0.276842231943
3946 0.276842121021
3948 0.276841776493
3950 0.276841401471
3952 0.276838539308
3954 0.276838539307
3956 0.27683800359
3958 0.276838003589
3960 0.276837077654
3962 0.276836902986
3964 0.27683376889
3966 0.276833697747
3968 0.276830421612
3970 0.276830399402
3972 0.27682909583
3974 0.276817859149
3976 0.27680749485
3978 0.276804673761
3980 0.276792687923
3982 0.276791021071
3984 0.276785270681
3986 0.276777984003
3988 0.276777971041
3995 0.27670421697
3997 0.276704198169
3999 0.276704197494
4001 0.276704146489
4003 0.276704145813
4005 0.276704114969
4007 0.276701275233
4009 0.276696227394
4011 0.276695939291
4013 0.27669116217
4015 0.276689905475
4017 0.27668571454
4019 0.276685622239
4021 0.276685332797
4023 0.276685244758
4025 0.276682951956
4027 0.276680791475
4029 0.276680069932
4031 0.276679476072
4033 0.276675500381
4035 0.276674345131
4037 0.276673792238
4039 0.2766732869
4041 0.276671188228
4043 0.276670295882
4045 0.276669971542
4047 0.276669863014
4049 0.276669592655
4051 0.276669223658
4053 0.27666639851
4055 0.276666398509
4057 0.276665870348
4059 0.276665870348
4061 0.276664956023
4063 0.276664781357
4065 0.276661648536
4067 0.276661577218
4069 0.276658317579
4071 0.276658295456
4073 0.276657028252
4075 0.276646266726
4077 0.276636019947
4079 0.2766334169
4081 0.276621584509
4083 0.276620067117
4085 0.276614175852
4087 0.276607192173
4089 0.276607174296
4091 0.276595126357
4093 0.27659511239
4095 0.2765951117
4097 0.276595069098
4099 0.276595068421
4101 0.276595031106
4103 0.276592243171
4105 0.276587547097
4107 0.276587264159
4109 0.276582825762
4111 0.276581592719
4113 0.276577519253
4115 0.276577426295
4117 0.276577144875
4119 0.276577056227
4121 0.27657482854
4123 0.276572640193
4125 0.276571937321
4127 0.276571360433
