26    2.10924794205
52    2.0141867954
73    1.89168528124
99    1.83203328648
125    1.80742299949
151    1.69205908618
177    1.67405372359
203    1.51872217328
209    1.39412540815
235    1.28177880159
237    1.28177829473
247    1.15893693104
257    1.15802004584
283    1.02055938238
303    0.897459072386
329    0.807293588975
331    0.807290715787
357    0.693597051847
383    0.684388341768
409    0.534936600443
435    0.163076411022
447    0.161672665929
458    0.161406291327
484    0.148351850359
510    0.13183161422
512    0.131831472281
538    0.120731037184
564    0.118875509889
566    0.118868463897
592    0.115973542132
618    0.107430837162
620    0.107430824831
639    0.106755568847
641    0.106755562926
643    0.106755544326
645    0.106746542213
671    0.105794125137
673    0.105794120924
699    0.102098037727
701    0.102098037624
703    0.10209526104
715    0.10187139216
741    0.0975179197834
746    0.0974653984408
748    0.0974588137591
750    0.0974520550567
776    0.0905685052642
802    0.0814861273018
804    0.0814861188606
830    0.0785556119324
846    0.0783097247652
848    0.078309426981
874    0.0769280791919
900    0.0726058873389
902    0.0726058808273
904    0.0726019179337
906    0.0726019153357
908    0.0726019152594
910    0.0725940984885
912    0.072583728975
914    0.0725837288473
928    0.0723582165247
930    0.0723582164569
932    0.0723579439473
934    0.0723467848017
960    0.0706696093915
962    0.0706599833029
964    0.0706554964778
966    0.0706495476877
992    0.0655413764347
1018    0.0590390140099
1020    0.0590390133316
1046    0.0580362741211
1048    0.0580275406789
1050    0.0580275232984
1076    0.0573162365621
1102    0.0546047798667
1104    0.0546047738563
1106    0.0546014552485
1108    0.0546014539802
1110    0.0546014539415
1112    0.0545946299201
1114    0.0545851931845
1116    0.0545851928307
1118    0.0545790390895
1120    0.0545790390311
1122    0.0545789750401
1124    0.0545685276011
1150    0.0537550637873
1152    0.0537464045796
1154    0.0537432695528
1156    0.0537378737966
1182    0.0492066650575
1208    0.0440253924571
1210    0.0440253924381
1231    0.0436671566049
1233    0.0436623403549
1235    0.0436623400889
1255    0.0433735678353
1281    0.0415405445485
1283    0.0415405391447
1285    0.0415377473808
1287    0.0415377466442
1289    0.0415377466106
1291    0.0415317720059
1293    0.0415231684643
1295    0.0415231680999
1297    0.0415205912568
1299    0.0415205912079
1301    0.0415205691031
1303    0.041510991653
1329    0.0410858853341
1331    0.0410779211009
1333    0.0410756964696
1335    0.0410706907163
1361    0.037066107815
1387    0.0329397751621
1389    0.0329397751603
1395    0.0328767268482
1397    0.0328741016902
1399    0.0328741008725
1401    0.0328624258924
1427    0.0315639707761
1429    0.0315639658108
1431    0.0315616086123
1433    0.0315616080584
1435    0.0315616080279
1437    0.0315563604919
1439    0.0315485044833
1441    0.0315485041876
1443    0.0315475187627
1445    0.0315475187218
1447    0.0315475061786
1449    0.031538810798
1451    0.0315271011723
1453    0.0315196516844
1455    0.0315180404809
1457    0.0315133204448
1483    0.0282185663859
1509    0.0250857378795
1511    0.0250857378194
1513    0.0250756493626
1515    0.0250740412205
1517    0.0250740404622
1519    0.0250624547296
1545    0.0241098729972
1547    0.0241098685035
1549    0.024107871706
1551    0.0241078712845
1553    0.0241078712571
1555    0.0241032496581
1557    0.0240960669102
1559    0.0240960667658
1561    0.0240951751817
1563    0.0240951751465
1565    0.0240951534406
1567    0.0240873848042
1569    0.0240759610683
1571    0.0240689075489
1573    0.024067709881
1575    0.0240632083153
1601    0.0215513939954
1627    0.0192943172885
1629    0.0192943171899
1631    0.019286700121
1633    0.019285781062
1635    0.0192857805964
1637    0.0192741983753
1663    0.0185745895281
1665    0.0185745855311
1667    0.0185728889197
1669    0.0185728886118
1671    0.0185728885881
1673    0.0185688093071
1675    0.0185622349483
1677    0.0185622348759
1679    0.01856142771
1681    0.0185614276796
1683    0.0185613975145
1685    0.0185544385735
1687    0.0185432896714
1689    0.0185365513972
1691    0.0185356332951
1693    0.0185313063887
1719    0.0167303968795
1745    0.0151711275336
1747    0.0151711274266
1749    0.0151656494011
1751    0.0151651418411
1753    0.0151651414803
1755    0.0151535432097
1781    0.0146430839347
1783    0.0146430804037
1785    0.0146416347649
1787    0.0146416345438
1789    0.014641634523
1791    0.0146380268002
1793    0.0146320037295
1795    0.0146320036914
1797    0.014631272392
1799    0.0146312723658
1801    0.0146312351806
1803    0.0146249874081
1805    0.0146141037632
1807    0.014607625028
1809    0.0146068963812
1811    0.0146027152254
1837    0.0133670604678
1863    0.0123194195026
1865    0.0123194194033
1867    0.0123155643467
1869    0.0123152880147
1871    0.0123152877206
1873    0.0123037141314
1899    0.0119336685161
1901    0.0119336654038
1903    0.0119324303235
1905    0.0119324301662
1907    0.011932430148
1909    0.0119292335375
1911    0.011923711157
1913    0.0119237111364
1915    0.0119230479904
1917    0.011923047968
1919    0.0119230054336
1921    0.0119173851289
1923    0.0119067580602
1925    0.011900499745
1927    0.0118998997823
1929    0.0118958449825
1955    0.0110725324573
1981    0.0103794293417
1983    0.0103794292571
1985    0.0103767435261
1987    0.0103765932303
1989    0.0103765929885
1991    0.0103651101674
1993    0.0103531572781
1995    0.0103531544687
1997    0.0103520966202
1999    0.0103520964939
2001    0.0103520964781
2003    0.0103492605217
2005    0.0103441937134
2007    0.010344193702
2009    0.0103435917799
2011    0.0103435917601
2013    0.0103435455068
2015    0.0103384809759
2017    0.0103281023882
2019    0.0103220364521
2021    0.0103215241102
2023    0.0103175823591
2049    0.00977901996551
2075    0.00932314820477
2077    0.00932314816902
2079    0.00932059951209
2081    0.00932051700947
2083    0.00932051684283
2085    0.00930919137237
2087    0.00929741473374
2089    0.0092974122623
2091    0.0092965040639
2093    0.00929650395122
2095    0.0092965039377
2097    0.00929398351617
2099    0.00928933188122
2101    0.00928933187409
2103    0.00928878496968
2105    0.0092887849527
2107    0.00928873643508
2109    0.00928416585069
2111    0.00927402813193
2113    0.0092681340435
2115    0.00926768153998
2117    0.00926384346572
2143    0.00891530775563
2153    0.00880381096745
2155    0.00880381095369
2157    0.00880138874764
2159    0.00880131612635
2161    0.00880131600813
2163    0.00879033996685
2165    0.00877873447946
2167    0.00877873230714
2169    0.0087779508451
2171    0.00877795074148
2173    0.00877795072979
2175    0.00877570694018
2177    0.00877143412399
2179    0.00877143411967
2181    0.00877093668127
2183    0.00877093666649
2185    0.00877088711091
2187    0.00876675680297
2189    0.00875685268696
2191    0.00875111501146
2193    0.00875070352873
2195    0.00874696228819
2197    0.00873590731437
2199    0.00872412546285
2201    0.00872412545814
2203    0.0087218204617
2205    0.00872174110039
2207    0.00872174101279
2209    0.00871117668203
2211    0.0086997380297
2213    0.00869973611806
2215    0.00869906229343
2217    0.00869906219653
2219    0.00869906218604
2221    0.00869706139812
2223    0.00869313458487
2225    0.00869313458224
2227    0.00869268164941
2229    0.00869268163632
2231    0.00869263203218
2233    0.00868889516202
2235    0.00867921769111
2237    0.00867362451699
2239    0.00867324130114
2241    0.00866959170214
