26 2.37196699956
52 2.25597399023
78 2.25379191799
104 2.24981073549
130 2.24731204569
142 2.1233263666
155 1.99953582811
157 1.99953582344
159 1.99953245155
161 1.99953242773
187 1.99123010759
213 1.90133267111
239 1.89587590197
265 1.87648534736
291 1.87133968204
304 1.7468167055
330 1.63917260311
332 1.6391703998
358 1.62937959914
360 1.62937533595
377 1.50652939764
384 1.38255214737
387 1.38252459989
389 1.38252394984
391 1.38251415215
417 1.26093116126
443 1.13889733216
446 1.13887415001
448 1.13886698697
450 1.13885962726
476 1.13104711437
502 1.06510564509
528 1.05792916574
554 1.03050950933
580 1.02416217204
606 0.901451040864
632 0.895201937232
641 0.89501727453
667 0.888208984107
669 0.88820696746
695 0.768495477843
721 0.65698963235
731 0.656738249167
757 0.650594551934
759 0.650586121727
770 0.526031711521
772 0.526031696559
774 0.526031657686
800 0.522137713522
803 0.52211706581
829 0.518622156782
832 0.518601254783
858 0.5148126777
860 0.514811173476
862 0.514806843518
864 0.514806742327
866 0.514804324172
868 0.514804160069
894 0.508399017119
920 0.504921359095
946 0.499441662588
972 0.498658429509
998 0.49367831471
1000 0.493674225893
1026 0.492715039876
1028 0.492712660193
1030 0.492703502155
1032 0.492699310683
1034 0.492697204644
1036 0.492691701352
1038 0.492687103592
1040 0.492686323167
1042 0.49268070426
1044 0.492678949311
1046 0.49267775945
1048 0.492672985768
1050 0.492672911546
1052 0.492669349616
1078 0.487288168705
1104 0.477984709644
1130 0.471710930981
1156 0.468223410943
1182 0.462688575869
1186 0.462654404224
1212 0.45703546328
1214 0.457035427838
1240 0.451161787116
1242 0.451158547043
1244 0.451154901704
1255 0.45099201233
1257 0.450986863201
1259 0.450978665053
1261 0.45096933866
1263 0.450967676064
1265 0.450967492069
1267 0.45096722529
1293 0.445954297518
1295 0.445944714459
1321 0.441224844639
1324 0.441203569188
1350 0.436263488266
1352 0.436262206319
1354 0.436260173817
1356 0.436260018325
1358 0.436259385527
1360 0.436259175429
1386 0.430907770381
1392 0.430852036555
1418 0.426182334139
1424 0.426125431328
1450 0.422052785492
1452 0.422046172951
1454 0.422037674253
1456 0.422036409041
1458 0.422028767397
1460 0.42202557848
1462 0.422020855482
1464 0.422020756236
1466 0.422018275342
1468 0.422018256388
1470 0.422014501594
1472 0.422014086199
1474 0.422013959426
1476 0.422011362067
1478 0.422008174601
1480 0.422006229686
1506 0.417757176112
1532 0.416529008812
1558 0.411511611498
1584 0.410956113069
1610 0.406778541269
1612 0.406770805756
1638 0.400748021963
1640 0.400747547957
1666 0.394826302567
1668 0.394816250641
1670 0.39481530999
1672 0.394807650299
1674 0.394803577442
1676 0.394796690897
1679 0.394776203203
1681 0.394774892435
1683 0.394774630508
1685 0.394774310719
1711 0.389209217494
1713 0.389199321299
1739 0.383858146683
1742 0.383838631257
1768 0.378510503271
1770 0.378509193627
1772 0.378508065236
1774 0.378507907869
1776 0.378507874134
1778 0.378507659635
1804 0.375143747076
1807 0.375123346123
1833 0.371804566957
1837 0.371773125102
1863 0.368910018903
1865 0.368902494591
1867 0.368895384663
1869 0.368894390927
1871 0.368888023623
1873 0.368885128265
1875 0.368878985885
1877 0.368878984819
1879 0.368877233912
1881 0.368877232604
1883 0.368874187848
1885 0.368874133774
1887 0.368872350081
1889 0.368870753541
1892 0.368849478234
1894 0.368848269954
1920 0.366260473416
1929 0.366168595178
1955 0.362779925951
1963 0.362700773669
1989 0.359935290472
1991 0.359926816957
2017 0.354234689722
2019 0.354233484449
2045 0.348969295711
2049 0.348931751457
2051 0.348931745425
2053 0.348925184061
2055 0.348922687046
2057 0.348916782211
2060 0.348895217847
2062 0.348893971691
2064 0.348893694284
2066 0.348893363499
2092 0.343762573143
2095 0.343742334757
2121 0.338756947672
2123 0.338749520492
2149 0.334007681813
2151 0.334006343966
2153 0.334005353283
2155 0.334005197334
2157 0.334003909158
2159 0.334003695946
2185 0.332248758956
2190 0.332205710616
2216 0.330086252588
2218 0.330077309273
2244 0.328230804505
2246 0.328223139727
2248 0.328217189093
2250 0.328216251068
2252 0.328210943836
2254 0.328208140338
2256 0.328201377815
2258 0.328201377721
2260 0.32819991515
2262 0.328199914625
2264 0.328197172796
2266 0.328197172115
2268 0.328195635423
2270 0.328194551469
2274 0.32815372193
2276 0.328152891502
2302 0.326938190331
2308 0.326883400652
2334 0.324813340254
2338 0.324781715732
2364 0.323079456221
2368 0.323043599474
2394 0.318255684719
2396 0.318253773581
2422 0.314056169153
2427 0.313997749059
2429 0.313996930229
2431 0.313991238591
2433 0.313989665091
2435 0.313984538578
2439 0.313953386428
2441 0.313952153901
2443 0.313951874671
2445 0.313951541701
2471 0.310049720344
2475 0.310017856614
2501 0.306110343892
2503 0.306105900985
2529 0.302516305015
2531 0.302514992059
2533 0.302513633849
2535 0.302513469556
2537 0.302509927087
2539 0.30250970896
2565 0.301730154779
2571 0.301675253888
2597 0.30038951808
2599 0.30038241291
2625 0.299231310382
2627 0.299223732835
2629 0.299218746853
2631 0.299217807935
2633 0.29921338087
2635 0.299210608063
2637 0.299203622156
2639 0.299203621827
2641 0.299202287061
2643 0.299202286582
2645 0.299199689654
2647 0.299199649193
2649 0.299199633146
2651 0.299198847114
2655 0.299162212648
2657 0.299161611377
2683 0.298701719749
2692 0.298609251025
2718 0.297383985367
2720 0.297374619022
2746 0.29634754135
2751 0.29628959196
2777 0.292635478741
2779 0.292632985629
2805 0.289562212337
2811 0.289485988475
2813 0.28948267191
2815 0.289477743154
2817 0.289477199602
2819 0.289472755175
2822 0.289452150803
2824 0.289450922801
2826 0.289450644342
2828 0.289450310976
2854 0.286947245994
2858 0.286915759513
2884 0.284232705184
2886 0.284230604895
2912 0.28180463433
2914 0.281803376342
2916 0.281801220272
2918 0.281801042494
2920 0.281795369227
2922 0.281795143153
2943 0.281562039165
2947 0.281530366248
2973 0.280739566132
2975 0.280733464874
3001 0.27999958761
3003 0.279992130798
3005 0.279987953365
3007 0.27998701607
3009 0.279983325381
3011 0.279980583716
3013 0.279973554756
3015 0.279973554298
3017 0.279972283754
3019 0.279972283244
3021 0.279969766662
3023 0.279969656513
3025 0.27996864515
3027 0.279968053245
3030 0.279944998085
3032 0.279944551313
3034 0.279938599481
3041 0.279872160881
3067 0.279073202632
3069 0.279064507346
3095 0.278387949231
3101 0.278306161473
3127 0.27572069208
3129 0.275717699028
3155 0.273612003269
3161 0.273529821673
3163 0.273524827997
3165 0.273520570574
3167 0.273520224571
3169 0.273516382495
3172 0.273494939137
3174 0.273493713874
3176 0.273493436739
3178 0.273493103471
3204 0.272095671346
3207 0.272074383677
3233 0.270382493742
3235 0.270381558611
3261 0.268846564076
3263 0.268845368082
3265 0.268842088643
3267 0.268841897367
3269 0.268835060466
3271 0.268834826728
3273 0.268830585566
3276 0.268810497902
3302 0.268288082257
3304 0.268282704781
3330 0.267782862276
3332 0.267775541116
3334 0.267772039978
3336 0.267771104185
3338 0.267768028267
3340 0.267765314467
3342 0.267758321792
3344 0.267758321232
3346 0.267757088492
3348 0.267757087938
3350 0.267754624744
3352 0.267754430397
3354 0.267751061724
3356 0.267750610977
3359 0.267732044662
3361 0.267731706027
3363 0.267730108941
3369 0.26767565408
3395 0.267161843561
3397 0.26715366228
3423 0.266711592194
3429 0.26662787976
3455 0.264893324361
3457 0.264890416112
3483 0.263509125894
3489 0.263428666178
3491 0.263422079545
3493 0.263418439985
3495 0.263418253178
3497 0.26341496565
3500 0.263393667384
3502 0.263392444731
3504 0.263392169031
3506 0.26339183607
3532 0.262698576336
3535 0.262677006425
3561 0.261656825978
3563 0.261656575803
3589 0.260712358326
3591 0.260711221766
3593 0.260706765144
3595 0.260706559947
3597 0.260699671371
3599 0.260699429748
3601 0.260698172964
3603 0.260688204689
3629 0.2603478902
3631 0.26034284426
3657 0.260003555451
3659 0.259996348545
3661 0.259993413267
3663 0.259992488539
3665 0.259989925951
3667 0.259987249782
3669 0.259980327863
3671 0.259980327211
3673 0.259979120982
3675 0.259979120384
3677 0.259976699269
3679 0.259976430372
3681 0.259970474052
3683 0.259970112808
3685 0.259960784074
3687 0.259960517003
3689 0.259960433573
3694 0.259917463355
3720 0.259591224778
3722 0.259583437795
3746 0.259325644986
3752 0.259241984179
3778 0.25811913762
3780 0.258116489683
3806 0.257236714786
3812 0.257161420666
3814 0.257153437396
3816 0.257150359849
3818 0.257150282625
3820 0.257147499827
3823 0.257127031482
3825 0.25712581165
3827 0.257125537414
3829 0.257125204915
3855 0.256819227115
3858 0.256798492551
3884 0.256193043368
3886 0.256193037951
3912 0.255613351599
3914 0.255612255615
3916 0.255606953046
3918 0.255606737982
3920 0.255599682752
3922 0.255599436196
3924 0.255599315719
3926 0.255589314735
3928 0.255579955145
3930 0.255575381908
3949 0.255379296468
3951 0.255372231331
3953 0.255369768236
3955 0.255368846295
3957 0.255366711059
3959 0.255364059271
3961 0.255357222959
3963 0.255357222221
3965 0.255356037539
3967 0.255356036894
3969 0.255353653123
3971 0.255353318181
3973 0.255347200209
3975 0.255346900888
3978 0.255329316566
3980 0.255329092884
3982 0.255328903067
3986 0.25529705547
3988 0.255287885908
3990 0.255280617082
3992 0.255270550686
3998 0.255189975432
4024 0.254479712151
4026 0.254477333437
4052 0.253927666808
4057 0.253866208679
4059 0.253857082466
4061 0.253854506176
4063 0.253854488585
4065 0.253852156337
4068 0.253832915923
4070 0.253831699196
4072 0.253831426437
4074 0.253831094535
4076 0.253826018693
4078 0.25381634558
4104 0.253416026494
4106 0.253416017034
4132 0.253020680282
4134 0.253019625269
4136 0.25301381894
4138 0.253013593744
4140 0.253007007919
4142 0.253006755771
4144 0.253006741476
4146 0.252997498423
4148 0.25298953214
4150 0.252985435221
4152 0.252975398995
4154 0.2529684551
4156 0.252966386474
4158 0.252965471423
4160 0.252963692274
4162 0.252961069458
4164 0.252954325057
4166 0.252954324242
4168 0.252953158834
4170 0.252953158139
4172 0.252950809744
4174 0.252950408762
4176 0.252941144706
4178 0.252940895758
4180 0.252933427565
4182 0.252933245387
4184 0.252933059946
4186 0.252923030961
4188 0.252913941007
4190 0.252906807375
4192 0.252896882322
4197 0.252837931184
4223 0.252395497299
4225 0.252393741542
4251 0.252054841332
4256 0.252001519291
4258 0.251991516838
4260 0.251989378844
4262 0.251989378843
4264 0.251987440958
4266 0.25197765365
4268 0.251976440504
4270 0.251976169201
4272 0.251975838009
4274 0.251973726816
4276 0.251964266227
4289 0.25183677013
4291 0.251836714763
4317 0.251539964277
4319 0.251538936103
4321 0.251532987528
4323 0.251532755468
4325 0.251526364939
4327 0.251526109257
4329 0.251526096677
4331 0.251517664612
4333 0.251509781154
4335 0.251506189585
4337 0.251496294218
4339 0.25148945105
4341 0.251487712137
4343 0.251486808877
4345 0.251485326468
4347 0.251482738357
4349 0.251476088459
4351 0.251476087565
4353 0.251474940324
4355 0.251474939581
4357 0.251472625761
4359 0.251472173337
4361 0.251463204067
4363 0.251462987951
4365 0.251455315216
4367 0.251455157623
4369 0.251454962598
4371 0.251445203419
4373 0.251436192869
4375 0.251429265676
4377 0.251419482094
4382 0.251362153862
4399 0.251186394066
4401 0.251185030326
4403 0.251175175464
4407 0.251136746281
4409 0.251127354542
4411 0.251125632083
4413 0.251125626121
4415 0.251124063096
4417 0.251114244558
4419 0.251113035105
4421 0.251112765329
4423 0.251112435014
4425 0.251111521335
4427 0.251102619262
4429 0.251094576187
4431 0.251094454457
4433 0.251084283682
4435 0.25108327222
4437 0.251077285483
4439 0.251077048493
4441 0.251070778026
4443 0.251070519888
4445 0.251070508965
4447 0.251062809784
4449 0.251055009423
4451 0.251051865559
4453 0.251042109447
4455 0.251035361608
4457 0.251033898437
4459 0.251033008173
4461 0.251031773081
4463 0.251029221301
4465 0.251022666794
4467 0.251022665827
4469 0.251021536127
4471 0.251021535334
4473 0.251019255728
4475 0.251018768554
4477 0.251010004471
4479 0.251009808239
4481 0.251001996715
4483 0.25100185411
4485 0.251001650086
4487 0.250992406505
4489 0.250983470136
4491 0.250976949306
4493 0.250967304432
4497 0.250927923051
4499 0.250917848715
4501 0.250916966359
4503 0.250907257187
4507 0.250874527221
4509 0.250865470107
4511 0.250864101219
4513 0.250864095194
4515 0.250862851136
4517 0.250853315944
4519 0.250852110477
4521 0.25085184224
4523 0.250851512928
4525 0.250850644755
4527 0.250842609624
4529 0.25083470435
4531 0.250834469267
4533 0.250824463767
4535 0.250823457497
4537 0.250817481889
4539 0.250817243654
4541 0.250811058594
4543 0.250810800564
4545 0.250810791219
4547 0.250803754745
4549 0.250796037685
4551 0.2507932902
4553 0.250783671827
4555 0.250777017956
4557 0.250775785536
4559 0.250774908476
4561 0.250773879542
4563 0.250771364575
4565 0.250764905598
4567 0.250764904561
4569 0.250763792003
4571 0.250763791158
4573 0.250761545582
4575 0.250761035392
4577 0.2507524159
4579 0.250752231925
4581 0.250744328138
4583 0.250744194878
4585 0.250743981369
4587 0.250735290266
4589 0.250726429366
4591 0.250720344186
4593 0.25071083863
4597 0.250671979428
4599 0.250662056909
4601 0.25066136427
4603 0.250651808008
4606 0.250629751069
4608 0.250621015236
4610 0.250619927145
4612 0.250619921147
4614 0.250618930682
4616 0.250609674852
4618 0.250608473691
4620 0.250608206994
4622 0.250607878786
4624 0.250607054593
4626 0.25059975583
4628 0.250591985976
4630 0.250591618479
4632 0.25058177587
4634 0.250580771953
4636 0.250574830575
4638 0.250574592083
4640 0.25056847636
4642 0.250568219175
4644 0.250568211315
4646 0.250561774401
4648 0.250554140758
4650 0.250551743932
4652 0.250542261789
4654 0.250535701533
4656 0.250534662329
4658 0.250533798409
4660 0.250532941336
4662 0.250530463307
4664 0.250524099606
4666 0.250524098502
4668 0.250523002775
4670 0.250523001877
4672 0.250520790187
4674 0.250520264951
4676 0.250511748906
4678 0.250511572572
4680 0.250503609273
4682 0.250503481948
4684 0.250503259384
4686 0.250495104884
4688 0.250486316112
4690 0.250480651686
4692 0.250471281453
4696 0.250439462667
4698 0.250429707081
4700 0.250428665935
4702 0.250419274578
4705 0.250396238921
4707 0.25038780981
4709 0.250386944734
4711 0.25038693887
4713 0.250386150056
4715 0.250377169246
4717 0.250375972677
4719 0.250375707515
4721 0.250375380499
4723 0.250374598771
4725 0.250367927499
4727 0.250360290689
4729 0.250359780108
4731 0.250350097962
4733 0.250349095824
4735 0.250343199418
4737 0.250342960936
4739 0.250336907053
4741 0.250336650955
4743 0.250336644473
4745 0.250330750265
4747 0.25032320008
4749 0.250321113192
4751 0.250311765753
4753 0.250305298939
4755 0.250304421623
4757 0.2503035707
4759 0.25030285691
4761 0.250300415807
4763 0.250294146902
4765 0.250294145732
4767 0.250293066565
4769 0.250293065611
4771 0.250290887656
4773 0.250290352677
4775 0.250281911954
4777 0.25028174041
4779 0.250273740545
4781 0.250273617052
4783 0.250273385092
4785 0.250265727557
4787 0.250257011507
4789 0.250251735886
4791 0.250242500039
4794 0.250221820758
4796 0.250212219138
4798 0.250211591628
4800 0.250202353612
4803 0.250182622008
4805 0.250174486619
4807 0.250173798684
4809 0.250173793025
4811 0.250173164589
4813 0.250164453162
4815 0.250163261437
4817 0.250162997806
4819 0.250162672057
4821 0.250161931294
4823 0.250155796436
4825 0.250148290299
4827 0.250147632165
4829 0.250138108027
4831 0.250137107675
4833 0.250131261193
4835 0.250131022793
4837 0.250125027228
4839 0.250124772321
4841 0.250124767102
4843 0.250119364392
4845 0.250111897634
4847 0.250110084428
4849 0.250100870151
4851 0.250094496569
4853 0.250093754986
4855 0.250092916895
4857 0.250092322565
4859 0.250089918306
4861 0.250083743569
4863 0.250083742333
4865 0.250082679471
4867 0.25008267846
4869 0.250080534057
4871 0.250079992824
4873 0.250071608117
4875 0.250071439575
4877 0.250063419223
4879 0.250063298247
4881 0.250063056377
4883 0.250055857622
4885 0.250047215632
4887 0.250042296903
4889 0.250033195134
4892 0.250011847777
4894 0.250002404669
4896 0.250001961301
4898 0.249992879438
4900 0.249982827957
4902 0.249974976858
4904 0.249974429641
4906 0.24997442421
4908 0.249973923355
4910 0.249965475467
4912 0.249964288805
4914 0.249964026699
4916 0.249963702283
4918 0.249963001003
4920 0.249957326125
4922 0.249949948306
4924 0.24994914266
4926 0.249939774054
4928 0.249938775633
4930 0.249932981324
4932 0.249932743025
4934 0.249926804102
4936 0.249926550446
4938 0.249926546367
4940 0.249921589019
4942 0.249914205597
4944 0.249912633801
4946 0.24990355113
4948 0.249897270483
4950 0.249896642786
4952 0.249895817357
4954 0.249895322631
4956 0.249892955084
4958 0.249886873782
4960 0.249886872481
4962 0.249885825676
4964 0.249885824608
4966 0.249883713546
4968 0.249883168335
4970 0.249874826474
4972 0.249874659804
4974 0.24986663024
4976 0.24986651095
4978 0.249866259578
4980 0.249859506901
4982 0.249850935739
4984 0.249846361844
4986 0.249837390237
4988 0.249827500582
4990 0.249818216587
4992 0.249817908625
4994 0.249808981478
4996 0.249799741298
4998 0.249792162893
5000 0.249791727474
5002 0.249791722317
5004 0.249791322973
5006 0.24978313248
5008 0.249781951069
5010 0.249781690482
5012 0.249781367457
5014 0.249780704197
5016 0.249775424949
5018 0.249768173107
5020 0.249767223203
5022 0.249758007643
5024 0.249757011317
5026 0.24975127017
5028 0.249751031978
5030 0.249745148872
5032 0.249744896513
5034 0.249744893443
5036 0.249740339874
5038 0.249733039643
5040 0.249731680546
5042 0.249722727911
5044 0.249716539808
5046 0.249716007739
5048 0.249715194801
5050 0.249714783123
5052 0.249712452116
5054 0.249706463437
5056 0.249706462069
5058 0.24970543108
5060 0.249705429953
5062 0.24970335199
5064 0.249702804278
5066 0.249694496188
5068 0.24969433067
5070 0.249686299774
5072 0.249686181642
5074 0.249685920122
5076 0.249679575772
5078 0.249671077276
5080 0.249666817459
5082 0.249657976099
5084 0.249647836484
5086 0.249638711693
5088 0.249638483076
5090 0.249629710136
5092 0.249621070715
5094 0.249613755134
5096 0.249613408548
5098 0.249613403694
5100 0.24961308514
5102 0.249605146203
5104 0.249603970207
5106 0.249603711133
5108 0.249603389548
5110 0.24960276287
5112 0.2495978249
5114 0.249590696716
5116 0.249589608023
5118 0.249580543022
5120 0.249579548947
5122 0.24957386136
5124 0.249573623277
5126 0.249567795557
5128 0.249567544531
5130 0.249567542334
5132 0.249563355055
5134 0.249556137817
5136 0.249554965882
5138 0.249546141703
5140 0.249540045668
5142 0.249539593965
5144 0.249538793345
5146 0.249538450913
5148 0.24953615624
5150 0.249530259305
5152 0.24953025787
5154 0.249529242458
5156 0.24952924127
5158 0.249527196136
5160 0.249526646879
5162 0.249518366403
5164 0.249518201578
5166 0.249510174906
5168 0.249510057597
5170 0.249509785773
5172 0.249503824751
5174 0.249495398311
5176 0.249491431842
5178 0.249482718834
5181 0.249464384267
5183 0.249455428839
5185 0.249454870504
5187 0.249446260906
5189 0.249436489318
5191 0.249429427693
5193 0.249429151704
5195 0.249429147172
5197 0.249428892935
5199 0.249421200076
5201 0.249420029636
5203 0.249419772067
5205 0.249419451966
5207 0.249418860456
5209 0.249414217713
5211 0.249407210891
5213 0.249405990337
5215 0.249397073411
5217 0.249396081728
5219 0.249390447823
5221 0.249390209851
5223 0.249384437267
5225 0.249384187605
5227 0.24938418614
5229 0.249380331338
5231 0.249373196849
5233 0.249372189376
5235 0.249363492068
5237 0.249357487544
5239 0.249357103438
5241 0.249356314967
5243 0.249356030268
5245 0.249353771691
5247 0.249347965568
5249 0.249347964066
5251 0.249346963993
5253 0.249346962744
5255 0.249344950145
5257 0.249344399962
5259 0.249336142966
5261 0.24933597854
5263 0.249327960019
5265 0.249327843317
5267 0.24932756135
5269 0.249321965175
5271 0.24931360872
5273 0.249309920801
5275 0.249301333076
5277 0.249292633957
5279 0.249283832624
5281 0.249283461841
5283 0.249275002259
5285 0.24926616814
5287 0.249259351113
5289 0.249259131239
5291 0.249259127039
5293 0.249258924019
5295 0.249251470558
5297 0.249250305793
5299 0.249250049724
5301 0.249249731143
5303 0.249249173415
5305 0.249244786756
5307 0.249237899022
5309 0.249236554428
5311 0.2492277831
5313 0.249226793933
5315 0.249221213702
5317 0.249220975842
5319 0.24921525822
5321 0.249215009948
5323 0.24921500907
5325 0.249211456235
5327 0.249204404205
5329 0.249203541022
5331 0.249194968992
5333 0.249189055349
5335 0.249188728155
5337 0.249187951662
5339 0.249187715097
5341 0.249185492349
5343 0.249179776061
5345 0.249179774489
5347 0.249178789523
5349 0.249178788211
5351 0.249176807831
5353 0.249176257119
5355 0.249168020723
5357 0.249167856504
5359 0.249159848924
5361 0.249159732691
5363 0.249159439961
5365 0.249154178107
5367 0.249145893168
5369 0.249142459017
5371 0.249133996452
5373 0.249124939342
5375 0.249116292268
5377 0.249116028764
5379 0.249107718664
5381 0.249099560797
5383 0.249092980218
5385 0.249092804957
5387 0.249092801088
5389 0.249092638868
5391 0.249085418641
5393 0.249084259654
5395 0.249084005077
5397 0.249083688047
5399 0.249083162743
5401 0.249078998794
5403 0.249072227907
5405 0.249070767556
5407 0.249062139365
5409 0.249061152824
5411 0.249055626193
5413 0.249055388446
5415 0.249049725649
5417 0.249049478788
5419 0.24904947835
5421 0.249046199942
5423 0.249039230041
5425 0.249038493232
5427 0.249030044884
5429 0.249024221432
5431 0.249023942201
5433 0.249023177516
5435 0.249022981078
5437 0.249020793867
5439 0.249015166399
5441 0.249015164758
5443 0.249014194666
5445 0.24901419329
5447 0.249012244794
5449 0.249011693811
5451 0.24900347613
5453 0.249003311999
5455 0.248995317374
5457 0.248995201522
5459 0.248994897888
5461 0.248989950325
5463 0.248981736221
5465 0.248978539246
5467 0.248970199952
5469 0.248960961678
5471 0.248952468404
5473 0.248952268512
5475 0.248944106985
5477 0.24893645529
5479 0.248930103346
5481 0.248929963563
5483 0.248929960022
5485 0.248929830315
5487 0.248922837178
5489 0.248921684054
5491 0.248921430962
5493 0.24892111551
5495 0.248920621303
5497 0.248916651526
5499 0.248909995269
5501 0.248908427601
5503 0.248899940103
5505 0.248898956285
5507 0.248893483149
5509 0.248893245517
5511 0.248887637417
5513 0.248887391987
5515 0.248887391837
5517 0.248884362988
5519 0.248877474848
5521 0.248876848513
5523 0.248868522246
5525 0.248862788238
5527 0.248862549471
5529 0.248861796425
5531 0.248861633434
5533 0.24885948145
5535 0.248853941755
5537 0.248853940044
5539 0.248852984597
5541 0.248852983155
5543 0.248851066195
5545 0.248850515103
5547 0.248842314907
5549 0.248842150785
5551 0.24883417058
5553 0.248834055052
5555 0.248833740363
5557 0.248829087976
5559 0.248820944088
5561 0.248817968594
5563 0.248809750752
5565 0.248800455622
5567 0.248792115252
5569 0.248791954415
5571 0.248783940285
5573 0.248776682124
5575 0.248770551315
5577 0.248770439753
5579 0.248770436531
5581 0.248770332745
5583 0.248763560597
5585 0.248762413408
5587 0.248762161794
5589 0.248761847942
5591 0.248761383534
5593 0.248757583454
5595 0.248751039645
5597 0.248749373027
5599 0.248741023797
5601 0.248740042788
5603 0.248734623024
5605 0.248734385508
5607 0.24872883198
5609 0.248728587995
5611 0.248728587983
5613 0.248725786224
5615 0.248718979442
5617 0.248718449473
5619 0.248710243692
5621 0.248704598328
5623 0.248704393739
5625 0.248703652164
5627 0.248703517046
5629 0.248701399956
5631 0.248695946965
5633 0.248695945181
5635 0.248695004154
5637 0.248695002645
5639 0.248693116857
5641 0.248692565764
5643 0.248684382273
5645 0.248684218108
5647 0.248676253409
5649 0.248676138168
5651 0.248675812269
5653 0.248671436929
5655 0.248663362678
5657 0.248660593879
5659 0.248652495725
5661 0.24864322943
5663 0.248635040767
5665 0.248634904697
5667 0.248627036598
5669 0.248620096247
5671 0.248614179359
5673 0.248614090251
5675 0.248614087339
5677 0.248614004228
5679 0.248607447034
5681 0.24860630584
5683 0.248606055695
5685 0.248605743462
5687 0.248605307586
5689 0.248601656156
5691 0.248595222642
5693 0.248593465211
5695 0.24858525185
5697 0.248584273724
5699 0.248578907198
5701 0.2485786698
5703 0.248573170716
5705 0.248572928189
5707 0.248572928162
5709 0.248570333188
5711 0.248563607326
5713 0.248563161218
5715 0.248555074325
5717 0.248549516765
5719 0.248549341076
5721 0.248548610807
5723 0.248548498913
5725 0.248546416368
5727 0.248541048988
5729 0.248541047132
5731 0.248540120299
5733 0.248540118724
5735 0.248538263733
5737 0.248537712706
5739 0.248529545451
5741 0.248529381212
5743 0.248521432837
5745 0.24852131786
5747 0.248520980593
5749 0.248516865179
5751 0.248508860006
5753 0.248506284017
5755 0.248498303829
5757 0.248489124453
5759 0.248481086085
5761 0.248480966189
5763 0.248473242617
5765 0.248466568438
5767 0.248460858521
5769 0.248460787288
5771 0.248460784673
5773 0.24846071806
5775 0.248454369864
5777 0.248453234713
5779 0.248452986031
5781 0.248452675433
5783 0.248452266853
5785 0.248448745922
5787 0.248442420586
5789 0.24844058014
5791 0.248432500275
5793 0.248431525098
5795 0.248426211668
5797 0.248425974389
5799 0.248420529615
5801 0.248420288556
5803 0.248420288362
5805 0.24841788181
5807 0.248411236402
5809 0.248410863077
5811 0.248402893479
5813 0.248397422841
5815 0.248397271622
5817 0.248396552493
5819 0.248396459944
5821 0.248394411581
5823 0.248389128703
5825 0.248389126773
5827 0.248388213916
5829 0.248388212272
5831 0.248386387696
5833 0.248385836779
5835 0.248377685507
5837 0.248377521172
5839 0.248369589756
5841 0.248369475028
5843 0.248369126237
5845 0.248365254628
5847 0.248357317986
5849 0.248354921796
5851 0.248347057884
5853 0.248338004111
5855 0.248330114474
5857 0.248330005432
5859 0.248322424785
5861 0.248315981035
5863 0.248310471386
5865 0.248310414386
5867 0.248310412055
5869 0.248310358614
5871 0.248304213554
5873 0.248303084485
5875 0.248302837258
5877 0.248302528306
5879 0.248302145821
5881 0.2482987397
5883 0.248292520457
5885 0.248290604388
5887 0.248282655674
5889 0.248281683503
5891 0.248276423018
5893 0.248276185862
5895 0.248270795258
5897 0.248270555676
5899 0.248270555161
5901 0.24826832042
5903 0.248261754973
5905 0.248261444621
5907 0.248253590731
5909 0.248248206101
5911 0.248248075628
5913 0.248247367477
5915 0.248247291034
5917 0.248245276475
5919 0.248240076981
5921 0.248240074977
5923 0.248239175877
5925 0.248239174163
5927 0.248237379611
5929 0.248236828832
5931 0.24822869344
5933 0.248228528995
5935 0.248220615042
5937 0.248220500555
5939 0.248220140086
5941 0.248216497131
5943 0.24820862848
5945 0.248206399912
5947 0.248198650612
5949 0.248189747657
5951 0.248182005077
5953 0.248181903511
5955 0.24817446411
5957 0.248168225635
5959 0.248162909778
5961 0.248162864117
5963 0.248162862054
5965 0.248162819136
5967 0.248156871451
5969 0.248155748493
5971 0.248155502713
5973 0.248155195418
5975 0.248154837856
5977 0.248151532952
5979 0.248145417751
5981 0.248143433002
5983 0.248135613123
5985 0.248134644008
5987 0.248129436314
5989 0.248129199281
5991 0.248123862702
5993 0.248123624602
5995 0.248123623617
5997 0.248121545651
5999 0.248115059643
6001 0.248114803589
6003 0.248107063824
6005 0.24810176426
6007 0.2481016514
6009 0.248100954064
6011 0.248100891026
6013 0.248098909884
6015 0.248093792645
6017 0.248093790566
6019 0.248092905008
6021 0.248092903223
6023 0.2480911383
6025 0.248090587675
6027 0.248082468161
6029 0.248082303598
6031 0.248074407525
6033 0.248074293271
6035 0.248073920978
6037 0.248070492458
6039 0.248062691255
6041 0.248060618928
6043 0.248052982601
6045 0.248044246397
6047 0.248036649121
6049 0.248036552839
6051 0.248029252951
6053 0.248023201694
6055 0.24801807337
6057 0.248018036748
6059 0.248018034937
6061 0.248018000433
6063 0.248012244469
6065 0.248011127645
6067 0.248010883304
6069 0.248010577674
6071 0.248010243896
6073 0.248007028402
6075 0.248001015229
6077 0.247998968276
6079 0.247991274948
6081 0.247990308933
6083 0.247985153868
6085 0.24798491696
6087 0.247979634254
6089 0.247979397639
6091 0.247979396034
6093 0.247977461227
6095 0.247971054116
6097 0.247970844693
6099 0.247963217479
6101 0.247958002011
6103 0.247957904128
6105 0.247957217447
6107 0.247957165559
6109 0.247955217436
6111 0.247950181318
6113 0.247950179162
6115 0.247949306935
6117 0.24794930508
6119 0.247947569384
6121 0.247947018926
6123 0.247938915359
6125 0.247938750671
6127 0.24793087283
6129 0.247930758806
6131 0.247930374545
6133 0.247927147129
6135 0.247919412831
6137 0.247917486113
6139 0.24790996114
6141 0.247901401263
6143 0.247893947479
6145 0.247893855036
6147 0.247886692884
6149 0.247880815575
6151 0.247875868728
6153 0.247875839314
6155 0.247875837739
6157 0.247875809964
6159 0.247870240184
6161 0.247869129508
6163 0.247868886599
6165 0.247868582639
6167 0.247868271538
6169 0.247865135182
6171 0.247859222057
6173 0.247857118905
6175 0.247849549876
6177 0.247848586997
6179 0.247843484394
6181 0.247843247615
6183 0.24783801862
6185 0.247837783495
6187 0.247837781122
6189 0.247835977138
6191 0.247829648358
6193 0.247829478797
6195 0.247821962568
6197 0.247816830208
6199 0.247816745078
6201 0.247816068893
6203 0.247816026274
6205 0.247814110765
6207 0.247809154632
6209 0.247809152399
6211 0.247808293293
6213 0.247808291365
6215 0.247806584493
6217 0.247806034209
6219 0.247797946707
6221 0.247797781891
6223 0.247789922589
6225 0.247789808792
6227 0.247789412428
6229 0.247786373624
6231 0.247778705684
6233 0.247776914649
6235 0.24776949943
6237 0.247761121123
6239 0.247753808975
6241 0.247753719405
6243 0.247746693182
6245 0.247740979792
6247 0.247736208557
6249 0.247736184896
6251 0.247736183541
6253 0.247736161154
6255 0.247730772133
6257 0.247729667616
6259 0.247729426131
6261 0.247729123845
6263 0.247728834346
6265 0.247725768171
6267 0.247719953149
6269 0.247717799341
6271 0.247710352392
6273 0.247709392683
6275 0.247704342369
6277 0.24770410572
6279 0.247698930272
6281 0.247698696635
6283 0.247698693351
6285 0.247697009003
6287 0.24769075797
6289 0.247690622303
6291 0.247683215501
6293 0.247678165242
6295 0.247678090989
6297 0.247677425145
6299 0.247677390223
6301 0.247675506916
6303 0.24767062963
6305 0.247670627318
6307 0.247669781129
6309 0.247669779127
6311 0.247668100675
6313 0.247667550568
6315 0.247659479282
6317 0.247659314334
6319 0.247651473847
6321 0.247651360275
6323 0.247650951678
6325 0.247648089788
6327 0.247640487652
6329 0.247638823038
6331 0.247631515993
6333 0.247623321557
6335 0.247616149157
6337 0.247616061806
6339 0.24760916968
6341 0.247603612388
6343 0.247599011083
6345 0.247598992018
6347 0.247598990864
6349 0.247598972795
6351 0.247593759229
6353 0.247592660876
6355 0.247592420807
6357 0.247592120198
6359 0.247591851257
6361 0.24758884744
6363 0.247583128615
6365 0.247580929244
6367 0.247573602192
6369 0.247572645679
6371 0.247567647475
6373 0.247567410959
6375 0.247562288883
6377 0.247562056737
6379 0.247562052398
6381 0.247560477543
6383 0.247554303656
6385 0.247554196622
6387 0.247546897702
6389 0.247541928521
6391 0.247541863563
6393 0.247541207902
6395 0.247541179369
6397 0.247539327846
6399 0.247534528271
6401 0.247534525881
6403 0.247533692405
6405 0.247533690328
6407 0.247532039888
6409 0.247531489962
6411 0.247523435065
6413 0.247523269984
6415 0.247515448564
6417 0.247515335215
6419 0.247514914264
6421 0.247512218333
6423 0.247504681443
6425 0.247503134608
6427 0.247495934173
6429 0.247487923923
6431 0.247480889358
6433 0.24748080378
6435 0.247474043899
6437 0.247468636394
6439 0.247464199513
6441 0.24746418412
6443 0.247464183151
6445 0.247464168544
6447 0.247459125252
6449 0.247458033062
6451 0.247457794401
6453 0.247457495469
6455 0.247457246074
6457 0.247454297773
6459 0.24744867327
6461 0.247446433004
6463 0.247439223699
6465 0.247438270407
6467 0.247433324128
6469 0.247433087748
6471 0.247428018864
6473 0.247427788208
6475 0.247427782675
6477 0.247426308105
6479 0.247420210745
6481 0.247420127719
6483 0.247412935144
6485 0.247408046009
6487 0.247407989005
6489 0.247407343376
6491 0.247407320137
6493 0.247405499977
6495 0.24740077698
6497 0.247400774509
6499 0.247399953547
6501 0.247399951396
6503 0.247398328561
6505 0.247397778817
6507 0.247389740498
6509 0.247389575282
6511 0.247381773164
6513 0.247381660039
6515 0.247381226617
6517 0.247378686389
6519 0.247371214183
6521 0.247369777065
6523 0.247362681695
6525 0.247354854611
6527 0.24734795595
6529 0.247347871837
6531 0.247341242337
6533 0.247335979344
6535 0.247331701548
6537 0.247331689094
6539 0.247331688293
6541 0.247331676465
6543 0.247326798384
6545 0.247325712353
6547 0.247325475092
6549 0.247325177837
6551 0.247324947007
6553 0.247322048226
6555 0.247316516208
6557 0.247314239314
6559 0.24730714564
6561 0.247306195589
6563 0.247301301046
6565 0.247301064803
6567 0.247296048926
6569 0.247295819757
6571 0.247295812895
6573 0.247294430249
6575 0.247288408783
6577 0.247288345701
6579 0.247281257948
6581 0.247276447815
6583 0.247276397633
6585 0.247275761882
6587 0.247275743025
6589 0.247273953802
6591 0.247269306255
6593 0.247269303704
6595 0.247268495059
6597 0.247268492831
6599 0.247266897196
6601 0.247266347635
6603 0.247258326091
6605 0.24725816074
6607 0.247250378146
6609 0.247250265244
6611 0.247249819246
6613 0.247247425119
6615 0.247240017029
6617 0.247238682109
6619 0.247231690275
6621 0.247224044446
6623 0.247217279746
6625 0.247217196883
6627 0.247210695889
6629 0.247205572856
6631 0.247201448967
6633 0.247201438867
6635 0.247201438216
6637 0.247201428623
6639 0.247196710811
6641 0.247195630932
6643 0.247195395062
6645 0.247195099484
6647 0.247194886268
6649 0.24719203175
6651 0.247186590415
6653 0.247184280781
6655 0.247177300658
6657 0.247176353865
6659 0.247171510861
6661 0.247171274758
6663 0.247166311694
6665 0.247166084009
6667 0.247166075687
6669 0.247164777367
6671 0.24715883115
6673 0.247158784446
6675 0.247151800004
6677 0.247147067824
6679 0.247147023501
6681 0.24714639748
6683 0.247146382246
6685 0.247144623531
6687 0.247140050314
6689 0.24714004768
6691 0.247139251159
6693 0.247139248854
6695 0.247137680014
6697 0.247137130636
6699 0.247129126072
6701 0.247128960583
6703 0.247121197728
6705 0.247121085048
6707 0.247120626374
6709 0.247118369361
6711 0.247111024814
6713 0.247109785079
6715 0.247102895271
6717 0.247095428201
6719 0.247088795507
6721 0.247088713742
6723 0.247082339373
6725 0.247077352253
6727 0.247073377249
6729 0.247073369036
6731 0.24707336852
6733 0.247073360723
6735 0.24706879836
6737 0.247067724622
6739 0.247067490137
6741 0.247067196232
6743 0.247066999709
6745 0.247064184837
6747 0.247058832417
6749 0.247056493581
6751 0.247049624964
6753 0.247048681442
6755 0.247043889776
6757 0.247043653817
6759 0.247038743365
6761 0.247038517162
6763 0.247038507251
6765 0.247037286349
6767 0.247031414724
6769 0.247031381277
6771 0.247024498649
6773 0.247019843366
6775 0.247019804087
6777 0.247019187647
6779 0.247019175401
6781 0.247017446766
6783 0.247012946763
6785 0.247012944048
6787 0.247012159459
6789 0.247012157075
6791 0.247010614627
6793 0.247010065432
6795 0.247002078056
6797 0.24700191243
6799 0.246994169517
6801 0.246994057059
6803 0.246993585618
6805 0.246991457304
6807 0.246984175724
6809 0.246983024637
6811 0.246976235359
6813 0.24696894417
6815 0.246962441524
6817 0.246962360749
6819 0.246956111119
6821 0.246951256225
6823 0.246947425234
6825 0.246947418536
6827 0.246947418137
6829 0.246947411789
6831 0.246943000173
6833 0.246941932562
6835 0.246941699453
6837 0.246941407219
6839 0.246941226496
6841 0.246938447211
6843 0.246933181974
6845 0.246930817152
6847 0.246924058031
6849 0.246923117793
6851 0.246918377257
6853 0.246918141443
6855 0.246913283398
6857 0.246913058672
6859 0.246913047048
6861 0.246911897281
6863 0.24690609958
6865 0.246906076661
6867 0.246899294363
6869 0.24689471492
6871 0.246894679992
6873 0.246894072987
6875 0.2468940632
6877 0.246892364215
6879 0.24688793632
6881 0.246887933521
6883 0.246887160678
6885 0.246887158215
6887 0.246885641758
6889 0.246885092747
6891 0.246877122768
6893 0.246876957004
6895 0.246869234233
6897 0.246869121997
6899 0.246868637706
6901 0.246866630214
6903 0.246859411019
6905 0.246858342482
6907 0.246851652259
6909 0.246844533833
6911 0.246838159272
6913 0.246838079408
6915 0.246831952629
6917 0.246827226535
6919 0.24682353483
6921 0.24682352935
6923 0.246823529053
6925 0.246823523873
6927 0.246819258422
6929 0.246818196922
6931 0.246817965182
6933 0.246817674615
6935 0.246817508829
6937 0.246814761561
6939 0.246809581808
6941 0.246807193917
6943 0.246800542318
6945 0.246799605372
6947 0.246794915754
6949 0.246794680088
6951 0.246789874238
6953 0.246789650986
6955 0.246789637529
6957 0.246788553173
6959 0.246782828721
6961 0.246782813951
6963 0.246776130514
6965 0.246771625852
6967 0.246771594684
6969 0.246770996971
6971 0.246770989202
6973 0.246769319436
6975 0.246764962554
6977 0.246764959671
6979 0.246764198388
6981 0.246764195845
6983 0.24676270498
6985 0.246762156152
6987 0.246754203782
6989 0.24675403788
6991 0.246746335444
6993 0.24674622343
6995 0.246745726212
6997 0.246743832165
6999 0.246736674775
7001 0.246735683101
7003 0.246729090474
7005 0.246722141549
7007 0.246715893112
7009 0.246715814097
7011 0.246709808283
7013 0.246705207757
7015 0.246701650751
7017 0.246701646252
7019 0.246701646041
7021 0.246701641804
7023 0.246697518053
7025 0.246696462645
7027 0.246696232267
7029 0.246695943361
7031 0.246695791678
7033 0.246693073284
7035 0.24668797735
7037 0.246685569034
7039 0.246679023017
7041 0.24667808937
7043 0.246673450451
7045 0.246673214937
7047 0.246668461063
7049 0.246668239278
7051 0.246668223875
7053 0.246667199719
7055 0.246661547831
7057 0.246661539141
7059 0.246654953108
7061 0.246650522169
7063 0.246650494258
7065 0.246649905694
7067 0.246649899576
7069 0.246648258598
7071 0.246643971642
7073 0.246643968674
7075 0.24664321877
7077 0.246643216147
7079 0.246641750479
7081 0.246641201835
7083 0.246633267284
7085 0.246633101242
7087 0.246625419331
7089 0.246625307538
7091 0.246624797326
7093 0.24662300982
7095 0.246615913646
7097 0.246614993537
7099 0.246608497063
7101 0.246601714297
7103 0.246595590021
7105 0.246595511812
7107 0.246589625077
7109 0.246585147034
7111 0.246581720278
7113 0.246581716569
7115 0.246581716429
7117 0.246581712955
7119 0.246577726555
7121 0.24657667722
7123 0.246576448194
7125 0.246576160946
7127 0.246576022558
7129 0.246573330269
7131 0.246568316523
7133 0.246565890177
7135 0.246559447837
7137 0.246558517495
7139 0.246553929051
7141 0.24655369369
7143 0.246548991568
7145 0.246548771245
7147 0.246548753784
7149 0.246547785076
7151 0.246542205061
7153 0.246542200656
7155 0.246535710588
7157 0.246531352315
7159 0.246531327231
7161 0.246530747676
7163 0.246530742905
7165 0.246529130287
7167 0.246524912181
7169 0.246524909127
7171 0.246524170423
7173 0.246524167719
7175 0.246522726856
7177 0.246522178395
7179 0.246514261872
7181 0.24651409569
7183 0.246506434489
7185 0.246506322917
7187 0.246505799651
7189 0.246504112217
7191 0.246497076673
7193 0.246496223185
7195 0.246489821441
7197 0.246483201456
7199 0.246477199385
7201 0.246477121945
7203 0.246471352409
7205 0.246466993881
7207 0.246463693056
7209 0.246463689987
7211 0.246463689902
7213 0.246463687047
7215 0.24645983376
7217 0.246458790477
7219 0.246458562796
7221 0.2464582772
7223 0.246458151327
7225 0.246455482703
7227 0.246450549547
7229 0.246448107338
7231 0.246441766803
7233 0.24644083977
7235 0.246436301572
7237 0.246436066368
7239 0.246431415767
7241 0.246431196901
7243 0.246431177277
7245 0.246430259683
7247 0.246424750845
7249 0.24642474917
7251 0.246418353643
7253 0.246414066982
7255 0.246414044358
7257 0.246413473673
7259 0.246413469994
7261 0.246411885308
7263 0.246407734988
7265 0.246407731849
7267 0.246407004168
7269 0.246407001381
7271 0.246405584935
7273 0.246405036657
7275 0.246397138371
7277 0.246396972049
7279 0.246389331739
7281 0.246389220388
7283 0.246388684016
7285 0.246387090598
7287 0.246380115094
7289 0.246379323619
7291 0.246373015198
7293 0.246366554611
7295 0.246360672791
7297 0.246360596091
7299 0.246354941879
7301 0.246350699995
7303 0.246347520912
7305 0.246347518359
7307 0.246347518316
7309 0.246347515963
7311 0.246343791666
7313 0.246342754412
7315 0.246342528069
7317 0.24634224412
7319 0.246342130006
7321 0.246339482896
7323 0.246334628764
7325 0.246332172655
7327 0.246325932089
7329 0.246325008367
7331 0.246320520181
7333 0.246320285137
7335 0.246315685819
7337 0.246315468404
7339 0.246315446515
7341 0.24631457608
7343 0.246309137715
7345 0.246309137434
7347 0.246302835039
7349 0.246298618941
7351 0.246298598462
7353 0.24629803651
7355 0.246298033712
7357 0.246296476533
7359 0.246292392947
7361 0.24629238972
7363 0.24629167289
7365 0.24629167002
7367 0.246290277607
7369 0.246289729511
7371 0.246281849669
7373 0.246281683207
7375 0.246274063966
7377 0.246273952836
7379 0.246273403313
7381 0.246271898236
7383 0.246264982182
7385 0.246264248426
7387 0.246258031938
7389 0.24625172738
7391 0.246245963866
7393 0.246245887882
7395 0.246240347125
7397 0.246236219093
7399 0.246233157687
7401 0.246233155554
7403 0.246233155538
7405 0.246233153594
7407 0.246229554275
7409 0.246228523024
7411 0.246228298012
7413 0.246228015702
7415 0.246227912621
7417 0.246225285128
7419 0.246220508486
7421 0.24621804025
7423 0.24621189785
7425 0.24621097744
7427 0.246206539026
7429 0.246206304145
7431 0.24620175587
7433 0.246201539899
7435 0.246201515649
7437 0.246200688757
7439 0.246195320162
7441 0.246195320125
7443 0.246189109469
7445 0.246184962889
7447 0.246184944284
7449 0.246184390932
7451 0.246184388839
7453 0.246182858743
7455 0.246178840851
7457 0.246178837536
7459 0.246178131386
7461 0.246178128433
7463 0.24617675967
7465 0.246176211757
7467 0.246168350565
7469 0.246168183961
7471 0.246160585963
7473 0.246160475054
7475 0.246159912344
7477 0.246158490294
7479 0.246151633099
7481 0.246150953055
7483 0.246144827129
7485 0.246138675259
7487 0.246133028114
7489 0.246132952824
7491 0.246127523664
7493 0.246123506764
7495 0.246120559092
7497 0.2461205573
7499 0.246120557298
7501 0.246120555687
7503 0.24611707744
7505 0.246116052168
7507 0.246115828478
7509 0.246115547802
7511 0.24611545505
7513 0.246112845502
7515 0.246108144847
7517 0.246105666088
7519 0.246099620084
7521 0.246098702988
7523 0.246094314101
7525 0.246094079384
7527 0.246089581904
7529 0.24608936737
7531 0.246089340668
7533 0.246088554016
7535 0.246083254482
7537 0.246083253707
7539 0.246077133414
7541 0.246073055314
7543 0.246073038351
7545 0.246072493465
7547 0.246072491933
7549 0.246070988499
7551 0.246067035273
7553 0.24606703187
7555 0.246066336232
7557 0.246066333194
7559 0.246064987708
7561 0.246064439976
7563 0.246056597637
7565 0.246056430891
7567 0.246048854307
7569 0.246048743618
7571 0.246048167692
7573 0.246046823689
7575 0.246040024762
7577 0.246039394698
7579 0.24603335798
7581 0.246027355495
7583 0.246021822792
7585 0.246021748177
7587 0.246016428763
7589 0.24601252034
7591 0.246009682576
7593 0.246009681062
7595 0.246009681061
7597 0.246009679722
7599 0.246006318748
7601 0.24600529943
7603 0.246005077055
7605 0.246004798004
7607 0.246004714904
7609 0.246002121825
7611 0.245997495687
7613 0.245995007856
7615 0.245989056512
7617 0.245988142727
7619 0.245983803118
7621 0.245983568569
7623 0.245979121631
7625 0.245978908527
7627 0.245978879285
7629 0.245978129852
7631 0.245972898667
7633 0.245972896321
7635 0.24596686503
7637 0.245962854378
7639 0.245962838857
7641 0.245962302307
7643 0.245962301214
7645 0.245960824026
7647 0.24595693445
7649 0.245956930958
7651 0.245956245667
7653 0.245956242544
7655 0.245954919962
7657 0.245954372413
7659 0.245946549127
7661 0.24594638224
7663 0.245938827237
7665 0.245938716768
7667 0.245938127604
7669 0.245936856983
7671 0.245930115733
7673 0.245929532168
7675 0.245923583321
7677 0.245917726961
7679 0.245912306783
7681 0.245912232826
7683 0.24590702132
7685 0.245903218776
7687 0.24590048721
7689 0.245900485924
7691 0.24590048591
7693 0.245900484794
7695 0.2458972374
7697 0.245896224007
7699 0.24589600294
7701 0.245895725509
7703 0.245895651405
7705 0.245893073496
7707 0.245888520433
7709 0.245886024842
7711 0.245880166454
7713 0.245879255979
7715 0.245874965393
7717 0.245874731016
7719 0.24587033436
7721 0.24587012268
7723 0.245870090817
7725 0.245869375836
7727 0.245864212288
7729 0.245864207666
7731 0.245858264034
7733 0.245854319807
7735 0.245854305555
7737 0.245853777212
7739 0.245853776459
7741 0.245852325103
7743 0.245848498176
7745 0.245848494594
7747 0.245847819487
7749 0.245847816278
7751 0.245846516233
7753 0.245845968865
7755 0.245838164832
7757 0.245837997801
7759 0.245830464545
7761 0.245830354297
7763 0.24582975188
7765 0.245828550267
7767 0.245821866105
7769 0.245821325795
7771 0.2458154635
7773 0.245809750053
7775 0.245804440495
7777 0.24580436718
7779 0.245799261755
7781 0.24579556255
7783 0.245792933583
7785 0.245792932483
7787 0.245792932446
7789 0.245792931512
7791 0.245789794106
7793 0.245788786612
7795 0.245788566844
7797 0.245788291024
7799 0.245788225285
7801 0.245785661401
7803 0.245781180001
7805 0.245778677838
7807 0.245772910733
7809 0.245772003566
7811 0.245767761743
7813 0.24576752754
7815 0.245763180904
7817 0.24576297064
7819 0.245762936078
7821 0.245762253015
7823 0.24575715639
7825 0.245757148902
7827 0.245751291602
7829 0.245747412785
7831 0.245747399653
7833 0.245746879388
7835 0.245746878895
7837 0.245745452959
7839 0.245741687691
7841 0.245741684019
7843 0.245741018937
7845 0.245741015642
7847 0.245739737771
7849 0.245739190585
7851 0.245731406001
7853 0.245731238827
7855 0.245723727479
7857 0.245723617451
7859 0.245723001775
7861 0.24572186507
7863 0.245715237408
7865 0.245714737329
7867 0.245708960284
7869 0.245703386589
7871 0.245698185759
7873 0.245698113072
7875 0.245693111913
7877 0.245689513559
7879 0.245686983701
7881 0.245686982754
7883 0.245686982682
7885 0.245686981898
7887 0.245683950988
7889 0.245682949365
7891 0.245682730889
7893 0.245682456674
7895 0.245682398691
7897 0.245679847822
7899 0.245675436704
7901 0.245672929043
7903 0.245667251582
7905 0.24566634772
7907 0.245662154396
7909 0.24566192037
7911 0.245657623485
7913 0.245657414629
7915 0.245657377296
7917 0.245656723828
7919 0.245651693412
7921 0.245651682569
7923 0.24564591029
7925 0.245642095876
7927 0.245642083735
7929 0.245641571424
7931 0.245641571121
7933 0.245640170199
7935 0.245636465616
7937 0.245636461852
7939 0.245635806639
7941 0.245635803255
7943 0.245634547201
7945 0.245634000196
7947 0.245626235255
7949 0.245626067937
7951 0.245618578656
7953 0.245618468847
7955 0.245617839913
7957 0.245616764275
7959 0.245610192525
7961 0.245609729858
7963 0.24560403678
7965 0.245598599727
7967 0.245593505748
7969 0.245593433674
7971 0.245588534981
7973 0.245585035042
7975 0.245582600909
7977 0.245582600088
7979 0.245582599969
7981 0.245582599309
7983 0.245579671502
7985 0.24557867572
7987 0.245578458529
7989 0.245578185911
7991 0.245578135098
7993 0.245575596355
7995 0.245571254165
7997 0.24556874198
7999 0.245563152552
8001 0.245562251991
8003 0.245558106899
8005 0.245557873052
8007 0.245553625644
8009 0.245553418189
8011 0.245553378017
8013 0.245552752012
8015 0.245547787091
8017 0.245547772492
8019 0.245542083941
8021 0.245538332933
8023 0.245538321669
8025 0.24553781719
8027 0.245537817022
8029 0.24553644071
8031 0.245532795849
8033 0.245532791994
8035 0.245532146493
8037 0.245532143021
8039 0.24553090843
8041 0.245530361606
8043 0.245522616501
8045 0.245522449039
8047 0.245514981981
8049 0.245514872391
8051 0.245514230206
8053 0.24551321203
8055 0.245506695608
8057 0.245506267726
8059 0.245500657348
8061 0.24549535388
8063 0.245490364889
8065 0.245490293415
8067 0.245485495402
8069 0.245482091492
8071 0.245479749802
8073 0.245479749086
8075 0.245479748909
8077 0.245479748351
8079 0.24547692035
8081 0.245475930381
8083 0.245475714467
8085 0.245475443438
8087 0.24547539923
8089 0.245472871832
8091 0.245468597245
8093 0.245466081418
8095 0.245460578445
8097 0.245459681181
8099 0.245455584046
8101 0.245455350383
8103 0.245451152172
8105 0.245450946111
8107 0.245450903037
8109 0.245450302538
8111 0.2454454024
8113 0.245445383719
8115 0.24543977762
8117 0.245436089031
8119 0.245436078548
8121 0.245435581778
8123 0.2454355817
8125 0.2454342296
8127 0.245430643512
8129 0.245430639564
8131 0.245430003625
8133 0.245430000064
8135 0.245428786588
8137 0.245428239944
8139 0.245420514863
8141 0.245420347257
8143 0.245412902572
8145 0.245412793202
8147 0.24541213778
8149 0.24541117369
8151 0.245404712012
8153 0.245404316466
8155 0.245398787539
8157 0.245393614653
8159 0.245388728805
8161 0.245388657917
8163 0.245383958814
8165 0.245380648595
8167 0.245378396168
8169 0.245378395538
8171 0.245378395294
8173 0.245378394821
8175 0.245375663421
8177 0.245374679236
8179 0.245374464592
8181 0.245374195144
