26    2.24923359984
52    2.15774235479
61    2.03306405629
87    1.91185589116
113    1.90421381172
123    1.78187456487
149    1.77093104653
175    1.64192914429
182    1.51770014622
208    1.41065938585
210    1.41065917856
236    1.29182035289
259    1.28792136326
285    1.25834240193
307    1.13549133747
333    1.05268065812
335    1.05267591132
344    0.930997322939
370    0.918029677498
396    0.861333290109
422    0.517673283381
448    0.482135860129
474    0.480501288778
500    0.444415621365
526    0.404131339603
528    0.404131337682
530    0.404130200403
556    0.401786121818
558    0.40178612177
584    0.39989868191
608    0.399547420673
610    0.399547420673
636    0.398010722465
638    0.398010722292
640    0.398010013856
642    0.398002955601
668    0.386246159524
670    0.386246142814
696    0.379926981186
698    0.379923408171
700    0.37991814489
726    0.373710894537
752    0.357766219628
778    0.34983321442
804    0.34027645977
806    0.340270815362
832    0.323094760703
858    0.299105627615
860    0.299105627428
862    0.299105614722
888    0.298297757981
890    0.298297757971
916    0.29756235198
918    0.297555001565
920    0.297555001445
929    0.297460307942
931    0.29746030781
933    0.297460287663
935    0.297454497894
961    0.290177854798
963    0.290177852395
989    0.289077301783
991    0.289075541084
993    0.289074485842
1019    0.285219327421
1045    0.278004011005
1071    0.276218261358
1097    0.271758668378
1099    0.271755288878
1125    0.262444349668
1151    0.246026901976
1153    0.246026901843
1155    0.246026894748
1181    0.245564600931
1183    0.245564600922
1209    0.244590510065
1211    0.244583478106
1213    0.244583478089
1215    0.244577000378
1217    0.244577000274
1219    0.244576997136
1221    0.244572283029
1247    0.240006532776
1249    0.240006531658
1269    0.239728267271
1271    0.239727700393
1273    0.2397274894
1299    0.237627957956
1325    0.232625689137
1351    0.23208125838
1377    0.228966409395
1379    0.228964035409
1405    0.223345691573
1431    0.211923667816
1433    0.211923667671
1435    0.211923663871
1461    0.211555895118
1463    0.211555895113
1489    0.210233388481
1491    0.210226652948
1493    0.210226652948
1495    0.210222793668
1497    0.210222793586
1499    0.210222791894
1501    0.210218948826
1527    0.207359576048
1529    0.207359575669
1536    0.20730539266
1538    0.207305300432
1540    0.207305285708
1566    0.20629007903
1592    0.202071121539
1608    0.201923269945
1634    0.199224667936
1636    0.199222664723
1662    0.195547011961
1688    0.187343580578
1690    0.18734358043
1692    0.187343578568
1718    0.187021475741
1720    0.187021475738
1746    0.185517452722
1748    0.185510995499
1750    0.185510995494
1752    0.185508419777
1754    0.185508419711
1756    0.185508418691
1758    0.185505274376
1784    0.183663742532
1786    0.183663742442
1788    0.183657282314
1790    0.183657282313
1792    0.183657281762
1818    0.183233946705
1844    0.179522652956
1846    0.179514987055
1872    0.177074332302
1874    0.177072329696
1900    0.174470795669
1926    0.168215332199
1928    0.168215332055
1930    0.168215331297
1956    0.167929978871
1958    0.16792997887
1984    0.166425473433
1986    0.166419277897
1988    0.166419277888
1990    0.166417325185
1992    0.166417325131
1994    0.166417324545
1996    0.166414746492
2022    0.16515890384
2024    0.165158903821
2026    0.165154672206
2028    0.165154637219
2030    0.165154636825
2032    0.165148967348
2058    0.161959968845
2060    0.161952561891
2086    0.159816427556
2088    0.159814424844
2114    0.157857644679
2140    0.152782581934
2142    0.152782581798
2144    0.152782581604
2167    0.152561988434
2169    0.152561988434
2195    0.151182152736
2197    0.15117620241
2199    0.151176202399
2201    0.151174661011
2203    0.151174660965
2205    0.151174660826
2207    0.151172554393
2233    0.150100018439
2235    0.150100018371
2237    0.150097382002
2239    0.150097292587
2241    0.150097292321
2243    0.150096012965
2269    0.147471103183
2271    0.147463913332
2297    0.145695060885
2299    0.145693058259
2325    0.144166731767
2351    0.139863570098
2353    0.139863569973
2355    0.139863569969
2373    0.139703023217
2375    0.139703023216
2401    0.138507035874
2403    0.138501314456
2405    0.138501314446
2407    0.138500022235
2409    0.138500022196
2411    0.138500022029
2413    0.138498298279
2439    0.137578363134
2441    0.137578363049
2443    0.137576749886
2445    0.137576599565
2447    0.137576599384
2449    0.137575653438
2475    0.135513829794
2477    0.135506853182
2503    0.134122892388
2505    0.134120891587
2531    0.132912806577
2557    0.129170978324
2559    0.12917097821
2561    0.129170978131
2574    0.129062964914
2576    0.129062964911
2602    0.128063600858
2604    0.128058092917
2606    0.128058092907
2608    0.128056958168
2610    0.128056958134
2612    0.128056957982
2614    0.12805554177
2640    0.127264381162
2642    0.127264381085
2644    0.127263398394
2646    0.127263189258
2648    0.127263189133
2650    0.127259374638
2676    0.125708535491
2678    0.125701768179
2704    0.12467187979
2706    0.12466988421
2732    0.123711805986
2758    0.120422943536
2760    0.120422943436
2762    0.120422943088
2770    0.120362749741
2772    0.120362749735
2798    0.119546588851
2800    0.119541280493
2802    0.119541280484
2804    0.119540249195
2806    0.119540249166
2808    0.119540249037
2810    0.119539081117
2836    0.118857013935
2838    0.118857013875
2840    0.11885641341
2842    0.118856152424
2844    0.118856152335
2862    0.118710282753
2888    0.117585607362
2890    0.117579039575
2916    0.116843550127
2918    0.116841564498
2944    0.116084594182
2970    0.113188602192
2972    0.113188602105
2974    0.113188601353
2978    0.113164239435
2980    0.113164239427
3006    0.112507292233
3008    0.112502171363
3010    0.112502171355
3012    0.112501213597
3014    0.112501213571
3016    0.112501213558
3018    0.112500252312
3044    0.111814932369
3046    0.111814932369
3048    0.111814556255
3050    0.111814280988
3052    0.111814280931
3078    0.111448925955
3104    0.110656510839
3106    0.11065013093
3132    0.110141601276
3134    0.110139631084
3160    0.109545111211
3186    0.107000905743
3188    0.107000905668
3190    0.107000904425
3192    0.106993492564
3194    0.106993492556
3220    0.106472036238
3222    0.106467092424
3224    0.106467092417
3226    0.106466240122
3228    0.106466240099
3230    0.106466240093
3232    0.10646545238
3258    0.10567130023
3260    0.10567130023
3262    0.105671054278
3264    0.105670779712
3266    0.105670779671
3292    0.1051384497
3318    0.10459215885
3320    0.104585956391
3346    0.104242922246
3348    0.104240973104
3374    0.103776806153
3400    0.101550254569
3402    0.101550254506
3404    0.101550252721
3406    0.101543830478
3408    0.101543830471
3434    0.101137629541
3436    0.101132853674
3438    0.101132853668
3440    0.101132135327
3442    0.101132135306
3444    0.101132135297
3446    0.101131490108
3472    0.100184608004
3474    0.100184608003
3476    0.100184438986
3478    0.100184154051
3480    0.10018415402
3506    0.0994501063302
3532    0.0990793884139
3534    0.0990733550477
3554    0.0988986770629
3556    0.0988967612117
3582    0.0985357761039
3608    0.0965963021405
3610    0.0965963020899
3612    0.0965962997397
3614    0.0965909520792
3616    0.0965909520724
3642    0.0962794707342
3644    0.0962748547259
3646    0.0962748547213
3648    0.0962742764901
3650    0.0962742764709
3652    0.0962742764564
3654    0.0962737473235
3680    0.095129991601
3682    0.0951299915991
3684    0.0951298871461
3686    0.0951295779531
3688    0.0951295779238
3714    0.0941599670339
3740    0.0939095605244
3742    0.0939036934903
3744    0.0938960278416
3746    0.093894164388
3772    0.0936133414059
3798    0.0919333859129
3800    0.0919333858729
3802    0.0919333829583
3804    0.0919290402899
3806    0.0919290402841
3828    0.0917311192012
3830    0.0917266570436
3832    0.0917266570398
3834    0.0917262146221
3836    0.0917262146043
3838    0.0917262145878
3840    0.0917257797178
3866    0.0903445040512
3868    0.0903445040475
3870    0.0903444587934
3872    0.0903441095295
3874    0.0903441094953
3900    0.0891112973971
3902    0.0891034067131
3904    0.0890977235559
3906    0.0890901854358
3908    0.0890883746211
3928    0.0889225840318
3954    0.0874787387116
3956    0.0874787386811
3958    0.0874787352523
3960    0.0874751034659
3962    0.0874751034613
3971    0.0874077626708
3973    0.0874034499051
3975    0.0874034499019
3977    0.0874031313466
3979    0.08740313133
3981    0.0874031313164
3983    0.0874027725517
4009    0.0857537952988
4011    0.0857537952954
4013    0.0857537486698
4015    0.0857533433957
4017    0.0857533433931
4043    0.0842440523131
4045    0.0842362567457
4047    0.0842307442037
4049    0.0842233317408
4051    0.0842215713574
4053    0.0842135786738
4079    0.082978634371
4081    0.0829786343472
4083    0.0829786305174
4085    0.0829752593115
4087    0.0829752593089
4093    0.0829340381213
4095    0.0829298671095
4097    0.0829298671066
4099    0.0829296542235
4101    0.0829296542079
4103    0.0829296542013
4105    0.0829293563221
4131    0.0810025847734
4133    0.0810025847679
4135    0.0810025362886
4137    0.081002062512
4139    0.081002062512
4165    0.0792267042607
4167    0.0792190151857
4169    0.0792136616128
4171    0.079206372738
4173    0.0792046607419
4175    0.0791969685662
4201    0.0781335017225
4203    0.0781335016997
4205    0.0781334975167
4207    0.078130460656
4209    0.0781304606541
4213    0.0781060655965
4215    0.0781020292518
4217    0.0781020292494
4219    0.0781018996428
4221    0.0781018996282
4223    0.0781018996278
4225    0.0781016498647
4251    0.0759171255478
4253    0.0759171255401
4255    0.0759170753165
4257    0.0759165294151
4259    0.0759165294149
4285    0.0739169753171
4287    0.0739094075823
4289    0.0739042027132
4291    0.0738970352344
4293    0.0738953697215
4295    0.0738881042932
4321    0.0729694960664
4323    0.0729694960435
4325    0.0729694915492
4327    0.0729668126942
4329    0.0729668126932
4332    0.0729507218398
4334    0.0729468135529
4336    0.0729468135504
4338    0.0729467435132
4340    0.0729467434996
4342    0.0729467434949
4344    0.0729465312056
4370    0.0705608434674
4372    0.0705608434578
4374    0.0705607921424
4376    0.0705601848126
4378    0.0705601848126
4404    0.0684113184073
4406    0.0684038819383
4408    0.0683988166719
4410    0.0683917683072
4412    0.0683901474913
4414    0.0683833522828
4440    0.067588133602
4442    0.0675881335797
4444    0.0675881288078
4446    0.06758581219
4448    0.0675858121892
4450    0.0675778181364
4452    0.067574031868
4454    0.0675740318659
4456    0.0675739995925
4458    0.0675739995797
4460    0.0675739995505
4462    0.0675738160131
4488    0.0650781935158
4490    0.0650781935041
4492    0.0650781421882
4494    0.0650775004111
4496    0.0650775004091
4522    0.0628793311017
4524    0.0628720268329
4526    0.0628670930615
4528    0.0628601614933
4530    0.0628585836903
4532    0.0628522576525
4558    0.0621624528137
4560    0.0621624527916
4562    0.0621624477751
4564    0.0621604682244
4566    0.062160468224
4568    0.0621525172149
4570    0.0621488472689
4572    0.0621488472667
4574    0.0621488354572
4576    0.0621488354454
4578    0.0621488353679
4580    0.0621486736272
4606    0.0596564198665
4608    0.0596564198528
4610    0.059656369894
4612    0.0596557324208
4614    0.0596557324136
4640    0.0575166710418
4642    0.0575094907493
4644    0.0575046812176
4646    0.057497864149
4648    0.057496327766
4650    0.0574904472504
4676    0.0568905152558
4678    0.056890515235
4680    0.0568905099968
4682    0.0568888458822
4684    0.0568888458821
4686    0.0568809683367
4688    0.0568774094644
4690    0.0568774094622
4692    0.0568774065349
4694    0.0568774065239
4696    0.0568774063838
4698    0.0568772610912
4724    0.0545032469549
4726    0.0545032469399
4728    0.0545031997344
4730    0.0545026068874
4732    0.0545026068699
4758    0.0525193850245
4760    0.0525123147024
4762    0.0525076228891
4764    0.052500918096
4766    0.0524994216224
4768    0.0524939482937
4794    0.0519704964549
4796    0.051970496436
4798    0.0519704909969
4800    0.051969106883
4802    0.0519691068824
4804    0.0519613173671
4806    0.0519578646956
4808    0.0519578646934
4810    0.0519578644119
4812    0.0519578644018
4814    0.0519578642036
4816    0.0519577314133
4842    0.0497972540138
4844    0.0497972539971
4846    0.0497972107506
4848    0.0497966935472
4850    0.0497966935149
4876    0.0480385215219
4878    0.0480315466008
4880    0.0480269666212
4882    0.0480203719951
4884    0.0480189139964
4886    0.0480138033335
4912    0.0475552493236
4914    0.0475552493066
4916    0.0475552436858
4918    0.047554100777
4920    0.047554100777
4922    0.0475464065039
4924    0.0475430554892
4926    0.047543055487
4928    0.0475430554712
4930    0.0475430554618
4932    0.0475430552277
4934    0.0475429321538
4960    0.0456576770651
4962    0.0456576770478
4964    0.0456576386057
4966    0.0456572126332
4968    0.045657212583
4994    0.0441592565534
4996    0.0441523664783
4998    0.0441478930045
5000    0.044141406578
5002    0.0441399856902
5004    0.0441351922433
5030    0.0437315546821
5032    0.0437315546667
5034    0.0437315488821
5036    0.0437306099434
5038    0.0437306099432
5040    0.0437230148532
5042    0.0437197612472
5044    0.0437197612451
5046    0.0437197611466
5048    0.0437197611379
5050    0.0437197608978
5052    0.0437196456553
5078    0.0421343681409
5080    0.0421343681235
5082    0.0421343348983
5084    0.0421340006922
5086    0.042134000625
5112    0.0409002457809
5114    0.0408934361751
5116    0.0408890643655
5118    0.0408826843168
5120    0.0408812992431
5122    0.0408767796316
5148    0.0405195092184
5150    0.0405195092041
5152    0.0405195032722
5154    0.0405187347408
5156    0.0405187347406
5158    0.0405112414239
5160    0.0405080812438
5162    0.0405080812416
5164    0.0405080812284
5166    0.0405080812204
5168    0.0405080810001
5170    0.0405079723646
5196    0.0392162317157
5198    0.0392162316992
5200    0.0392162036954
5202    0.039215951417
5204    0.0392159513357
5230    0.0382277669432
5232    0.0382210391518
5234    0.0382167645927
5236    0.038210489235
5238    0.0382091387408
5240    0.0382048532326
5266    0.0378866774751
5268    0.037886677462
5270    0.0378866713984
5272    0.0378860440643
5274    0.0378860440642
5276    0.0378786546155
5278    0.037875584124
5280    0.0378755841219
5282    0.0378755839756
5284    0.0378755839682
5286    0.0378755837831
5288    0.0378754809853
5314    0.0368498598768
5316    0.0368498598616
5318    0.0368498367642
5320    0.0368496517743
5322    0.0368496516844
5348    0.0360756608428
5350    0.0360690198547
5352    0.0360648385085
5354    0.0360586662677
5356    0.0360573491772
5358    0.0360532623958
5384    0.0357680374887
5386    0.0357680374767
5388    0.0357680312953
5390    0.0357675202797
5392    0.0357675202795
5394    0.0357602366423
5396    0.0357572523252
5398    0.0357572523232
5400    0.0357572511264
5402    0.0357572511197
5404    0.0357572509748
5406    0.035757153538
5432    0.0349596206285
5434    0.034959620615
5436    0.0349596019046
5438    0.0349594690161
5440    0.034959468923
5466    0.0343637705008
5468    0.0343572225373
5470    0.0343531306981
5472    0.0343470600876
5474    0.0343457752798
5476    0.0343418563812
5502    0.0340844264837
5504    0.0340844264727
5506    0.0340844201871
5508    0.0340840045959
5510    0.0340840045958
5512    0.0340768286655
5514    0.0340739272136
5516    0.0340739272117
5518    0.0340739234385
5520    0.0340739234324
5522    0.0340739233251
5524    0.0340738309443
5550    0.0334637690795
5552    0.0334637690682
5554    0.0334637541276
5556    0.033463659957
5558    0.0334636598662
5584    0.0330113236516
5586    0.0330048742965
5588    0.0330008685497
5590    0.0329948981443
5592    0.0329936445495
5594    0.0329898670855
5620    0.0327559328303
5622    0.03275593282
5624    0.0327559264424
5626    0.0327555888931
5628    0.0327555888931
5630    0.0327485225142
5632    0.0327457008068
5634    0.0327457008049
5636    0.032745692602
5638    0.0327456925964
5640    0.0327456925201
5642    0.0327456049778
5668    0.0322848676599
5670    0.0322848676505
5672    0.0322848558486
5674    0.0322847896608
5676    0.0322847895759
5702    0.031944814475
5704    0.0319384676521
5706    0.0319345448411
5708    0.0319286732567
5710    0.031927449853
5712    0.0319237914601
5734    0.0317495431475
5736    0.0317495431381
5738    0.0317495366804
5740    0.0317492525993
5742    0.0317492525993
5744    0.0317423051135
5746    0.0317395602018
5748    0.0317395601999
5750    0.0317395456938
5752    0.0317395456887
5754    0.0317395456362
5756    0.031739462749
5782    0.0313948983648
5784    0.0313948983572
5786    0.0313948891039
5788    0.031394842779
5790    0.0313948427023
5815    0.0311568263188
5817    0.0311505879269
5819    0.0311467451206
5821    0.0311409710506
5823    0.0311397768597
5825    0.031136213208
5827    0.0311282109357
5829    0.0311282109276
5831    0.0311282044015
5833    0.0311279276606
5835    0.0311279276604
5837    0.0311211329282
5839    0.0311184620174
5841    0.0311184620158
5843    0.0311184398965
5845    0.0311184398916
5847    0.0311184398541
5849    0.0311183614414
5875    0.0308728706113
5877    0.0308728706053
5879    0.0308728632984
5881    0.0308728301502
5883    0.0308728300854
5893    0.0307954092783
5895    0.0307893000113
5897    0.0307855344707
5899    0.0307798569695
5901    0.0307786910525
5903    0.030775222777
5905    0.0307672419784
5907    0.0307672419704
5909    0.0307672353854
5911    0.0307669657707
5913    0.0307669657707
5915    0.0307603198758
5917    0.0307577203243
5919    0.0307577203229
5921    0.0307576925301
5923    0.0307576925259
5925    0.0307576924824
5927    0.0307576183992
5931    0.0307333207374
5933    0.0307333207351
5935    0.0307333144202
5937    0.0307332860057
5939    0.0307332859655
5941    0.0307252944939
5943    0.0307193031669
5945    0.0307156123398
5947    0.030710030299
5949    0.0307088917577
