26    2.00219470629
52    1.95892043181
78    1.83881254642
103    1.71524933402
129    1.69114330387
155    1.65503861443
181    1.60563143435
207    1.46457106779
233    1.44228006938
259    1.4148182139
261    1.41481618846
270    1.29100305524
296    1.26513172338
322    1.11407328034
348    1.06249723593
363    0.938276167444
365    0.938272122977
391    0.817107585567
417    0.780139978301
437    0.653602850147
463    0.286123925085
489    0.280035195477
491    0.280035050568
493    0.280023917567
519    0.271252357896
525    0.271165999473
527    0.271165999459
553    0.266592678346
579    0.25777369349
605    0.246788434057
631    0.24223375315
657    0.231352677311
683    0.218987928085
685    0.218987747629
687    0.218984789243
713    0.20793222164
739    0.197437056796
765    0.185252519934
767    0.185252495308
769    0.185248192493
771    0.185247557839
797    0.176844023491
799    0.176834626993
825    0.17541777787
829    0.17537431553
831    0.17537431516
833    0.175371872243
859    0.17100539779
861    0.171004170825
863    0.171004112047
889    0.169758988533
915    0.167502771852
941    0.162053378097
967    0.159342960708
993    0.153928941553
1019    0.14808669878
1021    0.148086685394
1023    0.148083741439
1049    0.142024993492
1075    0.136323764937
1101    0.133324991951
1103    0.133324981833
1105    0.13332348328
1107    0.133322756042
1133    0.129637333349
1135    0.12962969101
1137    0.129619346861
1139    0.129608438102
1141    0.129608437868
1143    0.129607451274
1169    0.12649817299
1171    0.126498023105
1173    0.126497963271
1199    0.126010464596
1225    0.125239703106
1251    0.121614741273
1277    0.119638135977
1303    0.116782212041
1329    0.113801649711
1331    0.11380164953
1333    0.113799410195
1359    0.110000587331
1385    0.106205209317
1411    0.105260598513
1413    0.105260593329
1415    0.105260008619
1417    0.105259681454
1443    0.102871698627
1445    0.102865283733
1447    0.102855995611
1449    0.102846512208
1451    0.102846512057
1453    0.102846032187
1479    0.100691205409
1481    0.100691181413
1483    0.10069112349
1485    0.100678411357
1500    0.100467534349
1526    0.0979388632934
1552    0.0965053345784
1578    0.0948675158068
1604    0.0932042380294
1606    0.0932042336659
1608    0.0932026232641
1634    0.0905977018119
1660    0.08770647964
1678    0.0874155095718
1680    0.0874155065674
1682    0.0874153283404
1684    0.0874152370714
1710    0.0856627948044
1712    0.085657266362
1714    0.085648920248
1716    0.0856406667413
1718    0.0856406666418
1720    0.0856404209595
1746    0.0842206499851
1748    0.0842206446215
1750    0.084220586767
1752    0.0842110392044
1754    0.0842001720633
1780    0.0824396896401
1806    0.0814222237498
1832    0.080390181213
1858    0.0793827214358
1860    0.0793827138011
1862    0.0793815338916
1888    0.0773747565048
1914    0.0749245563053
1917    0.0748984854935
1919    0.0748984835163
1921    0.0748984550088
1923    0.0748984457824
1949    0.0735663996925
1951    0.0735615400856
1953    0.0735540359056
1955    0.0735468461304
1957    0.073546846064
1959    0.073546704442
1985    0.07262781316
1987    0.0726278123138
1989    0.0726277536255
1991    0.0726212800333
1993    0.0726130885758
2019    0.0713970855555
2045    0.0706862305599
2071    0.0699709518137
2097    0.0693195342599
2099    0.0693195249229
2101    0.069318619657
2127    0.0675416290869
2153    0.0653165692857
2155    0.0653054322213
2157    0.0653054308278
2159    0.0653054108831
2161    0.0653054038347
2187    0.0642797883527
2189    0.0642754704418
2191    0.0642687199152
2193    0.0642624516977
2195    0.0642624516516
2197    0.064262365712
2223    0.0636766212439
2225    0.0636766212128
2227    0.0636765616284
2229    0.0636723753506
2231    0.063666522437
2257    0.0628297395586
2283    0.0623392140479
2309    0.0617994772076
2335    0.0613722713694
2337    0.061372261033
2339    0.0613715422774
2365    0.0596097032868
2391    0.0575369302375
2393    0.0575280324532
2395    0.0575280313938
2397    0.0575280153361
2399    0.0575280088439
2425    0.0567439245795
2427    0.0567400524914
2429    0.0567339774222
2431    0.0567285086783
2433    0.056728508646
2435    0.0567284538954
2455    0.0564422734828
2457    0.0564422734587
2459    0.0564422125445
2461    0.0564394429883
2463    0.0564353772635
2489    0.0558591024976
2504    0.0556624058894
2530    0.055239783537
2540    0.0551121786726
2542    0.055112168095
2544    0.0551117288959
2570    0.0532662334672
2596    0.0513554338205
2598    0.051348616315
2600    0.051348615488
2602    0.0513486031117
2604    0.0513485977854
2630    0.0507542271278
2632    0.0507507246571
2634    0.0507452555558
2636    0.050740481173
2638    0.0507404811492
2640    0.0507404406741
2642    0.050727872136
2644    0.0507278719669
2646    0.0507278055544
2648    0.0507258599249
2650    0.0507228496404
2676    0.0503245160671
2678    0.0503119029269
2697    0.0500331157165
2701    0.0499942827273
2703    0.0499942755014
2705    0.0499940666023
2731    0.0480637314017
2757    0.0463107310972
2759    0.0463056076442
2761    0.0463056070016
2763    0.0463055968828
2765    0.0463055927501
2791    0.0458591328602
2793    0.0458559391308
2795    0.0458510141076
2797    0.0458468434261
2799    0.0458468434078
2801    0.0458468034388
2803    0.0458343133998
2805    0.0458343131617
2807    0.0458342347798
2809    0.0458328987025
2811    0.0458305482274
2813    0.0458179448076
2815    0.0458054951361
2831    0.0455817977122
2833    0.0455702876699
2835    0.0455702814888
2837    0.0455701394336
2863    0.0435774842159
2889    0.0420001142575
2891    0.0419963092316
2893    0.0419963087406
2895    0.0419963004109
2897    0.0419962972918
2911    0.0418182602431
2913    0.0418153142826
2915    0.0418108781063
2917    0.0418072328037
2919    0.0418072327896
2921    0.0418071947624
2923    0.0417949475162
2925    0.0417949471904
2927    0.0417948768415
2929    0.0417935885356
2931    0.0417913210798
2933    0.0417789143179
2935    0.0417666175639
2948    0.0415923685418
2950    0.0415827250314
2952    0.0415827200382
2954    0.0415826237705
2980    0.0395853327094
3006    0.0382008148958
3008    0.0381976313152
3010    0.038197630866
3012    0.0381976237798
3014    0.0381976212467
3016    0.0381851323454
3018    0.0381823890912
3020    0.0381783923935
3022    0.0381752046999
3024    0.0381752046882
3026    0.0381751682497
3028    0.0381631576215
3030    0.0381631572144
3032    0.0381630901834
3034    0.0381618473877
3036    0.0381596590476
3038    0.0381474444735
3040    0.0381352988406
3050    0.0380078905768
3052    0.0380002529807
3054    0.0380002492421
3056    0.0380001902689
3082    0.0360652144503
3108    0.0348796488226
3110    0.0348766703778
3112    0.034876669911
3114    0.0348766638044
3116    0.0348766617815
3118    0.0348644947949
3120    0.0348619282072
3122    0.0348583267881
3124    0.0348555379659
3126    0.0348555379559
3128    0.0348555029083
3130    0.034843723573
3132    0.034843723094
3134    0.0348436567667
3136    0.0348424573361
3138    0.0348403443863
3140    0.0348283177109
3142    0.0348163263778
3150    0.0347211664989
3152    0.0347154107358
3154    0.0347154078195
3156    0.0347153696481
3182    0.0329015878362
3208    0.0319099263774
3210    0.0319071359287
3212    0.0319071354785
3214    0.0319071303032
3216    0.0319071286061
3218    0.0318952680908
3220    0.0318928569097
3222    0.0318896111515
3224    0.0318871702385
3226    0.0318871702294
3228    0.0318871364517
3230    0.0318755835888
3232    0.031875583049
3234    0.0318755159857
3236    0.0318743578884
3238    0.0318723167941
3240    0.0318604738993
3242    0.0318486408062
3246    0.0318092322304
3248    0.0318050958136
3250    0.0318050942745
3252    0.0318050828806
3278    0.0301568461075
3304    0.0293432883404
3306    0.0293406693658
3308    0.0293406689524
3310    0.0293406646191
3312    0.0293406631352
3314    0.0293290914159
3316    0.029326817864
3318    0.0293238922263
3320    0.02932175496
3322    0.0293217549521
3324    0.0293217223612
3326    0.0293103914713
3328    0.0293103908813
3330    0.0293103226528
3332    0.029309203967
3334    0.0293072313709
3336    0.0292955683216
3338    0.0292839032157
3340    0.0292713428271
3342    0.0292685087855
3344    0.0292685077908
3346    0.0292685040047
3372    0.0278079028997
3398    0.0271510436772
3400    0.0271485805491
3402    0.0271485801827
3404    0.0271485765849
3406    0.0271485752442
3408    0.0271372735373
3410    0.0271351225034
3412    0.0271324850791
3414    0.0271306129818
3416    0.0271306129738
3418    0.0271305815063
3420    0.0271194683164
3422    0.0271194676869
3424    0.0271193982064
3426    0.0271183171158
3428    0.0271164098553
3430    0.0271049228896
3432    0.0270934305269
3434    0.027081891435
3436    0.02708005261
3438    0.0270800516751
3440    0.0270800483337
3466    0.0258150520947
3492    0.025291542645
3494    0.0252892208768
3496    0.0252892205617
3498    0.0252892175908
3500    0.0252892163487
3502    0.0252781658134
3504    0.0252761243105
3506    0.0252737464379
3508    0.0252721060308
3510    0.0252721060235
3512    0.0252720756266
3514    0.0252611760324
3516    0.0252611753726
3518    0.0252611046372
3520    0.0252600594266
3522    0.0252582145243
3524    0.0252469000428
3526    0.0252355809192
3528    0.0252253784873
3530    0.0252242631869
3532    0.0252242623376
3534    0.0252242594772
3560    0.0241509871092
3586    0.0237378696158
3588    0.0237356760237
3590    0.0237356757585
3592    0.023735673313
3594    0.0237356721399
3596    0.0237248547362
3598    0.0237229115139
3600    0.0237207674311
3602    0.0237193295618
3604    0.0237193295545
3606    0.0237193001804
3608    0.0237086102064
3610    0.0237086095247
3612    0.0237085377023
3614    0.023707526753
3616    0.0237057413948
3618    0.0236945959538
3620    0.0236834515533
3622    0.0236746840415
3624    0.0236740665672
3626    0.0236740658147
3628    0.0236740634235
3654    0.0227794373092
3665    0.0226463354866
3667    0.0226442393117
3669    0.0226442390944
3671    0.0226442369172
3673    0.0226442357821
3675    0.0226335819974
3677    0.0226317272569
3679    0.0226297937962
3681    0.0226285330598
3683    0.0226285330527
3685    0.0226285046577
3687    0.0226180204162
3689    0.0226180197201
3691    0.0226179470532
3693    0.0226169688341
3695    0.02261524036
3697    0.022604260649
3699    0.0225932926699
3701    0.0225858684062
3703    0.0225854315567
3705    0.0225854309003
3707    0.0225854287987
3733    0.0218467625683
3735    0.0218343144264
3737    0.0218322990515
3739    0.0218322988775
3741    0.0218322971707
3743    0.0218322960559
3745    0.0218217714798
3747    0.0218199966484
3749    0.0218182529715
3751    0.0218171472168
3753    0.0218171472096
3755    0.0218171197526
3757    0.021806837464
3759    0.0218068367595
3761    0.0218067635463
3763    0.0218058166139
3765    0.0218041425129
3767    0.0217933253699
3769    0.0217825350262
3771    0.0217763377408
3773    0.0217759611784
3775    0.0217759606132
3777    0.0217759592087
3803    0.0211721369966
3805    0.0211600019463
3807    0.0211580631362
3809    0.021158063
3811    0.0211580615104
3813    0.0211580604109
3815    0.0211476622283
3817    0.0211459597759
3819    0.0211443871322
3821    0.0211434170334
3823    0.021143417026
3825    0.0211433904674
3827    0.0211333064448
3829    0.0211333057372
3831    0.0211332323198
3833    0.0211323153119
3835    0.0211306932131
3837    0.0211200356123
3839    0.0211094235327
3841    0.0211043267229
3843    0.0211040031651
3845    0.0211040026857
3847    0.0211040015553
3873    0.0206157716578
3875    0.0206039335721
3877    0.0206020673205
3879    0.020602067216
3881    0.0206020658464
3883    0.0206020647593
3885    0.0205917905784
3887    0.0205901538728
3889    0.0205887353832
3891    0.0205878840688
3893    0.0205878840617
3895    0.020587858364
3897    0.0205779689929
3899    0.0205779682874
3901    0.0205778950086
3903    0.0205770066373
3905    0.0205754342996
3907    0.0205649333314
3909    0.0205544994916
3911    0.0205503573563
3913    0.0205500793085
3915    0.0205500789065
3917    0.0205500779831
3943    0.0201588825543
3945    0.0201473205768
3947    0.0201455231296
3949    0.0201455230523
3951    0.020145521764
3953    0.0201455206889
3955    0.0201353684167
3957    0.0201337915996
3959    0.0201325120669
3961    0.0201317647986
3963    0.0201317647911
3965    0.0201317399184
3967    0.0201220416517
3969    0.0201220409507
3971    0.0201219681298
3973    0.0201211071785
3975    0.0201195824818
3977    0.0201092353427
3979    0.0200989789803
3981    0.020095645044
3983    0.020095405682
3985    0.0200954053479
3987    0.0200954045924
3993    0.0200298910573
3995    0.020018522259
3997    0.0200167908306
3999    0.0200167907756
4001    0.0200167895716
4003    0.0200167885083
4005    0.0200067585138
4007    0.0200052363952
4009    0.0200040821316
4011    0.0200034260295
4013    0.0200034260221
