26    2.30723237149
42    2.18449436747
68    2.15422266147
70    2.15422081787
96    2.14214074975
106    2.01795352613
108    2.01795352613
110    2.01795312022
136    1.89551503693
162    1.81967620304
188    1.78259765938
195    1.78247615159
197    1.7824688528
223    1.75782789695
249    1.73180400904
251    1.73179819163
265    1.60659168478
267    1.60659168478
269    1.6065915844
295    1.48400952933
317    1.36208780799
333    1.23915726446
339    1.23907470904
341    1.2390679515
343    1.23906306494
345    1.23906024367
347    1.23905509923
373    1.13753214364
375    1.13753214364
401    1.12473802969
416    1.00069564025
442    0.884125175387
468    0.806028978431
470    0.806024747132
472    0.806022598339
498    0.803253787674
524    0.778826857756
526    0.778824002094
552    0.655182756452
554    0.655182756452
556    0.655182113179
565    0.530682892032
584    0.408115389488
610    0.288858685339
612    0.288856232143
614    0.288855680195
616    0.288850896119
638    0.287244145901
640    0.28724387957
666    0.164301358615
668    0.164301242647
670    0.164293064741
696    0.160649408969
698    0.160647657816
724    0.15876009076
726    0.158759214336
752    0.158060340736
754    0.158060291591
756    0.158059023689
758    0.158054658608
760    0.15805465187
786    0.15115005921
812    0.13477104203
814    0.134769388469
816    0.134768115555
842    0.13286295788
868    0.123301701023
870    0.123300066922
872    0.123299455426
874    0.123299454844
876    0.123293696895
878    0.123292294283
880    0.123288705441
882    0.123279968789
884    0.12327518279
886    0.123271529362
888    0.123269366765
890    0.12326480372
892    0.123261978706
918    0.122407844575
920    0.122407843172
941    0.121934165042
943    0.121933438288
945    0.12192395013
971    0.115970121701
973    0.115969254478
975    0.115968810304
977    0.115960373221
1003    0.114487049359
1005    0.114484318279
1007    0.114483699219
1009    0.114483698423
1011    0.114482758924
1013    0.114481311437
1015    0.114478325118
1017    0.114477826519
1019    0.114477264626
1021    0.114477137763
1023    0.11447535285
1025    0.114474934868
1027    0.114474858498
1029    0.114466114751
1031    0.114465998868
1033    0.11446191206
1035    0.114457625813
1037    0.114455670246
1049    0.114317999351
1051    0.114316946063
1053    0.114307076323
1055    0.114306093221
1057    0.114304935363
1059    0.114300021256
1061    0.11429921127
1087    0.113756673939
1113    0.108425145528
1115    0.108424959567
1117    0.108424816635
1119    0.108414853044
1145    0.105492132772
1147    0.105491855579
1149    0.10549047324
1151    0.105490472417
1153    0.105483363751
1155    0.10548035303
1157    0.105478655964
1159    0.1054747135
1161    0.105471833088
1163    0.105469634127
1165    0.105468665479
1167    0.10546658506
1169    0.105464875959
1171    0.105464208803
1173    0.105464207343
1175    0.105455071178
1177    0.105452404899
1179    0.105445008835
1198    0.10514591701
1200    0.105145663169
1202    0.105145533129
1204    0.105139080042
1206    0.105129572934
1208    0.105127412883
1210    0.10512718715
1212    0.105127186898
1214    0.105126766224
1216    0.105125084215
1218    0.105124005318
1220    0.105123655542
1222    0.105123165029
1224    0.105123054266
1226    0.105122410383
1228    0.105122118974
1230    0.105122048668
1232    0.1051170106
1234    0.105116895564
1236    0.105114914697
1238    0.105113393199
1240    0.105111642388
1242    0.105102278453
1244    0.105101066336
1246    0.105092065574
1248    0.105089677713
1250    0.105088997387
1252    0.105085020236
1254    0.105083656636
1256    0.105073445405
1282    0.103507472328
1284    0.103507463747
1286    0.103507457152
1288    0.103497845332
1314    0.10265204666
1316    0.102652015193
1318    0.102649538214
1320    0.102649537259
1322    0.102642500933
1324    0.102638211041
1326    0.102637403142
1328    0.102636378395
1330    0.102634433735
1332    0.102632949133
1334    0.102632524975
1336    0.102631967412
1338    0.102630808429
1340    0.102630007936
1342    0.102630006513
1344    0.102621355797
1346    0.102618033587
1348    0.102612465109
1350    0.102603393006
1352    0.102603266493
1354    0.102603201681
1356    0.102598368766
1358    0.102589829082
1360    0.102587912013
1362    0.102587825608
1364    0.102587825536
1366    0.102587581831
1368    0.102585893991
1370    0.102585506644
1372    0.10258526046
1374    0.102584776756
1376    0.102584667529
1378    0.102584437096
1380    0.10258423362
1382    0.102584163973
1384    0.102581198544
1386    0.102581084925
1388    0.102580169008
1390    0.102578968815
1392    0.102577368063
1394    0.102568805071
1396    0.102567487514
1398    0.10255927017
1400    0.102556196412
1402    0.1025558887
1404    0.102552436725
1406    0.102551072037
1408    0.102541352758
1434    0.102095058774
1436    0.102095058272
1438    0.102095057886
1440    0.102086029377
1449    0.101994891988
1451    0.101994873801
1453    0.101991349409
1455    0.101991348399
1457    0.101985031949
1459    0.101979897458
1461    0.101979513677
1463    0.101979251528
1465    0.101977774373
1467    0.101976646673
1469    0.101976470225
1471    0.101976318436
1473    0.101975434421
1475    0.101974495392
1477    0.101974494003
1479    0.101966286929
1481    0.101962859441
1483    0.101958691874
1485    0.101950534236
1487    0.101950436733
1489    0.101950386781
1491    0.10194676619
1493    0.101939094833
1495    0.101937265125
1497    0.101937237336
1499    0.101937237315
1501    0.101937090731
1503    0.101935410189
1505    0.101935270634
1507    0.101935096743
1509    0.101934616406
1511    0.101934507942
1513    0.101934425466
1515    0.10193428324
1517    0.101934213978
1519    0.101932421783
1521    0.10193230998
1523    0.101931917209
1525    0.101930984649
1527    0.101929461186
1529    0.101921620578
1531    0.101920241507
1533    0.101912731324
1535    0.101909495489
1537    0.101909355978
1539    0.101906085528
1541    0.101904911491
1543    0.101895919829
1545    0.1018858867
1547    0.101885871735
1549    0.101885860235
1551    0.101877651312
1553    0.10186767033
1555    0.101867623969
1557    0.101863356884
1559    0.101863355883
1561    0.101857849925
1563    0.101852198504
1565    0.101852015853
1567    0.101851951096
1569    0.101850721232
1571    0.101849782322
1573    0.101849714742
1575    0.101849672189
1577    0.101848933721
1579    0.101847854802
1581    0.101847853447
1583    0.101840050108
1585    0.101836658751
1587    0.101833539452
1589    0.101826203619
1591    0.101826115677
1593    0.101826070624
1595    0.101823357709
1597    0.10181646589
1599    0.10181468415
1601    0.101814678134
1603    0.101814678128
1605    0.101814586004
1607    0.101812913976
1609    0.10181286339
1611    0.101812740104
1613    0.101812262817
1615    0.101812155044
1617    0.101812125536
1619    0.101812026068
1621    0.101811957181
1623    0.101810838829
1625    0.101810729113
1627    0.101810581291
1629    0.101809869914
1631    0.101808385912
1633    0.101801197554
1635    0.10179978283
1637    0.101792911487
1639    0.101789673151
1641    0.101789609754
1643    0.101786431288
1645    0.101785422858
1647    0.101777256283
1649    0.101767679886
1651    0.101767644968
1653    0.101767618142
1655    0.101760181277
1657    0.101750649475
1659    0.101750581077
1661    0.101745980963
1663    0.101745979972
1665    0.101740887986
1667    0.101734937062
1669    0.101734845592
1671    0.101734830804
1673    0.101733737983
1675    0.101732903695
1677    0.101732879807
1679    0.101732867217
1681    0.101732209487
1683    0.101730992012
1685    0.10173099069
1687    0.101723554128
1689    0.101720235523
1691    0.101717900891
1693    0.101711303474
1695    0.101711220422
1697    0.101711177874
1699    0.101709144721
1701    0.101702952903
1703    0.101701208718
1705    0.101701208482
1707    0.10170120848
1709    0.101701147671
1711    0.101699484564
1713    0.101699466034
1715    0.101699378281
1717    0.101698903939
1719    0.101698796835
1721    0.101698786293
1723    0.10169871673
1725    0.101698648223
1727    0.101697923653
1729    0.1016978162
1731    0.10169777341
1733    0.101697243002
1735    0.101695778608
1737    0.101689179677
1739    0.10168774417
1741    0.101681450331
1743    0.101678254258
1745    0.101678225371
1747    0.101675114628
1749    0.101674203269
1751    0.101666784452
1753    0.101657646507
1755    0.101657596
1757    0.101657557201
1759    0.101650819702
1761    0.101641718409
1763    0.101641635838
1765    0.101636918517
1767    0.101636917535
1769    0.101632063683
1771    0.101625949309
1773    0.101625900264
1775    0.101625897478
1777    0.10162488364
1779    0.10162410965
1781    0.101624102437
1783    0.101624098345
1785    0.101623487222
1787    0.101622134395
1789    0.101622133104
1791    0.101615029603
1793    0.101611792202
1795    0.101610044988
1797    0.10160411112
1799    0.101604031722
1801    0.101603991045
1803    0.101602467048
1805    0.101596903925
1807    0.101595194362
1809    0.101595193587
1811    0.101595193586
1813    0.101595151296
1815    0.101593497352
1817    0.101593490442
1819    0.101593427711
1821    0.101592956251
1823    0.101592849801
1825    0.10159284605
1827    0.101592797431
1829    0.10159272931
1831    0.101592239509
1833    0.101592134425
1835    0.10159212855
1837    0.101591744334
1839    0.101590289151
1841    0.101584223267
1843    0.101582775492
1845    0.101577004034
1847    0.101573862375
1849    0.101573849167
1851    0.101570799333
1853    0.101569947886
1855    0.101563207079
1857    0.101554489098
1859    0.101554428198
1861    0.101554381416
1863    0.10154827751
1865    0.101539588216
1867    0.101539497601
1869    0.101534769672
1871    0.1015347687
1873    0.101530072169
1875    0.101523876934
1877    0.101523848296
1879    0.101523848011
1881    0.10152288142
1883    0.101522143498
1885    0.101522142001
1887    0.101522140457
1889    0.101521557294
1891    0.101520073613
1893    0.101520072355
1895    0.101513271407
1897    0.101510116256
1899    0.101508808807
1901    0.101503471302
1903    0.101503395185
1905    0.101503356189
1907    0.101502213611
1909    0.101497215227
1911    0.101495539292
1913    0.101495535975
1915    0.101495535975
1917    0.101495504969
1919    0.101493860341
1921    0.101493857686
1923    0.101493812629
1925    0.101493344005
1927    0.101493238199
1929    0.101493236877
1931    0.101493202941
1933    0.10149313521
1935    0.10149278852
1937    0.101492685863
1939    0.10149268551
