18    2.25059362977
44    2.23879333507
46    2.23879073578
72    2.22701406746
74    2.22701372519
81    2.10313107228
83    2.10313107225
85    2.10312673016
111    1.99643872853
132    1.87442616994
150    1.75190856792
176    1.74182208987
200    1.74098688519
202    1.74098449926
204    1.7409838393
206    1.74097424698
232    1.632287446
234    1.632287446
260    1.62396591631
286    1.5012152954
312    1.42011550194
320    1.29658210009
326    1.296481265
328    1.29647287474
354    1.27271934308
356    1.27271712762
358    1.27270628617
384    1.23177004082
386    1.23177004082
412    1.20365834003
428    1.07963132417
454    1.02709320876
480    1.01686854555
482    1.01686824675
484    1.01686808946
510    0.988200823141
536    0.977981966375
538    0.977980711481
564    0.860975722925
566    0.860975722925
592    0.858401148346
618    0.735307598967
644    0.64268599601
651    0.518927033009
653    0.518926000929
655    0.518925254792
681    0.500980568431
683    0.500980415349
685    0.500980412789
711    0.474340573917
713    0.474340049437
739    0.449415333923
741    0.449412687266
767    0.439008839263
769    0.439008836709
795    0.429533345825
797    0.42953208673
799    0.429531466395
801    0.429531178017
803    0.429529427608
805    0.429528979258
807    0.429525489617
809    0.429519757834
811    0.429510777522
813    0.42950260058
815    0.429501798639
817    0.429495357211
819    0.429487889469
833    0.429211810841
835    0.429211809741
851    0.428866389308
853    0.42886537307
879    0.422592168101
881    0.422587912296
883    0.422582277588
885    0.422577953113
911    0.420976713957
913    0.420975733775
915    0.420966173133
941    0.406944291532
943    0.406944291147
969    0.398474636147
971    0.398470825298
997    0.385536158978
1023    0.377061840338
1025    0.377060596416
1027    0.377059948498
1053    0.371329117654
1079    0.363198112559
1081    0.363191323956
1083    0.363191149183
1085    0.363191146666
1087    0.363189047727
1089    0.363188766125
1115    0.360028292107
1117    0.360023815357
1119    0.360023805292
1121    0.360023798022
1143    0.359524902758
1145    0.359524449838
1147    0.359524280972
1173    0.342855292137
1175    0.342854759986
1201    0.32885200319
1203    0.328850049484
1229    0.320597518078
1231    0.320597148575
1257    0.313669331347
1259    0.313665135982
1261    0.313663897898
1263    0.31366371817
1265    0.313659754558
1267    0.31365968373
1269    0.313657796892
1271    0.313655933671
1273    0.313649148036
1275    0.31364296876
1277    0.313642726093
1279    0.313639610077
1281    0.313633976189
1283    0.313633975967
1285    0.313633974207
1288    0.313611042447
1290    0.31360741682
1310    0.313254659281
1312    0.31324697322
1314    0.313243863492
1316    0.313241475769
1318    0.313231222614
1320    0.313229475914
1322    0.313222235805
1348    0.310822742698
1350    0.310822742144
1376    0.308895487454
1378    0.308889582898
1404    0.306655001621
1430    0.299047787194
1432    0.299046164612
1434    0.299045325507
1460    0.298086846022
1486    0.291187196456
1488    0.291177671233
1490    0.291177649309
1492    0.291177642805
1494    0.291174788162
1496    0.291174628484
1498    0.291163699014
1500    0.291155096097
1502    0.291155083491
1504    0.291155074383
1506    0.291144853393
1508    0.291144000301
1510    0.291143870277
1536    0.284051245944
1538    0.284050999354
1564    0.27775209205
1566    0.277749524472
1592    0.272117921779
1594    0.272117234675
1620    0.267656864652
1622    0.267650435709
1624    0.2676479322
1626    0.267647821672
1628    0.267642275023
1630    0.267642268457
1632    0.267641154238
1634    0.267640787661
1636    0.267635635634
1638    0.267630943792
1640    0.267630889881
1642    0.267629460016
1644    0.267625189705
1646    0.26762512982
1648    0.267625128023
1650    0.26761485986
1652    0.267609287597
1654    0.267599236698
1656    0.267596330443
1658    0.267594475273
1660    0.267593050558
1662    0.267583807905
1664    0.267583120568
1666    0.267577464944
1676    0.267461340369
1678    0.26746134009
1704    0.266809309379
1706    0.266799932751
1728    0.266467516577
1754    0.260363023857
1756    0.260361714048
1758    0.260361040077
1760    0.260349854311
1786    0.255082767368
1788    0.255072295608
1790    0.255072241563
1792    0.255072231961
1794    0.255067563369
1796    0.25506736416
1798    0.25505721625
1800    0.25505091703
1802    0.255050896865
1804    0.255050882292
1806    0.255041390495
1808    0.255040771998
1810    0.255040654507
1836    0.252664926335
1838    0.252664851511
1864    0.249994624065
1866    0.249990874016
1892    0.246528890725
1894    0.246528174344
1920    0.243885798376
1922    0.243878098963
1924    0.243874394502
1926    0.243874326818
1928    0.243867955795
1930    0.243867818219
1932    0.243867105672
1934    0.243867076674
1936    0.243863112545
1938    0.243859502411
1940    0.243859499025
1942    0.243858740793
1944    0.243855460353
1946    0.243855319987
1948    0.24385531827
1950    0.243845870763
1952    0.243838900538
1954    0.243829804456
1956    0.243829513048
1958    0.243828303569
1960    0.243827374645
1962    0.243819041644
1964    0.243818956163
1966    0.243814239447
1968    0.243812684885
1970    0.243812684791
1981    0.24368080925
1984    0.243661609288
1986    0.243650556605
2012    0.239184675241
2014    0.239181794073
2016    0.239180316862
2018    0.239169198307
2044    0.235452037559
2047    0.235431707373
2049    0.235431606713
2051    0.235431594521
2053    0.235425565125
2055    0.23542536178
2057    0.235415935345
2059    0.235413053441
2061    0.235413034924
2063    0.235413021541
2065    0.235404202583
2067    0.235403920131
2069    0.235403797325
2095    0.234749514722
2097    0.234749498976
2123    0.233576591681
2125    0.233571476866
2151    0.231576975338
2153    0.23157636452
2179    0.230086995492
2181    0.230078721873
2183    0.230074252101
2185    0.230074210478
2187    0.230067698054
2189    0.230067323274
2191    0.230066833866
2193    0.230066827415
2195    0.230063731803
2197    0.230060912582
2199    0.230060908807
2201    0.230060439956
2203    0.230057882474
2205    0.230057639234
2207    0.230057637592
2209    0.230048910063
2211    0.230040993384
2213    0.230032762612
2215    0.230032750009
2217    0.230031880029
2219    0.230031211824
2221    0.230023698807
2223    0.230023689534
2225    0.230019532738
2227    0.230019078052
2229    0.230019078029
2231    0.230008135366
2234    0.229980176012
2236    0.229968935535
2262    0.226906451114
2264    0.22690452418
2266    0.226903538766
2268    0.226892296216
2294    0.224407395355
2297    0.224388215503
2299    0.224388067327
2301    0.224388053235
2303    0.224381230023
2305    0.224381040718
2307    0.224372326682
2309    0.22437135002
2311    0.224371336747
2313    0.224371327154
2315    0.224363172817
2317    0.224363076702
2319    0.224362941078
2321    0.22435628312
2323    0.224356283021
2349    0.223665264792
2351    0.223658884268
2377    0.222552136193
2379    0.222551655159
2405    0.221735465299
2407    0.221727037014
2409    0.221722295078
2411    0.221722269222
2413    0.221716095353
2415    0.221715434851
2417    0.221715076152
2419    0.221715025351
2421    0.221712569252
2423    0.221710332419
2425    0.22171031131
2427    0.2217099772
2429    0.221707951725
2431    0.221707590603
2433    0.221707589032
2435    0.221699494152
2437    0.221690998275
2439    0.221683551135
2441    0.221683551133
2443    0.221682862735
2445    0.221682333986
2447    0.221675560545
2449    0.221675558372
2451    0.221671737191
2453    0.221671373672
2455    0.221671373667
2457    0.221660872296
2460    0.22163050789
2462    0.22161919208
2488    0.219611480894
2490    0.219609795251
2492    0.219608934787
2494    0.219597693366
2520    0.217996392025
2523    0.217977834315
2525    0.21797765397
2527    0.217977638633
2529    0.217970524187
2531    0.217970356844
2533    0.217962359116
2535    0.21796233023
2537    0.217962322428
2539    0.217962316789
2541    0.217954831082
2543    0.217954828045
2545    0.21795467598
2547    0.217953192227
2549    0.217953191416
2575    0.217546193998
2577    0.217538797373
2603    0.216937252371
2605    0.216936882277
2631    0.216496425318
2633    0.216488074027
2635    0.216483446701
2637    0.216483430413
2639    0.216477862434
2641    0.216476903653
2643    0.216476624749
2645    0.21647652864
2647    0.216474547088
2649    0.21647274242
2651    0.216472700498
2653    0.216472433556
2655    0.216470802743
2657    0.216470314683
2659    0.21647031318
2661    0.216462775246
2663    0.216453959008
2665    0.216447221053
2667    0.216447220499
2669    0.216446631625
2671    0.216446179311
2673    0.216440073073
2675    0.216440071748
2677    0.216436455455
2679    0.216436170879
2681    0.216436170877
2683    0.216426088496
2686    0.216395471734
2688    0.216384214181
2714    0.215106117734
2716    0.215104596496
2718    0.215103820923
2720    0.215092711382
2746    0.214084920306
2749    0.214067351475
2751    0.214067163598
2753    0.214067147553
2755    0.21406011579
2757    0.214059962661
2759    0.214052677997
2761    0.214052673345
2763    0.214052668301
2765    0.214052664656
2767    0.21404584509
2769    0.214045844538
2771    0.214045681348
2773    0.214045650631
2775    0.214045649235
2779    0.214011048006
2781    0.214002926035
2803    0.213734130188
2805    0.213733862344
2807    0.213722702324
2809    0.213715040805
2811    0.213710633808
2813    0.213710622545
2815    0.213705933583
2817    0.213704685325
2819    0.213704464033
2821    0.213704334497
2823    0.213702707959
2825    0.213701226603
2827    0.213701162408
2829    0.213700930789
2831    0.21369959521
2833    0.213698975825
2835    0.213698974388
2837    0.213691927733
2839    0.213682952764
2841    0.213676856245
2843    0.213676855332
2845    0.213676323582
2847    0.21367591514
2849    0.213670410821
2851    0.213670409619
2853    0.213666924857
2855    0.213666707652
2857    0.213666707652
2859    0.213657022967
2862    0.213627317515
2864    0.213616244561
2890    0.212817591608
2892    0.212816222733
2894    0.212815525443
2896    0.212804662413
2922    0.212179752558
2924    0.212168913818
2926    0.212168742567
2928    0.212168726219
2930    0.212162021526
2932    0.212161882387
2934    0.212155294018
2936    0.212155293895
2938    0.212155290969
2940    0.212155288855
2942    0.212149120032
2944    0.212149119999
2946    0.2121489457
2948    0.212148940669
2950    0.212148940347
2952    0.212137870439
2954    0.212129339379
2956    0.212118267913
2958    0.212118103259
2960    0.212107186938
2962    0.212100179346
2964    0.212096204035
2966    0.2120961958
2968    0.212092272385
2970    0.212090755316
2972    0.212090572206
2974    0.212090420268
2976    0.212089061575
2978    0.212087824146
2980    0.212087740324
2982    0.212087528021
2984    0.212086415246
2986    0.212085663731
2988    0.212085662357
2990    0.21207905005
2992    0.21207001471
2994    0.212064498194
2996    0.212064497117
2998    0.212063999631
3000    0.212063617505
3002    0.212058656239
3004    0.212058655026
3006    0.212055260012
3008    0.212055099262
3010    0.212055099262
3012    0.212045791306
3015    0.212025138773
3017    0.212014364901
3043    0.211521216767
3045    0.211519009159
3047    0.211517885307
3049    0.211507368293
3075    0.211123615127
3077    0.211112265493
3079    0.211112128096
3081    0.211112111736
3083    0.211105874161
3085    0.211105742232
3087    0.211099820208
3089    0.211099820205
3091    0.211099818201
3093    0.211099816752
3095    0.21109427093
3097    0.211094270921
3099    0.211094089966
3101    0.21109408862
3103    0.211094088552
3105    0.211083242946
3107    0.211074645441
3109    0.211063816701
3111    0.211063691289
3113    0.211053017015
3115    0.211046402528
3117    0.21104297411
3119    0.211042968075
3121    0.211039629852
3123    0.211037870278
3125    0.211037709331
3127    0.211037542807
3129    0.21103638795
3131    0.211035336159
3133    0.211035238332
3135    0.211035036886
3137    0.21103409377
3139    0.211033212011
3141    0.211033210696
3143    0.211026983294
3145    0.211017946655
3147    0.211012954501
3149    0.211012953313
3151    0.211012477368
3153    0.211012111786
3155    0.211007640455
3157    0.211007639203
3159    0.211004309919
3161    0.211004195838
3163    0.211004195838
3165    0.210995246157
3168    0.210976918718
3170    0.210966514672
3187    0.210771552628
3189    0.210769375999
3191    0.2107682682
3193    0.210758208168
3195    0.210747059717
3197    0.21073658142
3199    0.210736529663
3201    0.210736513763
3203    0.210731043467
3205    0.210730914808
3207    0.210725703777
3209    0.210725703777
3211    0.210725702169
3213    0.210725701007
3215    0.210720820205
3217    0.210720820198
3219    0.210720635446
3221    0.210720635436
3223    0.210720635418
3225    0.210710007357
3227    0.210701534042
3229    0.210690945714
3231    0.210690837656
3233    0.210680402634
3235    0.210674069388
3237    0.210671138253
3239    0.210671133814
3241    0.210668286316
3243    0.21066631228
3245    0.210666164378
3247    0.210665988327
3249    0.210664989939
3251    0.210664080648
3253    0.210663973255
3255    0.210663778028
3257    0.210662965252
3259    0.210661957107
3261    0.210661955849
3263    0.210656070314
3265    0.21064706759
3267    0.210642549431
3269    0.210642548145
3271    0.210642086497
3273    0.210641731895
3275    0.210637702548
3277    0.210637701249
3279    0.210634423813
3281    0.2106343473
3283    0.2106343473
3285    0.210625737957
3287    0.210614533681
3289    0.21060470761
3291    0.210593545369
3293    0.21059299467
3295    0.210592714398
3297    0.210583302268
3299    0.21057233267
3301    0.210564508785
3303    0.210564504442
3305    0.210564489238
3307    0.21055976213
3309    0.210559634763
3311    0.210555084701
3313    0.210555084701
3315    0.210555083267
3317    0.210555082231
3319    0.210550819768
3321    0.21055081976
3323    0.21055063277
3325    0.210550631891
3327    0.210550631884
3329    0.21054021488
3331    0.210531945031
3333    0.210521594068
3335    0.210521494991
3337    0.210511295919
3339    0.210505193486
3341    0.210502693026
3343    0.210502689749
3345    0.210500261165
3347    0.210498100204
3349    0.210497959981
3351    0.210497777562
3353    0.210496900296
3355    0.210496101312
3357    0.210495987545
3359    0.210495795929
3361    0.210495084163
3363    0.21049395489
3365    0.210493953687
3367    0.210488372524
3369    0.210479424668
3371    0.210475334976
3373    0.210475333595
3375    0.21047488206
3377    0.210474535225
3379    0.210470904591
3381    0.210470903242
3383    0.210467669641
3385    0.210467622318
3387    0.210467622318
3389    0.21045933606
3392    0.210440503158
3394    0.210431310468
3396    0.210420336196
3398    0.210418824567
3400    0.21041805526
3402    0.210409255243
3404    0.210398471191
3406    0.210389796702
3408    0.210389791361
3410    0.21038977683
3412    0.210385657135
3414    0.210385530075
3416    0.210381556375
3418    0.210381556375
3420    0.210381555013
3422    0.210381554031
3424    0.210377830806
3426    0.2103778308
3428    0.210377642417
3430    0.2103776386
3432    0.210377638596
3434    0.210367426394
3436    0.210359390248
3438    0.210349273183
3440    0.210349179647
3442    0.210339212903
3444    0.210333316776
3446    0.210331185921
3448    0.210331183492
3450    0.210329113523
3452    0.210326791413
3454    0.210326655635
3456    0.210326468803
3458    0.210325686045
3460    0.210324973132
3462    0.21032485518
3464    0.210324665674
3466    0.210324032846
3468    0.210322788655
3470    0.210322787506
3472    0.21031747798
3474    0.210308597439
3476    0.210304895063
3478    0.210304893587
3480    0.210304449719
3482    0.210304108773
3484    0.210300837803
3486    0.210300836402
3488    0.210297642019
3490    0.210297616209
3492    0.210297616209
3494    0.210289635138
3496    0.210279411881
3498    0.210270800589
3500    0.210260002337
3502    0.210259568278
3504    0.210259347379
3506    0.210251114986
3508    0.21024051023
3510    0.210233795579
3512    0.210233758548
3514    0.210233744666
3516    0.210230123958
3518    0.210229996725
3520    0.210226525734
3522    0.210226525734
3524    0.210226524396
3526    0.21022652343
3528    0.210223270578
3530    0.210223270571
3532    0.210223081263
3534    0.210223072568
3536    0.210223072565
3538    0.210213059112
3540    0.210205265695
3542    0.21019537878
3544    0.210195289297
3546    0.210185551024
3548    0.210179847769
3550    0.210178033419
3552    0.21017803161
3554    0.210176268629
3556    0.210173808762
3558    0.210173675452
3560    0.210173485422
3562    0.210172776956
3564    0.210172131702
3566    0.21017201102
3568    0.210171822742
3570    0.210171252098
3572    0.210169899802
3574    0.210169898703
3576    0.210164832168
3578    0.21015602632
3580    0.210152674069
3582    0.210152672498
3584    0.210152234853
3586    0.210151898686
3588    0.210148952132
3590    0.210148950679
3592    0.210145792859
3594    0.210145781689
3596    0.210145781689
3598    0.210138090513
3600    0.210127160184
3602    0.210119099708
3604    0.210108483273
3606    0.210108234883
3608    0.210108108478
3610    0.210100408893
3612    0.210089984494
3614    0.210084001302
3616    0.210083914443
3618    0.210083901187
3620    0.210080692738
3622    0.210080565111
3624    0.210077532691
3626    0.210077532691
3628    0.210077531352
3630    0.210077530385
3632    0.210074687927
3634    0.21007468792
3636    0.210074497951
3638    0.210074482566
3640    0.210074482563
3642    0.210064662007
3644    0.210057111282
3646    0.210047450579
3648    0.210047364471
3650    0.210037850651
3652    0.210032331626
3654    0.210030788054
3656    0.2100307867
3658    0.210029286366
3660    0.210026709531
3662    0.210026577472
3664    0.210026385016
3666    0.210025735351
3668    0.210025143649
3670    0.210025021184
3672    0.210024833606
3674    0.210024312318
3676    0.210022859058
3678    0.210022858008
3680    0.210018009346
3682    0.210009282548
3684    0.21000624682
3686    0.210006245153
3688    0.210005812868
3690    0.210005480817
3692    0.210002826867
3694    0.210002825359
3696    0.209999702587
3698    0.209999699809
3700    0.209999699809
3702    0.209992283189
3704    0.209981575117
3706    0.209974031705
3708    0.209963597882
3710    0.209963396565
3712    0.209963294116
3714    0.209956093273
3716    0.209945848685
3718    0.209940287448
3720    0.209940141378
3722    0.209940128723
3724    0.209937262798
3726    0.20993713469
3728    0.209934484967
3730    0.209934484966
3732    0.209934483614
3734    0.209934482637
3736    0.209931998319
3738    0.209931998313
3740    0.209931807841
3742    0.209931784068
3744    0.209931784065
3746    0.209922150745
3748    0.209914838862
3750    0.209905400309
3752    0.209905317237
3754    0.209896023739
3756    0.209890682416
3758    0.20988937033
3760    0.209889369311
3762    0.20988809354
3764    0.209885417928
3766    0.209885286375
3768    0.209885091992
3770    0.209884489156
3772    0.209883940104
3774    0.209883816464
3776    0.20988362926
3778    0.209883147425
3780    0.209881600464
3782    0.20988159946
3784    0.209876946608
3786    0.209868301411
3788    0.209865551846
3790    0.209865550083
3792    0.209865122633
3794    0.209864794296
3796    0.209862404239
3798    0.209862402675
3800    0.209859314087
3802    0.209859314085
3804    0.209859314085
3806    0.209852157699
3808    0.209841907949
3810    0.209834848697
3812    0.20982459682
3814    0.209824412785
3816    0.209824319134
3818    0.209817584781
3820    0.209807518886
3822    0.209802288741
3824    0.209802080065
3826    0.209802067988
3828    0.20979948826
3830    0.209799359653
3832    0.209797043936
3834    0.209797043934
3836    0.209797042563
3838    0.209797041572
3840    0.20979486986
3842    0.209794869853
3844    0.209794678978
3846    0.209794645233
3848    0.20979464523
3850    0.209785193671
3852    0.20977811522
3854    0.20976889467
3856    0.209768814442
3858    0.209759737062
3860    0.209754567876
3862    0.209753453545
3864    0.209753452775
3866    0.209752368872
3868    0.209749610227
3870    0.209749478728
3872    0.209749282752
3874    0.20974871742
3876    0.209748202523
3878    0.209748078092
3880    0.209747891055
3882    0.209747440967
3884    0.209745807534
3886    0.209745806575
3888    0.209741330113
3890    0.209732767978
3892    0.209730277151
3894    0.209730275289
3896    0.20972985235
3898    0.209729527477
3900    0.209727375403
3902    0.209727373783
3904    0.209724318887
3906    0.209724316614
3908    0.209724316615
3910    0.209717406999
3912    0.209707659278
3914    0.20970105306
3916    0.209690981936
3918    0.209690807593
3920    0.209690718875
3922    0.209684420746
3924    0.209674532148
3926    0.209669598397
3928    0.209669327712
3930    0.20966931619
3932    0.209666976954
3934    0.209666847865
3936    0.209664823713
3938    0.209664823711
3940    0.209664822318
3942    0.209664821311
3944    0.20966292251
3946    0.209662922503
3948    0.209662731292
3950    0.209662686098
3952    0.209662686095
3954    0.209653411002
3956    0.209646559988
3958    0.20963755324
3960    0.209637475727
3962    0.209628610217
3964    0.209623608075
3966    0.20962266256
3968    0.209622661975
3970    0.20962174189
3972    0.209618913723
3974    0.209618782007
3976    0.209618584673
3978    0.209618049523
3980    0.209617562114
3982    0.209617437129
3984    0.209617250122
3986    0.209616825738
3988    0.209615112917
3990    0.209615112001
3992    0.209610794802
3994    0.209602316528
3996    0.20960005966
3998    0.2096000577
4000    0.209599639062
4002    0.209599317493
4004    0.20959738002
4006    0.209597378343
4008    0.209594356851
4010    0.209594347788
4012    0.209594347788
4014    0.209587672256
4016    0.209578419759
4018    0.209572237363
4020    0.20956234554
4022    0.209562178694
4024    0.209562093793
4026    0.209556203553
4028    0.209546490672
4030    0.209541833699
4032    0.209541504162
4034    0.209541493173
4036    0.209539357175
4038    0.209539227637
4040    0.209537458049
4042    0.209537458046
4044    0.209537456629
4046    0.209537455606
4048    0.209535795109
4050    0.209535795102
4052    0.209535603605
4054    0.209535545586
4056    0.209535545584
4058    0.209526441833
4060    0.209519812086
4062    0.209511014914
4064    0.209510940015
4066    0.209502282106
4068    0.209497442177
4070    0.209496640668
4072    0.209496640221
4074    0.209495859904
4076    0.209492973729
4078    0.209492841642
4080    0.209492643118
4082    0.209492132362
4084    0.20949166717
4086    0.209491541775
4088    0.209491354705
4090    0.209490951255
4092    0.209489165895
4094    0.20948916502
4096    0.209484991956
4098    0.209476597927
4100    0.209474552635
4102    0.209474550575
4104    0.209474136098
4106    0.209473817725
4108    0.209472073755
4110    0.20947207202
4112    0.209469083754
4114    0.209469063861
4116    0.209469063861
4118    0.20946261045
4120    0.209453833838
4122    0.209448047911
4124    0.20943833376
4126    0.209438173617
4128    0.209438092129
4130    0.209432583272
4132    0.209423044384
4134    0.209418648985
4136    0.209418265291
4138    0.209418254811
4140    0.209416291554
4142    0.209416161606
4144    0.209414614316
4146    0.209414614311
4148    0.209414612871
4150    0.209414611831
4152    0.209413159456
4154    0.20941315945
4156    0.209412967706
4158    0.209412895585
4160    0.209412895582
4162    0.209403958219
4164    0.209397543573
4166    0.209388951742
4168    0.209388879371
4170    0.209380424792
4172    0.209375742416
4174    0.209375063654
4176    0.209375063309
4178    0.209374402152
4180    0.209371467736
4182    0.209371335194
4184    0.209371135606
4186    0.209370644639
4188    0.209370197469
4190    0.209370071749
4192    0.209369884548
4194    0.209369498241
4196    0.209367646904
4198    0.209367646068
4200    0.209363603748
4202    0.209355294086
4204    0.209353440149
4206    0.209353437988
4208    0.209353027574
4210    0.209352712319
4212    0.209351142815
4214    0.209351141022
4216    0.209348185859
4218    0.20934815154
4220    0.20934815154
4222    0.209341908965
4224    0.209333586364
4226    0.209328171309
4228    0.20931863306
4230    0.209318479203
4232    0.209318400916
4234    0.209313248652
4236    0.209303881909
4238    0.209299734482
4240    0.209299302151
4242    0.209299292161
4244    0.209297476565
4246    0.209297346249
4248    0.209295993111
4250    0.209295993106
4252    0.209295991643
4254    0.209295990586
4256    0.209294720007
4258    0.209294720001
4260    0.209294528044
4262    0.209294440634
4264    0.209294440631
4266    0.209285664859
4268    0.209279459231
4270    0.209271068516
4272    0.209270998592
4274    0.209262743089
4276    0.209258213736
4278    0.209257639518
4280    0.209257639252
4282    0.209257079608
4284    0.209254105199
4286    0.209253972162
4288    0.209253771608
4290    0.209253296744
4292    0.209252864239
4294    0.209252738241
4296    0.209252550859
4298    0.209252178666
4300    0.209250267587
4302    0.209250266788
4304    0.209246343342
4306    0.209238117996
4308    0.209236437144
4310    0.209236434882
4312    0.209236028453
4314    0.209235716259
4316    0.209234304043
4318    0.209234302189
4320    0.20923138003
4322    0.209231328095
4324    0.209231328095
4326    0.209225285707
4328    0.209217395315
4330    0.209212327181
4332    0.209202962948
4334    0.209202815068
4336    0.209202739824
4338    0.209197920969
4340    0.209188724423
4342    0.20918481222
4344    0.209184337106
4346    0.209184327584
4348    0.209182638938
4350    0.209182508297
4352    0.209181324757
4354    0.209181324751
4356    0.209181323265
4358    0.209181322192
4360    0.20918021044
4362    0.209180210434
4364    0.209180018294
4366    0.209179914494
4368    0.209179914492
4370    0.209171295673
4372    0.209165293086
4374    0.209157099287
4376    0.209157031734
4378    0.20914897108
4380    0.209144590332
4382    0.209144105084
4384    0.209144104876
4386    0.209143631646
4388    0.209140624186
4390    0.20914049064
4392    0.209140289198
4394    0.209139827472
4396    0.209139406932
4398    0.209139280681
4400    0.209139093078
4402    0.209138732566
4404    0.209136767629
4406    0.209136766866
4408    0.20913295175
4410    0.209124810552
4412    0.209123286279
4414    0.209123283914
4416    0.209122881408
4418    0.209122572227
4420    0.209121301802
4422    0.209121299887
4424    0.209118410634
4426    0.209118338267
4428    0.209118338267
4430    0.209112486015
4432    0.209105006755
4434    0.209100263139
4436    0.209091070929
4438    0.209090928756
4440    0.209090856417
4442    0.209086349291
4444    0.209077320905
4446    0.209073631817
4448    0.209073119775
4450    0.2090731107
4452    0.209071531829
4454    0.209071400905
4456    0.209070365537
4458    0.209070365529
4460    0.209070364021
4462    0.209070362932
4464    0.209069389964
4466    0.209069389958
4468    0.209069197661
4470    0.209069076457
4472    0.209069076454
4474    0.209060610098
