26    2.27252620539
52    2.16226633402
78    2.14821867664
104    2.14291758992
130    2.1414766311
156    2.02060907057
158    2.02060906936
168    2.02037163805
194    2.01693789271
211    1.89460892245
237    1.88694723071
263    1.88306763258
289    1.87873796142
291    1.87873138894
317    1.86865154134
343    1.86289826464
369    1.76130254793
371    1.76130254793
397    1.74992976949
423    1.63352033349
446    1.51507899946
472    1.39547804059
498    1.39278580138
500    1.39277775445
502    1.392774451
511    1.39260632721
513    1.39259917452
539    1.37114260466
541    1.37114260466
567    1.35000203902
574    1.22547207421
600    1.10587006799
622    0.983100162184
624    0.983095088526
626    0.983094515342
637    0.982845725388
639    0.982840864118
641    0.982840768137
667    0.864403768969
669    0.864403768969
689    0.863131942507
715    0.741930724927
741    0.692717366079
747    0.569805698438
757    0.569598008633
759    0.569592437493
785    0.541791287623
787    0.541791043538
790    0.541771870496
816    0.424677148087
818    0.424675294634
844    0.421481704832
850    0.421432509767
866    0.421124915853
869    0.421107454026
871    0.421100760375
873    0.421092642002
877    0.421065273913
879    0.421065028595
881    0.421059856725
907    0.41459631137
909    0.414591876739
935    0.405451031004
961    0.398644984263
987    0.392107146712
989    0.392103408223
1015    0.382078215618
1041    0.375587737032
1061    0.375178422699
1063    0.375178418486
1084    0.374756088956
1086    0.374750168534
1088    0.374748084063
1090    0.374747496007
1092    0.37474058251
1094    0.374734608356
1096    0.374733754504
1098    0.374733753022
1100    0.374728137931
1126    0.362727005285
1128    0.362727000722
1154    0.351387963204
1156    0.351385320259
1159    0.351366324319
1162    0.351351343607
1164    0.35135017497
1166    0.351350039611
1168    0.351343360428
1170    0.351339471484
1172    0.351339444187
1174    0.351338315026
1176    0.351338313672
1185    0.35121655582
1187    0.351209106385
1213    0.337531916097
1216    0.33751015298
1218    0.337505166227
1220    0.337501242362
1246    0.331365094495
1248    0.331364891294
1253    0.331320596366
1255    0.331318703211
1257    0.331318270487
1260    0.33130134357
1262    0.331296229282
1264    0.331289597673
1266    0.331283064215
1268    0.331277784818
1270    0.331271395928
1272    0.331265883
1274    0.331265777163
1276    0.331259854557
1302    0.325498063357
1304    0.325494662047
1330    0.316226797046
1356    0.311306975447
1382    0.307296913452
1384    0.307296694809
1410    0.299596377293
1436    0.296569775776
1438    0.296569768025
1440    0.2965697596
1450    0.296466631807
1452    0.29645963185
1454    0.296458460893
1456    0.296456254187
1458    0.296450414103
1460    0.296445366299
1462    0.296444976842
1464    0.296441150706
1466    0.296436376122
1492    0.291209831456
1494    0.291209823329
1520    0.28524824962
1522    0.285245535563
1524    0.285237346023
1526    0.285234407651
1528    0.285233276562
1530    0.285233145174
1532    0.285226635319
1534    0.285224713288
1536    0.285224685864
1540    0.285196060163
1542    0.285196059081
1549    0.285118426479
1555    0.285050243688
1581    0.282307841421
1583    0.282307840383
1585    0.282301150096
1587    0.282295878571
1613    0.281140632591
1615    0.281140620951
1621    0.281074875386
1623    0.281074127419
1625    0.281073987479
1627    0.28106754229
1629    0.281063718747
1631    0.281058423923
1633    0.281053309049
1635    0.281049153849
1637    0.281044108806
1639    0.281039445597
1641    0.281039423901
1643    0.281032782228
1669    0.278821256965
1671    0.278817744058
1697    0.273467178864
1723    0.271826584687
1749    0.270603901766
1751    0.270603191957
1777    0.266702670832
1803    0.265956507336
1805    0.26595637531
1807    0.265956363827
1813    0.265906496075
1815    0.265898698227
1817    0.265897981495
1819    0.265890706578
1821    0.265885644579
1823    0.265881268665
1825    0.265881085964
1828    0.265864833499
1830    0.265860704728
1856    0.264068684847
1858    0.264068674685
1884    0.26104030648
1886    0.261037636421
1888    0.261030833243
1890    0.261029386488
1892    0.261028261475
1894    0.261028130637
1896    0.261022724247
1898    0.261021781449
1900    0.261021753552
1906    0.260963069492
1908    0.260963069059
1915    0.26088419027
1922    0.260798138218
1948    0.260278691539
1950    0.260278670236
1952    0.260271407547
1954    0.26026568282
1966    0.260154780405
1968    0.260154772176
1974    0.260088021684
1976    0.260087634644
1978    0.260087589013
1980    0.260082237268
1982    0.260079393283
1984    0.260075157744
1986    0.260071146045
1988    0.260067875254
1990    0.260063880085
1992    0.260059508907
1994    0.260059507387
1996    0.260052615114
2022    0.259611521111
2024    0.259607734773
2050    0.257210852967
2076    0.256864240031
2100    0.256639063653
2102    0.25663675167
2128    0.25490969347
2130    0.25490385813
2132    0.254903787165
2134    0.254903773879
2138    0.254876661817
2140    0.254868140622
2142    0.254867688617
2144    0.254860255017
2146    0.254855846263
2148    0.254852034719
2150    0.254851955679
2153    0.254835378107
2155    0.254831816838
2181    0.254355969194
2183    0.254355958091
2209    0.252755647845
2211    0.252753021741
2213    0.252747850977
2215    0.252747132373
2217    0.252746012974
2219    0.252745882725
2221    0.252741779749
2223    0.252741314533
2225    0.252741286298
2231    0.252681007449
2233    0.252681007318
2240    0.252611250017
2246    0.252537598856
2250    0.252511519405
2252    0.252511498235
2254    0.252506298191
2256    0.252502199283
2258    0.252494597743
2260    0.252494587886
2265    0.252446579487
2267    0.252446409154
2269    0.252446394324
2271    0.25244190375
2273    0.252439802001
2275    0.252436407922
2277    0.252433256029
2279    0.252430681959
2281    0.252427509206
2283    0.252423068682
2285    0.25242306868
2287    0.25241631446
2289    0.25241343481
2291    0.252409806611
2317    0.25131308327
2319    0.251308565558
2321    0.251304105989
2323    0.251301577346
2349    0.250480632895
2351    0.250477423807
2353    0.250477410972
2355    0.250477396667
2358    0.250460676064
2361    0.250443523294
2363    0.250443221836
2365    0.250437987225
2367    0.250433340228
2369    0.250429322484
2371    0.250429291459
2373    0.25042212669
2375    0.250418425735
2377    0.250414597898
2379    0.250414586499
2405    0.249396367245
2407    0.249393783177
2409    0.249390225368
2411    0.249389868134
2413    0.249388753248
2415    0.249388623498
2417    0.24938580883
2419    0.249385580061
2421    0.249385551581
2427    0.249325359629
2429    0.249325359603
2435    0.249271222031
2441    0.249206967691
2443    0.249198975262
2445    0.249198952188
2447    0.249193743486
2449    0.249189637696
2451    0.249182436585
2453    0.249182425434
2458    0.249136820889
2460    0.24913676698
2462    0.249136762209
2464    0.249132953271
2466    0.249131412305
2468    0.249128687884
2470    0.24912620717
2472    0.249124182355
2474    0.24912165521
2476    0.249117003564
2478    0.249117003526
2480    0.249110540929
2482    0.249109800841
2484    0.249106443168
2510    0.248577529891
2512    0.248575158365
2514    0.248572817788
2516    0.248570160674
2542    0.248190920568
2544    0.24818909119
2546    0.248189090077
2548    0.248189075419
2550    0.248181097805
2553    0.248164490098
2555    0.248164282796
2557    0.248161071771
2559    0.248156388931
2561    0.248152340039
2563    0.248152330941
2565    0.248147283877
2567    0.248143580654
2569    0.248143260297
2571    0.248143248766
2597    0.247496742014
2599    0.247494179994
2601    0.247491739088
2603    0.247491556474
2605    0.247490451
2607    0.247490322329
2609    0.247488398851
2611    0.247488283868
2613    0.247488255319
2618    0.247443422311
2620    0.247443422305
2625    0.24740326586
2630    0.247351331362
2632    0.24734375082
2634    0.247343729006
2636    0.247339958228
2638    0.247336985888
2640    0.247330180738
2642    0.247330167978
2646    0.247298792519
2648    0.247298786671
2650    0.24729878516
2652    0.247295519344
2654    0.24729440032
2656    0.247292209592
2658    0.247290253399
2660    0.247288661695
2662    0.24728664225
2664    0.247281837352
2666    0.247281837233
2668    0.24727560356
2670    0.247275535887
2672    0.247272373037
2696    0.247044826984
2698    0.247043507721
2700    0.247042205814
2702    0.247039479262
2704    0.247031125642
2706    0.24702975911
2708    0.247029756059
2710    0.247029741728
2712    0.247022184295
2715    0.247005942537
2717    0.247005804352
2719    0.247003898909
2721    0.246999232031
2723    0.246995196819
2725    0.246995196289
2727    0.246991622155
2729    0.246987952551
2731    0.246987661116
2733    0.246987649562
2759    0.246576887656
2761    0.246574347532
2763    0.246572678546
2765    0.246572584102
2767    0.246571488287
2769    0.24657136073
2771    0.24657005227
2773    0.246569994334
2775    0.246569965789
2780    0.246530639279
2782    0.246530639278
2787    0.246491411629
2792    0.246445830136
2794    0.246438676201
2796    0.246438652529
2798    0.246434724432
2800    0.246431628057
2802    0.246425226676
2804    0.246425212672
2808    0.24639464659
2810    0.246394643257
2812    0.246394642796
2814    0.246391811707
2816    0.246391008494
2818    0.246389243534
2820    0.246387697665
2822    0.246386447403
2824    0.246384827886
2826    0.246379915826
2828    0.246379915576
2830    0.246373864641
2832    0.246373863698
2834    0.246370860442
2836    0.246362654322
2838    0.246361410831
2840    0.246360183708
2842    0.246357405617
2844    0.246349331882
2846    0.246348043538
2848    0.246348042084
2850    0.246348028618
2852    0.24634101964
2855    0.246325032222
2857    0.246324938629
2859    0.246323857491
2861    0.246319238082
2863    0.24631524382
2865    0.246315242613
2867    0.246312693139
2869    0.246309077981
2871    0.246307077412
2873    0.246307065903
2897    0.246069765083
2899    0.2460672483
2901    0.246066118791
2903    0.246066067297
2905    0.246064980848
2907    0.246064854375
2909    0.246063974809
2911    0.246063944384
2913    0.246063915889
2917    0.246034855751
2919    0.246034855751
2923    0.246007928795
2928    0.245966089028
2930    0.245959346857
2932    0.245959321836
2934    0.245955464182
2936    0.24595242332
2938    0.245946410225
2940    0.245946394851
2944    0.2459173505
2946    0.24591732042
2948    0.24591732029
2950    0.245914839248
2952    0.245914270899
2954    0.245912845988
2956    0.245911621465
2958    0.245910640294
2960    0.245909336395
2962    0.245904354247
2964    0.245904353805
2966    0.245898450808
2968    0.245898450794
2970    0.245895568943
2972    0.245887628752
2974    0.245886456725
2976    0.245885300132
2978    0.245882510601
2980    0.245874707951
2982    0.245873493372
2984    0.245873478184
2986    0.245873465533
2988    0.245866948107
2990    0.245858434678
2992    0.245858369526
2994    0.245857799994
2996    0.245854017997
2998    0.245850747767
3000    0.24585074147
3002    0.24584890973
3004    0.245845949444
3006    0.245841835995
3008    0.245841824587
3010    0.245833420249
3012    0.245830932737
3014    0.245830210845
3016    0.245830182653
3018    0.245829103842
3020    0.245828978258
3022    0.245828421511
3024    0.245828405761
3026    0.245828377334
3030    0.245801986723
3032    0.245801986723
3036    0.245775526402
3040    0.24574289239
3042    0.245736536862
3044    0.245736513139
3046    0.245733817071
3048    0.245731691864
3050    0.245726045334
3052    0.245726028352
3055    0.245708216321
3057    0.245708141675
3059    0.245708141643
3061    0.245705944254
3063    0.245705549186
3065    0.245704396182
3067    0.245703423627
3069    0.245702654445
3071    0.24570160013
3073    0.24569657494
3075    0.245696574258
3077    0.245690794014
3079    0.245690793513
3081    0.245687999307
3083    0.245680316621
3085    0.245679211999
3087    0.245678121929
3089    0.24567534449
3091    0.245667804333
3093    0.245666659323
3095    0.24566661915
3097    0.24566660727
3099    0.245660529643
3102    0.2456428955
3104    0.245642842011
3106    0.245642609308
3108    0.245638709183
3110    0.245635336807
3112    0.245635326289
3114    0.245634075484
3116    0.245631037124
3118    0.245626952131
3120    0.245626940911
3122    0.245618573041
3124    0.245616105489
3126    0.245615643565
3128    0.24561562706
3130    0.245614558144
3132    0.245614433712
3134    0.245614082028
3136    0.245614073481
3138    0.245614045199
3141    0.245596273114
3143    0.245596273114
3146    0.24558006051
3150    0.245550829716
3152    0.245544860775
3154    0.24554483518
3156    0.245541964084
3158    0.245539700892
3160    0.245534416359
3162    0.245534398208
3165    0.245516725994
3167    0.245516596978
3169    0.245516596973
3171    0.245514630376
3173    0.245514361884
3175    0.245513426579
3177    0.245512651864
3179    0.245512049607
3181    0.245511193094
3183    0.245506145572
3185    0.245506144607
3187    0.245500468452
3189    0.245500466197
3191    0.245497740354
3193    0.245490306866
3195    0.245489265826
3197    0.245488238505
3199    0.245485486793
3201    0.245478200661
3203    0.245477121249
3205    0.245477047588
3207    0.24547703643
3209    0.245471357212
3212    0.245454323468
3214    0.245454276919
3216    0.245454203025
3218    0.24545023412
3220    0.245446802267
3222    0.245446788146
3224    0.245445908995
3226    0.245442828566
3228    0.245438763224
3230    0.245438752188
3232    0.24543042286
3234    0.245427975651
3236    0.245427679625
3238    0.245427670119
3240    0.245426611076
3242    0.245426487792
3244    0.245426266252
3246    0.24542626186
3248    0.245426233751
3251    0.245409672546
3253    0.245409672546
3256    0.245393542899
3260    0.245366394772
3262    0.245360790279
3264    0.245360763387
3266    0.245357872669
3268    0.245355593998
3270    0.245350650218
3272    0.245350630732
3275    0.245333487746
3277    0.245333300017
3279    0.245333300017
3281    0.245331522245
3283    0.245331345038
3285    0.245330584277
3287    0.245329965134
3289    0.245329494244
3291    0.245328794869
3293    0.245323740821
3295    0.245323739537
3297    0.245318153554
3299    0.245318148414
3301    0.245315479798
3303    0.245308287461
3305    0.245307306394
3307    0.245306338259
3309    0.245303620066
3311    0.245296579747
3313    0.245295562176
3315    0.24529544919
3317    0.245295438712
3319    0.245290118941
3322    0.24527355312
3324    0.245273510693
3326    0.245273498825
3328    0.245269496044
3330    0.245266034894
3332    0.245266017895
3334    0.245265379956
3336    0.245262282664
3338    0.245258230256
3340    0.245258219399
3342    0.245249930098
3344    0.245247503677
3346    0.245247313591
3348    0.245247307664
3350    0.245246258402
3352    0.245246136257
3354    0.245245997204
3356    0.245245994844
3358    0.245245966927
3360    0.245237419965
3362    0.245237419965
3364    0.245229976337
3367    0.245210826299
3369    0.245205553266
3371    0.24520552787
3373    0.245203570985
3375    0.245202028443
3377    0.245197397759
3379    0.245197376647
3381    0.245189424573
3383    0.245189177429
3385    0.245189177428
3387    0.24518755508
3389    0.24518744261
3391    0.245186822
3393    0.245186325395
3395    0.245185957824
3397    0.245185383607
3399    0.24518033507
3401    0.245180333431
3403    0.245174827187
3405    0.245174818159
3407    0.245172200264
3409    0.245165241238
3411    0.245164316734
3413    0.245163404422
3415    0.245160724117
3417    0.245153921609
3419    0.245152962327
3421    0.245152806186
3423    0.245152796347
3425    0.245147801571
3428    0.245131612875
3430    0.245131572827
3432    0.245131572533
3434    0.245127560267
3436    0.245124090913
3438    0.245124071675
3440    0.24512359273
3442    0.245120496001
3444    0.245116451411
3446    0.245116440731
3448    0.245108192475
3450    0.245105787042
3452    0.245105664669
3454    0.245105661173
3456    0.245104621638
3458    0.245104500624
3460    0.245104413764
3462    0.245104412671
3464    0.245104384965
3466    0.245096188165
3468    0.245096188165
3470    0.245088710935
3473    0.245071219951
3475    0.245066274857
3477    0.245066247611
3479    0.24506410892
3481    0.245062423052
3483    0.245058098635
3485    0.245058076416
3487    0.245050023941
3489    0.245049719078
3491    0.245049719076
3493    0.245048225095
3495    0.245048157497
3497    0.245047649611
3499    0.245047249703
3501    0.245046963327
3503    0.245046489076
3505    0.245041455201
3507    0.245041453177
3509    0.245036018813
3511    0.24503600501
3513    0.245033433972
3515    0.245026700635
3517    0.245025829476
3519    0.245024969807
3521    0.245022329772
3523    0.245015757289
3525    0.245014852941
3527    0.245014651411
3529    0.245014642172
3531    0.24500994186
3533    0.245001400826
3535    0.245001364969
3537    0.245001352132
3539    0.244998064441
3541    0.244995221617
3543    0.244995199012
3545    0.244994822363
3547    0.244992282449
3549    0.244988244271
3551    0.244988233765
3553    0.244980024172
3555    0.24497763996
3557    0.244977560922
3559    0.244977558666
3561    0.244976528757
3563    0.244976408864
3565    0.244976354952
3567    0.244976354442
3569    0.244976326956
3571    0.244968438892
3573    0.244968438892
3575    0.244960955243
3578    0.244944534683
3580    0.244939896537
3582    0.244939868026
3584    0.244937648493
3586    0.24493589889
3588    0.244931861053
3590    0.244931837526
3592    0.244923839906
3594    0.244923480477
3596    0.244923480473
3598    0.244922093017
3600    0.244922055524
3602    0.244921638462
3604    0.244921315014
3606    0.244921092392
3608    0.244920698224
3610    0.24491568595
3612    0.244915683516
3614    0.244910315079
3616    0.244910295724
3618    0.244907769185
3620    0.244901254172
3622    0.244900433316
3624    0.244899623288
3626    0.244897024742
3628    0.244890674753
3630    0.244889822171
3632    0.244889574724
3634    0.244889566051
3636    0.244885131511
3639    0.244867731012
3641    0.244867694188
3643    0.244867658378
3645    0.244864172591
3647    0.244861158473
3649    0.244861135483
3651    0.244860833099
3653    0.244858148522
3655    0.244854110767
3657    0.24485410043
3659    0.244845933857
3661    0.244843570944
3663    0.244843519676
3665    0.244843518081
3667    0.244842497713
3669    0.24484237893
3671    0.244842345749
3673    0.244842345511
3675    0.244842318255
3677    0.244834704648
3679    0.244834704648
3681    0.244827237312
3684    0.244811574212
3686    0.244807224024
3688    0.244807194183
3690    0.244804952152
3692    0.244803184805
3694    0.244799415305
3696    0.244799390452
3698    0.244791531545
3700    0.244791121514
3702    0.244791121509
3704    0.244789822845
3706    0.244789804566
3708    0.244789460823
3710    0.244789197968
3712    0.244789025354
3714    0.244788695546
3716    0.244783710126
3718    0.244783707258
3720    0.24477840021
3722    0.244778374624
3724    0.244775891088
3726    0.244769587159
3728    0.244768813734
3730    0.244768050514
3732    0.244765494
3734    0.244759359106
3736    0.244758555296
3738    0.244758261404
3740    0.24475825326
3742    0.244754062499
3745    0.244737453944
3747    0.244737416369
3749    0.244737354798
3751    0.244733741188
3753    0.244730616539
3755    0.24473059301
3757    0.244730341783
3759    0.244727565623
3761    0.244723526279
3763    0.244723516109
3765    0.244715392437
3767    0.244713050836
3769    0.244713017402
3771    0.244713016172
3773    0.24471200526
3775    0.244711887578
3777    0.244711867387
3779    0.244711867277
3781    0.244711840257
3783    0.244704472647
3785    0.244704472647
3787    0.244697040507
3789    0.244688548055
3791    0.244684458412
3793    0.244684430228
3795    0.244682978641
3797    0.2446818344
3799    0.244678311364
3801    0.244678284825
3803    0.244671742177
3805    0.244671286284
3807    0.244671286277
3809    0.244670061477
3811    0.244670054463
3813    0.244669770029
3815    0.24466955531
3817    0.244669421871
3819    0.244669143964
3821    0.244664189358
3823    0.244664186036
3825    0.244658936892
3827    0.244658904488
3829    0.244656462947
3831    0.244650363124
3833    0.244649634418
3835    0.244648915329
3837    0.244646400996
3839    0.244640474057
3841    0.244639716194
3843    0.244639376657
3845    0.24463936901
3847    0.244635400346
3850    0.244619385282
3852    0.244619347043
3854    0.244619260687
3856    0.244615570129
3858    0.244612378941
3860    0.244612354804
3862    0.24461213932
3864    0.244609309867
3866    0.244605267441
3868    0.244605257435
3870    0.244597176464
3872    0.24459485614
3874    0.244594834188
3876    0.244594833166
3878    0.244593831626
3880    0.244593715034
3882    0.244593702936
3884    0.244593702887
3886    0.244593676107
3888    0.244586531702
3890    0.244586531702
3892    0.244579150153
3895    0.244562208638
3897    0.244558378822
3899    0.244558345967
3901    0.244556584071
3903    0.244555195204
3905    0.244551909537
3907    0.244551882648
3909    0.244545010114
3911    0.244544512208
3913    0.244544512201
3915    0.244543350091
3917    0.244543348612
3919    0.244543112262
3921    0.244542935882
3923    0.24454283309
3925    0.244542597182
3927    0.244537676364
3929    0.244537672571
3931    0.244532478631
3933    0.244532438909
3935    0.244530038629
3937    0.244524136146
3939    0.244523449599
3941    0.244522772114
3943    0.244520299877
3945    0.244514573968
3947    0.244513859388
3949    0.244513475593
3951    0.244513468413
3953    0.244509702518
3955    0.244501332809
3957    0.244501296835
3959    0.244501189143
3961    0.244498142163
3963    0.24449550747
3965    0.244495480936
3967    0.244495287798
3969    0.244492949967
3971    0.244488905807
3973    0.244488895963
3975    0.24448085445
3977    0.244478555331
3979    0.244478540796
3981    0.244478539895
3983    0.244477547641
3985    0.244477432131
3987    0.244477425034
3989    0.244477425015
3991    0.244477398478
3993    0.244470456121
3995    0.244470456121
3997    0.244463138394
4000    0.244447679305
4002    0.244444091397
4004    0.244444057272
4006    0.244442131843
4008    0.244440614055
4010    0.244437549956
4012    0.244437521752
4014    0.244430563441
4016    0.244430027939
4018    0.244430027932
4020    0.244428918578
4022    0.244428918576
4024    0.2444287213
4026    0.244428575543
4028    0.244428496684
4030    0.244428294891
4032    0.244423410078
4034    0.244423405801
4036    0.244418264946
4038    0.244418217486
4040    0.244415857884
4042    0.244410146222
4044    0.244409499416
4046    0.244408861147
4048    0.244406430781
4050    0.244400899222
4052    0.24440022541
4054    0.244399799755
4056    0.244399793015
4058    0.244396211215
4061    0.244379267467
4063    0.24437922935
4065    0.244379102577
4067    0.24437583548
4069    0.24437301045
4071    0.244372984351
4073    0.244372810372
4075    0.244370310113
4077    0.244366260419
4079    0.244366250733
4081    0.244358252245
4083    0.244355974234
4085    0.244355964507
4087    0.244355963676
4089    0.244354980625
4091    0.244354866185
4093    0.244354862144
4095    0.244354862138
4097    0.244354835846
4099    0.244348079061
4101    0.244348079061
4103    0.2443408354
4105    0.244332666249
4107    0.244329294935
4109    0.244329262799
4111    0.244327986
4113    0.244326979532
4115    0.244324117866
4117    0.244324087906
4119    0.244318233432
4121    0.244317664942
4123    0.244317664933
4125    0.244316599733
4127    0.244316598397
4129    0.244316432952
4131    0.24431631173
4133    0.244316251525
4135    0.244316077547
4137    0.244311230379
4139    0.244311225606
4141    0.244306136157
4143    0.244306080608
4145    0.244303761185
4147    0.244298233941
4149    0.244297624595
4151    0.244297023292
4153    0.244294634488
4155    0.244289290723
4157    0.244288655307
4159    0.244288189194
4161    0.244288182865
4163    0.244284771608
4166    0.244268673774
4168    0.244268634142
4170    0.244268491412
4172    0.244265079402
4174    0.244262129065
4176    0.244262102935
4178    0.244261942635
4180    0.244259336886
4182    0.244255281304
4184    0.244255271775
4186    0.244247315667
4188    0.244245058644
4190    0.24424505205
4192    0.244245051257
4194    0.244244077324
4196    0.244243963945
4198    0.244243961742
4200    0.244243961741
4202    0.244243935695
4204    0.244237351385
4206    0.244237351385
4208    0.244230189896
4211    0.24421411422
4213    0.244210960068
4215    0.244210923243
4217    0.244209319606
4219    0.244208055481
4221    0.244205389387
4223    0.244205359082
4225    0.244199136313
4227    0.244198538059
4229    0.244198538051
4231    0.244197510856
4233    0.244197506305
4235    0.244197366861
4237    0.244197265358
4239    0.244197219656
4241    0.244197068446
4243    0.24419226012
4245    0.244192254842
4247    0.244187215443
4249    0.244187151522
4251    0.244184871822
4253    0.244179522844
4255    0.244178948804
4257    0.244178382341
4259    0.244176034739
4261    0.244170872458
4263    0.244170273202
4265    0.24416976901
4267    0.244169763066
4269    0.244166508347
4271    0.244158184502
4273    0.244158146708
4275    0.24415799171
4277    0.244155149879
4279    0.24415269257
4281    0.244152664316
4283    0.244152511248
4285    0.24415034
4287    0.244146280746
4289    0.244146271372
4291    0.244138354107
4293    0.244136117936
4295    0.244136113396
4297    0.244136112624
4299    0.244135147725
4301    0.244135035397
4303    0.244135034272
4305    0.244135034272
4307    0.244135008472
4309    0.24412858355
4311    0.24412858355
4313    0.244121511314
4315    0.244113317942
4317    0.244110356001
4319    0.244110321301
4321    0.244109217875
4323    0.244108348072
4325    0.24410585967
4327    0.244105827625
4329    0.244100497556
4331    0.244099873623
4333    0.244099873614
4335    0.244098878246
4337    0.244098869283
4339    0.244098751136
4341    0.244098665536
4343    0.244098631078
4345    0.24409849858
4347    0.244093729949
4349    0.244093724159
4351    0.244088733698
4353    0.244088661183
4355    0.244086420768
4357    0.244081244134
4359    0.244080703368
4361    0.244080169738
4363    0.244077862943
4365    0.244072876069
4367    0.244072310863
4369    0.244071771748
4371    0.244071766168
4373    0.244068654127
4376    0.244051923843
4378    0.244051883592
4380    0.244051717797
4382    0.244048630517
4384    0.244045960966
4386    0.244045933371
4388    0.244045788252
4390    0.244043435222
4392    0.244039369176
4394    0.244039359952
4396    0.244031484815
4398    0.244029269349
4400    0.244029266165
4402    0.244029265401
4404    0.244028309451
4406    0.244028198165
4408    0.244028197648
4410    0.244028197646
4412    0.244028172092
4414    0.244021897452
4416    0.244021897452
4418    0.244014919366
4421    0.243999108904
4423    0.243996340133
4425    0.243996300775
4427    0.243994835691
4429    0.24399368078
4431    0.243991364351
4433    0.243991331975
4435    0.243985561901
4437    0.243984914872
4439    0.243984914864
4441    0.243983947145
4443    0.24398393307
4445    0.243983832419
4447    0.243983759691
4449    0.243983733922
4451    0.243983616862
4453    0.243978888519
4455    0.243978882213
4457    0.243973939761
4459    0.243973858485
4461    0.243971656926
4463    0.243966646824
4465    0.243966137416
4467    0.243965634729
4469    0.243963368322
4471    0.243958550895
4473    0.243958017753
4475    0.243957445462
4477    0.243957440222
4479    0.243954461356
4481    0.243945954269
4483    0.243945915398
4485    0.243945741706
4487    0.243943131371
4489    0.243940874231
4491    0.243940844825
4493    0.243940702845
4495    0.243938713141
4497    0.243934642923
4499    0.243934633849
4501    0.243926797066
4503    0.243924602148
4505    0.243924599867
4507    0.243924599103
4509    0.243923652021
4511    0.243923541767
4513    0.243923541571
4515    0.243923541566
4517    0.243923516257
4519    0.243917382129
4521    0.243917382129
4523    0.24391050261
4525    0.243902542402
4527    0.243899943338
4529    0.243899906277
4531    0.243898882669
4533    0.24389807578
4535    0.243895914968
4537    0.243895880822
4539    0.243890908824
4541    0.243890242171
4543    0.243890242162
4545    0.243889297579
4547    0.243889278055
4549    0.24388919182
4551    0.243889129549
4553    0.243889110465
4555    0.243889006197
4557    0.243884318529
4559    0.243884311702
4561    0.243879416463
4563    0.24387932631
4565    0.24387716318
4567    0.243872314066
4569    0.243871834206
4571    0.243871360676
4573    0.243869134222
4575    0.243864480548
4577    0.243863977595
4579    0.243863375454
4581    0.243863370534
4583    0.243860513295
4586    0.243843609055
4588    0.243843567407
4590    0.243843386564
4592    0.243840486755
4594    0.243837979306
4596    0.243837950796
4598    0.24383781363
4600    0.243835608867
4602    0.243831531606
4604    0.243831522677
4606    0.243823727401
4608    0.243821552868
4610    0.243821551193
4612    0.243821550425
4614    0.243820612127
4616    0.243820502896
4618    0.243820502848
4620    0.243820502838
4622    0.243820477773
4624    0.243814477705
4626    0.243814477705
4628    0.243807699434
4631    0.243792442638
4633    0.243790014801
4635    0.243789973094
4637    0.243788587195
4639    0.243787494702
4641    0.243785484833
4643    0.243785450362
4645    0.243780031297
4647    0.243779346972
4649    0.243779346963
4651    0.243778422679
4653    0.243778397621
4655    0.243778323304
4657    0.243778269561
4659    0.243778255594
4661    0.243778161965
4663    0.243773515206
4665    0.243773507857
4667    0.243768659139
4669    0.243768560039
4671    0.243766434907
4673    0.243761741341
4675    0.243761289324
4677    0.243760843269
4679    0.243758656321
4681    0.243754160815
4683    0.243753686286
4685    0.243753056009
4687    0.243753051388
4689    0.243750308249
4691    0.243741785213
4693    0.243741744853
4695    0.243741559038
4697    0.2437390866
4699    0.243736948695
4701    0.24373691845
4703    0.243736782172
4705    0.243734902691
4707    0.243730821222
4709    0.243730812438
4711    0.243723054799
4713    0.243720900484
4715    0.243720899221
4717    0.243720898445
4719    0.243719968849
4721    0.243719860631
4723    0.243719860629
4725    0.243719860614
4727    0.243719835792
4729    0.243713962286
4731    0.243713962286
4733    0.24370728783
4735    0.243699639341
4737    0.243697361016
4739    0.243697321683
4741    0.243696346872
4743    0.243695578446
4745    0.243693704675
4747    0.243693668414
4749    0.243688991467
4751    0.243688292357
4753    0.243688292348
4755    0.24368738501
4757    0.243687354508
4759    0.243687290075
4761    0.243687243315
4763    0.243687233242
4765    0.243687148496
4767    0.243682542753
4769    0.243682534884
4771    0.243677732068
4773    0.243677623993
4775    0.243675536423
4777    0.243670993221
4779    0.243670567438
4781    0.243670147268
4783    0.243667999371
4785    0.243663656701
4787    0.243663208932
4789    0.243662553833
4791    0.243662549494
4793    0.243659910779
4796    0.243643073496
4798    0.243643030266
4800    0.243642839717
4802    0.243640059441
4804    0.243637655349
4806    0.243637626062
4808    0.243637492835
4810    0.243635384559
4812    0.243631296169
4814    0.243631287526
4816    0.243623570585
4818    0.243621436318
4820    0.243621435337
4822    0.243621434551
4824    0.243620513577
4826    0.243620406362
4828    0.243620406349
4830    0.243620406327
4832    0.243620381746
4834    0.243614630146
4836    0.243614630146
4838    0.243608060656
4840    0.243599822671
4842    0.243597686936
4844    0.243597646531
4846    0.24359689403
4848    0.243596300855
4850    0.243594555131
4852    0.243594518105
4854    0.243590309823
4856    0.243589597816
4858    0.243589597807
4860    0.243588705129
4862    0.243588669393
4864    0.243588613185
4866    0.243588572164
4868    0.243588565031
4870    0.243588487731
4872    0.243583923021
4874    0.243583914632
4876    0.243579157158
4878    0.243579040118
4880    0.243576989672
4882    0.243572591743
4884    0.243572190677
4886    0.243571794896
4888    0.243569685585
4890    0.243565490525
4892    0.243565067949
4894    0.243564389599
4896    0.243564385524
4898    0.243561845269
4900    0.243553392966
4902    0.243553351052
4904    0.243553157398
4906    0.24355077606
4908    0.243548716926
4910    0.243548685896
4912    0.2435485523
4914    0.243546747311
4916    0.243542654943
4918    0.24354264644
4920    0.243534966311
4922    0.243532851918
4924    0.243532851132
4926    0.243532850335
4928    0.243531937901
4930    0.24353183168
4932    0.243531831624
4934    0.243531831595
4936    0.243531807255
4938    0.243526172421
4940    0.243526172421
4942    0.243519708988
4944    0.243511152575
4946    0.243509152018
4948    0.243509110503
4950    0.243508484338
4952    0.243507990753
4954    0.243506365222
4956    0.243506327522
4958    0.243502431022
4960    0.243501707809
4962    0.243501707799
4964    0.243500827808
4966    0.243500787122
4968    0.243500737783
4970    0.243500701498
4972    0.243500696563
4974    0.243500625527
4976    0.24349610179
4978    0.243496092885
4980    0.243491380234
4982    0.243491254273
4984    0.243489240505
4986    0.243484983006
4988    0.243484605226
4990    0.243484232423
4992    0.243482161228
4994    0.243478108791
4996    0.243477709932
4998    0.243477011525
5000    0.243477007698
5002    0.243474557741
5005    0.243457910687
5007    0.24345786589
5009    0.243457669067
5011    0.243454973776
5013    0.243452643165
5015    0.243452613098
5017    0.243452481547
5019    0.243450443346
5021    0.243446344389
5023    0.243446336023
5025    0.2434386957
5027    0.243436601007
5029    0.243436600359
5031    0.243436599548
5033    0.243435695575
5035    0.243435590339
5037    0.243435590225
5039    0.243435590188
5041    0.243435566085
5043    0.243430043533
5045    0.243430043533
5047    0.2434236867
5050    0.243408246626
5052    0.243406382631
5054    0.243406336387
5056    0.243405265192
5058    0.243404420776
5060    0.243402912133
5062    0.243402874236
5064    0.243398326137
5066    0.243397592717
5068    0.243397592708
5070    0.243396724083
5072    0.243396678772
5074    0.24339663519
5076    0.24339660283
5078    0.243396599518
5080    0.243396533771
5082    0.24339205089
5084    0.243392041473
5086    0.243387373161
5088    0.243387238353
5090    0.243385260816
5092    0.24338113899
5094    0.243380783148
5096    0.243380431991
5098    0.243378398437
5100    0.243374483735
5102    0.243374107201
5104    0.243373390105
5106    0.243373386511
5108    0.243371022132
5110    0.243362684313
5112    0.243362640888
5114    0.243362442129
5116    0.243360127908
5118    0.243358126808
5120    0.243358094967
5122    0.243357962346
5124    0.243356213464
5126    0.24335211091
5128    0.243352102678
5130    0.243344498298
5132    0.24334242313
5134    0.243342422578
5136    0.243342421755
5138    0.243341526163
5140    0.243341421902
5142    0.243341421724
5144    0.243341421678
5146    0.243341397813
5148    0.243335982794
5150    0.243335982794
5152    0.243329732869
5154    0.243322288768
5156    0.243320541537
5158    0.243320498145
5160    0.243319702175
5162    0.243319074725
5164    0.243317670271
5166    0.243317630534
5168    0.243313613778
5170    0.243312872203
5172    0.243312872193
5174    0.243312012898
