16 2.52591283047e-05 2.65652279654e-05
15 2.52625436675e-05 2.65652279654e-05
14 2.53855247985e-05 2.65652280771e-05
13 2.54997502553e-05 2.65652279533e-05
12 2.55877309996e-05 2.65652280939e-05
11 2.56498518703e-05 2.65652279596e-05
10 2.57161194066e-05 2.65652280987e-05
9 2.57382523449e-05 2.65652279657e-05
8 2.57356883251e-05 2.65652281049e-05
7 2.57094405295e-05 2.65652279718e-05
6 2.56771809246e-05 2.65652281109e-05
5 2.56444093523e-05 2.65652279778e-05
4 2.56128232748e-05 2.65652281183e-05
3 2.55437142697e-05 2.65652279836e-05
2 2.54133421731e-05 2.65652281132e-05
1 2.52924283903e-05 2.65652279995e-05

