2.0 0.0377727081047
1.975 0.0366526986502
1.95 0.0367015430756
1.925 0.0368899920615
1.9 0.0370982062256
1.875 0.0373091804372
1.85 0.0375536600918
1.825 0.038334912507
1.8 0.0388302012987
1.775 0.0390787896215
1.75 0.0392316082946
1.725 0.0393095748255
1.7 0.0393153611681
1.675 0.0392044639013
1.65 0.0387392494008
1.625 0.0385754512703
1.6 0.0384511165826
1.575 0.0382630872236
1.55 0.0380151594053
1.525 0.0377172012953
1.5 0.037378299742
1.475 0.0370071932414
1.45 0.0366120712673
1.425 0.0362005824198
1.4 0.0357798240038
1.375 0.0353551996365
1.35 0.0349326506077
1.325 0.0345163876575
1.3 0.0341101228359
1.275 0.0337171655773
1.25 0.0333411399105
1.225 0.0329875975239
1.2 0.0326691987213
1.175 0.0324317765287
1.15 0.0325649164622
1.125 0.0328495984136
1.1 0.0325408658892
1.075 0.0322129319838
1.05 0.0318927851038
1.025 0.03158815566
1.0 0.0313040607108
0.975 0.0310444530714
0.95 0.0308129947756
0.925 0.0306134426479
0.9 0.0304497149824
0.875 0.0303253180709
0.85 0.0302429690474
0.825 0.0302041190535
0.8 0.0302086722972
0.775 0.0302549481959
0.75 0.0303401033046
0.725 0.0304610222821
0.7 0.0306153762007
0.675 0.0308022681961
0.65 0.0310225017342
0.625 0.0312786415282
0.6 0.0315750073049
0.575 0.0319176148588
0.55 0.0323140284745
0.525 0.0327734020069
0.5 0.033306539552
0.475 0.0339259686559
0.45 0.034646335223
0.425 0.0354852213576
0.4 0.0364634467689
0.375 0.0376066359605
0.35 0.0389453872894
0.325 0.0405148510701
0.3 0.042351744766
0.275 0.0444903634495
0.25 0.0469525525402
0.225 0.0497364756399
0.2 0.0528065310937
0.175 0.0560171155391
0.15 0.0590598151231
0.125 0.0619606859043
0.1 0.0647403688585
0.075 0.0672430593126
0.05 0.0693210037674
0.025 0.0708617405507
0.0 0.0717923188914
-0.025 0.0720724719628
-0.05 0.0716962530214
-0.075 0.0706871218902
-0.1 0.0690912673767
-0.125 0.0669769669696
-0.15 0.06442994217
-0.175 0.0615511403542
-0.2 0.0584495755354
-0.225 0.0552338133737
-0.225 0.0552338133737
-0.25 0.0520054589736
-0.275 0.04885247211
-0.3 0.0438091503615
-0.325 0.0420782952443
-0.35 0.0398784476831
-0.375 0.0377064493429
-0.4 0.0356861736712
-0.425 0.033851144776
-0.45 0.0322070147958
-0.475 0.030747026687
-0.5 0.0294622052544
-0.525 0.0283398136184
-0.55 0.027367426798
-0.575 0.0265310072414
-0.6 0.0258033555153
-0.625 0.0250976169977
-0.65 0.0242914252234
-0.675 0.0236836832988
-0.7 0.0233812270391
-0.725 0.02325482115
-0.75 0.0232684783052
-0.775 0.0235260844652
-0.8 0.0236960059817
-0.825 0.0237432378241
-0.85 0.0239483395731
-0.875 0.0242672795527
-0.9 0.0246674132704
-0.925 0.0251217809672
-0.95 0.0256037056583
-0.975 0.0260860409266
-1.0 0.026543204314
-1.025 0.0269563481077
-1.05 0.0273162773655
-1.075 0.0276235016354
-1.1 0.0278866409836
-1.125 0.0281191329574
-1.15 0.0283356851997
-1.175 0.0285495532646
-1.2 0.0287712285903
-1.225 0.0290084151654
-1.25 0.0292663601155
-1.275 0.0295482118192
-1.3 0.0298556199953
-1.325 0.0301892083129
-1.35 0.0305486959483
-1.375 0.0309328228278
-1.4 0.0313391253647
-1.425 0.0317641536067
-1.45 0.0322040747538
-1.475 0.0326540116125
-1.5 0.0331092415058
-1.525 0.0335650959894
-1.55 0.0340174709454
-1.575 0.0344636580187
-1.6 0.0349030252027
-1.625 0.0353370176558
-1.65 0.035768444313
-1.675 0.036200198401
-1.7 0.0366346123125
-1.725 0.0370731585689
-1.75 0.0375166908915
-1.775 0.0379659554578


