2.0 0.0242490695203
1.95 0.0209856862338
1.9 0.0200832246774
1.85 0.019650459509
1.8 0.0193863376979
1.75 0.0191991513749
1.7 0.0190492801183
1.65 0.0189160224597
1.6 0.0189757455533
1.55 0.0189156432231
1.5 0.0187826100454
1.45 0.0186161493496
1.4 0.0184249166935
1.35 0.0182121308238
1.3 0.0179798857488
1.25 0.0177302363856
1.2 0.0174655263112
1.15 0.0171884944909
1.1 0.0169023171902
1.05 0.0166105354911
1.0 0.0163170973571
0.95 0.0160264835644
0.9 0.015743608698
0.85 0.0154739674501
0.8 0.0152238188596
0.75 0.0150002399285
0.7 0.0148115887849
0.65 0.0146678341537
0.6 0.0145812414236
0.55 0.0145674680859
0.5 0.0146468318418
0.45 0.0148467913678
0.4 0.015205964839
0.35 0.0157807166817
0.3 0.0166569880337
0.25 0.0179719099559
0.2 0.019940691754
0.15 0.0228562532157
0.1 0.0269551393224
0.05 0.0320549021297
0.0 0.0372237803967
-0.05 0.0411318001776
-0.1 0.0428729772172
-0.15 0.0418905420906
-0.2 0.0374774401573
-0.25 0.0313227341305
-0.3 0.0261021947215
-0.35 0.0226215551199
-0.4 0.0205276324778
-0.45 0.0192493459055
-0.5 0.0184125078171
-0.55 0.0178282306132
-0.6 0.0173893968671
-0.65 0.0170292609127
-0.6 0.0173893968671
-0.65 0.0170292609127
-0.7 0.0167094061778
-0.75 0.0164111522132
-0.8 0.0161286755394
-0.85 0.0158637042545
-0.9 0.015622448913
-0.95 0.0154119094754
-1.0 0.0152341687689
-1.05 0.0150748473638
-1.1 0.0149044859572
-1.15 0.0147438332376
-1.2 0.0146759539044
-1.25 0.0147434984749
-1.3 0.0149376056885
-1.35 0.0152347864119
-1.4 0.015610033971
-1.45 0.0160397940969
-1.5 0.0165029808232
-1.55 0.0169837406848
-1.6 0.0174703449191
-1.65 0.0179543823569
-1.7 0.018428142342
-1.75 0.0188800565826
-1.8 0.0192945912985
-1.85 0.0196625838676
-1.9 0.0199873511387
-1.95 0.0202780202094
-2.0 0.0205442385912
-2.05 0.0207951584963
-2.1 0.0210397405541


