1.45438768175e-17 0.0
-1.0471975512 -0.996738959007
-3.14159265359 -1.01300141084
1.0471975512 -1.05515495837
-3.19163382203e-17 -2.07967731
-2.09439510239 -2.0673461721
2.09439510239 -2.12462771297
-2.09439510239 -2.71069922791
2.09439510239 -2.79959109575
-2.80941580849e-17 -2.90949781852
-3.14159265359 -3.21538816647
2.09439510239 -3.58901081797
1.0471975512 -3.66372285833
-3.2234965157e-18 -3.69414287033
-2.09439510239 -3.74528501958
-1.24083657227e-17 -3.78308517749
2.09439510239 -3.80197015844
3.14159265359 -3.85721304643
2.09439510239 -3.86083092494
-2.09439510239 -3.86363306539
1.0471975512 -3.93399970671
-1.0471975512 -4.0017174
3.14159265359 -4.00233262993
5.31519502075e-16 -4.09190333969
-1.0471975512 -4.11960991509
-2.09439510239 -4.16424694291
-2.09439510239 -4.60598070558
-3.14159265359 -4.66071918423
-1.0471975512 -4.67871572531
2.09439510239 -4.70467514128
2.71180280313e-16 -4.71215653064
-2.09439510239 -4.74838385162
-1.27975237234e-15 -4.82471031667
1.0471975512 -4.84963359774
2.09439510239 -4.86467357156
1.0471975512 -4.9254068938
-3.14159265359 -4.92629539003
-1.0471975512 -4.92953372164
-1.0471975512 -4.99908878646
-2.09439510239 -5.00047496387
-3.25693072152e-17 -5.00228274932
3.14159265359 -5.01433942327
2.09439510239 -5.02705736768
-2.09439510239 -5.04190328171
-3.14159265359 -5.17247654731
-2.09439510239 -5.17676534272
-1.0471975512 -5.2132577386
2.09439510239 -5.22334644981
1.0471975512 -5.2645448749
-3.14159265359 -5.26715232359
-2.09439510239 -5.40496874095
-5.30686781513e-17 -5.48908422071
2.09439510239 -5.53113485883
2.09439510239 -5.57527720947
-2.09439510239 -5.63460249287
5.75400944776e-17 -5.72831791595
1.0471975512 -5.73576380965
-1.09922796934e-17 -5.7423538754
-1.0471975512 -5.79378140489
-1.0471975512 -5.84084049777
3.14159265359 -5.90395499165
-3.14159265359 -5.91936968934
1.0471975512 -5.90819302326
1.0471975512 -5.97743200381
-1.0471975512 -6.00807162176
-3.14159265359 -6.02744239182
1.0471975512 -6.04412197229
-1.0471975512 -6.04641314113
-3.14159265359 -6.09313437491
-1.0471975512 -6.11303951178
-2.09439510239 -6.12766445869
4.16866238117e-16 -6.29476609311
3.14159265359 -6.35380327044
2.09439510239 -6.35844577422
1.0471975512 -6.3729171597
2.09439510239 -6.39472003881
-2.09439510239 -6.39967575755
-3.14159265359 -6.42194213075
1.0471975512 -6.44703975518
-1.0471975512 -6.45153714669
1.0471975512 -6.49591831804
-1.0471975512 -6.49953196983
3.14159265359 -6.50748388871
1.7202367519e-17 -6.55195872948
-1.0471975512 -6.56137236238
1.0471975512 -6.5656969981
2.09439510239 -6.57565738467
-3.20520824119e-17 -6.60931301571
-1.06078878583e-16 -6.62695162399
2.09439510239 -6.61787746555
1.0471975512 -6.62148375608
2.09439510239 -6.64714126841
-2.09439510239 -6.65437424716
-8.55511344263e-17 -6.6871598739
-2.09439510239 -6.69113940939
7.65219942924e-17 -6.72832220364
2.09439510239 -6.94357735266
2.09439510239 -6.78491452934
-2.09439510239 -6.79114273087
1.0471975512 -6.92351764563
