1.0 -3.50164944821
2.0 -3.51731505335
3.0 -3.53016186245
4.0 -3.54258543333
5.0 -3.5505452999
6.0 -3.55868080858
7.0 -3.56447832819
8.0 -3.56999340264
9.0 -3.57406225977
10.0 -3.57744845397
11.0 -3.58045536008
12.0 -3.58303063627
13.0 -3.58529446898
14.0 -3.58715521995
15.0 -3.58918190296
16.0 -3.58954951178
17.0 -3.59067226149
18.0 -3.5916477625
19.0 -3.5926296352
20.0 -3.5933501089
21.0 -3.59377930109
22.0 -3.59457664279
23.0 -3.59517369797
24.0 -3.59575721723
25.0 -3.59631151755
26.0 -3.59676486214
27.0 -3.59677353428
28.0 -3.59712021622
29.0 -3.59751534474
30.0 -3.59780449011
31.0 -3.59777070303
32.0 -3.59825992257
33.0 -3.59872768487
34.0 -3.5989919918
35.0 -3.59909274485
36.0 -3.59924466968
37.0 -3.59947162267
38.0 -3.59967840234
39.0 -3.60009688285
40.0 -3.60026324734
41.0 -3.60045014675
42.0 -3.60064287599
43.0 -3.60059384514
44.0 -3.60054785744
45.0 -3.60073022673
46.0 -3.60091293718
47.0 -3.60108973759
48.0 -3.60124312221
49.0 -3.60145843717
50.0 -3.60159404759