2 0.0210701272747
4 0.00247053096501
6 0.000336691756672
8 4.9839875058e-05
10 7.92678960233e-06
12 1.34260146374e-06
14 2.39436456231e-07
16 4.44051440202e-08
18 8.468313481e-09
20 1.64600923863e-09
22 3.24018541165e-10
24 6.43171210735e-11
26 1.28380708841e-11
28 2.57285165395e-12
30 5.17377807263e-13
32 1.05242203841e-13
34 2.20101714632e-14
36 5.30825383649e-15
3 -0.00530771609041
5 -0.000767975982311
7 -0.000115180991151
9 -1.82578545474e-05
11 -3.06785671508e-06
13 -5.42774825113e-07
15 -1.00017936135e-07
17 -1.89849791304e-08
19 -3.67821167274e-09
21 -7.22460494207e-10
23 -1.43184762658e-10
25 -2.8538935104e-11
27 -5.70244546028e-12
29 -1.13645204358e-12
31 -2.19171902849e-13
