2 0.0208733188754
4 0.00234539744691
6 0.000312044251841
8 4.25910135771e-05
10 5.90948878738e-06
12 8.30672857631e-07
14 1.18057224677e-07
16 1.69414219597e-08
18 2.45227514684e-09
20 3.57782088678e-10
22 5.25796212125e-11
24 7.77965192267e-12
26 1.15847609283e-12
28 1.73167036266e-13
30 2.51534904017e-14
32 3.33760796778e-15
3 -0.00522573355059
5 -0.00071274893425
7 -9.80637418417e-05
9 -1.36303031662e-05
11 -1.91570481541e-06
13 -2.72143780802e-07
15 -3.90426909136e-08
17 -5.65140445552e-09
19 -8.24697712898e-10
21 -1.21242911544e-10
23 -1.79463874317e-11
25 -2.67316030422e-12
27 -3.99964783515e-13
29 -5.8994475971e-14
