2 0.0793904344429
4 0.0214555597082
6 0.00711837922485
8 0.00263096971923
10 0.00103821466413
12 0.000426552448706
14 0.000179609360041
16 7.67604326587e-05
18 3.31042024246e-05
20 1.43597408884e-05
22 6.25538668776e-06
24 2.73630192341e-06
26 1.20395714803e-06
28 5.35325814295e-07
30 2.42979041336e-07
32 1.14795006842e-07
34 5.83064208408e-08
36 3.31613602097e-08
38 2.17375178682e-08
40 1.63346635168e-08
42 1.3586377394e-08
3 -0.0454501233202
5 -0.0128688748923
7 -0.00442184021034
9 -0.00167517775983
11 -0.000671562479325
13 -0.000278555520583
15 -0.000117947718296
17 -5.05717218134e-05
19 -2.18531038588e-05
21 -9.49279581316e-06
23 -4.14123430009e-06
25 -1.81545269277e-06
27 -8.02063390255e-07
29 -3.59576020299e-07
31 -1.65906935457e-07
33 -8.08240818292e-08
35 -4.31800266658e-08
37 -2.62852095322e-08
39 -1.84820343344e-08
41 -1.46757717122e-08
43 -1.2638568898e-08
