2 0.021850212136
4 0.00349392743325
6 0.00088830274692
8 0.000242597181686
10 6.80286448583e-05
12 1.93519230428e-05
14 5.55661455134e-06
16 1.60744621672e-06
18 4.69331764653e-07
20 1.39820658669e-07
22 4.41198862999e-08
24 1.62788444946e-08
26 8.1872344182e-09
28 5.85533002639e-09
30 5.20599243575e-09
32 5.0489721154e-09
34 5.03633347526e-09
36 5.06624459745e-09
38 5.10891600553e-09
40 5.15558522263e-09
42 5.20372004514e-09
3 -0.00680537664776
5 -0.00162238784188
7 -0.000435749952248
9 -0.000121473227768
11 -3.44912943218e-05
13 -9.898588586e-06
15 -2.85852377134e-06
17 -8.27331373923e-07
19 -2.38242622561e-07
21 -6.67756972147e-08
23 -1.67262739839e-08
25 -2.07348443276e-09
27 2.24053132991e-09
29 3.53082857396e-09
31 3.9361207349e-09
33 4.08236664612e-09
35 4.15292321365e-09
37 4.20152251879e-09
39 4.24390652481e-09
41 4.28470412622e-09
43 4.32523808436e-09
45 4.36596186981e-09
