0.00568701901953 0.0 0.0 2.58478453314
0.00409725583793 0.0 0.0 2.74871891859
0.00400407125113 0.0 0.0 2.76022181135
0.00334260913173 0.0 0.0 2.85050179989
0.00301564305785 0.0 0.0 2.90197109268
0.00286952285988 1.65952137525e-05 0.00578320144189 2.92679639557
0.00286952285988 -1.65952137525e-05 -0.00578320144189 2.92679639557
0.00258160466546 0.0 0.0 2.97967205502
0.002431908684 0.0 0.0 3.00953943164
0.00220436148994 2.51579306606e-05 0.011412301735 3.05862613201
0.00220436148994 -2.51579306606e-05 -0.011412301735 3.05862613201
0.00216964645198 0.0 0.0 3.06659552503
0.00204645024414 0.0 0.0 3.0958242875
0.00197527266725 0.0 0.0 3.1135244154
0.00196025868229 0.0 0.0 3.11733941684
0.00184122360128 0.0 0.0 3.14866246384
0.00179315715941 0.0 0.0 3.16188871828
0.0017507254576 0.0 0.0 3.17386251487
0.00161087860975 0.0 0.0 3.21548776425
0.00158993732066 0.0 0.0 3.22203034225
0.00149070138194 0.0 0.0 3.25425427182
0.00143024015593 0.0 0.0 3.2749564538
0.00140776497448 0.0 0.0 3.28287597836
0.00139290988864 0.0 0.0 3.28818013749
0.00131844121695 0.0 0.0 3.31565256822
0.00125633116732 0.0 0.0 3.33977978872
0.00124831465726 0.0 0.0 3.3429804558
0.00124405144453 0.0 0.0 3.3446909657
0.00119137215568 0.0 0.0 3.36632478207
0.00117077502441 0.0 0.0 3.37504466772
0.00112697394742 0.0 0.0 3.39410958047
0.00111063645066 0.0 0.0 3.4014110245
0.0010927320002 0.0 0.0 3.40953714819
0.00101836033561 1.19284512059e-05 0.0117128537827 3.4447464311
0.00101836033561 -1.19284512059e-05 -0.0117128537827 3.4447464311
0.00100098212308 0.0 0.0 3.45338681893
0.00094189877434 0.0 0.0 3.4838063737
0.000912055775824 0.0 0.0 3.49990470603
-0.000403241017358 0.0 3.14159265359 3.90798805841
0.000886373435335 0.0 0.0 3.51418610579
0.000857070339248 0.0 0.0 3.5309952833
0.000853047001747 0.0 0.0 3.53334795515
0.000841912448641 0.0 0.0 3.53991726468
0.000829940146767 0.0 0.0 3.54707848605
0.000795535308085 0.0 0.0 3.5682476632
0.000791603345671 0.0 0.0 3.57072505889
0.000785063758961 0.0 0.0 3.57487281094
0.000774887323192 0.0 0.0 3.58139646431
0.000742044550331 0.0 0.0 3.60305063786
0.000712960919992 0.0 0.0 3.62304197486
0.000700933214948 0.0 0.0 3.63154897329
0.00068897165489 0.0 0.0 3.64015521364
0.00067782011235 1.345852434e-06 0.00198555728995 3.64831332751
0.00067782011235 -1.345852434e-06 -0.00198555728995 3.64831332751
0.000663850630177 0.0 0.0 3.65872669417
0.000652458722606 0.0 0.0 3.66738134057
0.000628592630122 0.0 0.0 3.68601357897
0.000617592833314 0.0 0.0 3.69484058171
0.000605137197013 0.0 0.0 3.70502767686
0.000599894223426 0.0 0.0 3.70937860629
0.000585667516876 7.40261661253e-07 0.00126396162619 3.72137875398
0.000585667516876 -7.40261661253e-07 -0.00126396162619 3.72137875398
0.000577075935902 0.0 0.0 3.72876834772
0.000562859655078 0.0 0.0 3.7412401207
0.000554304063948 1.85496243081e-06 0.00334645842781 3.74889578524
0.000554304063948 -1.85496243081e-06 -0.00334645842781 3.74889578524
0.000537315611207 0.0 0.0 3.76446245287
0.000528908958726 0.0 0.0 3.77234712081
0.000520079580584 1.1684851334e-05 0.0224636502785 3.78063819475
0.000520079580584 -1.1684851334e-05 -0.0224636502785 3.78063819475
0.000504622941269 0.0 0.0 3.79584952926
-0.000295762442798 0.0 3.14159265359 4.06297699199
-0.000269585746928 0.0 3.14159265359 4.1093120239
-0.00025148310194 0.0 3.14159265359 4.14406737989
-2.90033067222e-05 0.000249855824376 1.68635929429 4.14396709676
-2.90033067222e-05 -0.000249855824376 -1.68635929429 4.14396709676
0.000498834336682 0.0 0.0 3.80161825398
0.000492497595197 0.0 0.0 3.80801049011
0.000482651222863 1.40838207443e-06 0.00291800374759 3.81810600683
0.000482651222863 -1.40838207443e-06 -0.00291800374759 3.81810600683
0.000472145268608 0.0 0.0 3.82911192363
0.000468100816308 0.0 0.0 3.83341343289
0.000463713981739 0.0 0.0 3.83812130723
0.000454203726707 0.0 0.0 3.84848236167
0.000444850111615 5.77440577196e-06 0.0129798359815 3.85884445997
0.000444850111615 -5.77440577196e-06 -0.0129798359815 3.85884445997
0.000429557875285 3.7850605048e-06 0.00881129823475 3.87635762763
0.000429557875285 -3.7850605048e-06 -0.00881129823475 3.87635762763
0.00043039761851 0.0 0.0 3.87540054117
0.000434224877025 0.0 0.0 3.87097400412
0.000433548508519 0.0 0.0 3.87175343415
0.000407357660478 0.0 0.0 3.90290949287
0.000400886007248 0.0 0.0 3.91091672114
0.000397254913544 2.94172425457e-06 0.00740499458987 3.91545248325
0.000397254913544 -2.94172425457e-06 -0.00740499458987 3.91545248325
0.000387415652293 1.69133098739e-06 0.00436564767687 3.92800143745
0.000387415652293 -1.69133098739e-06 -0.00436564767687 3.92800143745
0.000375169156499 1.00560442721e-06 0.00268039629998 3.94406497872
0.000375169156499 -1.00560442721e-06 -0.00268039629998 3.94406497872
0.000371301147001 1.65014100102e-06 0.00444418270852 3.94924361611
0.000371301147001 -1.65014100102e-06 -0.00444418270852 3.94924361611
0.000362493254024 4.24113625894e-06 0.011699370148 3.96121812712
0.000362493254024 -4.24113625894e-06 -0.011699370148 3.96121812712
0.000343086160481 3.16331113611e-06 0.00921990411106 3.98874322084
0.000343086160481 -3.16331113611e-06 -0.00921990411106 3.98874322084
0.000347903528915 0.0 0.0 3.98179266619
0.000355004233958 0.0 0.0 3.97169042096
0.000352347639724 4.12915946595e-07 0.00117189874719 3.9754457851
0.000352347639724 -4.12915946595e-07 -0.00117189874719 3.9754457851
-0.000173742928417 0.0 3.14159265359 4.32896688705
-0.000162503862332 0.0 3.14159265359 4.36240439414
-2.37249219646e-05 0.000177673430802 1.70354212928 4.31336331428
-2.37249219646e-05 -0.000177673430802 -1.70354212928 4.31336331428
0.000305458088726 4.18142239045e-05 0.136044644632 4.04220760879
0.000305458088726 -4.18142239045e-05 -0.136044644632 4.04220760879
0.000333890754346 2.79611416904e-06 0.00837414265593 4.00233081887
0.000333890754346 -2.79611416904e-06 -0.00837414265593 4.00233081887
0.000328165412277 0.0 0.0 4.01099638549
0.000325558201889 0.0 0.0 4.01498465233
0.000320122550529 0.0 0.0 4.02340333254
0.000316257509132 3.53183753932e-06 0.0111671363481 4.02944571008
0.000316257509132 -3.53183753932e-06 -0.0111671363481 4.02944571008
0.000313952789123 0.0 0.0 4.03313396824
0.000309806728044 0.0 0.0 4.03978095642
0.000302584710945 0.0 0.0 4.05157464176
0.000302165420382 0.0 0.0 4.05226797047
0.000281804673542 1.50821232792e-05 0.0534687645342 4.086433119
0.000281804673542 -1.50821232792e-05 -0.0534687645342 4.086433119
0.000296860847648 0.0 0.0 4.0611235277
0.00029221242637 7.17052268194e-06 0.0245338093549 4.06886427426
0.00029221242637 -7.17052268194e-06 -0.0245338093549 4.06886427426
0.000277881717982 1.04756099406e-05 0.0376802467856 4.09380247057
0.000277881717982 -1.04756099406e-05 -0.0376802467856 4.09380247057
0.000290937764824 0.0 0.0 4.07120059012
0.000276029865092 0.0 0.0 4.09750074562
0.000284015458365 2.66050428569e-06 0.00936718897595 4.08321900883
0.000284015458365 -2.66050428569e-06 -0.00936718897595 4.08321900883
0.000282911621006 0.0 0.0 4.08518800118
0.000281112136379 0.0 0.0 4.08837845319
-0.000122501682628 9.0624800122e-05 2.50466182874 4.39456816932
-0.000122501682628 -9.0624800122e-05 -2.50466182874 4.39456816932
1.6814756745e-05 0.000174312616904 1.47463064656 4.32501457919
1.6814756745e-05 -0.000174312616904 -1.47463064656 4.32501457919
-0.000142581127494 0.0 3.14159265359 4.42779970225
-0.000138616002673 0.0 3.14159265359 4.44190150923
-0.000133803358359 0.0 3.14159265359 4.45956965537
0.000265713048509 1.36126788594e-05 0.0511860009214 4.11589151035
0.000265713048509 -1.36126788594e-05 -0.0511860009214 4.11589151035
0.000269062324475 5.55246918855e-06 0.0206334395192 4.11017731559
0.000269062324475 -5.55246918855e-06 -0.0206334395192 4.11017731559
0.000270747496588 0.0 0.0 4.10716195917
0.000268783707927 0.0 0.0 4.11080178077
0.000250903235597 1.24045891521e-06 0.00494393308885 4.14521549371
0.000250903235597 -1.24045891521e-06 -0.00494393308885 4.14521549371
0.00025930147791 5.2617278443e-06 0.0202891471002 4.12865666348
0.00025930147791 -5.2617278443e-06 -0.0202891471002 4.12865666348
0.000254908576531 0.0 0.0 4.13730280025
0.000260951130218 1.3878409327e-06 0.00531834388527 4.12558163313
0.000260951130218 -1.3878409327e-06 -0.00531834388527 4.12558163313
-2.39091132004e-05 0.000140368533825 1.73950817235 4.42846966704
-2.39091132004e-05 -0.000140368533825 -1.73950817235 4.42846966704
1.66601588125e-05 0.000149918668438 1.46012244232 4.39964036171
1.66601588125e-05 -0.000149918668438 -1.46012244232 4.39964036171
-0.00012390758228 1.233142051e-06 3.13164087083 4.49796252731
-0.00012390758228 -1.233142051e-06 -3.13164087083 4.49796252731
0.000246695648296 6.7350004549e-06 0.0272940684976 4.15349132245
0.000246695648296 -6.7350004549e-06 -0.0272940684976 4.15349132245
0.000253021486602 0.0 0.0 4.14101807278
0.000248447897956 0.0 0.0 4.15013870029
0.00023822366242 2.42600800642e-06 0.0101833886737 4.17112435796
0.00023822366242 -2.42600800642e-06 -0.0101833886737 4.17112435796
0.000240051943084 0.0 0.0 4.16732761426
0.000242737322401 0.0 0.0 4.16176533854
-8.66082710705e-05 6.40068199724e-05 2.50514409446 4.56811118849
-8.66082710705e-05 -6.40068199724e-05 -2.50514409446 4.56811118849
1.5394155681e-05 0.000130001355227 1.45292984963 4.4705016431
1.5394155681e-05 -0.000130001355227 -1.45292984963 4.4705016431
0.000227442684704 1.10574161972e-06 0.00486158923832 4.19430023456
0.000227442684704 -1.10574161972e-06 -0.00486158923832 4.19430023456
0.000237991689745 4.5774883009e-06 0.0192314444519 4.17154493316
0.000237991689745 -4.5774883009e-06 -0.0192314444519 4.17154493316
0.000230926825557 0.0 0.0 4.18670483505
0.000232936662743 0.0 0.0 4.18237198754
0.000233987291674 0.0 0.0 4.18012187658
-8.82881885337e-05 5.62599803361e-05 2.57424624188 4.58225362558
-8.82881885337e-05 -5.62599803361e-05 -2.57424624188 4.58225362558
-0.000103579638974 0.0 3.14159265359 4.58758489123
-0.00010090702403 0.0 3.14159265359 4.60065550963
-9.97770743313e-05 0.0 3.14159265359 4.60628605858
-9.66826619678e-05 0.0 3.14159265359 4.62203823435
0.000222980617089 8.23074487624e-07 0.0036912210586 4.2042094483
0.000222980617089 -8.23074487624e-07 -0.0036912210586 4.2042094483
0.000221482447939 0.0 0.0 4.20758360671
0.000209736903913 0.0 0.0 4.23482832561
0.00021787980999 1.94767622995e-07 0.000893922071642 4.21578328899
0.00021787980999 -1.94767622995e-07 -0.000893922071642 4.21578328899
0.000216132243282 7.60193559576e-07 0.00351724672468 4.21980695734
0.000216132243282 -7.60193559576e-07 -0.00351724672468 4.21980695734
0.000214482904 6.0871380849e-07 0.00283804519074 4.22363824857
0.000214482904 -6.0871380849e-07 -0.00283804519074 4.22363824857
-1.39744084775e-05 9.14591901627e-05 1.72241759136 4.64403943865
-1.39744084775e-05 -9.14591901627e-05 -1.72241759136 4.64403943865
-6.63806670654e-05 4.67249565672e-05 2.52825801127 4.70944274597
-6.63806670654e-05 -4.67249565672e-05 -2.52825801127 4.70944274597
-8.18772469662e-05 0.0 3.14159265359 4.70514471026
-6.83565333973e-05 3.80439427938e-05 2.63373328957 4.72792768179
-6.83565333973e-05 -3.80439427938e-05 -2.63373328957 4.72792768179
0.0001951531859 3.60194046116e-06 0.0184548948827 4.27077771892
0.0001951531859 -3.60194046116e-06 -0.0184548948827 4.27077771892
0.000195173716685 0.0 0.0 4.27081027059
0.000200831484145 0.0 0.0 4.25652219444
0.000203754543888 3.45293473779e-06 0.0169449190426 4.24922546639
0.000203754543888 -3.45293473779e-06 -0.0169449190426 4.24922546639
0.000207698412615 0.0 0.0 4.2397117349
0.000204419799708 0.0 0.0 4.24766741843
0.000205366788177 1.54599705973e-07 0.000752797850814 4.24535634179
0.000205366788177 -1.54599705973e-07 -0.000752797850814 4.24535634179
-1.21279188446e-05 7.62493613602e-05 1.72853102228 4.73450473534
-1.21279188446e-05 -7.62493613602e-05 -1.72853102228 4.73450473534
-6.1107496818e-05 3.84453306529e-05 2.58001992035 4.7680674087
-6.1107496818e-05 -3.84453306529e-05 -2.58001992035 4.7680674087
-7.75387613146e-05 2.4556849542e-06 3.10993281822 4.73211567215
-7.75387613146e-05 -2.4556849542e-06 -3.10993281822 4.73211567215
-7.62532624715e-05 0.0 3.14159265359 4.74072517844
-5.557334596e-05 4.04612594622e-05 2.51227541746 4.79257257054
-5.557334596e-05 -4.04612594622e-05 -2.51227541746 4.79257257054
-7.15218949566e-05 0.0 3.14159265359 4.77275346599
0.000184660094231 6.92588365266e-06 0.0374885480919 4.29814544553
0.000184660094231 -6.92588365266e-06 -0.0374885480919 4.29814544553
0.000183603485837 5.03959445787e-06 0.0274413603082 4.30117776626
0.000183603485837 -5.03959445787e-06 -0.0274413603082 4.30117776626
0.00018200898787 0.0 0.0 4.3057272441
0.000186027233963 0.0 0.0 4.29480873791
0.000192360946723 9.5239020035e-07 0.00495101752572 4.2780623818
0.000192360946723 -9.5239020035e-07 -0.00495101752572 4.2780623818
-6.89551523149e-05 0.0 3.14159265359 4.79102711557
-6.5012683681e-05 6.4347228087e-06 3.04293754713 4.81802692199
-6.5012683681e-05 -6.4347228087e-06 -3.04293754713 4.81802692199
2.72388367427e-05 7.04334890971e-05 1.20178053104 4.74557579663
2.72388367427e-05 -7.04334890971e-05 -1.20178053104 4.74557579663
0.0001707716183 4.88844645876e-06 0.0286178225727 4.33738695691
0.0001707716183 -4.88844645876e-06 -0.0286178225727 4.33738695691
0.000164268240782 2.65252894228e-06 0.0161461425697 4.35693974858
0.000164268240782 -2.65252894228e-06 -0.0161461425697 4.35693974858
0.000166855553076 0.0 0.0 4.34919103574
0.000175862793354 7.63732465634e-07 0.00434274726263 4.32289851021
0.000175862793354 -7.63732465634e-07 -0.00434274726263 4.32289851021
0.000172928296032 0.0 0.0 4.33131676159
-6.48941012344e-06 5.71508106169e-05 1.68386093206 4.88170575817
-6.48941012344e-06 -5.71508106169e-05 -1.68386093206 4.88170575817
-1.01050314218e-05 5.34349572472e-05 1.75769817904 4.90973829933
-1.01050314218e-05 -5.34349572472e-05 -1.75769817904 4.90973829933
-4.79884037963e-05 2.97678898664e-05 2.58636997724 4.89088850169
-4.79884037963e-05 -2.97678898664e-05 -2.58636997724 4.89088850169
-6.44557831137e-05 0.0 3.14159265359 4.82476555118
-6.41990742398e-05 0.0 3.14159265359 4.82676088366
-6.04792005619e-05 1.94211270102e-06 3.10949160833 4.85634785867
-6.04792005619e-05 -1.94211270102e-06 -3.10949160833 4.85634785867
-6.10061122113e-05 0.0 3.14159265359 4.85226824931
0.000152154223209 3.45360294188e-06 0.0226941451397 4.39517919545
0.000152154223209 -3.45360294188e-06 -0.0226941451397 4.39517919545
0.000161267596577 4.98600944954e-06 0.0309077691916 4.36598388051
0.000161267596577 -4.98600944954e-06 -0.0309077691916 4.36598388051
0.000156625418457 0.0 0.0 4.38082673652
0.000160874947786 0.0 0.0 4.36744160831
-4.66119035985e-05 2.87236906894e-05 2.58932414594 4.90635346232
-4.66119035985e-05 -2.87236906894e-05 -2.58932414594 4.90635346232
-4.53218925017e-05 2.89440853144e-05 2.57324938642 4.91534373224
-4.53218925017e-05 -2.89440853144e-05 -2.57324938642 4.91534373224
-5.8440955235e-05 0.0 3.14159265359 4.87374681282
-5.73663502797e-05 0.0 3.14159265359 4.8830263293
3.70846095901e-06 5.31636196673e-05 1.50115352314 4.91985460674
3.70846095901e-06 -5.31636196673e-05 -1.50115352314 4.91985460674
-7.7734995789e-07 5.1975208372e-05 1.58575137996 4.93231594209
-7.7734995789e-07 -5.1975208372e-05 -1.58575137996 4.93231594209
0.000145049336032 4.96068567633e-06 0.0341866643259 4.41892607352
0.000145049336032 -4.96068567633e-06 -0.0341866643259 4.41892607352
0.000149593295335 0.0 0.0 4.40379515535
1.95568123208e-05 5.22592309919e-05 1.21270357626 4.89687989599
1.95568123208e-05 -5.22592309919e-05 -1.21270357626 4.89687989599
-5.70325204694e-05 0.0 3.14159265359 4.88594445914
-4.23245577853e-05 2.5997928016e-05 2.59075987593 4.95503935756
-4.23245577853e-05 -2.5997928016e-05 -2.59075987593 4.95503935756
0.000137893013101 2.7083664563e-06 0.0196385458962 4.44441979612
0.000137893013101 -2.7083664563e-06 -0.0196385458962 4.44441979612
0.000143657685034 3.32039041986e-06 0.023109096704 4.42390511835
0.000143657685034 -3.32039041986e-06 -0.023109096704 4.42390511835
-3.18020027113e-06 4.48267765493e-05 1.64162187278 5.00509733878
-3.18020027113e-06 -4.48267765493e-05 -1.64162187278 5.00509733878
-1.37155898026e-06 4.16159211955e-05 1.60374195597 5.04324246871
-1.37155898026e-06 -4.16159211955e-05 -1.60374195597 5.04324246871
0.000131683051422 2.78474235135e-06 0.0211441587378 4.46744454696
0.000131683051422 -2.78474235135e-06 -0.0211441587378 4.46744454696
0.0001259127413 5.2690843152e-06 0.0418227081897 4.48952329788
0.0001259127413 -5.2690843152e-06 -0.0418227081897 4.48952329788
0.000131543317595 0.0 0.0 4.46808717461
0.000121431377765 3.55252963187e-06 0.0292471081424 4.50786674457
0.000121431377765 -3.55252963187e-06 -0.0292471081424 4.50786674457
8.51762518415e-05 2.180123195e-05 0.250574855856 4.66952994259
8.51762518415e-05 -2.180123195e-05 -0.250574855856 4.66952994259
0.000114763046838 7.44003427051e-06 0.0647389340094 4.53527199367
0.000114763046838 -7.44003427051e-06 -0.0647389340094 4.53527199367
0.000114846720192 4.07781631702e-06 0.0354916879284 4.53564111216
0.000114846720192 -4.07781631702e-06 -0.0354916879284 4.53564111216
0.000108321327111 0.0 0.0 4.56520424856
3.78466355608e-05 3.41276300009e-05 0.733772752562 4.942221166
3.78466355608e-05 -3.41276300009e-05 -0.733772752562 4.942221166
-3.52271261131e-05 2.17607880231e-05 2.58823962006 5.04603866555
-3.52271261131e-05 -2.17607880231e-05 -2.58823962006 5.04603866555
-3.59072755168e-05 2.00843087687e-05 2.63160832439 5.04923348081
-3.59072755168e-05 -2.00843087687e-05 -2.63160832439 5.04923348081
-4.92846890461e-05 0.0 3.14159265359 4.95894854608
-4.7997642999e-05 1.80656063972e-07 3.13782881854 4.9721757846
-4.7997642999e-05 -1.80656063972e-07 -3.13782881854 4.9721757846
-1.19033916133e-05 3.19751189163e-05 1.92717181402 5.14282961817
-1.19033916133e-05 -3.19751189163e-05 -1.92717181402 5.14282961817
1.71300286459e-05 3.85176158076e-05 1.15233163182 5.03707854615
1.71300286459e-05 -3.85176158076e-05 -1.15233163182 5.03707854615
1.65498116213e-05 3.64563889756e-05 1.14465257046 5.06285276774
1.65498116213e-05 -3.64563889756e-05 -1.14465257046 5.06285276774
4.23360665452e-06 3.52635174609e-05 1.45131192207 5.12275315839
4.23360665452e-06 -3.52635174609e-05 -1.45131192207 5.12275315839
-1.01708879566e-06 3.19447820607e-05 1.60262453967 5.17549755158
-1.01708879566e-06 -3.19447820607e-05 -1.60262453967 5.17549755158
1.93316091006e-05 3.37014867825e-05 1.05000508006 5.07787162279
1.93316091006e-05 -3.37014867825e-05 -1.05000508006 5.07787162279
8.80496452487e-06 3.40095799264e-05 1.31746208119 5.12821498109
8.80496452487e-06 -3.40095799264e-05 -1.31746208119 5.12821498109
0.000104919868002 4.0992350565e-06 0.039050289018 4.58077550233
0.000104919868002 -4.0992350565e-06 -0.039050289018 4.58077550233
0.000100163874775 7.82828658872e-06 0.0779962429443 4.60282908477
0.000100163874775 -7.82828658872e-06 -0.0779962429443 4.60282908477
-4.55365949288e-05 3.3546077543e-06 3.0680570956 4.99714404586
-4.55365949288e-05 -3.3546077543e-06 -3.0680570956 4.99714404586
-1.3377625396e-05 2.67309286987e-05 2.03480782389 5.20896774113
-1.3377625396e-05 -2.67309286987e-05 -2.03480782389 5.20896774113
-2.84687146783e-05 2.01223743321e-05 2.52630140773 5.13205274343
-2.84687146783e-05 -2.01223743321e-05 -2.52630140773 5.13205274343
-3.49757254334e-06 2.90241772602e-05 1.69072353184 5.22008640246
-3.49757254334e-06 -2.90241772602e-05 -1.69072353184 5.22008640246
-2.89251386878e-05 1.81054894853e-05 2.5823154785 5.14274943252
-2.89251386878e-05 -1.81054894853e-05 -2.5823154785 5.14274943252
2.43816635399e-05 2.45424923593e-05 0.788685460584 5.13590374245
2.43816635399e-05 -2.45424923593e-05 -0.788685460584 5.13590374245
1.59066591237e-05 2.94445851643e-05 1.07548997863 5.15248308256
1.59066591237e-05 -2.94445851643e-05 -1.07548997863 5.15248308256
7.48421936814e-06 2.80340390808e-05 1.30991169526 5.22383376621
7.48421936814e-06 -2.80340390808e-05 -1.30991169526 5.22383376621
1.90713771089e-05 2.7119799613e-05 0.957907828316 5.15717058121
1.90713771089e-05 -2.7119799613e-05 -0.957907828316 5.15717058121
0.000100617279557 0.0 0.0 4.60209327504
8.78777117151e-05 5.22391275021e-06 0.0593753791377 4.6689002975
8.78777117151e-05 -5.22391275021e-06 -0.0593753791377 4.6689002975
6.79330572258e-05 8.60712267665e-06 0.126028551668 4.79451253993
6.79330572258e-05 -8.60712267665e-06 -0.126028551668 4.79451253993
-3.18608655455e-05 1.02635925593e-05 2.82995159317 5.15238250383
-3.18608655455e-05 -1.02635925593e-05 -2.82995159317 5.15238250383
4.48010963923e-05 1.53108804466e-05 0.329308445577 4.97902330146
4.48010963923e-05 -1.53108804466e-05 -0.329308445577 4.97902330146
6.0102991084e-05 6.92459320312e-06 0.114706376041 4.85642884763
6.0102991084e-05 -6.92459320312e-06 -0.114706376041 4.85642884763
9.48275335759e-05 3.2135258223e-06 0.0338751458166 4.63143843989
9.48275335759e-05 -3.2135258223e-06 -0.0338751458166 4.63143843989
7.56665032214e-05 2.68254406393e-06 0.0354373591624 4.74427347727
7.56665032214e-05 -2.68254406393e-06 -0.0354373591624 4.74427347727
8.35188970294e-05 0.0 0.0 4.69521881999
8.73216010817e-05 0.0 0.0 4.67295634533
-2.80094608643e-05 1.5399708788e-05 2.63890006746 5.1754541492
-2.80094608643e-05 -1.5399708788e-05 -2.63890006746 5.1754541492
-3.80962269686e-05 2.64053126052e-06 3.07239118421 5.08649948761
-3.80962269686e-05 -2.64053126052e-06 -3.07239118421 5.08649948761
-2.52187542176e-05 1.54749677073e-05 2.59121180248 5.21406785915
-2.52187542176e-05 -1.54749677073e-05 -2.59121180248 5.21406785915
7.36354823597e-05 0.0 0.0 4.75819177556
3.57376008236e-05 1.35275483854e-05 0.36185683408 5.08617812634
3.57376008236e-05 -1.35275483854e-05 -0.36185683408 5.08617812634
6.59745242622e-05 0.0 0.0 4.81312094324
-2.37949340405e-06 2.16540863959e-05 1.68024378392 5.36715750222
-2.37949340405e-06 -2.16540863959e-05 -1.68024378392 5.36715750222
-1.81684882181e-05 1.24336841394e-05 2.54144447654 5.3618776611
-1.81684882181e-05 -1.24336841394e-05 -2.54144447654 5.3618776611
3.13223331515e-06 1.94865484015e-05 1.41142134376 5.41651591571
3.13223331515e-06 -1.94865484015e-05 -1.41142134376 5.41651591571
4.92678664384e-05 6.55978738356e-06 0.132366829222 4.95472614742
4.92678664384e-05 -6.55978738356e-06 -0.132366829222 4.95472614742
2.9532553502e-05 9.9952312855e-06 0.326346597332 5.18789668749
2.9532553502e-05 -9.9952312855e-06 -0.326346597332 5.18789668749
-4.31405637979e-05 8.88080712102e-07 3.1210098142 5.02541750323
-4.31405637979e-05 -8.88080712102e-07 -3.1210098142 5.02541750323
5.32815357444e-05 0.0 0.0 4.91996035406
3.91324258212e-05 0.0 0.0 5.07427956488
-5.56659849543e-08 1.35542663708e-05 1.57490320137 5.60440038283
-5.56659849543e-08 -1.35542663708e-05 -1.57490320137 5.60440038283
-2.88503797564e-08 0.0 3.14159265359 8.68057134047
-8.23039340485e-06 0.0 3.14159265359 5.85383837155
-2.51753070825e-05 5.27400464334e-06 2.9350878435 5.28408575651
-2.51753070825e-05 -5.27400464334e-06 -2.9350878435 5.28408575651
-4.08039872263e-05 0.0 3.14159265359 5.0533653776
-3.44997971692e-05 0.0 3.14159265359 5.13727855655
1.66585962377e-05 0.0 0.0 5.50129209211
