1.0 0.0 0.0 -0.0
0.121558835886 0.0 0.0 1.05367844372
0.116181083095 0.00115178345943 0.00991336711666 1.07627805284
0.116181083095 -0.00115178345943 -0.00991336711666 1.07627805284
0.104788240462 0.0 0.0 1.12790686136
0.0986310881753 0.0 0.0 1.15818438559
0.0935769859408 0.0 0.0 1.18448540122
0.0856206139598 0.0 0.0 1.22891460377
0.0853447175762 0.000374726334322 0.00439071025048 1.23052354189
0.0853447175762 -0.000374726334322 -0.00439071025048 1.23052354189
0.0837173432451 0.0 0.0 1.24015455786
0.0775815069444 0.0 0.0 1.27821309638
0.0769731958502 0.0 0.0 1.28214901179
0.0761120619799 0.0 0.0 1.28777426248
0.0718730180911 0.0 0.0 1.31642717731
0.066683578339 0.0 0.0 1.35389827909
0.0652693670559 0.0 0.0 1.36461623185
0.0642915979102 0.0 0.0 1.37216316321
0.0574466108482 0.000568054606186 0.00988806970569 1.42842519087
0.0574466108482 -0.000568054606186 -0.00988806970569 1.42842519087
0.0571448926611 0.0 0.0 1.43108263
0.0549755614049 0.0 0.0 1.45043326529
0.0544037004263 0.0 0.0 1.45566155245
0.0528968962524 0.0 0.0 1.46970530691
0.0522373249107 0.0 0.0 1.4759790015
0.0504843020461 0.0 0.0 1.4930464208
0.0503487076468 0.0 0.0 1.49439116377
0.0459303358991 0.0 0.0 1.54031473369
0.0453983084918 0.0 0.0 1.54614021626
0.0437192818655 0.0 0.0 1.56498302079
0.0420809567331 0.0 0.0 1.58407998738
0.0399463924972 0.0 0.0 1.61010845565
0.0388913760937 0.0 0.0 1.62349137359
0.0361757344588 0.0 0.0 1.65968335187
0.0347342575023 0.0 0.0 1.68001441557
0.0325567744591 0.0 0.0 1.71238490364
0.031768390421 0.0 0.0 1.72464174774
0.026458544669 0.0 0.0 1.81608806149
0.0250881634199 0.0 0.0 1.84267956048
0.0241806306119 0.0 0.0 1.86110167712
0.0236900432228 0.0 0.0 1.87135021815
0.0230507468465 0.0 0.0 1.88502855446
0.0217074898775 0.0 0.0 1.91504896117
0.0213499374657 0.0 0.0 1.92335323416
0.019727085761 0.0 0.0 1.96288133792
0.0191991275974 0.0 0.0 1.97644521931
0.019153477522 0.0 0.0 1.977635493
0.0187408017207 0.0 0.0 1.98852611092
-0.00945797225739 0.0 3.14159265359 2.330448634
0.0179017274364 0.0 0.0 2.01142903298
0.01762640327 0.0 0.0 2.01917865765
0.0170762294417 0.0 0.0 2.03503393684
0.016488210676 0.0 0.0 2.05255482897
0.0161540154201 0.0 0.0 2.0627933137
0.0156939337155 0.000743145549854 0.0473170633877 2.07668057931
0.0156939337155 -0.000743145549854 -0.0473170633877 2.07668057931
0.0158336999375 0.000282843770291 0.0178615037487 2.0727275889
0.0158336999375 -0.000282843770291 -0.0178615037487 2.0727275889
0.0155270274984 0.0 0.0 2.08258653199
0.0151274932105 0.0 0.0 2.09562072414
0.0149977789415 0.000324138906963 0.0216090965273 2.09980983236
0.0149977789415 -0.000324138906963 -0.0216090965273 2.09980983236
0.0143911350068 7.26652896598e-05 0.00504926623845 2.12056506945
0.0143911350068 -7.26652896598e-05 -0.00504926623845 2.12056506945
0.0140585465419 0.000650655950939 0.0462488760225 2.1317274563
0.0140585465419 -0.000650655950939 -0.0462488760225 2.1317274563
0.0138342191444 0.0 0.0 2.14030505396
0.0134245204674 0.0 0.0 2.1553361793
0.0131722136191 0.0 0.0 2.16482284847
0.0130432667014 0.0 0.0 2.16974161997
0.0129019443808 0.0 0.0 2.17518862589
0.0128530853847 0.0 0.0 2.17708569435
0.0125631539903 0.000227336127889 0.0180934914521 2.18841166972
0.0125631539903 -0.000227336127889 -0.0180934914521 2.18841166972
0.0124377170533 0.000217953376152 0.0175217903664 2.19343410535
0.0124377170533 -0.000217953376152 -0.0175217903664 2.19343410535
0.012401058999 0.0 0.0 2.19498670344
0.0123515142121 0.0 0.0 2.19698830758
0.0120272502063 0.0 0.0 2.21029017658
0.0118515482497 0.000161104426934 0.0135926970432 2.2176021912
0.0118515482497 -0.000161104426934 -0.0135926970432 2.2176021912
0.0116682185824 0.0 0.0 2.22544324683
0.0110136124202 0.0 0.0 2.25431163925
0.010923804052 0.000132587870127 0.0121369221886 2.25836867933
0.010923804052 -0.000132587870127 -0.0121369221886 2.25836867933
0.0107129720373 0.0 0.0 2.26814996593
0.0104798421403 0.000310119104097 0.0295833301052 2.2789320063
0.0104798421403 -0.000310119104097 -0.0295833301052 2.2789320063
0.0105067130173 8.07564583753e-05 0.00768602587767 2.27785567667
0.0105067130173 -8.07564583753e-05 -0.00768602587767 2.27785567667
0.0104312248895 0.0 0.0 2.2814757889
0.0102492581132 0.0 0.0 2.29027497761
0.00984614334418 0.000413788448517 0.0420007194186 2.30989657473
0.00984614334418 -0.000413788448517 -0.0420007194186 2.30989657473
0.00993294815114 0.000110829673835 0.0111573193783 2.30591785372
0.00993294815114 -0.000110829673835 -0.0111573193783 2.30591785372
0.00948928425231 0.000570383308882 0.060035915184 2.32789442564
0.00948928425231 -0.000570383308882 -0.060035915184 2.32789442564
0.00948489189275 0.000343438670604 0.0361932111678 2.32869997803
0.00948489189275 -0.000343438670604 -0.0361932111678 2.32869997803
0.00968337661661 0.0 0.0 2.31867230724
0.00962363881649 0.0 0.0 2.32176641524
0.0095444048829 0.0 0.0 2.32590008616
0.00908272671 0.00032162992317 0.0353963736317 2.35037712525
0.00908272671 -0.00032162992317 -0.0353963736317 2.35037712525
0.00903983264953 0.000217858399167 0.0240951624658 2.35291215022
0.00903983264953 -0.000217858399167 -0.0240951624658 2.35291215022
0.00890944899828 0.0 0.0 2.36032144012
0.00876074110814 0.0 0.0 2.36873738811
0.00865633818053 0.000139397957218 0.0161021792811 2.37466692152
0.00865633818053 -0.000139397957218 -0.0161021792811 2.37466692152
0.00860228611679 0.0 0.0 2.37786364176
0.00846597758237 0.0 0.0 2.38584989242
0.00813857254835 0.000240812309303 0.0295803799674 2.40535145685
0.00813857254835 -0.000240812309303 -0.0295803799674 2.40535145685
0.00819304500923 0.0 0.0 2.40223482711
0.00769640017737 0.000669851868502 0.086815670252 2.43161467261
0.00769640017737 -0.000669851868502 -0.086815670252 2.43161467261
0.00754693225178 0.000694203432109 0.0917267248392 2.44120065697
0.00754693225178 -0.000694203432109 -0.0917267248392 2.44120065697
0.00803903667402 0.0 0.0 2.41172300982
0.00791739350533 0.000119217353158 0.0150565137553 2.4192899383
0.00791739350533 -0.000119217353158 -0.0150565137553 2.4192899383
0.00787209827951 0.0 0.0 2.42221531731
0.00783767404051 0.0 0.0 2.42440658357
0.00780021826618 0.0 0.0 2.42680178142
0.00761038573975 0.0 0.0 2.43912070993
0.00751013242604 0.0 0.0 2.44575109003
0.00748142484937 0.0 0.0 2.44766600863
0.0073587322371 0.000108181912935 0.014700102801 2.45587978053
0.0073587322371 -0.000108181912935 -0.014700102801 2.45587978053
0.00727796120585 0.0 0.0 2.46145225507
0.00686813478602 0.000404091171675 0.0587679011015 2.48956744146
0.00686813478602 -0.000404091171675 -0.0587679011015 2.48956744146
0.00714915513347 3.99595774872e-05 0.00558935435253 2.47037273594
0.00714915513347 -3.99595774872e-05 -0.00558935435253 2.47037273594
0.0065632992887 0.00028320195916 0.0431225792949 2.51266589769
0.0065632992887 -0.00028320195916 -0.0431225792949 2.51266589769
0.00682487463027 0.000203450483182 0.0298013166916 2.49336859114
0.00682487463027 -0.000203450483182 -0.0298013166916 2.49336859114
0.00691900322794 2.2904673577e-05 0.00331038867219 2.48673904129
0.00691900322794 -2.2904673577e-05 -0.00331038867219 2.48673904129
0.00687172069503 0.0 0.0 2.49017036952
0.00672935308973 0.0 0.0 2.50063813166
0.00662646119315 5.62461422564e-05 0.00848790777872 2.50832417563
0.00662646119315 -5.62461422564e-05 -0.00848790777872 2.50832417563
0.00663981722523 0.0 0.0 2.5073354211
0.00540358279447 0.00151665445781 0.27363518228 2.59138910427
0.00540358279447 -0.00151665445781 -0.27363518228 2.59138910427
0.00627966068269 0.000523156311038 0.0831177082753 2.53349053499
0.00627966068269 -0.000523156311038 -0.0831177082753 2.53349053499
0.00572726456189 0.000682144208695 0.118546256053 2.577737062
0.00572726456189 -0.000682144208695 -0.118546256053 2.577737062
0.00564787005317 0.000606351194312 0.106949622423 2.58537336983
0.00564787005317 -0.000606351194312 -0.106949622423 2.58537336983
0.00641201293615 0.000205652626198 0.0320620302723 2.52453397588
0.00641201293615 -0.000205652626198 -0.0320620302723 2.52453397588
0.00638091433887 0.0 0.0 2.5272219393
0.00623313780522 0.000231463357722 0.0371172690452 2.53859320418
0.00623313780522 -0.000231463357722 -0.0371172690452 2.53859320418
0.00613913773976 0.000285734148459 0.04650947804 2.54599451201
0.00613913773976 -0.000285734148459 -0.04650947804 2.54599451201
0.00628483110078 0.000102133079835 0.0162492975511 2.53474214252
0.00628483110078 -0.000102133079835 -0.0162492975511 2.53474214252
0.00623076033675 0.0 0.0 2.5391284546
0.0061091280972 0.0 0.0 2.54898560847
0.00583729301228 0.000197101179606 0.0337530295662 2.5714591866
0.00583729301228 -0.000197101179606 -0.0337530295662 2.5714591866
0.00598404861187 0.0 0.0 2.55932895735
0.00594175030104 9.2794453894e-05 0.0156160905538 2.56281479472
0.00594175030104 -9.2794453894e-05 -0.0156160905538 2.56281479472
0.00585410346558 0.0 0.0 2.57030620826
0.00579999312978 5.13236659639e-05 0.00884868745072 2.5749296979
0.00579999312978 -5.13236659639e-05 -0.00884868745072 2.5749296979
0.00568531962889 4.23068332625e-05 0.00744127949539 2.58492012179
0.00568531962889 -4.23068332625e-05 -0.00744127949539 2.58492012179
0.00564053957121 0.0 0.0 2.5888877747
-0.00120474628484 0.0 3.14159265359 3.36074314311
-0.00113647650811 0.0 3.14159265359 3.38991129263
-0.000998637717788 0.0 3.14159265359 3.45455924497
-0.0010217785016 0.0 3.14159265359 3.44310527051
0.000853266481554 0.00159897960638 1.08060660261 3.156551238
0.000853266481554 -0.00159897960638 -1.08060660261 3.156551238
0.00557153921697 0.000310205550949 0.0556193894656 2.59426818313
0.00557153921697 -0.000310205550949 -0.0556193894656 2.59426818313
0.00551903198414 0.000117884028667 0.0213563006139 2.59966236807
0.00551903198414 -0.000117884028667 -0.0213563006139 2.59966236807
0.00531667940516 0.000334509372952 0.0628341494213 2.61746548848
0.00531667940516 -0.000334509372952 -0.0628341494213 2.61746548848
0.00506781953881 0.000381141527734 0.0750668685963 2.64101222881
0.00506781953881 -0.000381141527734 -0.0750668685963 2.64101222881
0.00534406478013 0.000226546459184 0.0423667949599 2.61543548976
0.00534406478013 -0.000226546459184 -0.0423667949599 2.61543548976
0.00537422192404 0.0 0.0 2.61307073688
0.00533632134997 0.0 0.0 2.61660937459
0.00526590261909 6.44439351682e-05 0.0122373547158 2.62321391609
0.00526590261909 -6.44439351682e-05 -0.0122373547158 2.62321391609
0.00511513555001 0.000157425825699 0.0307667603856 2.63753900399
0.00511513555001 -0.000157425825699 -0.0307667603856 2.63753900399
0.00511906261523 0.0 0.0 2.63739196983
-0.000869506359242 0.0 3.14159265359 3.52379245526
-0.000806494473966 0.0 3.14159265359 3.56140675615
-0.000763286790175 0.0 3.14159265359 3.58893836276
-0.000739344472081 8.59572724842e-05 3.02585080445 3.60151675832
-0.000739344472081 -8.59572724842e-05 -3.02585080445 3.60151675832
0.00224860000917 0.0011112532731 0.45899511867 2.99409421822
0.00224860000917 -0.0011112532731 -0.45899511867 2.99409421822
0.00373765783041 0.000798885984027 0.210571262808 2.78348009102
0.00373765783041 -0.000798885984027 -0.210571262808 2.78348009102
0.00458930702331 0.000557856618277 0.120962299476 2.68834619588
0.00458930702331 -0.000557856618277 -0.120962299476 2.68834619588
0.00472276495724 0.000490431814004 0.103473338294 2.6749989544
0.00472276495724 -0.000490431814004 -0.103473338294 2.6749989544
0.00488426136422 0.000407637030168 0.083266327639 2.65913327792
0.00488426136422 -0.000407637030168 -0.083266327639 2.65913327792
0.0050146010321 0.000226843837986 0.0452058482462 2.64718964154
0.0050146010321 -0.000226843837986 -0.0452058482462 2.64718964154
0.00495012452242 0.00013362066049 0.0269868404588 2.65398917884
0.00495012452242 -0.00013362066049 -0.0269868404588 2.65398917884
0.00452531656466 0.000267834190767 0.059116772472 2.69815966505
0.00452531656466 -0.000267834190767 -0.059116772472 2.69815966505
0.00472649004791 0.000168799295387 0.0356982842389 2.67696754728
0.00472649004791 -0.000168799295387 -0.0356982842389 2.67696754728
0.00471378392836 8.84138301323e-05 0.0187542461733 2.67854422024
0.00471378392836 -8.84138301323e-05 -0.0187542461733 2.67854422024
0.0044884955435 7.6214415541e-05 0.0169783152042 2.70304678156
0.0044884955435 -7.6214415541e-05 -0.0169783152042 2.70304678156
0.00431881780059 0.000199423255675 0.0461426508728 2.72185431067
0.00431881780059 -0.000199423255675 -0.0461426508728 2.72185431067
0.00406975277111 0.000349393391681 0.0856412645449 2.75025066043
0.00406975277111 -0.000349393391681 -0.0856412645449 2.75025066043
0.0042868336784 0.000133611096848 0.0311576952667 2.72586070465
0.0042868336784 -0.000133611096848 -0.0311576952667 2.72586070465
0.00312194125131 0.000236075633095 0.0754745789371 2.88322468024
0.00312194125131 -0.000236075633095 -0.0754745789371 2.88322468024
0.00321370559834 0.000259570676901 0.0805949418235 2.8685396606
0.00321370559834 -0.000259570676901 -0.0805949418235 2.8685396606
0.00357113615585 0.000408230041135 0.113819702152 2.81418999312
0.00357113615585 -0.000408230041135 -0.113819702152 2.81418999312
0.00424954379205 0.0 0.0 2.73047182243
0.00398289474457 0.000256076172313 0.0642056123808 2.76184190163
0.00398289474457 -0.000256076172313 -0.0642056123808 2.76184190163
0.00390714723152 0.000214569251376 0.0548620060746 2.7717210521
0.00390714723152 -0.000214569251376 -0.0548620060746 2.7717210521
0.00404961268447 0.000109752047075 0.0270952301122 2.75438345762
0.00404961268447 -0.000109752047075 -0.0270952301122 2.75438345762
0.00341612860906 0.000342489328735 0.0999226733337 2.83712337732
0.00341612860906 -0.000342489328735 -0.0999226733337 2.83712337732
0.00371172682986 0.000253793377159 0.0682698310969 2.79696293023
0.00371172682986 -0.000253793377159 -0.0682698310969 2.79696293023
0.00339232748232 0.000133970632578 0.039471734329 2.84272990447
0.00339232748232 -0.000133970632578 -0.039471734329 2.84272990447
0.00356337113343 0.000172289327824 0.0483124698429 2.81794036647
0.00356337113343 -0.000172289327824 -0.0483124698429 2.81794036647
-0.00069390634619 0.0 3.14159265359 3.63658677721
-0.000657900019157 8.12021768951e-06 3.12925064851 3.66319071014
-0.000657900019157 -8.12021768951e-06 -3.12925064851 3.66319071014
0.00320250151946 0.000379615596076 0.11798665289 2.86842320761
0.00320250151946 -0.000379615596076 -0.11798665289 2.86842320761
0.00357652013484 0.0 0.0 2.81668249033
0.00380328015507 0.0 0.0 2.78594569294
-0.000359123802563 0.000499873542911 2.19378416897 3.69653568492
-0.000359123802563 -0.000499873542911 -2.19378416897 3.69653568492
-0.000577735973097 0.0 3.14159265359 3.7281967938
-0.000560185605366 0.0 3.14159265359 3.7436211955
0.00262900434733 0.000461148920587 0.173641709412 2.96299899206
0.00262900434733 -0.000461148920587 -0.173641709412 2.96299899206
0.00264093257264 0.000265582881086 0.100227088769 2.96579600522
0.00264093257264 -0.000265582881086 -0.100227088769 2.96579600522
0.00292886985171 0.000182333342368 0.0621735861194 2.9156023113
0.00292886985171 -0.000182333342368 -0.0621735861194 2.9156023113
0.0028228533355 0.000170096496008 0.0601841666727 2.93409746157
0.0028228533355 -0.000170096496008 -0.0601841666727 2.93409746157
0.00313434416179 0.0 0.0 2.88266766279
-0.000533475714629 0.0 3.14159265359 3.76804850455
-0.000521812552209 0.0 3.14159265359 3.77910106498
-0.000467682281734 0.0 3.14159265359 3.83386068889
-0.00043401779755 0.0 3.14159265359 3.87121250826
-0.000421547259781 0.0 3.14159265359 3.88578933198
0.0017624656353 0.000580025344264 0.317934654861 3.1448125736
0.0017624656353 -0.000580025344264 -0.317934654861 3.1448125736
0.0022998607284 0.000381523560668 0.164392764697 3.03066645775
0.0022998607284 -0.000381523560668 -0.164392764697 3.03066645775
0.0023745196327 0.000190300530142 0.0799718249929 3.01987948056
0.0023745196327 -0.000190300530142 -0.0799718249929 3.01987948056
0.00262895601002 9.02759431375e-05 0.0343255970178 2.97028961347
0.00262895601002 -9.02759431375e-05 -0.0343255970178 2.97028961347
-8.77730811908e-05 0.00051035027803 1.74111602377 3.78291908779
-8.77730811908e-05 -0.00051035027803 -1.74111602377 3.78291908779
-0.000386379971287 0.0 3.14159265359 3.92934464556
0.00155029566975 0.000532344953096 0.330767693336 3.20678918893
0.00155029566975 -0.000532344953096 -0.330767693336 3.20678918893
0.00269097710994 8.97303658653e-06 0.00333447776166 2.95892267702
0.00269097710994 -8.97303658653e-06 -0.00333447776166 2.95892267702
0.00171533542676 0.000383997198599 0.220230336262 3.17184866368
0.00171533542676 -0.000383997198599 -0.220230336262 3.17184866368
0.00199591320873 0.000329212140352 0.1634712402 3.10161611235
0.00199591320873 -0.000329212140352 -0.1634712402 3.10161611235
0.00191456891397 0.000316371789225 0.163764530905 3.12239650574
0.00191456891397 -0.000316371789225 -0.163764530905 3.12239650574
0.00188719341608 0.000263326288839 0.13863816482 3.13151165187
0.00188719341608 -0.000263326288839 -0.13863816482 3.13151165187
0.00204188181257 0.000200126438562 0.097698746889 3.09455165246
0.00204188181257 -0.000200126438562 -0.097698746889 3.09455165246
0.00224723615366 1.9282971006e-05 0.00858053913555 3.04900869036
0.00224723615366 -1.9282971006e-05 -0.00858053913555 3.04900869036
0.00231967973089 0.0 0.0 3.03316307493
-0.000375046541887 0.0 3.14159265359 3.944230214
-0.000118856778001 0.000371848617406 1.88017044669 3.92419204131
-0.000118856778001 -0.000371848617406 -1.88017044669 3.92419204131
-0.000314508885871 9.8385028128e-05 2.83841524341 4.00890907477
-0.000314508885871 -9.8385028128e-05 -2.83841524341 4.00890907477
-0.0001640365167 0.000269400801746 2.11772983962 4.03081531546
-0.0001640365167 -0.000269400801746 -2.11772983962 4.03081531546
0.000233190466106 0.000501073952768 1.13522515811 3.75036756123
0.000233190466106 -0.000501073952768 -1.13522515811 3.75036756123
0.00147687366107 0.000303691702927 0.202804524916 3.24856022119
0.00147687366107 -0.000303691702927 -0.202804524916 3.24856022119
0.00159048056527 0.000287854088282 0.179047448063 3.21380184477
0.00159048056527 -0.000287854088282 -0.179047448063 3.21380184477
0.00100053471137 0.00040660580919 0.386001551202 3.41539754915
0.00100053471137 -0.00040660580919 -0.386001551202 3.41539754915
0.00126769228067 0.000281739243722 0.218691382915 3.32322554805
0.00126769228067 -0.000281739243722 -0.218691382915 3.32322554805
0.000790681556771 0.000450334459555 0.517730513192 3.50106967746
0.000790681556771 -0.000450334459555 -0.517730513192 3.50106967746
0.000261804308865 0.000450770175675 1.04461910969 3.77960939994
0.000261804308865 -0.000450770175675 -1.04461910969 3.77960939994
9.86314214472e-05 0.000427974981162 1.34429041234 3.86528547825
9.86314214472e-05 -0.000427974981162 -1.34429041234 3.86528547825
-0.000324897086691 0.0 3.14159265359 4.01600104106
-0.000311385948361 3.58625707667e-05 3.02692705315 4.03394443336
-0.000311385948361 -3.58625707667e-05 -3.02692705315 4.03394443336
-0.000295304290646 6.35995420907e-05 2.92946333079 4.05241701023
-0.000295304290646 -6.35995420907e-05 -2.92946333079 4.05241701023
-9.11567474771e-05 0.000270828373761 1.89547045217 4.0801828559
-9.11567474771e-05 -0.000270828373761 -1.89547045217 4.0801828559
-8.03509736072e-05 0.000269051232781 1.86101011282 4.08894597631
-8.03509736072e-05 -0.000269051232781 -1.86101011282 4.08894597631
5.11821239745e-05 0.000340718142735 1.4216928214 3.98664881096
5.11821239745e-05 -0.000340718142735 -1.4216928214 3.98664881096
0.00171440777022 0.000199811879207 0.116025175007 3.18097075234
0.00171440777022 -0.000199811879207 -0.116025175007 3.18097075234
0.000900618183644 0.000324016811516 0.34535333756 3.47578507511
0.000900618183644 -0.000324016811516 -0.34535333756 3.47578507511
0.00115806902188 0.000235021336318 0.200223207671 3.3704106259
0.00115806902188 -0.000235021336318 -0.200223207671 3.3704106259
0.00149486480502 0.000222790702908 0.147948356927 3.24736749428
0.00149486480502 -0.000222790702908 -0.147948356927 3.24736749428
0.00134059631001 0.000178398138274 0.132296445231 3.30293196718
0.00134059631001 -0.000178398138274 -0.132296445231 3.30293196718
0.0012534575843 0.0 0.0 3.34092473938
0.00103645313756 0.000135115863226 0.129632640498 3.43176244481
0.00103645313756 -0.000135115863226 -0.129632640498 3.43176244481
0.000428474214236 0.000387287345377 0.73495214154 3.72834455087
0.000428474214236 -0.000387287345377 -0.73495214154 3.72834455087
0.000205163471073 0.000382253039039 1.07820477185 3.8714276186
0.000205163471073 -0.000382253039039 -1.07820477185 3.8714276186
0.000153767692196 0.000376249378301 1.18282488519 3.90401498967
0.000153767692196 -0.000376249378301 -1.18282488519 3.90401498967
0.000777233133625 0.000292181297569 0.359581305582 3.54683883367
0.000777233133625 -0.000292181297569 -0.359581305582 3.54683883367
0.000693479400724 0.000323432292436 0.436400460834 3.58769046574
0.000693479400724 -0.000323432292436 -0.436400460834 3.58769046574
-0.000217859593778 0.000112424482493 2.6651947515 4.15680540139
-0.000217859593778 -0.000112424482493 -2.6651947515 4.15680540139
-0.000196455100503 0.000117739320133 2.6016738677 4.19081727862
-0.000196455100503 -0.000117739320133 -2.6016738677 4.19081727862
0.000123818333387 0.000342139244663 1.22356455926 3.95937797347
0.000123818333387 -0.000342139244663 -1.22356455926 3.95937797347
0.000642935267791 0.000312900638433 0.452931044128 3.62159074689
0.000642935267791 -0.000312900638433 -0.452931044128 3.62159074689
-1.59792021624e-05 0.000230131431192 1.64012017482 4.18722757361
-1.59792021624e-05 -0.000230131431192 -1.64012017482 4.18722757361
0.000274236678894 0.000318172908847 0.859427920417 3.88757158619
0.000274236678894 -0.000318172908847 -0.859427920417 3.88757158619
0.000478166748742 0.000279969436508 0.529693873067 3.74908308598
0.000478166748742 -0.000279969436508 -0.529693873067 3.74908308598
0.000860081430356 0.000207559574208 0.236797904865 3.5150904298
0.000860081430356 -0.000207559574208 -0.236797904865 3.5150904298
-0.000240827207016 2.40327405186e-05 3.04212948596 4.16323811335
-0.000240827207016 -2.40327405186e-05 -3.04212948596 4.16323811335
-6.94779653147e-05 0.00015003351422 2.00447663129 4.35375396251
-6.94779653147e-05 -0.00015003351422 -2.00447663129 4.35375396251
0.000548395260529 0.000206326635999 0.359854799384 3.72115942744
0.000548395260529 -0.000206326635999 -0.359854799384 3.72115942744
0.000294915996989 0.000251633756535 0.706371322826 3.92766646401
0.000294915996989 -0.000251633756535 -0.706371322826 3.92766646401
0.000178857313725 0.000285586920983 1.01127725031 3.99775602055
0.000178857313725 -0.000285586920983 -1.01127725031 3.99775602055
7.23604923289e-05 0.000251672077681 1.29082899814 4.12383490379
7.23604923289e-05 -0.000251672077681 -1.29082899814 4.12383490379
-0.000173393639465 5.26043427769e-05 2.84703688071 4.30796119834
-0.000173393639465 -5.26043427769e-05 -2.84703688071 4.30796119834
0.000552949708375 0.000151040488083 0.266649297493 3.73213156309
0.000552949708375 -0.000151040488083 -0.266649297493 3.73213156309
-1.11219693356e-05 5.61661380809e-05 1.76628647249 4.88398267336
-1.11219693356e-05 -5.61661380809e-05 -1.76628647249 4.88398267336
0.00013587922399 0.0 0.0 4.45187206284
-1.08166363276e-06 0.0 3.14159265359 6.86850515066
