0.0 1.03962111787 1.04047820795 
0.001 1.04167047192 1.07454868303 
0.002 1.04394220205 1.10842656769 
0.003 1.04663278537 1.14642471729 
0.004 1.04835492538 1.18304624031 
0.005 1.05138403698 1.22448375754 
0.006 1.0532141088 1.26053038069 
0.007 1.05718439237 1.30614660664 
0.008 1.05393634979 1.33826508576 
0.009 1.05858020975 1.38931247334 
0.01 1.06134513786 1.43366221081 
0.011 1.06933247902 1.48833720939 
0.012 1.06432403474 1.53320299233 
0.013 1.06973917171 1.57803612629 
0.014 1.07309606609 1.64191076977 
0.015 1.07432751412 1.6954926529 
0.016 1.08291021885 1.73526132022 
0.017 1.0767168241 1.79758296498 
0.018 1.08656393577 1.85286670472 
0.019 1.07822848925 1.9342673736 
0.02 1.08604441857 2.00164625209 
0.021 1.08373799474 2.02572474487 
0.022 1.08120624323 2.08085300782 
0.023 1.09597019956 2.19753840556 
0.024 1.08970060156 2.26037755424 
0.025 1.09997833784 2.35528546041 
0.026 1.09927640726 2.43786875803 
0.027 1.09706941452 2.47723310793 
0.028 1.10403443019 2.56853982437 
0.029 1.09845596207 2.68199552577 
