2 0.0228223334146
4 0.00295926076964
6 0.000486136851534
8 8.67810271043e-05
10 1.63567485593e-05
12 3.1972860674e-06
14 6.38971069486e-07
16 1.29058337135e-07
18 2.60922485562e-08
20 5.23394672047e-09
22 1.03195502144e-09
24 1.97592719964e-10
26 3.60563107149e-11
28 6.04857830488e-12
30 8.49674497427e-13
32 6.74599265338e-14
34 -1.38708489139e-14
36 -8.03523914072e-15
38 -1.09634523682e-15
40 2.01227923213e-15
42 3.50414142147e-15
44 3.60128593613e-15
46 3.69149155688e-15
48 3.63598040565e-15
50 3.67067487517e-15
3 -0.00614192648791
5 -0.00099440521875
7 -0.000177254237643
9 -3.34699772915e-05
11 -6.58042994419e-06
13 -1.32716474647e-06
15 -2.71197335144e-07
17 -5.55873579181e-08
19 -1.1331186836e-08
21 -2.27805994207e-09
23 -4.47310646856e-10
25 -8.45994871379e-11
27 -1.50402815202e-11
29 -2.38285086107e-12
31 -2.82412981889e-13
33 4.58660887048e-15
35 2.34395836074e-14
37 1.46202494555e-14
39 1.01862962509e-14
41 8.07687250415e-15
43 7.47318873451e-15
45 7.57727214307e-15
47 7.6327832943e-15
49 7.52176099184e-15
51 7.54257767355e-15
53 7.54257767355e-15
