2 0.0788829290964
4 0.0213059489348
6 0.00717180001864
8 0.00269514308264
10 0.0010830149347
12 0.000453875198632
14 0.000195229085951
16 8.53209246013e-05
18 3.764868049e-05
20 1.67100757682e-05
22 7.44304225247e-06
24 3.322541814e-06
26 1.4851786906e-06
28 6.64440745696e-07
30 2.974187749e-07
32 1.33177629329e-07
34 5.964749852e-08
36 2.67188462614e-08
38 1.19697775472e-08
40 5.36269894875e-09
42 2.40270454162e-09
44 1.07654234225e-09
46 4.82359429959e-10
48 2.16131652939e-10
50 9.68430810804e-11
52 4.33937161377e-11
54 1.94433327945e-11
56 8.71261418046e-12
58 3.90340450934e-12
60 1.74949204429e-12
62 7.83451645572e-13
3 -0.0453145952254
5 -0.0129461749205
7 -0.00451004554059
9 -0.00173700633953
11 -0.000709437320619
13 -0.000300320390484
15 -0.000129952122271
17 -5.69894190612e-05
19 -2.51969256872e-05
21 -1.1196120081e-05
23 -4.99024664203e-06
25 -2.22846568827e-06
27 -9.96347471308e-07
29 -4.45806494845e-07
31 -1.99569501649e-07
33 -8.93674938439e-08
35 -4.00271972347e-08
37 -1.79304198878e-08
39 -8.03277627488e-09
41 -3.59888367024e-09
43 -1.61245821231e-09
45 -7.22472930439e-10
47 -3.23715836255e-10
49 -1.45047397487e-10
51 -6.49925827132e-11
53 -2.9121431178e-11
55 -1.30488274266e-11
57 -5.84641905201e-12
59 -2.61974773472e-12
61 -1.17335069612e-12
63 -5.25927825595e-13
