1. 0.299
2 0.0794017712579
4 0.0215381806086
6 0.00718687639098
8 0.00268490434523
10 0.00107607474771
12 0.000450605218081
14 0.000193788565059
16 8.46741748303e-05
18 3.73450722823e-05
20 1.65617856232e-05
22 7.36886607315e-06
24 3.28509432855e-06
26 1.46627990375e-06
28 6.54954218521e-07
30 2.92692423218e-07
32 1.30841596138e-07
34 5.85017167468e-08
36 2.61607930611e-08
38 1.1699678254e-08
40 5.23269321796e-09
42 2.34043500986e-09
3 -0.0455617534356
5 -0.012948270009
7 -0.00448519697154
9 -0.00172173441663
11 -0.000702376463345
13 -0.000297293145476
15 -0.000128649519821
17 -5.64080028918e-05
19 -2.49263241311e-05
21 -1.10660608826e-05
23 -4.92655094898e-06
25 -2.19702685683e-06
27 -9.80819268976e-07
29 -4.38161536068e-07
31 -1.95824599071e-07
33 -8.75433628874e-08
35 -3.91436320651e-08
37 -1.75046898144e-08
39 -7.82862961349e-09
41 -3.50141402851e-09
43 -1.56610093535e-09
