2 0.020777236403
4 0.00235006102002
6 0.000312831758109
8 4.26818771921e-05
10 5.91694794125e-06
12 8.3080192459e-07
14 1.17929046549e-07
16 1.69003762165e-08
18 2.44285081746e-09
20 3.55866697221e-10
22 5.22148366211e-11
24 7.71062380611e-12
26 1.14484116631e-12
28 1.69253500104e-13
30 2.4043267377e-14
32 2.10248485288e-15
34 -1.20736753928e-15
36 -1.68615121865e-15
38 -1.74860126378e-15
40 -1.7832957333e-15
42 -1.80411241502e-15
44 -1.80411241502e-15
46 -1.79023462721e-15
48 -1.81799020282e-15
50 -1.7763568394e-15
52 -1.7763568394e-15
54 -1.80411241502e-15
56 -1.79023462721e-15
58 -1.79717352111e-15
60 -1.81105130892e-15
62 -1.79023462721e-15
3 -0.00522590335096
5 -0.000713317919354
7 -9.82204110072e-05
9 -1.36633053493e-05
11 -1.92191023445e-06
13 -2.73240651306e-07
15 -3.92294466009e-08
17 -5.68245548532e-09
19 -8.2978442173e-10
21 -1.22070756281e-10
23 -1.80823064855e-11
25 -2.69769623307e-12
27 -4.06771838435e-13
29 -6.38031294464e-14
31 -1.17961196366e-14
33 -3.61516372394e-15
35 -2.54657406273e-15
37 -2.42167397246e-15
39 -2.44942954808e-15
41 -2.44942954808e-15
43 -2.46330733589e-15
45 -2.47024622979e-15
47 -2.51187959321e-15
49 -2.4910629115e-15
51 -2.47718512369e-15
53 -2.50494069931e-15
55 -2.49800180541e-15
57 -2.4841240176e-15
59 -2.50494069931e-15
61 -2.47024622979e-15
63 -2.50494069931e-15
65 -2.50494069931e-15
