2 0.000192861798885
4 -3.10222605878e-06
6 9.06548721945e-07
8 4.00037310907e-07
10 1.85575099727e-08
12 2.18092309829e-09
14 3.61779586295e-09
16 5.48010401756e-10
18 -2.23910035614e-11
20 1.64831929147e-11
22 8.26807602318e-12
24 2.75482941879e-13
26 -6.58298224265e-14
28 6.62810987815e-14
30 1.31603173025e-14
32 -1.07158138157e-15
34 4.28602200615e-17
36 -1.00556151608e-16
38 4.2566511387e-17
40 6.78236221525e-17
42 -8.62072017233e-17
44 1.6565592756e-16
46 -6.93203293703e-17
48 1.52649313139e-16
50 7.55871026306e-18
52 -1.55056439603e-18
3 -7.7251893384e-05
5 -6.64125445438e-06
7 -9.78605587825e-07
9 -1.07140487451e-07
11 -2.66943044268e-08
13 -7.84611197299e-09
15 -9.69323482244e-10
17 -1.26652178416e-10
19 -6.32714452778e-11
21 -1.31800238774e-11
23 -8.25410500605e-13
25 -3.16670436759e-13
27 -1.4609881744e-13
29 -1.62299637152e-14
31 -5.22105320629e-16
33 -1.1345856686e-15
35 -3.31212893438e-16
37 -3.48741816765e-17
39 4.40296196312e-17
41 -2.2191275013e-16
43 -2.66645689451e-16
45 4.97219633811e-17
47 1.45872484872e-16
49 1.84120963466e-17
51 -1.00128470556e-16
53 -9.09529861546e-18
