1 0.8591
2 0.258384670428
4 0.0485829747497
6 0.00939434382619
8 0.00184478947827
10 0.000367718055077
12 7.42684308923e-05
14 1.51935731098e-05
16 3.14725722526e-06
18 6.6000916496e-07
20 1.40086169435e-07
22 3.00803954453e-08
24 6.53047368265e-09
26 1.43228878757e-09
28 3.17053473753e-10
30 7.07639988273e-11
32 1.59085106199e-11
3 -0.120234895702
5 -0.0219603976586
7 -0.00421746499108
9 -0.000830585645797
11 -0.000166374554313
13 -3.38103790746e-05
15 -6.96198463779e-06
17 -1.45184637106e-06
19 -3.06514098672e-07
21 -6.54849739157e-08
23 -1.41496442271e-08
25 -3.08985419195e-09
27 -6.81285090842e-10
29 -1.51521545311e-10
31 -3.39548320016e-11
33 -7.65935925795e-12
