2 0.258699883279
4 0.0443943702845
6 0.00833137002389
8 0.00162356582604
10 0.0003232480125
12 6.52251839608e-05
14 1.32779073952e-05
16 2.71945426829e-06
18 5.59386895714e-07
20 1.15430744345e-07
22 2.38764782112e-08
24 4.94791255884e-09
26 1.02684716979e-09
28 2.13350268008e-10
30 4.43681966167e-11
32 9.23269793951e-12
3 -0.108925964961
5 -0.0193538837278
7 -0.00368764073842
9 -0.000725319499872
11 -0.000145276837336
13 -2.94323490746e-05
15 -6.00841613771e-06
17 -1.23308431242e-06
19 -2.54025584484e-07
21 -5.24789794815e-08
23 -1.08648333108e-08
25 -2.25311788671e-09
27 -4.67861069331e-10
29 -9.72529001775e-11
31 -2.02313998887e-11
33 -4.20918855326e-12
