0.0 0.999967561729
0.1 0.999495498374
0.2 0.997963377612
0.3 0.995265985132
0.4 0.99194758762
0.5 0.986935304672
0.6 0.981236023702
0.7 0.975198768498
0.8 0.966659427476
0.9 0.956932618426
1.0 0.946679476496
1.1 0.934906983863
1.2 0.920223923525
1.3 0.908111173865
1.4 0.891330928052
1.5 0.872834860957
1.6 0.85802098684
1.7 0.837485382316
1.8 0.803444097444
1.9 0.793599615833
2.0 0.758373209378
2.1 0.733773041082
2.2 0.708398476674
2.3 0.662559476662
2.4 0.648430465729
2.5 0.602900642522
2.6 0.54736219621
2.7 0.536757694697
2.8 0.494001652625
2.9 0.445248373663
3.0 0.420608177281
3.1 0.378440791426
3.2 0.255001661105
3.3 0.217023959749
3.4 0.165067479359
3.5 0.0868378494829
3.6 0.0804656297282
3.7 0.0631944857367
3.8 0.0394417064636
3.9 0.0321270985221
4.0 0.0260591917215
4.1 0.0232120563227
4.2 0.0167476482595
4.3 0.0144259920758
4.4 0.0130057230626
4.5 0.00806165705555
4.6 0.00506741822394
4.7 0.00269250402636
4.8 0.00433236708196
4.9 0.00321703983642
5.0 0.000842530476593
5.1 0.00164777021862
5.2 8.79065473412e-05
5.3 0.000603706972435
5.4 -0.000588734822464

