0.0 1.03569538864 1.04352232972 
0.001 1.04032597949 1.06595355466 
0.002 1.04521788004 1.0898628942 
0.003 1.05050101372 1.11288612707 
0.004 1.05652175138 1.1380170288 
0.005 1.06087451508 1.16297179593 
0.006 1.06572684494 1.18671095196 
0.007 1.06945169476 1.21539363669 
0.008 1.07544926413 1.24464859128 
0.009 1.08182891547 1.27107860957 
0.01 1.08499272444 1.29696492305 
0.011 1.09003624527 1.32059166586 
0.012 1.09340551463 1.35363032074 
0.013 1.10116355268 1.3892411353 
0.014 1.10271721808 1.41721450254 
0.015 1.10952490157 1.45473342484 
0.016 1.11776250354 1.4863935353 
0.017 1.12403551494 1.51306235199 
0.018 1.12846915855 1.54013680852 
0.019 1.13409638773 1.57112616059 
0.02 1.13827647502 1.61366101907 
0.021 1.14137067899 1.64470875193 
0.022 1.14933345993 1.6766208497 
0.023 1.15418509531 1.72982882032 
0.024 1.16175840848 1.75985334847 
0.025 1.16429170447 1.80144312016 
0.026 1.17062597233 1.84498762821 
0.027 1.17757460427 1.88366606388 
0.028 1.18577900996 1.9267105184 
0.029 1.19434385429 1.96807020588 
