26    3.75123989211
52    3.62840028027
62    3.62801353088
64    3.62799869559
66    3.62798659245
92    3.61342262429
94    3.61342262429
120    3.59875184171
146    3.52607352747
158    3.40284075199
172    3.27924433503
198    3.25154813507
224    3.24189871252
226    3.24189622457
228    3.24189563251
254    3.23864343883
280    3.23591887675
282    3.23591887675
308    3.23264775866
334    3.12514593092
360    3.00671413086
386    2.91048846694
412    2.89899357296
436    2.89784830292
461    2.89492855421
487    2.87677642637
489    2.87676072809
515    2.75947535129
517    2.75947535129
543    2.75556320365
569    2.75253573677
595    2.67688238848
621    2.62619565728
647    2.62458902433
673    2.62288938402
699    2.59630951849
725    2.56744211352
751    2.56623310515
777    2.46510847249
779    2.46510847249
805    2.44883266713
831    2.32647322239
857    2.27537742841
859    2.27537202401
871    2.27480101727
873    2.27478834108
899    2.2457990683
901    2.24579361962
903    2.24578684179
926    2.12186826163
928    2.12186826163
930    2.1218584994
939    1.99721095545
947    1.87317667315
973    1.78099833423
975    1.78099779163
977    1.78099763828
979    1.78099645262
1005    1.76019449826
1007    1.76019444119
1033    1.75077083727
1035    1.75077083727
1061    1.74264718487
1087    1.62447933575
1113    1.53614385466
1139    1.53538822258
1165    1.53176135684
1167    1.53174747979
1193    1.50993241844
1219    1.50913668354
1221    1.50912735831
1246    1.38503931515
1248    1.38503931515
1250    1.38502864128
1267    1.26074220549
1293    1.1881789874
1319    1.07734899667
1321    1.0773409104
1323    1.07733628551
1349    1.04953252853
1375    1.04053661681
1377    1.04053472319
1403    0.917759462355
1405    0.917759436269
1416    0.917260335852
1418    0.9172586326
1420    0.917253032523
1422    0.917244261227
1424    0.917240410948
1426    0.917233323625
1452    0.906634397388
1454    0.906633734514
1480    0.895872572192
1500    0.895387972076
1502    0.895380784056
1504    0.895378531143
1526    0.894822664135
1528    0.894806458563
1530    0.894806410628
1532    0.894805734435
1534    0.894790162861
1560    0.892035092538
1562    0.89203509252
1588    0.887795848626
1590    0.88779283016
1592    0.887781440456
1618    0.883977135012
1620    0.883965931991
1622    0.88395565453
1624    0.883946627528
1643    0.88341247201
1645    0.883399399485
1647    0.883397528681
1649    0.883397527581
1651    0.883392295867
1677    0.881606773347
1703    0.872939128692
1729    0.858163356816
1755    0.856815830776
1781    0.855415043331
1807    0.852412073717
1833    0.844814973315
1859    0.843690808146
1885    0.841215588876
1887    0.841215586768
1899    0.840939871631
1901    0.840928608812
1927    0.825705150714
1929    0.82569527651
1931    0.825691294031
1933    0.825688043475
1959    0.817926008011
1961    0.817915746994
1963    0.817915005998
1965    0.817911893376
1967    0.817911893376
1969    0.817908441256
1971    0.817907579284
1973    0.817907343307
1999    0.813425663531
2001    0.81342549605
2003    0.813425448432
2005    0.81342539956
2031    0.812479082476
2033    0.81247876961
2059    0.804497302231
2061    0.804497301512
2087    0.798546153589
2089    0.798535415549
2115    0.79345088968
2141    0.792226147021
2143    0.792219327039
2145    0.792213370072
2171    0.791002296031
2197    0.789770344508
2199    0.789765628572
2201    0.789759620656
2203    0.789759620631
2205    0.789746620538
2207    0.789746579469
2233    0.779926014449
2246    0.779568889277
2248    0.779568405827
2250    0.779568129819
2276    0.776194671059
2278    0.776180089812
2280    0.776180046489
2282    0.77616301151
2284    0.776162967589
2286    0.776152668585
2288    0.776152301565
2290    0.776151790284
2292    0.776146317514
2294    0.776146034526
2296    0.776141597995
2322    0.769133862443
2324    0.769133223287
2350    0.761519629152
2352    0.761516786049
2354    0.761513484063
2356    0.761512800634
2358    0.761497509088
2360    0.761482841508
2362    0.761482700086
2364    0.761481065246
2366    0.761466975821
2392    0.758774236729
2394    0.758774236705
2420    0.754469831742
2422    0.754468133442
2424    0.754461831467
2428    0.754406716303
2430    0.754398555518
2432    0.754391068474
2434    0.75438630098
2436    0.754373693577
2438    0.754363487712
2440    0.754362789185
2442    0.754362787508
2444    0.754360510627
2470    0.752241253686
2496    0.751285415672
2522    0.747639037533
2548    0.74609251665
2574    0.744509223123
2585    0.744300799596
2611    0.742320325221
2637    0.741064836142
2639    0.741049333304
2641    0.741049327061
2643    0.74103385371
2645    0.741028444024
2671    0.737170051092
2673    0.737160154123
2675    0.737159211631
2677    0.737158442839
2703    0.735242956937
2705    0.735232654022
2707    0.735232652245
2709    0.735231348124
2711    0.735231348124
2713    0.735229556417
2715    0.735228564924
2717    0.735228555292
2722    0.735156801608
2724    0.735156687546
2726    0.735156655093
2728    0.735156653118
2730    0.735141172447
2732    0.735140900859
2758    0.728106648354
2760    0.728106646085
2786    0.722880487213
2788    0.722874993071
2795    0.722757941076
2821    0.721362683417
2823    0.721358519326
2825    0.721354878768
2827    0.721338212917
2853    0.719938311355
2855    0.719934776418
2857    0.719932837978
2859    0.719932837889
2861    0.719923064963
2863    0.719922949997
2889    0.718775376185
2891    0.718762118974
2893    0.718762048949
2895    0.718762008975
2905    0.718578012634
2907    0.718566063065
2909    0.718566062873
2911    0.718554439588
2913    0.718554396227
2915    0.718547868181
2917    0.718547855437
2919    0.718547648046
2921    0.718544051307
2923    0.718543821616
2925    0.718540899832
2951    0.714404054659
2953    0.714403547798
2979    0.709324503045
2981    0.709322231517
2983    0.709320497714
2985    0.70932028201
2987    0.709306311138
2989    0.70929290956
2991    0.709292405313
2993    0.709290006464
2995    0.709277148371
3021    0.706747209226
3023    0.706747209199
3049    0.70251623941
3051    0.702515444567
3053    0.702512487261
3055    0.702497097243
3057    0.702490993988
3059    0.702485394304
3061    0.702483314794
3063    0.702472235482
3065    0.702464139057
3067    0.702463728451
3069    0.702463726842
3071    0.702462206883
3097    0.700169138285
3099    0.700154581264
3125    0.699218855284
3151    0.697540179253
3177    0.695848911668
3181    0.69579510604
3206    0.695241670786
3232    0.693862028178
3234    0.693846886239
3236    0.69384687735
3238    0.69383340154
3240    0.693830172092
3266    0.692896580233
3268    0.692886641529
3270    0.692886441001
3272    0.692886277456
3287    0.692595627768
3289    0.692585273681
3291    0.692585055911
3293    0.692584542383
3295    0.692584542383
3297    0.69258357848
3299    0.692582526708
3301    0.692582526379
3304    0.692548723111
3306    0.692548619659
3308    0.692548590213
3310    0.69254859014
3312    0.692533084226
3314    0.692532816715
3340    0.686943202199
3342    0.686943198902
3368    0.682503762571
3370    0.682500413224
3373    0.682466512034
3399    0.68089930189
3401    0.680896408962
3403    0.680893877323
3405    0.680877588665
3431    0.679311356504
3433    0.679308409709
3435    0.679307953049
3437    0.679307952899
3439    0.679302074643
3441    0.679301914219
3443    0.679285323005
3445    0.679274502128
3447    0.67927444309
3449    0.679274409385
3451    0.679258463883
3453    0.679248730013
3455    0.679248729618
3457    0.679240745634
3459    0.679240702921
3461    0.679236610336
3463    0.679236553173
3465    0.67923516632
3467    0.679232680798
3469    0.679231465128
3471    0.67922944485
3497    0.677002027014
3499    0.677001679132
3525    0.673700089786
3527    0.673698278781
3529    0.673697161591
3531    0.673697101615
3533    0.673684281086
3535    0.673671982317
3537    0.673671198238
3539    0.673668255698
3541    0.673656476732
3567    0.671374660423
3569    0.671374660397
3595    0.66734253984
3597    0.667342238459
3599    0.667341200684
3601    0.667327509496
3603    0.66732287889
3605    0.667318630135
3607    0.667318012627
3609    0.667308344814
3611    0.667301805166
3613    0.667301483706
3615    0.667301482377
3617    0.66730018462
3643    0.665103230994
3645    0.66508863664
3647    0.6650743432
3673    0.663387444342
3699    0.661716314994
3703    0.661664349296
3708    0.661593971596
3734    0.660156371564
3736    0.660141559419
3738    0.660141550263
3740    0.660129166149
3742    0.66012680905
3744    0.660110362026
3746    0.660100372978
3748    0.660100313693
3750    0.66010026534
3752    0.660083902196
3754    0.660073492616
3756    0.660073105448
3758    0.660072924362
3760    0.660072924361
3762    0.660072382361
3764    0.660071321315
3766    0.660071321309
3768    0.660054325752
3770    0.660054225314
3772    0.660054196718
3774    0.660054196715
3776    0.660038135426
3778    0.660037869043
3804    0.655835943689
3806    0.655835939778
3832    0.652213165246
3834    0.652211155699
3836    0.652194444377
3862    0.650462334816
3864    0.650460221508
3866    0.650458370301
3868    0.650441831358
3894    0.648720161341
3896    0.648717485842
3898    0.648717445104
3900    0.64871744491
3902    0.648714403172
3904    0.648714240407
3906    0.648698824588
3908    0.648689999312
3910    0.648689942224
3912    0.648689909627
3914    0.648675090717
3916    0.648667159185
3918    0.648667158688
3920    0.648661631573
3922    0.648661589576
3924    0.648659060496
3926    0.648658816784
3928    0.648656460567
3930    0.64865465879
3932    0.648652667254
3934    0.648651204182
3960    0.647549151965
3962    0.647548937191
3988    0.645407688031
3990    0.645406258456
3992    0.645405372848
3994    0.645405360138
3996    0.645393572213
3998    0.645382263457
4000    0.645381330609
4002    0.645378025473
4004    0.64536721882
4030    0.643391681166
4032    0.643391681144
4058    0.639655301084
4060    0.639655230265
4062    0.639655061549
4064    0.639642877177
4066    0.639639311112
4068    0.639636038953
4070    0.639635991731
4072    0.639627560755
4074    0.639622183823
4076    0.639621922911
4078    0.639621921825
4080    0.639620788088
4106    0.6377236244
4108    0.637708841322
4110    0.637694153325
4136    0.636117695303
4162    0.63458070607
4164    0.634563829538
4167    0.634528986869
4193    0.633125921534
4195    0.633112318258
4197    0.633112309894
4199    0.633101184795
4201    0.633099215713
4203    0.633083628525
4205    0.63307358519
4207    0.633073570976
4209    0.633073559382
4211    0.633058039904
4213    0.633047572433
4215    0.633047043918
4217    0.633046992615
4219    0.633046992615
4221    0.633046671287
4223    0.633045612904
4225    0.633045612904
4227    0.633028415944
4229    0.633028316619
4231    0.633028288331
4233    0.633028288331
4235    0.633012028944
4237    0.63301176317
4263    0.62999600662
4265    0.629996002514
4291    0.627123380271
4293    0.627122227498
4295    0.62710554864
4321    0.625223005198
4323    0.625221391887
4325    0.625219977249
4327    0.625203437992
4353    0.623344481091
4355    0.623341889954
4357    0.623341879811
4359    0.623341879579
4361    0.623340453841
4363    0.623340291289
4365    0.623325922592
4367    0.623318722016
4369    0.623318665789
4371    0.623318633682
4373    0.623304818385
4375    0.623298353802
4377    0.623298353244
4379    0.623294491866
4381    0.623294450633
4383    0.62329291716
4385    0.623292455078
4387    0.623289804111
4389    0.623288437537
4391    0.623286210048
4393    0.623285103008
4415    0.622871728143
4417    0.62287161382
4443    0.621424093509
4445    0.621422988049
4447    0.621422138771
4449    0.621422137039
4451    0.62141130441
4453    0.621400911644
4455    0.621399945779
4457    0.621396427515
4459    0.621386521875
4485    0.619743538382
4487    0.619743538365
4513    0.616364459652
4515    0.616364458637
4517    0.616364448158
4519    0.616353603783
4521    0.616350816546
4523    0.616348258902
4525    0.616348190256
4527    0.616340845556
4529    0.616336349044
4531    0.616336129605
4533    0.61633612873
4535    0.616335108216
4561    0.614802724955
4563    0.61478626799
4565    0.614770108603
4591    0.613383211526
4617    0.61205052743
4619    0.612033889329
4622    0.611999225348
4648    0.610704763188
4650    0.610692264133
4652    0.610692256523
4654    0.610682237132
4656    0.610680504535
4658    0.610665729886
4660    0.610655629327
4662    0.610655628
4664    0.610655626917
4666    0.610640906154
4668    0.610630378968
4670    0.610629742408
4672    0.610629734199
4674    0.610629734199
4676    0.610629531863
4678    0.610628480094
4680    0.610628480093
4682    0.610611392739
4684    0.610611294173
4686    0.610611266094
4688    0.610611266094
4690    0.610595104887
4692    0.610594839812
4718    0.608514365798
4720    0.608514361823
4746    0.606277993585
4748    0.606277385115
4750    0.606260938965
4776    0.604251929556
4778    0.604250647616
4780    0.604249522417
4782    0.604233181732
4808    0.602264394412
4810    0.602261768552
4812    0.602261692118
4814    0.602261691853
4816    0.602261144887
4818    0.6022609835
4820    0.602247545288
4822    0.602241668088
4824    0.602241612368
4826    0.602241580549
4828    0.602228657014
4830    0.602223386918
4832    0.602223386306
4834    0.602220659832
4836    0.602220619395
4838    0.602219713032
4840    0.602219044011
4842    0.602216805242
4844    0.602215725321
4846    0.602213820343
4848    0.602212948449
4850    0.602203351833
4852    0.602203307443
4878    0.601112152307
4880    0.60111132734
4882    0.601110379917
4884    0.601110379588
4886    0.601100454949
4888    0.601090932925
4890    0.601090024064
4892    0.601086420519
4894    0.601077371106
4920    0.599763439581
4922    0.599763439568
4948    0.596768583094
4950    0.596768556495
4952    0.596768284932
4954    0.596758628792
4956    0.596756419194
4958    0.596754391513
4960    0.596753965391
4962    0.596747571696
4964    0.596743751978
4966    0.596743566891
4968    0.596743566194
4970    0.596742638453
4996    0.595581715405
5000    0.595528985047
5004    0.59547673893
5030    0.594314840634
5056    0.593212160565
5058    0.593197301127
5060    0.593180902387
5086    0.592038538693
5088    0.592027091244
5090    0.592027084314
5092    0.592018080003
5094    0.592016493972
5096    0.592002484566
5098    0.591992324631
5100    0.591992324281
5102    0.591992323996
5104    0.591978356475
5106    0.591967768171
5108    0.59196705233
5110    0.591967052326
5112    0.591967052326
5114    0.591966916396
5116    0.591965873239
5118    0.591965873239
5120    0.591949148213
5122    0.591949050247
5124    0.591949022334
5126    0.591949022334
5128    0.591933200358
5130    0.591932936074
5156    0.590547060862
5158    0.590547057232
5184    0.588822895748
5186    0.588822618971
5188    0.588806559771
5214    0.586704085563
5216    0.586703030841
5218    0.586702104165
5220    0.586686116411
5246    0.584643213678
5248    0.584640477566
5250    0.584640349139
5252    0.584640348848
5254    0.584640222013
5256    0.584640062196
5258    0.584627450345
5260    0.584622651559
5262    0.584622596231
5264    0.584622564633
5266    0.584610432993
5268    0.584606135898
5270    0.584606135229
5272    0.584604186373
5274    0.584604146754
5276    0.584603629574
5278    0.584602777853
5280    0.584601449351
5282    0.584600564793
5284    0.584599385364
5286    0.584598673806
5288    0.584593904388
5290    0.584593886882
5316    0.583773106962
5318    0.583772505368
5320    0.583771516759
5322    0.583771515625
5324    0.583762402439
5326    0.58375365862
5328    0.58375276762
5330    0.58374918727
5332    0.583740903519
5358    0.582729617975
5360    0.582729617966
5386    0.580117239535
5388    0.580117133051
5390    0.580116412628
5392    0.58010780712
5394    0.580106032238
5396    0.580104403413
5398    0.580103485101
5400    0.580097921265
5402    0.580094630041
5404    0.580094478602
5406    0.580094478043
5408    0.580093643589
5434    0.579262726748
5439    0.579192012331
5446    0.579083753594
5472    0.578146850757
5498    0.577266666426
5500    0.577254165745
5502    0.577239762685
5528    0.576263678299
5530    0.576253272188
5532    0.57625326583
5534    0.576245247653
5536    0.576243753146
5538    0.576230458275
5540    0.576220237363
5542    0.576220234296
5544    0.576220231794
5546    0.57620696833
5548    0.576196317805
5550    0.576195544825
5552    0.576195540631
5554    0.576195540631
5556    0.57619544316
5558    0.576194409559
5560    0.576194409559
5562    0.57617824546
5564    0.57617814802
5566    0.576178120251
5568    0.576178120251
5570    0.576162827068
5572    0.57616256364
5598    0.575269066924
5600    0.575269063744
5626    0.5739436425
5628    0.573943549537
5630    0.573927992119
5656    0.571772357416
5658    0.571771464117
5660    0.571770678516
5662    0.571755159982
5688    0.569679836714
5690    0.569676946114
5692    0.569676808498
5694    0.569676808193
5696    0.569676807473
5698    0.569676649437
5700    0.569664773028
5702    0.569660853401
5704    0.569660798423
5706    0.569660767024
5708    0.569649340076
5710    0.56964583583
5712    0.569645835096
5714    0.569644422505
5716    0.569644383717
5718    0.569644103091
5720    0.569643105068
5722    0.569642314752
5724    0.569641561434
5726    0.569640820985
5728    0.569640217088
5730    0.569638293595
5732    0.569638286571
5758    0.569021619805
5760    0.569021196125
5762    0.569020192851
5764    0.569020186294
5766    0.56901180873
5768    0.569003770432
5770    0.569002881129
5772    0.568999411232
5774    0.568991821608
5800    0.568242621415
5802    0.568242621409
5828    0.565990611548
5830    0.565990396309
5832    0.565989205362
5834    0.565981530413
5836    0.565980087512
5838    0.565978763296
5840    0.565977360875
5842    0.565972522062
5844    0.565969649975
5846    0.5659695304
5848    0.565969529951
5850    0.565968785794
5876    0.565404212781
5880    0.565351060805
5887    0.56524337495
5913    0.564511758688
5939    0.563829990343
5941    0.563819200575
5943    0.563806709248
5969    0.562990770932
5971    0.56298135134
5973    0.562981345499
5975    0.562974231639
5977    0.56297279411
5979    0.562960176275
5981    0.562949893146
5983    0.562949886785
5985    0.562949881596
5987    0.562937285795
5989    0.562926572143
5991    0.562925758148
5993    0.562925746671
5995    0.562925746671
5997    0.562925672335
5999    0.562924648543
6001    0.562924648543
6003    0.56290919428
6005    0.562909097339
6007    0.562909069708
6009    0.562909069708
6011    0.562894447518
6013    0.562894184992
6039    0.562336787778
6041    0.562336785077
6067    0.561315457645
6069    0.561315445119
6071    0.561300471743
6097    0.559136391797
6099    0.55913561757
6101    0.559134936061
6103    0.559119971595
6129    0.557056634548
6131    0.557053569843
6133    0.557053459104
6135    0.557053458796
6137    0.557053391313
6139    0.557053235196
6141    0.557042016806
6143    0.557038814161
6145    0.557038759518
6147    0.557038728309
6149    0.5570279318
6151    0.557025073787
6153    0.557025072978
6155    0.557024032914
6157    0.55702399496
6159    0.557023853813
6161    0.557022742321
6163    0.557022272085
6165    0.557021608997
6167    0.557021137371
6169    0.557020607477
6171    0.557020125119
6173    0.557020122247
6191    0.556702562345
6193    0.556702284181
6195    0.556701292859
6197    0.556701269472
6199    0.556693592771
6201    0.556686226732
6203    0.556685323551
6205    0.556682028183
6207    0.556675098696
6233    0.556141471071
6235    0.556141471067
6261    0.554215580358
6263    0.554215243036
6265    0.554213663515
6267    0.554206815715
6269    0.554205629903
6271    0.55420454159
6273    0.55420275055
6275    0.554198547034
6277    0.554196012249
6279    0.554195920317
6281    0.554195919958
6283    0.554195253651
6285    0.554180250573
6288    0.554145479921
6292    0.554093006669
6318    0.553494879792
6344    0.552940490333
6346    0.552930815372
6348    0.552919244594
6374    0.552220751563
6376    0.552212284067
6378    0.5522122787
6380    0.552205987817
6382    0.552204585175
6384    0.552192618208
6386    0.552182271851
6388    0.552182262649
6390    0.552182255144
6392    0.552170301629
6394    0.552159524062
6396    0.552158680433
6398    0.55215866208
6400    0.55215866208
6402    0.552158602199
6404    0.552157588055
6406    0.552157588055
6408    0.55214294827
6410    0.552142851837
6412    0.552142824347
6414    0.552142824347
6416    0.552128973129
6418    0.552128711541
6420    0.552114040727
6422    0.552114038532
6448    0.551244739609
6450    0.551244735622
6452    0.551230790396
6478    0.549103739418
6480    0.549103067608
6482    0.549102475746
6484    0.549088504562
6510    0.547080538957
6512    0.547077321231
6514    0.547077254694
6516    0.547077254393
6518    0.547076992985
6520    0.547076838888
6522    0.547066214372
6524    0.547063596637
6526    0.547063542322
6528    0.547063511301
6530    0.547053283718
6532    0.547050952557
6534    0.547050951664
6536    0.547050172491
6538    0.54705013537
6540    0.547050072656
6542    0.547048870062
6544    0.547048603075
6546    0.547048006232
6548    0.547047712081
6550    0.54704723646
6552    0.547047150747
6554    0.547047149591
6556    0.54703025636
6558    0.547030094964
6560    0.547029134743
6562    0.547029075952
6564    0.547022082861
6566    0.547015372613
6568    0.547014444379
6570    0.547011364431
6572    0.547005076974
6574    0.546989911136
6576    0.546989911134
6602    0.545268256453
6604    0.545267782133
6606    0.545266487854
6608    0.54526037522
6610    0.545259408347
6612    0.545258520955
6614    0.545257013637
6616    0.545253366438
6618    0.545251131177
6620    0.545251066711
6622    0.54525106642
6624    0.545250478522
6626    0.545239815885
6629    0.545205090085
6633    0.545152109522
6659    0.544671123214
6670    0.544496150324
6672    0.544487533713
6674    0.544476900736
6700    0.543864615928
6702    0.543857054613
6704    0.543857049656
6706    0.543851529444
6708    0.543850147387
6710    0.54383879664
6712    0.543828386203
6714    0.543828374837
6716    0.543828365566
6718    0.543817020498
6720    0.54380617831
6722    0.543805312933
6724    0.543805289163
6726    0.543805289163
6728    0.543805238653
6730    0.543804238014
6732    0.543804238014
6734    0.543790884531
6736    0.543790787492
6738    0.543790759827
6740    0.543790759827
6742    0.543778128182
6744    0.543777866718
6746    0.543766558753
6748    0.543766556975
6774    0.543028099525
6776    0.543028054763
6778    0.543015041528
6804    0.540967501061
6806    0.5409669068
6808    0.540966382842
6810    0.540953316069
6836    0.539039543156
6838    0.539036178968
6840    0.539036154171
6842    0.539036153886
6844    0.539035617113
6846    0.539035465116
6848    0.539025382923
6850    0.539023242521
6852    0.53902318853
6854    0.539023157692
6856    0.539013449619
6858    0.539011548083
6860    0.539011547096
6862    0.539010952265
6864    0.539010915972
6866    0.539010893898
6868    0.539009615215
6870    0.539009479315
6872    0.539008933896
6874    0.539008760895
6876    0.539008327308
6878    0.539008253554
6880    0.53900825312
6882    0.538991546482
6884    0.538991473155
6886    0.53899052521
6888    0.538990128547
6890    0.538983814791
6892    0.538977756317
6894    0.538976816038
6896    0.538974609032
6898    0.538968957702
6900    0.53895713958
6902    0.538957139579
6928    0.537424590536
6930    0.537423982032
6932    0.53742291921
6934    0.537417458993
6936    0.537416661063
6938    0.537415928712
6940    0.537414654956
6942    0.537411493649
6944    0.537409499262
6946    0.537409458121
6948    0.537409457885
6950    0.537408945561
6952    0.537400967894
6954    0.537383808424
6958    0.537331926448
6960    0.53731589007
6962    0.537299904372
6964    0.537291893799
6966    0.537282252995
6992    0.53670925628
6994    0.536702576011
6996    0.536702571377
6998    0.536697791218
7000    0.536696420415
7002    0.536685652825
7004    0.536675177631
7006    0.536675164715
7008    0.53667515418
7010    0.536664385209
7012    0.536653477824
7014    0.536652596112
7016    0.536652568468
7018    0.536652568468
7020    0.53665252426
7022    0.536651530023
7024    0.536651530023
7026    0.536639351021
7028    0.536639254628
7030    0.536639227144
7032    0.536639227144
7034    0.536627709073
7036    0.536627448419
7038    0.536618872046
7040    0.536618870609
7066    0.535992561461
7068    0.535992448171
7070    0.535980287611
7096    0.534048458117
7098    0.534047925523
7100    0.534047455592
7102    0.534035220233
7128    0.532247120247
7130    0.532243631232
7132    0.532243629632
7134    0.532243629373
7136    0.532242769744
7138    0.532242619908
7140    0.532233039791
7142    0.532231289056
7144    0.532231235384
7146    0.532231204727
7148    0.532221977598
7150    0.532220426474
7152    0.532220425382
7154    0.532219962061
7156    0.532219926587
7158    0.532219922261
7160    0.532218588572
7162    0.532218521456
7164    0.532218012132
7166    0.532217908096
7168    0.532217504011
7170    0.532217441512
7172    0.532217441346
7174    0.532200919354
7176    0.532200897535
7178    0.532199953948
7180    0.532199269431
7182    0.532193558234
7184    0.532188077884
7186    0.532187131791
7188    0.532185309583
7190    0.532180220311
7192    0.532171275946
7194    0.532171275945
7220    0.530812140716
7222    0.53081140537
7224    0.530810531304
7226    0.530805651245
7228    0.530804984796
7230    0.53080437311
7232    0.530803292793
7234    0.530800556382
7236    0.53079875737
7238    0.530798735256
7240    0.530798735059
7242    0.530798295528
7244    0.530791164425
7246    0.530774831101
7248    0.530758437913
7250    0.530743663765
7252    0.530728937111
7254    0.530721493237
7256    0.530712227791
7282    0.530177107409
7284    0.530171182247
7286    0.53017117794
7288    0.530167015697
7290    0.530165650016
7292    0.530155441469
7294    0.530144900948
7296    0.530144886965
7298    0.530144875561
7300    0.530134659116
7302    0.530123686031
7304    0.530122791681
7306    0.530122761475
7308    0.530122761475
7310    0.530122721663
7312    0.530121733468
7314    0.530121733468
7316    0.530110628044
7318    0.530110532411
7320    0.530110505143
7322    0.530110505143
7324    0.530100004951
7326    0.530099745253
7328    0.530093362074
7330    0.530093360915
7356    0.529562851329
7358    0.529562656893
7360    0.529551283987
7386    0.527762834258
7388    0.527762353222
7390    0.527761928502
7392    0.527750464834
7418    0.52611055466
7420    0.526106972856
7422    0.526106965186
7424    0.526106964957
7426    0.526105761332
7428    0.526105613708
7430    0.526096505017
7432    0.526095072483
7434    0.526095019125
7436    0.526094988648
7438    0.526086213119
7440    0.526084947843
7442    0.526084946636
7444    0.526084578087
7446    0.52608454342
7448    0.526084543417
7450    0.526083170675
7452    0.526083139019
7454    0.526082655388
7456    0.526082591091
7458    0.52608220801
7460    0.526082155942
7462    0.526082155877
7464    0.526065816453
7466    0.526065815386
7468    0.526064872961
7470    0.526064007212
7472    0.526058830606
7474    0.526053863174
7476    0.526052914376
7478    0.526051274761
7480    0.526046682994
7482    0.526040146553
7484    0.526040146552
7510    0.524838726863
7512    0.524837874385
7514    0.524837154952
7516    0.524832790248
7518    0.524832227018
7520    0.524831710061
7522    0.524830790868
7524    0.524828425282
7526    0.524826786079
7528    0.524826775822
7530    0.524826775658
7532    0.524826395593
7534    0.524820098793
7536    0.524804550736
7538    0.524788615642
7540    0.524775034071
7542    0.524761496847
7544    0.524754580131
7546    0.524745672937
7572    0.524246630931
7574    0.524241372646
7576    0.524241368643
7578    0.524237746863
7580    0.524236382274
7582    0.524226703967
7584    0.524216097595
7586    0.524216082899
7588    0.524216070915
7590    0.524206378761
7592    0.524195339498
7594    0.524194435025
7596    0.524194403267
7598    0.524194403267
7600    0.52419436664
7602    0.52419338465
7604    0.52419338465
7606    0.524183261251
7608    0.524183166399
7610    0.524183139352
7612    0.524183139352
7614    0.524173570191
7616    0.524173311542
7618    0.524168666932
7620    0.524168666
7635    0.523917725748
7637    0.523917444542
7639    0.523906866843
7665    0.522279933241
7667    0.522279501367
7669    0.522279119829
7671    0.522268438138
7697    0.520789887682
7699    0.5207862612
7701    0.520786212887
7703    0.520786212691
7705    0.520784664652
7707    0.520784519278
7709    0.520775858999
7711    0.520774686376
7713    0.520774633329
7715    0.520774603028
7717    0.520766257092
7719    0.520765225026
7721    0.520765223694
7723    0.520764924158
7725    0.520764890285
7727    0.520764887124
7729    0.520763487214
7731    0.520763473338
7733    0.52076300824
7735    0.520762967181
7737    0.520762599263
7739    0.52076255672
7741    0.520762556693
7743    0.520746397609
7745    0.520746392046
7747    0.520745449661
7749    0.520744476526
7751    0.520739774739
7753    0.520735262887
7755    0.520734313053
7757    0.52073276575
7759    0.520728615191
7761    0.520724044099
7763    0.520724044098
7789    0.519665040338
7791    0.519664081428
7793    0.519663489173
7795    0.519659582392
7797    0.519659100898
7799    0.519658658954
7801    0.519657874665
7803    0.519655832491
7805    0.51965432507
7807    0.519654321506
7809    0.519654321371
7811    0.519653990135
7813    0.519648459547
7815    0.519633655675
7817    0.519618165581
7819    0.519605706545
7821    0.519593288773
7823    0.519586862877
7825    0.519578298266
7851    0.51911350826
7853    0.519108839172
7855    0.519108835452
7857    0.519105686299
7859    0.519104320152
7861    0.51909514475
7863    0.519084472022
7865    0.519084456865
7867    0.519084444504
7869    0.519075249825
7871    0.519064143911
7873    0.519063231022
7875    0.519063198454
7877    0.519063198454
7879    0.519063164229
7881    0.519062190484
7883    0.519062190484
7885    0.519053024582
7887    0.519052930181
7889    0.519052903261
7891    0.519052903261
7893    0.519044241639
7895    0.519043983946
7897    0.519040117652
7899    0.519040116912
7901    0.519023064005
7903    0.519022696717
7905    0.519012919072
7931    0.517556317092
7933    0.517555932612
7935    0.517555592767
7937    0.517545700048
7963    0.516233016938
7965    0.516229393098
7967    0.516229268986
7969    0.516229268822
7971    0.516227391963
7973    0.516227248866
7975    0.51621901969
7977    0.516218059427
7979    0.516218006684
7981    0.516217976558
7983    0.516210043689
7985    0.516209201907
7987    0.516209200441
7989    0.516208951692
7991    0.516208918599
7993    0.516208908469
7995    0.516207490153
7997    0.516207484796
7999    0.516207033244
8001    0.516207006011
8003    0.516206649188
8005    0.516206615218
8007    0.516206615206
8009    0.516190634146
8011    0.516190603695
8013    0.516189661136
8015    0.51618862293
8017    0.516184343533
8019    0.51618023696
8021    0.516179287091
8023    0.516177789867
8025    0.51617403135
8027    0.516171015841
8029    0.516171015841
8055    0.515239823012
8057    0.515238768497
8059    0.515238281185
8061    0.515234781436
8063    0.515234365225
8065    0.515233983196
8067    0.515233312388
8069    0.515231552069
8071    0.515230154176
8073    0.515230153638
8075    0.515230153525
8077    0.515229862585
8079    0.515225032137
8081    0.515210934262
8083    0.515195877164
8085    0.515184471058
8087    0.515173103226
8089    0.515167134689
8091    0.515158898269
8093    0.515141717415
8095    0.515137598243
8097    0.515137594764
8099    0.5151348841
8101    0.515133514655
8103    0.515124816239
8105    0.515114076649
8107    0.515114061202
8109    0.515114048604
8111    0.515105325962
8113    0.51509415291
8115    0.515093232767
8117    0.515093199916
8119    0.515093199916
8121    0.515093167576
8123    0.515092202169
8125    0.515092202169
8127    0.515083962632
8129    0.515083868672
8131    0.515083841877
8133    0.515083841877
8135    0.515076058047
8137    0.515075801361
8139    0.515071994054
8141    0.515071993472
8143    0.515055079067
8145    0.515054635017
8147    0.515045596872
8173    0.513759944195
8175    0.513759601635
8177    0.513759298704
8179    0.513750137456
8205    0.512600573011
8207    0.512596984702
8209    0.512596752708
8211    0.512596752575
8213    0.512594574294
8215    0.51259443349
8217    0.512586621988
8219    0.512585835284
8221    0.512585782841
8223    0.512585752885
8225    0.51257822029
8227    0.512577533779
8229    0.512577532168
8231    0.512577321186
8233    0.512577288857
8235    0.512577270162
8237    0.512575839852
8239    0.512575838246
8241    0.512575396736
8243    0.512575377892
8245    0.512575029307
8247    0.512575002934
8249    0.512575002928
8251    0.512559197502
8253    0.512559125912
8255    0.512558183353
8257    0.512557102882
8259    0.512553199868
8261    0.512549454439
8263    0.512548505217
8265    0.512547037757
8267    0.512543628237
8269    0.512541796807
8271    0.512541796807
8297    0.511724699311
8299    0.511723559629
8301    0.511723159144
8303    0.511720021332
8305    0.511719657709
8307    0.511719323944
8309    0.511718748998
8311    0.511717234126
8313    0.511715927959
8315    0.51171592775
8317    0.511715927655
8319    0.511715676077
8321    0.511710917316
8323    0.511697615525
8325    0.5116831107
8327    0.511671797384
8329    0.51166052207
8331    0.51165505922
8333    0.511647228554
8335    0.511630169866
8337    0.511626532973
8339    0.511626529721
8341    0.511624199185
8343    0.511622825313
8345    0.511614579353
8347    0.511603772451
8349    0.511603756831
8351    0.511603744093
8353    0.511595469401
8355    0.511584228774
8357    0.511583302176
8359    0.51158326941
8361    0.51158326941
8363    0.511583238611
8365    0.511582279505
8367    0.511582279505
8369    0.511574871874
8371    0.511574778737
8373    0.511574752176
8375    0.511574752176
8377    0.511567756564
8379    0.511567501137
8381    0.511563753241
8383    0.511563752783
8385    0.511546976428
8387    0.511546467014
8389    0.511538115658
8415    0.510417502789
8417    0.510417198173
8419    0.51041692869
8421    0.510408448404
8447    0.50941376671
8449    0.509410244436
8451    0.509409878062
8453    0.509409877957
8455    0.509407433675
8457    0.509407295172
8459    0.509399890281
8461    0.509399245464
8463    0.509399193315
8465    0.509399163527
8467    0.509392020685
8469    0.509391460883
8471    0.50939145912
8473    0.509391276507
8475    0.509391244927
8477    0.509391217364
8479    0.509389779729
8481    0.509389779491
8483    0.509389345544
8485    0.509389331901
8487    0.509388989536
8489    0.509388969773
8491    0.509388969771
8493    0.509373337601
8495    0.5093732121
8497    0.509372269874
8499    0.509371159277
8501    0.509367592236
8503    0.50936416918
8505    0.50936322113
8507    0.509361773475
8509    0.509358675191
8511    0.50935769706
8513    0.509357697059
8539    0.508641988363
8541    0.508640773284
8543    0.50864044478
8545    0.508637628953
8547    0.508637308046
8549    0.508637013487
8551    0.508636519816
8553    0.508635218513
8555    0.508633989731
8557    0.508633987516
8559    0.508633987435
8561    0.508633767946
8563    0.50862908095
8565    0.508616523834
8567    0.508602547542
8569    0.508591327322
8571    0.508580144831
8573    0.50857514858
8575    0.508567704207
8577    0.508550767401
8579    0.50854755364
8581    0.508547550598
8583    0.50854554941
8585    0.508544170386
8587    0.50853635359
8589    0.508525478936
8591    0.508525463223
8593    0.508525450409
8595    0.508517600786
8597    0.508506292156
8599    0.508505359654
8601    0.508505327225
8603    0.508505327225
8605    0.508505297736
8607    0.508504344937
8609    0.508504344937
8611    0.508497684443
8613    0.508497592161
8615    0.508497565844
8617    0.508497565843
8619    0.508491278063
8621    0.508491023981
8623    0.508487335846
8625    0.508487335484
8627    0.508470696682
8629    0.508470133732
8631    0.508462422325
8657    0.507496256851
8659    0.507495987055
8661    0.507495748293
8663    0.507487903675
8689    0.506636168534
8691    0.506632738702
8693    0.506632218463
8695    0.506632218382
8697    0.506629548221
8699    0.506629412018
8701    0.50662240378
8703    0.506621874996
8705    0.506621823135
8707    0.506621793513
8709    0.506615030963
8711    0.506614574567
8713    0.506614572641
8715    0.506614411543
8717    0.506614380695
8719    0.506614344675
8721    0.506612903104
8723    0.506612903095
8725    0.506612474949
8727    0.506612464604
8729    0.50661212702
8731    0.506612112887
8733    0.506612112886
8735    0.506596651576
8737    0.506596462309
8739    0.506595520802
8741    0.506594386666
8743    0.50659112002
8745    0.506587985205
8747    0.506587038768
8749    0.506585605923
8751    0.506582785653
8753    0.506582371042
8755    0.506582371042
8781    0.505956405809
8783    0.505955124294
8785    0.505954855539
8787    0.505952326277
8789    0.505952040351
8791    0.505951777897
8793    0.50595135336
8795    0.505950237706
8797    0.505949074673
8799    0.505949069006
8801    0.505949068938
8803    0.505948875738
8805    0.505944260528
8807    0.505932400205
8809    0.505918929846
8811    0.505907802975
8813    0.50589671356
8815    0.505892147711
8817    0.505885071135
8819    0.5058682559
8821    0.50586541353
8823    0.505865410687
8825    0.50586369467
8827    0.505862310035
8829    0.505854900294
8831    0.505843957455
8833    0.505843941701
8835    0.505843928853
8837    0.50583648257
8839    0.505825105512
8841    0.50582416749
8843    0.505824135571
8845    0.505824135571
8847    0.505824107231
8849    0.505823160895
8851    0.505823160895
8853    0.505817171459
8855    0.505817080036
8857    0.505817053963
8859    0.505817053962
8861    0.505811401864
8863    0.50581114919
8865    0.505807521096
8867    0.505807520809
8869    0.505791019021
8871    0.505790413802
8873    0.505783299867
8899    0.504958057356
8901    0.504957819698
8903    0.504957609315
8905    0.504950358948
8931    0.504227533381
8933    0.504224217415
8935    0.504223531335
8937    0.504223531274
8939    0.50422067728
8941    0.504220543369
8943    0.504213922035
8945    0.504213488168
8947    0.50421343659
8949    0.504213407128
8951    0.504207015612
8953    0.504206643605
8955    0.504206641509
8957    0.504206496873
8959    0.504206466741
8961    0.50420642303
8963    0.504204979972
8965    0.504204979695
8967    0.504204556091
8969    0.504204547883
8971    0.504204214056
8973    0.504204204582
8975    0.50420420458
8977    0.50418891173
8979    0.504188651271
8981    0.504187710877
8983    0.504186556968
8985    0.504183559333
8987    0.504180682647
8989    0.504179738209
8991    0.504178317575
8993    0.504175746026
8995    0.50417564492
8997    0.50417564492
9023    0.503628847578
9025    0.503627507733
9027    0.503627288604
9029    0.503625014498
9031    0.503624757444
9033    0.503624521491
9035    0.50362415592
9037    0.50362320148
9039    0.50362209469
9041    0.503622084761
9043    0.503622084703
9045    0.503621913145
9047    0.503617369696
9049    0.503606161553
9051    0.503593175606
9053    0.503582142291
9055    0.503571146154
9057    0.503566977188
9059    0.503560250832
9061    0.503543556824
9063    0.503541040576
9065    0.503541037918
9067    0.503539568653
9069    0.503538178127
9071    0.503531154446
9073    0.503520142995
9075    0.503520127235
9077    0.503520114384
9079    0.503513050805
9081    0.503501604897
9083    0.503500661629
9085    0.503500630333
9087    0.503500630333
9089    0.503500603034
9091    0.503499663315
9093    0.503499663315
9095    0.50349427665
9097    0.503494186086
9099    0.503494160257
9101    0.503494160257
9103    0.503489079084
9105    0.503488827879
9107    0.503485260038
9109    0.50348525981
9111    0.503468894461
9113    0.503468257149
9115    0.503461701462
9141    0.502762409548
9143    0.502762201544
9145    0.502762017365
9147    0.502755322759
9173    0.502146561808
9175    0.502143375883
9177    0.502142519279
9179    0.502142519234
9181    0.502139523175
9183    0.502139391542
9185    0.502133146978
9187    0.502132790779
9189    0.502132739478
9191    0.502132710175
9193    0.502126680058
9195    0.502126376919
9197    0.502126374646
9199    0.502126242704
9201    0.502126213272
9203    0.502126162781
9205    0.502124720003
9207    0.502124719276
9209    0.502124299313
9211    0.502124292519
9213    0.502123961712
9215    0.502123955942
9217    0.502123955941
9219    0.502108829154
9221    0.502108492103
9223    0.502107553206
9225    0.502106381873
9227    0.502103625498
9229    0.502100980316
9231    0.502100038226
9233    0.502098628358
9235    0.502096279641
9237    0.502096279521
9239    0.50209627952
9265    0.50163628455
9267    0.50163489269
9269    0.501634715728
9271    0.501632668918
9273    0.501632436227
9275    0.501632222635
9277    0.501631908646
9279    0.501631094039
9281    0.501630036353
9283    0.501630021793
9285    0.501630021743
9287    0.50162986809
9289    0.501625396325
9291    0.501614798788
9293    0.501602276755
9295    0.501591337151
9297    0.501580434448
9299    0.501576631325
9301    0.501570238476
9303    0.501553665327
9305    0.501551435583
9307    0.501551433098
9309    0.501550177179
9311    0.501548780603
9313    0.501542123051
9315    0.501531042565
9317    0.501531026823
9319    0.501531013985
9321    0.501524313512
9323    0.501512798335
9325    0.501511850018
9327    0.501511819421
9329    0.501511819421
9331    0.501511793084
9333    0.501510860122
9335    0.501510860121
9337    0.501506014934
9339    0.501505925229
9341    0.501505899645
9343    0.501505899645
9345    0.501501331274
9347    0.50150108159
9349    0.501497574152
9351    0.501497573969
9353    0.501481344446
9355    0.501480683909
9357    0.501474649735
9383    0.500886035265
9385    0.500885854503
9387    0.500885694411
9389    0.500879519353
9415    0.500370125808
9417    0.500367081057
9419    0.500366055814
9421    0.500366055782
9423    0.500362957522
9425    0.500362828147
9427    0.500356949492
9429    0.500356656871
9431    0.500356605842
9433    0.500356576694
9435    0.500350897645
9437    0.500350650706
9439    0.500350648248
9441    0.500350526168
9443    0.500350497419
9445    0.500350441079
9447    0.50034899985
9449    0.500348998644
9451    0.500348581674
9453    0.500348575833
9455    0.50034824752
9457    0.50034824452
9459    0.50034824452
9461    0.500333281409
9463    0.500332863311
9465    0.500331926273
9467    0.50033073724
9469    0.500328199301
9471    0.500325763724
9473    0.500324824307
9475    0.500323425728
9477    0.50032127847
9479    0.500321207337
9481    0.500321207337
9483    0.500304028868
9485    0.500302569136
9487    0.500302446023
9489    0.500300601746
9491    0.500300397107
9493    0.500300209263
9495    0.500299963658
9497    0.500299270178
9499    0.500298270261
9501    0.500298251002
9503    0.50029825096
9505    0.500298112191
9507    0.500293711981
9509    0.50028368627
9511    0.500271608596
9513    0.500260762791
9515    0.50024995361
9517    0.50024648758
9519    0.50024041233
9521    0.500223959609
9523    0.500221981683
9525    0.500221979361
9527    0.500220907748
9529    0.500219505037
9531    0.500213194681
9533    0.500202044714
9535    0.500202029004
9537    0.500202016193
9539    0.500195660205
9541    0.500184075317
9543    0.500183122094
9545    0.500183092245
9547    0.500183092245
9549    0.500183066814
9551    0.500182140733
9553    0.500182140733
9555    0.500177781993
9557    0.500177693146
9559    0.500177667806
9561    0.500177667805
9563    0.500173560051
9565    0.500173311938
9567    0.500169864986
9569    0.50016986484
9571    0.500153770461
9573    0.500153094238
9575    0.500147546821
9601    0.499654846397
9603    0.499654690484
9605    0.499654552374
9607    0.499648862507
9609    0.499631825156
9611    0.499629051793
9613    0.499627852728
9615    0.499627852705
9617    0.499624935623
9619    0.49962480848
9621    0.499619339242
9623    0.49961909868
9625    0.499619047913
9627    0.499619018915
9629    0.499613732985
9631    0.499613531905
9633    0.499613529256
9635    0.499613414884
9637    0.499613386803
9639    0.499613325491
