25    3.75069071367
51    3.62832108202
53    3.62831881691
59    3.62820545528
61    3.62820393055
87    3.58907422931
89    3.58907422931
115    3.56129120513
141    3.54504113741
167    3.51358867785
185    3.38971319125
211    3.3755303817
237    3.3629809178
263    3.34147982757
265    3.34147904614
291    3.33150996981
317    3.25013892479
319    3.25013892479
345    3.22565733133
371    3.10257506207
397    3.06566076347
423    2.96293711248
425    2.9629313199
427    2.96292699145
453    2.93724374844
479    2.92398837174
481    2.92398807693
505    2.80127034381
507    2.80127034381
512    2.8011912062
522    2.67666189404
537    2.55328199558
555    2.42945670484
557    2.42945660666
559    2.42945657558
561    2.42945134529
563    2.42944388427
565    2.42944387519
591    2.39944203569
593    2.39944203569
619    2.37667116313
645    2.25311245246
661    2.12962992593
687    2.02957881529
689    2.02956618215
691    2.0295570635
693    2.02954936968
719    2.01415066549
721    2.01414120566
740    1.89013725594
742    1.89013725594
744    1.89013533069
770    1.87247434293
796    1.75272529917
822    1.72521488732
848    1.71239776204
874    1.70086510479
895    1.69903584933
921    1.67902806179
947    1.66978400414
973    1.65653677737
975    1.65653677737
1001    1.64426326508
1027    1.62670349074
1053    1.50989368998
1079    1.38702111133
1105    1.37196678716
1131    1.3589092831
1157    1.35409862835
1160    1.35407017004
1186    1.3432582576
1197    1.21899383348
1199    1.21899383348
1201    1.21899156248
1227    1.11933803098
1253    0.998890624667
1279    0.914673332082
1305    0.897851427613
1331    0.894933475669
1345    0.894215458992
1371    0.871359119926
1391    0.870871021808
1417    0.76717856548
1419    0.767178558032
1445    0.75208141698
1447    0.752079936985
1449    0.752078783251
1451    0.752078057998
1453    0.752077167797
1455    0.752076664808
1481    0.73857857845
1483    0.738576125587
1509    0.728570762176
1535    0.721709488329
1561    0.707416442595
1563    0.707411548951
1589    0.700781743149
1615    0.695429159907
1641    0.685806865399
1644    0.685773321571
1670    0.681481829471
1696    0.676263299161
1698    0.676263298722
1724    0.673962921902
1726    0.673955326527
1752    0.657453990204
1778    0.655700333705
1780    0.655700290469
1782    0.655700258147
1808    0.645491795211
1815    0.645392998648
1817    0.645391707552
1819    0.64539086098
1821    0.645390860686
1823    0.645385383191
1825    0.64538519049
1827    0.645382522069
1829    0.645372772315
1831    0.645372756418
1833    0.645372751295
1835    0.64537136993
1837    0.645365474839
1839    0.645365472864
1865    0.631143622922
1867    0.63114362273
1893    0.619467362536
1895    0.619467304085
1897    0.619467153181
1923    0.617555738977
1925    0.617551198496
1927    0.617547907802
1929    0.617547824651
1938    0.617409512844
1940    0.617404200152
1942    0.617402233872
1944    0.617402233331
1946    0.617401604449
1972    0.609467345176
1974    0.609455257478
2000    0.59625637274
2026    0.590068070389
2052    0.584989338563
2054    0.584977488307
2080    0.575487329486
2106    0.571369572954
2132    0.561523840088
2134    0.56152383841
2160    0.551502029371
2186    0.543710040057
2189    0.543681277028
2191    0.543675509962
2217    0.536627842087
2243    0.531187871525
2246    0.531161039259
2248    0.531160813024
2274    0.527025578982
2276    0.52702472486
2278    0.527024724769
2280    0.527024398435
2282    0.527024187696
2286    0.526980401235
2312    0.521899730921
2314    0.521889933973
2316    0.521880774994
2318    0.521875029293
2344    0.520862271858
2346    0.520849616904
2372    0.518920618766
2374    0.518920593907
2380    0.518841813893
2382    0.518841176058
2384    0.518840839596
2386    0.518840583468
2388    0.518840324066
2390    0.51884014659
2416    0.514367001766
2418    0.514361234243
2444    0.510427324684
2470    0.508080459086
2496    0.501054138819
2498    0.501051705984
2524    0.498289889876
2550    0.496140684011
2576    0.49155395447
2580    0.491504272304
2606    0.489705680153
2615    0.489573349438
2617    0.489573348279
2642    0.488966023842
2644    0.488961434208
2670    0.482811719782
2672    0.482799104384
2674    0.482798911822
2676    0.482798768061
2702    0.479188123312
2704    0.479176230351
2706    0.479173129727
2708    0.479171818801
2710    0.479171818507
2712    0.479167206413
2714    0.479167066907
2716    0.47916635367
2718    0.47916125576
2720    0.479161228755
2722    0.479161220039
2724    0.479160850346
2726    0.479157751678
2728    0.479157748467
2754    0.473743754684
2756    0.473743754344
2782    0.468455490954
2784    0.468454130084
2786    0.46845314286
2788    0.468440974666
2790    0.468439006949
2792    0.468437580253
2794    0.468437026459
2796    0.46842584912
2798    0.468422641677
2800    0.468420884367
2802    0.468420883848
2804    0.468420140542
2830    0.465487065598
2832    0.465474982389
2858    0.45858192887
2884    0.456006214342
2910    0.453966744447
2912    0.453958266826
2938    0.449133255672
2964    0.447363529736
2990    0.440434125168
2992    0.4404341196
3018    0.433347790666
3044    0.431113543697
3046    0.431106493697
3048    0.431104883646
3074    0.428652245234
3100    0.426840043834
3102    0.426834849518
3104    0.426830095801
3130    0.425471611033
3132    0.425470953416
3134    0.425470953327
3136    0.425470537754
3138    0.425470417333
3140    0.425461767416
3148    0.425345938062
3150    0.425338073998
3152    0.425330721952
3154    0.425327040189
3156    0.425317775455
3158    0.42530706906
3162    0.425263952211
3164    0.425263922926
3166    0.425254647999
3168    0.425254346711
3170    0.425252583901
3172    0.425252495223
3174    0.425251137939
3176    0.425251076686
3202    0.423789707074
3204    0.423781288669
3230    0.422099689334
3256    0.42141727405
3282    0.417896667389
3284    0.417895585728
3310    0.416757150063
3336    0.415883050747
3362    0.413674444299
3365    0.413652248718
3391    0.412879525563
3393    0.41287719338
3395    0.412877191792
3400    0.412818455971
3402    0.412814277375
3428    0.410718899017
3430    0.410707741061
3432    0.410707343745
3434    0.410707047266
3460    0.409498263112
3462    0.409487806811
3464    0.409483867542
3466    0.409482176884
3468    0.409482176592
3470    0.409478127128
3472    0.409477994088
3474    0.409477802859
3476    0.409475602054
3478    0.409475573514
3480    0.409475564295
3482    0.409475465094
3484    0.409474124137
3486    0.409474120771
3512    0.407751101764
3514    0.407751101331
3540    0.405348188141
3542    0.405345596682
3544    0.405343901953
3546    0.405333427348
3548    0.405332389048
3550    0.405331636069
3552    0.405330689547
3554    0.405321092325
3556    0.40531880079
3558    0.405317197423
3560    0.405317196922
3562    0.4053163645
3588    0.404336548137
3590    0.404325020246
3616    0.400466046962
3642    0.399398504233
3668    0.398563291253
3670    0.39855763591
3696    0.395960821059
3722    0.395159409985
3748    0.390577724054
3750    0.390577713677
3776    0.385683228839
3802    0.385229850797
3804    0.385226227198
3806    0.38522539715
3832    0.384409609207
3858    0.383815097574
3860    0.383813698696
3862    0.383805346876
3888    0.383351790561
3890    0.383351207996
3892    0.383351207911
3894    0.383350752872
3896    0.38335074826
3898    0.383344485581
3900    0.383332097087
3902    0.383325770041
3904    0.383319854819
3906    0.383317556143
3908    0.383309453325
3910    0.38330042429
3912    0.383288973722
3914    0.383288944352
3916    0.383281153084
3918    0.383280997852
3920    0.383278594661
3922    0.383278566493
3924    0.38327671696
3926    0.383276697653
3951    0.382836790584
3953    0.382826513682
3979    0.382030762798
3981    0.382023461256
4007    0.380299499347
4009    0.380294317962
4035    0.379730999466
4061    0.379300219029
4087    0.378244478458
4089    0.378234798044
4111    0.377912288469
4113    0.377909648442
4115    0.377909646757
4117    0.377895650644
4119    0.377891241545
4145    0.377196876746
4147    0.377187110674
4149    0.37718670755
4151    0.377186406793
4169    0.376901678225
4171    0.37689259235
4173    0.376888575094
4175    0.376886594228
4177    0.376886593938
4179    0.376882921014
4181    0.376882792504
4183    0.376882741095
4185    0.37688186223
4187    0.376881832685
4189    0.376881823138
4191    0.376881796451
4193    0.3768812604
4195    0.376881256934
4218    0.376488011911
4220    0.37648801143
4246    0.375283802021
4248    0.375280383976
4250    0.375279200522
4252    0.375270182741
4254    0.375269530198
4256    0.375269056921
4258    0.375268394461
4260    0.375260151377
4262    0.375258300382
4264    0.375256821763
4266    0.375256821276
4268    0.375255912014
4271    0.375228010186
4273    0.375218102537
4299    0.373003845273
4325    0.372444794445
4351    0.372008553045
4353    0.3720045982
4379    0.370548663913
4405    0.370102105415
4431    0.367251432358
4433    0.367251417459
4459    0.363937932497
4461    0.36393558047
4463    0.363934234942
4465    0.363933135336
4471    0.363861525237
4473    0.363847723826
4475    0.363847597325
4477    0.363840199675
4481    0.363797657827
4483    0.363797124088
4485    0.363797124003
4487    0.363796641649
4489    0.363796604041
4491    0.363792026739
4493    0.363780877737
4495    0.363775759042
4497    0.363770973473
4499    0.363769572392
4501    0.363762453246
4503    0.363754777031
4505    0.363744895082
4507    0.363744865642
4509    0.363738328534
4511    0.363738240935
4513    0.363736034341
4515    0.363736027081
4517    0.363734329192
4519    0.363734324314
4521    0.363726854707
4523    0.363715591374
4549    0.36321602924
4551    0.363214010781
4577    0.362390437127
4579    0.362384629519
4581    0.36237180803
4583    0.362359117536
4609    0.361877849058
4611    0.361869185365
4613    0.361855269323
4615    0.36185224753
4617    0.361852245905
4619    0.361838806877
4621    0.36183397729
4623    0.361820221685
4625    0.36181181312
4627    0.36181155116
4629    0.361811355712
4631    0.361797879037
4633    0.361790099471
4635    0.36178650241
4637    0.361784308758
4639    0.361784308471
4641    0.36178089386
4643    0.361780769414
4645    0.361780755533
4647    0.361780398411
4649    0.361780367908
4651    0.361780358049
4653    0.36178035084
4655    0.361780132972
4657    0.361780129407
4659    0.361775793363
4661    0.361775792862
4687    0.361038679941
4689    0.361034762883
4691    0.361034326494
4693    0.361026561823
4695    0.361026087541
4697    0.361025743536
4699    0.361025496885
4701    0.361018415645
4703    0.36101679425
4705    0.36101541981
4707    0.36101541933
4709    0.361014441064
4711    0.36100836926
4713    0.360999927593
4739    0.359693553034
4741    0.359680444768
4743    0.35966746096
4745    0.359664658488
4771    0.358831369202
4789    0.358576879777
4815    0.356915355566
4817    0.356915336692
4843    0.354719360972
4845    0.354717367071
4847    0.35471711775
4849    0.354715556608
4851    0.354701836731
4853    0.354688284509
4855    0.354688216615
4857    0.354681745037
4860    0.35465381461
4862    0.354653299364
4864    0.35465329928
4866    0.354652806364
4868    0.354652628441
4870    0.35464924459
4872    0.354639206203
4874    0.35463503918
4876    0.354631143327
4878    0.354630316933
4880    0.354624066183
4882    0.354617484955
4884    0.354608948451
4886    0.354608918956
4888    0.354603442015
4890    0.354603388515
4892    0.354601993754
4894    0.354601992837
4896    0.354600919717
4898    0.354600919153
4900    0.354597147232
4902    0.354585387935
4907    0.354527637752
4909    0.354524969513
4924    0.354307214347
4926    0.354300819781
4928    0.354287787382
4930    0.354274887794
4932    0.354262802325
4934    0.354254678244
4936    0.354241124663
4938    0.35423849486
4940    0.354238493455
4942    0.354225899566
4944    0.354220691584
4946    0.354207474952
4948    0.354200272501
4950    0.354200086219
4952    0.354199947232
4954    0.354187003614
4956    0.35418034211
4958    0.354176976324
4960    0.354174631403
4962    0.354174631118
4964    0.354171397849
4966    0.3541712766
4968    0.35417127282
4970    0.354171109563
4972    0.354171078251
4974    0.35417106813
4976    0.354171066166
4978    0.354170966614
4980    0.354170962962
4982    0.354170349577
4984    0.354170349064
5010    0.3537323674
5012    0.353728177012
5014    0.353728011601
5016    0.353721324703
5018    0.353720936934
5020    0.35372065567
5022    0.353720560678
5024    0.353714476896
5026    0.353712977512
5028    0.353711692189
5030    0.35371169171
5032    0.353710649442
5034    0.353704397569
5036    0.353697626761
5062    0.35294818309
5064    0.352935834332
5066    0.352923602325
5068    0.352921661668
5094    0.352434329245
5099    0.352377770366
5125    0.351450415559
5127    0.351450393796
5153    0.349989677189
5155    0.349987740863
5157    0.349987739726
5159    0.349985757757
5161    0.349972231681
5163    0.349958870902
5165    0.349958395647
5167    0.349952587222
5169    0.349938773184
5171    0.34993826497
5173    0.349938264885
5175    0.34993776829
5177    0.349937383809
5179    0.349934850482
5181    0.34992580787
5183    0.349922393132
5185    0.349919200599
5187    0.349918735186
5189    0.349913251124
5191    0.349907560594
5193    0.349900179102
5195    0.349900149568
5197    0.349895568382
5199    0.349895533124
5201    0.349894692937
5203    0.349894692895
5205    0.349894046564
5207    0.349894046514
5209    0.34989059539
5211    0.349879225395
5213    0.349865509958
5215    0.349862741656
5217    0.349849192789
5219    0.349842478601
5221    0.349829824625
5223    0.349817299524
5225    0.349805535459
5227    0.349797703359
5229    0.349784559828
5231    0.349782278539
5233    0.349782277324
5235    0.349770465227
5237    0.349765046086
5239    0.349752349205
5241    0.349746179448
5243    0.349746030547
5245    0.34974591945
5247    0.349733488976
5249    0.34972778431
5251    0.349724550637
5253    0.349722101203
5255    0.34972210092
5257    0.349718997951
5259    0.349718877703
5261    0.349718876655
5263    0.349718800126
5265    0.349718768613
5267    0.349718758426
5269    0.349718757883
5271    0.349718711257
5273    0.349718707584
5275    0.349718669815
5277    0.349718669293
5279    0.349705053568
5281    0.349700702295
5283    0.349700652415
5285    0.349694892487
5287    0.349694554264
5289    0.349694308935
5291    0.34969427929
5293    0.349689052143
5295    0.349687627858
5297    0.349686398983
5299    0.349686398506
5301    0.349685313137
5303    0.349678076598
5305    0.349672642681
5331    0.349239594464
5333    0.349226757671
5335    0.349214041754
5337    0.349212740669
5339    0.349199990984
5341    0.349185953788
5367    0.348709048233
5369    0.348709025017
5395    0.347723765225
5397    0.347721867131
5399    0.34772179221
5401    0.347719451269
5403    0.347706051824
5405    0.347692816132
5407    0.347691867988
5409    0.34768654032
5411    0.347672888555
5413    0.347672383078
5415    0.347672382994
5417    0.347671885449
5419    0.347671257466
5421    0.347669334447
5423    0.347661184917
5425    0.347658367058
5427    0.347655732557
5429    0.34765548771
5431    0.347650680367
5433    0.347645717874
5435    0.347639328519
5437    0.347639298958
5439    0.347635474015
5441    0.347635448013
5443    0.347634941412
5445    0.347634940578
5447    0.34763455094
5449    0.347634550268
5451    0.347631249349
5453    0.347620540572
5455    0.347607177501
5457    0.347604580084
5459    0.347591344966
5461    0.347584444808
5463    0.347572157487
5465    0.347559995279
5467    0.347548544146
5469    0.347540887005
5471    0.347528140455
5473    0.347526168553
5475    0.347526167502
5477    0.347515079537
5479    0.347509547966
5481    0.347497351738
5483    0.347492065911
5485    0.347491936647
5487    0.347491840202
5489    0.347479903502
5491    0.347475017595
5493    0.347471862634
5495    0.347469343317
5497    0.347469343037
5499    0.347466336038
5501    0.347466217907
5503    0.347466217606
5505    0.347466188726
5507    0.347466156626
5509    0.347466146249
5511    0.347466146095
5513    0.34746612853
5515    0.347466124794
5517    0.347466074115
5519    0.347466073598
5521    0.347452694257
5523    0.347448269877
5525    0.347448255038
5527    0.347443292443
5529    0.347442980428
5531    0.347442754106
5533    0.347442744702
5535    0.347438253419
5537    0.347436871943
5539    0.347435676628
5541    0.347435676152
5543    0.347434564211
5545    0.347426579639
5547    0.347422217828
5553    0.347350105069
5555    0.347337298376
5557    0.347324612193
5559    0.347323786531
5561    0.347310947145
5563    0.347296996386
5565    0.347286943939
5567    0.34728692076
5593    0.34652055289
5595    0.346518770892
5597    0.34651870179
5599    0.346516064691
5601    0.346502970941
5603    0.346490037222
5605    0.346489099333
5607    0.346484120614
5609    0.346470796113
5611    0.346470291866
5613    0.346470291782
5615    0.346469794341
5617    0.346468906507
5619    0.346467424703
5621    0.34646007636
5623    0.346457733913
5625    0.346455543886
5627    0.346455428261
5629    0.346451218018
5631    0.346446853508
5633    0.346441316878
5635    0.346441287302
5637    0.346438100223
5639    0.346438079085
5641    0.3464377723
5643    0.346437770513
5645    0.346437534607
5647    0.346437533223
5649    0.346434379249
5651    0.346424292639
5653    0.346411272683
5655    0.346408838173
5657    0.346395909758
5659    0.346388903719
5661    0.346376971463
5663    0.346365160724
5665    0.346354014427
5667    0.346346466571
5669    0.346334104414
5671    0.346332406509
5673    0.346332405599
5675    0.346321988731
5677    0.34631640189
5679    0.346304687648
5681    0.346300158331
5683    0.346300039933
5685    0.346299951595
5687    0.346288489953
5689    0.346284304645
5691    0.34628119924
5693    0.346278635316
5695    0.34627863504
5697    0.346275700723
5699    0.346275582798
5701    0.346275582706
5703    0.346275571705
5705    0.346275539577
5707    0.346275529191
5709    0.346275529145
5711    0.346275522478
5713    0.346275518741
5715    0.346275453258
5717    0.346275452746
5719    0.346262304247
5721    0.346257854823
5723    0.34625785053
5725    0.346253573794
5727    0.346253276494
5729    0.346253060845
5731    0.346253057776
5733    0.346249198697
5735    0.346247843535
5737    0.346246667365
5739    0.34624666689
5741    0.346245539684
5743    0.346237650358
5745    0.346234131314
5747    0.346220232665
5749    0.346207679635
5751    0.346195244775
5753    0.346194744465
5755    0.346182058015
5757    0.346168354016
5759    0.346162100215
5761    0.346162077347
5787    0.345567181098
5789    0.345565518971
5791    0.345565458641
5793    0.345562581892
5795    0.345549807984
5797    0.345537190216
5799    0.345536273917
5801    0.345531550241
5803    0.345518565636
5805    0.345518062119
5807    0.345518062036
5809    0.34551756512
5811    0.345516415275
5813    0.345515255011
5815    0.345508625577
5817    0.345506663332
5819    0.345504828763
5821    0.345504783731
5823    0.345501100108
5825    0.345497229155
5827    0.34549242585
5829    0.345492396271
5831    0.345489746627
