26    3.53940205212
52    3.39750412443
78    3.27871204816
104    3.16867999402
130    3.16421971557
156    3.14180342486
182    3.11404741649
208    3.06671458556
231    2.94321758355
257    2.90989662376
283    2.89807109293
308    2.77495945364
334    2.76086930194
360    2.60933941553
375    2.48521847179
397    2.36119832238
399    2.36119810692
425    2.33603051922
451    2.31274021917
477    2.19498641895
503    2.07939865379
518    1.95500252687
544    1.94028981402
570    1.84399643762
596    1.81264799637
622    1.68245682664
648    1.5607494491
659    1.43618236786
661    1.4361817077
673    1.31260672385
695    1.30804015546
716    1.18288300052
742    1.06012849057
762    0.935991829985
764    0.935984159835
790    0.837927766246
816    0.816851114517
842    0.686651301756
868    0.491418103135
894    0.464059732221
920    0.450177268129
946    0.443766948027
972    0.438976395587
976    0.438918814377
999    0.437676171958
1001    0.437675329065
1027    0.427579890182
1053    0.419245510051
1079    0.402435446574
1081    0.402435382175
1107    0.388206536239
1133    0.381488155378
1135    0.381487962315
1161    0.375728106115
1187    0.36488449991
1189    0.364884490032
1191    0.364884098691
1193    0.364884083754
1219    0.354603926471
1245    0.347096577486
1271    0.338916568854
1284    0.338511391627
1286    0.338511388687
1288    0.338499204112
1309    0.337786345178
1335    0.335266394103
1358    0.334576745863
1360    0.334571560836
1362    0.33457155619
1364    0.334571556171
1366    0.334571556119
1368    0.334558230084
1370    0.334552010641
1372    0.334550977656
1374    0.33455097754
1376    0.334550973658
1394    0.333995269827
1420    0.332621996275
1443    0.331907674423
1469    0.306845634445
1495    0.298890000452
1521    0.290000838322
1547    0.289141901614
1573    0.287666513701
1575    0.287665396146
1577    0.287659580848
1579    0.287659512446
1605    0.283428361678
1631    0.279758741265
1657    0.271540311736
1659    0.271540306785
1685    0.265063217854
1711    0.261392211091
1713    0.261392203476
1739    0.258362177176
1765    0.252583639778
1767    0.252583634956
1769    0.252583634514
1771    0.252583623887
1797    0.248762767121
1823    0.245365968491
1849    0.242014293533
1851    0.242010783567
1853    0.242010782581
1855    0.242009205822
1857    0.24200578393
1876    0.241501448135
1878    0.241484938458
1880    0.241481313966
1882    0.241481310875
1884    0.241481310873
1886    0.241481310832
1888    0.241470520652
1890    0.241465447552
1892    0.24146538357
1894    0.241465377942
1896    0.24146537706
1898    0.241461785495
1905    0.241339245478
1907    0.24132231033
1933    0.22898358406
1959    0.225505601871
1985    0.219810292385
1987    0.219800098286
2013    0.219037505863
2015    0.219037419016
2017    0.219036313539
2019    0.219036298736
2045    0.217097631401
2071    0.214719804206
2097    0.209656842108
2099    0.209656839589
2125    0.206515748818
2151    0.204429169453
2153    0.204429169453
2179    0.202390826139
2205    0.198591301561
2207    0.198591299058
2209    0.198591296856
2211    0.198591289754
2237    0.197007705583
2263    0.194661593436
2289    0.192490944129
2291    0.192489784941
2293    0.192489784923
2295    0.192489478664
2297    0.192487645548
2299    0.192470652048
2301    0.19245500308
2303    0.19245244987
2305    0.192452447308
2307    0.192452447308
2309    0.192452447279
2311    0.192443648127
2313    0.192439367781
2315    0.19243933389
2317    0.192439328463
2319    0.19243932766
2321    0.192436559989
2323    0.192419840987
2325    0.192403821323
2351    0.184799913901
2377    0.182804816837
2403    0.178651171631
2405    0.178645773077
2414    0.178489308274
2416    0.17848930015
2418    0.17848917111
2420    0.178489168131
2446    0.177489012144
2472    0.175575721045
2498    0.171748630188
2500    0.171748628708
2526    0.170088644167
2552    0.168812182337
2554    0.168812181291
2580    0.167091720072
2606    0.164275256113
2608    0.164275254681
2610    0.164275251916
2612    0.164275247082
2638    0.163501060305
2664    0.161565770809
2690    0.159842018684
2692    0.159841040346
2694    0.159841040283
2696    0.159840957294
2698    0.159839327824
2700    0.159823170551
2702    0.159808330445
2704    0.159806519123
2706    0.159806516812
2708    0.159806516812
2710    0.159806516792
2712    0.159799300847
2714    0.159795582493
2716    0.159795557722
2718    0.159795551228
2720    0.159795550117
2722    0.159793108132
2724    0.159777342241
2726    0.159762175862
2752    0.154251057331
2778    0.153006667033
2804    0.149470028083
2806    0.149465705953
2808    0.149448070294
2810    0.149448069418
2812    0.149448068509
2814    0.149448068435
2840    0.148872835888
2866    0.147237632963
2892    0.144012007019
2894    0.144012006096
2920    0.143058438553
2946    0.142215961702
2948    0.142215959876
2974    0.140599486428
3000    0.138371209553
3002    0.138371208657
3004    0.138371205737
3006    0.138371202332
3016    0.138197549956
3042    0.136556355007
3068    0.1351206517
3070    0.135119819003
3072    0.135119818906
3074    0.135119802099
3076    0.135118349897
3078    0.135102939297
3080    0.135088860822
3082    0.135087567055
3084    0.13508756491
3086    0.13508756491
3088    0.135087564897
3090    0.135081620343
3092    0.135078313734
3094    0.135078295062
3096    0.135078287558
3098    0.135078286549
3100    0.135076124361
3102    0.135061249217
3104    0.135046889864
3130    0.130553569642
3156    0.129767863887
3182    0.126478188825
3184    0.126474126162
3186    0.126456934441
3188    0.126456934338
3190    0.126456919343
3192    0.126456919341
3194    0.126440473153
3220    0.125026076901
3246    0.122183035146
3248    0.12218303454
3273    0.121629484095
3299    0.121038059506
3301    0.121038057619
3327    0.119486644899
3353    0.117657053467
3355    0.11765705283
3357    0.117657049552
3359    0.117657047028
3361    0.117641454583
3387    0.116270716388
3413    0.11508126118
3415    0.115080547315
3417    0.115080547199
3419    0.115080545209
3421    0.115079247573
3423    0.115064549159
3425    0.115051188721
3427    0.115050258453
3429    0.115050256445
3431    0.115050256445
3433    0.115050256436
3435    0.115045341088
3437    0.115042348799
3439    0.115042334304
3441    0.115042326057
3443    0.115042325285
3445    0.115040404312
3447    0.115026363641
3449    0.115012767515
3475    0.111116672029
3491    0.110802967225
3517    0.107696657857
3519    0.107692835607
3521    0.10767608866
3523    0.10767608853
3525    0.107676050848
3527    0.107676050836
3529    0.107662169961
3555    0.10646384218
3581    0.103948765351
3583    0.103948764931
3589    0.103854959394
3596    0.103743179181
3598    0.103743178283
3624    0.102267229712
3650    0.100730690862
3652    0.100730690288
3654    0.100730686674
3656    0.10073068436
3658    0.100717702588
3684    0.0995923986269
3710    0.0986213145326
3712    0.0986206987133
3714    0.0986206985872
3716    0.0986206985868
3718    0.0986195359889
3720    0.0986055221892
3722    0.0985928393006
3724    0.0985921659867
3726    0.0985921641014
3728    0.0985921641014
3730    0.098592164096
3732    0.0985880873801
3734    0.098585344401
3736    0.0985853328331
3738    0.0985853246444
3740    0.0985853241035
3742    0.0985836117835
3744    0.0985703542697
3746    0.0985574808608
3772    0.095134246299
3775    0.0950973787653
3801    0.0922369660005
3803    0.0922333679731
3805    0.0922170558202
3807    0.0922170557865
3809    0.0922170371304
3811    0.0922170371177
3813    0.0922057374854
3839    0.0912102265304
3865    0.0889984010469
3867    0.0889984006849
3869    0.0889810923761
3871    0.088964049805
3873    0.088964049224
3899    0.0875879494959
3925    0.0862546346007
3927    0.0862546341274
3929    0.0862546303061
3931    0.0862546282164
3933    0.0862440797667
3959    0.0853340681941
3985    0.0845523209029
3987    0.0845517866691
3989    0.0845517865385
3991    0.0845517860567
3993    0.0845507417042
3995    0.0845373812
3997    0.0845253381754
3999    0.084524847658
4001    0.0845248458901
4003    0.08452484589
4005    0.0845248458864
4007    0.0845214562005
4009    0.0845189179118
4011    0.0845189084416
4013    0.0845189009123
4015    0.0845189005515
4017    0.0845173693256
4019    0.0845048479137
4021    0.0844926435751
4047    0.0815323683047
4050    0.0814958045694
4076    0.0789652609126
4078    0.0789618723023
4080    0.0789459840414
4082    0.078945984036
4084    0.0789459705537
4086    0.0789459705424
4088    0.0789369426442
4114    0.0781220557385
4140    0.0761950775788
4142    0.0761950772699
4144    0.0761795208347
4146    0.0761640067083
4148    0.0761640062028
4174    0.0749058363529
4200    0.0737374711326
4202    0.0737374707547
4204    0.0737374668408
4206    0.0737374650179
4208    0.0737290476897
4234    0.0730025717135
4260    0.0723809532794
4262    0.0723804873941
4264    0.0723804872627
4266    0.0723804861623
4268    0.0723795456027
4270    0.0723668039301
4272    0.0723553655642
4274    0.0723550059096
4276    0.072355004253
4278    0.0723550042528
4280    0.0723550042507
4282    0.0723521798585
4284    0.0723498146959
4286    0.0723498067644
4288    0.0723497998058
4290    0.0723497995727
4292    0.0723484260529
4294    0.072336597324
4296    0.0723250222518
4322    0.0698336590957
4325    0.0697981450601
4351    0.0676517610815
4353    0.0676485682171
4355    0.0676330922875
4357    0.0676330922868
4359    0.0676330791591
4361    0.0676330791508
4363    0.0676259606429
4389    0.0669671066338
4415    0.0653059446598
4417    0.0653059444034
4419    0.0652924314136
4421    0.065278651371
4423    0.0652786509289
4449    0.0641486908502
4475    0.06312528988
4477    0.0631252895758
4479    0.0631252856533
4481    0.063125284092
4483    0.0631186587473
4509    0.0625449467799
4527    0.0622111667559
4529    0.0622107584637
4531    0.0622107583328
4533    0.0622107571551
4535    0.0622099079376
4537    0.0621977487369
4539    0.0621868820477
4541    0.0621866166667
4543    0.0621866151169
4545    0.0621866151168
4547    0.0621866151152
4549    0.0621842575064
4551    0.0621820423961
4553    0.0621820356164
4555    0.0621820291384
4557    0.0621820289914
4559    0.0621807932605
4561    0.0621696169452
4563    0.0621586383151
4589    0.060124634828
4591    0.0601071046391
4617    0.0583545045111
4619    0.05835149473
4621    0.0583364190887
4623    0.0583364190882
4625    0.0583364074967
4627    0.058336407491
4629    0.05833085427
4655    0.0578038052397
4681    0.0563863286363
4683    0.0563863284274
4685    0.0563748380178
4687    0.0563628402459
4689    0.0563628398685
4715    0.0553643195911
4741    0.0544717357889
4743    0.0544717355365
4745    0.0544717314629
4747    0.0544717301431
4749    0.0544663178804
4758    0.0543160938869
4760    0.0542981059056
4762    0.0542977463737
4764    0.0542977462447
4766    0.0542977457341
4768    0.0542969771141
4770    0.0542853668565
4772    0.0542750408742
4774    0.0542748438322
4776    0.0542748423825
4778    0.0542748423825
4780    0.054274842382
4782    0.0542728713379
4784    0.0542707888313
4786    0.0542707829336
4788    0.0542707768961
4790    0.054270776805
4792    0.0542696618492
4794    0.0542591004622
4796    0.0542486751739
4822    0.0526343515997
4824    0.0526168657804
4850    0.0512306025091
4852    0.05122776406
4854    0.0512130763758
4856    0.0512130763753
4858    0.0512130678423
4860    0.0512130678388
4862    0.0512087724466
4864    0.0511908086287
4890    0.049990910177
4892    0.0499909100091
4894    0.0499812708192
4896    0.0499710048917
4898    0.0499710045744
4924    0.0491016327887
4950    0.048327465084
4952    0.0483274648496
4954    0.0483274602448
4956    0.0483274591311
4958    0.0483223362057
4960    0.0483043941595
4962    0.0482865998849
4964    0.0482862818582
4966    0.0482862817315
4968    0.0482862815692
4970    0.0482855842305
4972    0.0482744886218
4974    0.0482646742271
4976    0.0482645270333
4978    0.0482645256783
4980    0.0482645256781
4982    0.0482645256776
4984    0.0482628755482
4986    0.0482609119992
4988    0.0482609067913
4990    0.0482609011198
4992    0.0482609010643
4994    0.0482598923127
4996    0.0482499108929
4998    0.0482400119081
5024    0.0469877399439
5026    0.0469705114303
5052    0.0459014089391
5054    0.0458987316348
5056    0.0458844064564
5058    0.0458844064559
5060    0.0458843979101
5062    0.0458843979077
5064    0.0458808352865
5066    0.0458630244058
5092    0.0448537208138
5094    0.04485372068
5096    0.0448457051888
5098    0.0448370285652
5100    0.044837028302
5126    0.0440894979593
5152    0.0434218688216
5154    0.0434218686691
5156    0.0434218650574
5158    0.0434218641089
5160    0.0434168711298
5162    0.0433991184471
5164    0.0433815148569
5166    0.0433812323056
5168    0.0433812321811
5170    0.0433812321626
5172    0.0433805980347
5174    0.0433699850544
5176    0.0433606548777
5178    0.0433605442698
5180    0.0433605430042
5182    0.043360543004
5184    0.043360543004
5186    0.0433591598398
5188    0.0433573042304
5190    0.0433572995726
5192    0.0433572942039
5194    0.0433572941703
5196    0.0433563791082
5198    0.0433469449873
5200    0.0433375436697
5226    0.0423833436112
5228    0.0423664713585
5254    0.041557822237
5256    0.0415552958429
5258    0.0415413212369
5260    0.0415413212362
5262    0.0415413143955
5264    0.0415413143749
5266    0.0415384015755
5268    0.0415207222693
5294    0.0406770626063
5296    0.0406770625003
5298    0.0406704375496
5300    0.0406631806338
5302    0.0406631804163
5328    0.0400274602599
5354    0.0394548104567
5356    0.0394548103384
5358    0.0394548073336
5360    0.0394548065303
5362    0.0394499390423
5364    0.039432373038
5366    0.0394149573848
5368    0.0394147052747
5370    0.0394147051533
5372    0.0394147051449
5374    0.0394141272164
5376    0.0394039674243
5378    0.0393950956771
5380    0.0393950120846
5382    0.0393950109027
5384    0.0393950109025
5386    0.0393950109024
5388    0.0393938502109
5390    0.0393920933761
5392    0.0393920891661
5394    0.0393920840468
5396    0.0393920840276
5398    0.039391251873
5400    0.0393823344283
5402    0.0393734020115
5428    0.0386559131788
5430    0.038639429673
5456    0.0380365650156
5458    0.0380341800002
5460    0.0380205446451
5462    0.0380205446441
5464    0.0380205398594
5466    0.0380205398122
5468    0.0380181826779
5470    0.0380006074051
5496    0.0372995226411
5498    0.0372995225573
5500    0.0372940724727
5502    0.0372880566745
5504    0.0372880564961
5530    0.0367526058577
5550    0.0363878615789
5552    0.0363878614698
5554    0.03638785885
5556    0.0363878581492
5558    0.036383111872
5560    0.0363657301178
5562    0.0363484998249
5564    0.0363482739369
5566    0.0363482738184
5568    0.0363482737408
5570    0.036347745906
5572    0.0363380121347
5574    0.0363295744848
5576    0.0363295109588
5578    0.0363295098555
5580    0.0363295098555
5582    0.0363295098553
5584    0.0363285348397
5586    0.0363268689603
5588    0.0363268651211
5590    0.0363268602073
5592    0.0363268601959
5594    0.0363261016302
5596    0.0363176720998
5598    0.0363091810684
5624    0.0357747073399
5626    0.0357586156164
5631    0.0356855235434
5633    0.0356832710218
5635    0.0356699641176
5637    0.0356699641158
5639    0.0356699612415
5641    0.035669961163
5643    0.0356680680494
5645    0.0356505720476
5671    0.0350710294626
5673    0.0350710293898
5675    0.0350663405888
5677    0.0350613909482
5679    0.0350613908003
5686    0.0349506674667
5688    0.034932649243
5690    0.0349326491245
5692    0.0349326467574
5694    0.0349326462019
5696    0.0349280170099
5698    0.0349108172602
5700    0.0348937698028
5702    0.0348935665884
5704    0.0348935664732
5706    0.0348935662814
5708    0.0348930832091
5710    0.0348837502789
5712    0.034875723719
5714    0.0348756751867
5716    0.0348756741569
5718    0.0348756741568
5720    0.0348756741568
5722    0.0348748543106
5724    0.0348732725692
5726    0.034873269043
5728    0.0348732642971
5730    0.0348732642906
5732    0.0348725712348
5734    0.0348646025345
5736    0.0348565271805
5742    0.0347649386949
5744    0.034749378169
5746    0.0347318924629
