26    3.75845948669
52    3.66428343897
78    3.65908001109
104    3.64145478059
110    3.64137944534
136    3.51891414063
138    3.51891414002
145    3.51877813011
171    3.4669644397
197    3.3872348418
223    3.33282078696
249    3.30400382005
275    3.28935660733
301    3.2651515253
327    3.23757552076
353    3.23076937979
379    3.11544939634
381    3.11544939634
407    3.10947596433
422    2.98523495817
445    2.86348370388
456    2.73940309948
458    2.73940300954
460    2.7394029652
462    2.73939514649
464    2.7393925101
466    2.73939248939
492    2.62174626249
494    2.62174626249
517    2.61945407928
543    2.60794796746
569    2.59192891609
595    2.53508775663
621    2.52680959765
647    2.51871950432
673    2.50564048508
699    2.47744708909
725    2.47116686252
751    2.36939130657
753    2.36939130657
779    2.35577439481
798    2.23176884288
822    2.11011578554
848    1.99126210023
850    1.9912620882
852    1.99126208108
854    1.99125394794
878    1.98888282909
880    1.98888276626
906    1.92931895643
908    1.92931895643
934    1.90057957961
945    1.7761485028
971    1.76311273545
978    1.63871027463
980    1.63870895102
982    1.63870845925
1008    1.6263967805
1010    1.62639613857
1012    1.62639613723
1028    1.50262145454
1030    1.50262145454
1032    1.50261651828
1058    1.47347545503
1084    1.46001038998
1104    1.33647235424
1130    1.31183394529
1156    1.29466408698
1182    1.28012129648
1184    1.28012112944
1210    1.26858959319
1236    1.14754005214
1238    1.14754005214
1251    1.14700876029
1265    1.02274358119
1288    0.90034328493
1314    0.868942168991
1316    0.86894198083
1318    0.86894189198
1320    0.868935788932
1346    0.845104386835
1348    0.84510417923
1350    0.845102409292
1352    0.845101888041
1354    0.845101128858
1357    0.845073439506
1383    0.842624176641
1385    0.842616995017
1401    0.842293157995
1403    0.842288036561
1405    0.842278528061
1407    0.842274219988
1411    0.842230455243
1437    0.839689588232
1463    0.833304792277
1489    0.819599496832
1515    0.818123551298
1541    0.817426205566
1567    0.815924250471
1593    0.809998148027
1616    0.809612475339
1623    0.809514135952
1625    0.809514134645
1627    0.809508055854
1629    0.809507995167
1631    0.809502792864
1633    0.809498015576
1635    0.809498012872
1637    0.809498011523
1639    0.809494460141
1641    0.809492752184
1643    0.809492751552
1645    0.809488215463
1647    0.809488215387
1652    0.80942895299
1678    0.803484205327
1704    0.792745419167
1730    0.779601700509
1756    0.774702102645
1782    0.770205009757
1808    0.761513373403
1834    0.754856973416
1860    0.751086170851
1885    0.75012738777
1887    0.750127385969
1902    0.749805656922
1904    0.74980514461
1906    0.749800791734
1912    0.749719152452
1914    0.749719091262
1916    0.749719054878
1918    0.749716028392
1920    0.749705698249
1922    0.749705641587
1948    0.737971004331
1950    0.737971003664
1976    0.731791351672
1978    0.73179082978
2004    0.72085648671
2006    0.720855699393
2008    0.720855622252
2010    0.720855593619
2036    0.711203145159
2038    0.711203042235
2040    0.711202158032
2042    0.711200526916
2044    0.711200526905
2046    0.711200443874
2072    0.704876098125
2098    0.69236334242
2100    0.692361471925
2126    0.687843949317
2152    0.685167814116
2178    0.674213068904
2181    0.674184292569
2207    0.672788601926
2209    0.672786674077
2211    0.672786673915
2214    0.672759581418
2216    0.672758187338
2218    0.672754026106
2244    0.656016995058
2246    0.656016559752
2248    0.656016355628
2250    0.656013496919
2276    0.644857838403
2278    0.644856069698
2280    0.644855320318
2282    0.644854080626
2284    0.644853790067
2286    0.644845819735
2288    0.644834411327
2290    0.644829715163
2292    0.64481844228
2294    0.644815088365
2296    0.644813047146
2298    0.644808388889
2300    0.644797055567
2302    0.644794622999
2322    0.644392471612
2348    0.641386273148
2350    0.641378218244
2352    0.641370391935
2354    0.641361429508
2380    0.640179786662
2382    0.640167754295
2384    0.640159328909
2386    0.64015932747
2388    0.640156499024
2390    0.640156478718
2392    0.640154010402
2394    0.640153402958
2396    0.640153402422
2398    0.640153402154
2400    0.640151715821
2402    0.640151498304
2404    0.640151498129
2406    0.640150461679
2408    0.640150461472
2412    0.640108501676
2438    0.636725003908
2464    0.629328017832
2490    0.625986834515
2516    0.623045175954
2542    0.620441921407
2568    0.614597010519
2594    0.612801453174
2620    0.610491993873
2622    0.610490434257
2624    0.610490431901
2627    0.610463957595
2629    0.610463427543
2631    0.610461275243
2633    0.610449142219
2635    0.610449089245
2637    0.610449057725
2639    0.610447561291
2641    0.610437056498
2643    0.610437004103
2669    0.608487079105
2671    0.608487076302
2697    0.606864576815
2699    0.606863706149
2725    0.598491466829
2727    0.598491456574
2729    0.598491211657
2731    0.598491121285
2757    0.591499396948
2759    0.591499396061
2761    0.591497636311
2763    0.591496994289
2765    0.591496994258
2767    0.591496194123
2793    0.590864110039
2819    0.58295028714
2821    0.582950277772
2847    0.582466660897
2851    0.582426426253
2877    0.575624146039
2879    0.575612972673
2881    0.575604958356
2883    0.575604656541
2885    0.575604656404
2887    0.575594976266
2889    0.575592909489
2891    0.575590930667
2917    0.568424465071
2919    0.568423889897
2921    0.568423621072
2923    0.568422248473
2949    0.56392241792
2951    0.563919900564
2953    0.563918657215
2955    0.563917011382
2957    0.56391562529
2959    0.563909750965
2961    0.563899859233
2963    0.563896668118
2965    0.563886844345
2967    0.563884677536
2969    0.563883871465
2971    0.563880675148
2973    0.563871839134
2975    0.563869053887
2977    0.563856961743
3003    0.563234739822
3005    0.563226830183
3007    0.563219144423
3009    0.563210991497
3011    0.563198726524
3013    0.563187591842
3015    0.563180966704
3017    0.563180965389
3019    0.563179270605
3021    0.563179257112
3023    0.563178103748
3025    0.563178031602
3027    0.563178029811
3029    0.563178028917
3031    0.563177240625
3033    0.563177214773
3035    0.563177214239
3037    0.563177050463
3039    0.563177050154
3042    0.563148753445
3068    0.561326865235
3094    0.556212057203
3120    0.555277537443
3146    0.553557001179
3172    0.552064819665
3198    0.548155565041
3224    0.547636822955
3250    0.546203888821
3252    0.546202419872
3254    0.546202417335
3256    0.546189817338
3258    0.546189298589
3260    0.546188239471
3262    0.546177848023
3264    0.546177792603
3266    0.546177759617
3268    0.546177023022
3270    0.546168022664
3272    0.546167968468
3282    0.546034709671
3284    0.546034704782
3310    0.545299418119
3312    0.545297625017
3338    0.539533986066
3340    0.539533985975
3342    0.539533717675
3344    0.539533619119
3370    0.534914024544
3372    0.534914024419
3374    0.534911561321
3376    0.534910977064
3378    0.534910977019
3380    0.534908497021
3382    0.534902901279
3408    0.530278545165
3410    0.530278182958
3412    0.530269766919
3414    0.530261535608
3440    0.526293524397
3442    0.526286033118
3444    0.526281956191
3446    0.526281919813
3448    0.526281919696
3450    0.526274136066
3452    0.526270934586
3454    0.526269977362
3480    0.523486276108
3482    0.523485827948
3484    0.523485618778
3486    0.523484954029
3512    0.521778202723
3514    0.521775433476
3516    0.521773233374
3518    0.521771419359
3520    0.521769279607
3522    0.521764907561
3524    0.521756366137
3526    0.521754207737
3528    0.521745678735
3530    0.521744304142
3532    0.521744070531
3534    0.521742117519
3536    0.521735369428
3538    0.521732480673
3540    0.521721401652
3546    0.521652685268
3548    0.521645541628
3550    0.521638599968
3552    0.521631342572
3554    0.521621313468
3556    0.521611118899
3558    0.521605618272
3560    0.521605617168
3562    0.52160446614
3564    0.521604454133
3566    0.521603921494
3568    0.521603914817
3570    0.521603912599
3572    0.521603911491
3574    0.521603547342
3576    0.52160354495
3578    0.521603544297
3580    0.521603526296
3582    0.521603525931
3585    0.521575217997
3611    0.520644560287
3637    0.517123498783
3647    0.516992354018
3673    0.516002045047
3699    0.515152895332
3725    0.512563637354
3727    0.51255123745
3753    0.511637066563
3755    0.511635811584
3757    0.511635809139
3759    0.511623968062
3761    0.51162346743
3763    0.511622959349
3765    0.511614625158
3767    0.511614565078
3769    0.511614529313
3771    0.511614175885
3773    0.511606957727
3775    0.511606900462
3777    0.511602328872
3779    0.511602322739
3799    0.511284108761
3801    0.511281238418
3827    0.507615975538
3829    0.507615974999
3831    0.507615725912
3833    0.507615634696
3859    0.504756514659
3861    0.50475651442
3863    0.504753518632
3865    0.504752654921
3867    0.50475265487
3869    0.504748887703
3871    0.50474596231
3897    0.502195962999
3899    0.502194821315
3901    0.502189622022
3903    0.502184538418
3929    0.499975409736
3931    0.499969834307
3933    0.499967904234
3935    0.499967894033
3937    0.499967893932
3939    0.499961505015
3941    0.499957344785
3943    0.49995687996
3969    0.498915991945
3971    0.498915659307
3973    0.498915504144
3975    0.498915182268
4001    0.498282555626
4003    0.498279719584
4005    0.498276529178
4007    0.498274660957
4009    0.498272116818
4011    0.498268827982
4013    0.498261447357
4015    0.498259996253
4017    0.498252584095
4019    0.498251733054
4021    0.498251709217
4023    0.498250514221
4025    0.498245229638
4027    0.498242753601
4029    0.49823267551
4031    0.498220516205
4033    0.498214124893
4035    0.498207914186
4037    0.498201466708
4039    0.498192065832
4041    0.498182733886
4043    0.498178104437
4045    0.498178103522
4047    0.498177321032
4049    0.498177309346
4051    0.498177064769
4053    0.498177064521
4055    0.498177062203
4057    0.498177061044
4059    0.498176893792
4061    0.498176893703
4063    0.498176893023
4065    0.498176880804
4067    0.498176880423
4070    0.498150151193
4096    0.497710983547
4122    0.495316443113
4132    0.495186988121
4158    0.49460834437
4184    0.494114874094
4210    0.492417315714
4212    0.492407000132
4238    0.49180203629
4240    0.49180099271
4242    0.491800990343
4244    0.49178992711
4246    0.491789436844
4248    0.491789193474
4250    0.491782642731
4252    0.491782579769
4254    0.491782542285
4256    0.491782372981
4258    0.491776700341
4260    0.491776641078
4262    0.491773988674
4264    0.491773982303
4268    0.491733516192
4270    0.491729667396
4296    0.489516514427
4298    0.489516513977
4300    0.489516293203
4302    0.489516212522
4328    0.487818196677
4330    0.487818196487
4332    0.487814836861
4334    0.487813490612
4336    0.487813490562
4338    0.487809014135
4340    0.487807654045
4366    0.486466029832
4368    0.486464189366
4370    0.486460946909
4372    0.486457777171
4398    0.485255108591
4400    0.4852505733
4402    0.485249732738
4404    0.485249618416
4406    0.48524961833
4408    0.485244265651
4410    0.485239470722
4412    0.485239245201
4432    0.484940529241
4434    0.484940288773
4436    0.484940176622
4438    0.484940022312
4440    0.484927115778
4442    0.484924504827
4444    0.484920977435
4446    0.48491919121
4448    0.484916551858
4450    0.484914048692
4452    0.48490766785
4454    0.484906699655
4456    0.484900252775
4458    0.484899742991
4460    0.484899731621
4462    0.484898999278
4464    0.48489475485
4466    0.484892702855
4468    0.484883541518
4470    0.484872050013
4472    0.484866329454
4474    0.484860770462
4476    0.48485504662
4478    0.484846234144
4480    0.484837680923
4482    0.484833760635
4484    0.484833759878
4486    0.484833245468
4488    0.484833233827
4490    0.484833122096
4492    0.484833122057
4494    0.484833119727
4496    0.484833118563
4498    0.484833042137
4500    0.484833042122
4502    0.484833041439
4504    0.484832929868
4506    0.484832929498
4508    0.484819944822
4510    0.484811025084
4536    0.483231674684
4541    0.483176711392
4567    0.482780789865
4579    0.482631571161
4605    0.481533490615
4607    0.481523957577
4633    0.48105468942
4635    0.481053892683
4637    0.481053890396
4639    0.481043685627
4641    0.481043201283
4643    0.481043085597
4645    0.481038020245
4647    0.481037955486
4649    0.48103791693
4651    0.481037836459
4653    0.481033450988
4655    0.481033390385
4657    0.481029475626
4659    0.481029469865
4662    0.481002887972
4664    0.480998273251
4690    0.479699920652
4692    0.479699920376
4694    0.479699727672
4696    0.479699657345
4722    0.4787134743
4724    0.478713474176
4726    0.478709899913
4728    0.478707987255
4730    0.478707987211
4732    0.478703215832
4734    0.478702666422
4760    0.478019369688
4762    0.47801701997
4764    0.478014939727
4766    0.478012906353
4792    0.477362541739
4794    0.477358590691
4796    0.477358266621
4798    0.477357985019
4800    0.477357984946
4802    0.477353409953
4804    0.477348335728
4806    0.477348230033
4808    0.477335553444
4810    0.477335377726
4812    0.477335295769
4814    0.47733522513
4816    0.477322773845
4818    0.477320309986
4820    0.47731674926
4822    0.47731498838
4824    0.477312343723
4826    0.477310413956
4828    0.477304895397
4830    0.477304255525
4832    0.477298644165
4834    0.477298352577
4836    0.477298254215
4838    0.477297804597
4840    0.477294309618
4842    0.477292620666
4844    0.47728428886
4846    0.477273427154
4848    0.477268304948
4850    0.477263327343
4852    0.477258249858
4854    0.477249988896
4856    0.47724213943
4858    0.477238798871
4860    0.477238798244
4862    0.477238475226
4864    0.477238463588
4866    0.477238412906
4868    0.477238412689
4870    0.477238410362
4872    0.477238409199
4874    0.477238374522
4876    0.477238374443
4878    0.477238373761
4880    0.477238263212
4882    0.477238262868
4884    0.477225332155
4886    0.477219068872
4912    0.476199744235
4917    0.476146047121
4919    0.476133583333
4921    0.476121196708
4947    0.475422282722
4949    0.475413702472
4975    0.474994378621
4977    0.474993801276
4979    0.474993799046
4981    0.474984442157
4983    0.474983959005
4985    0.474983904216
4987    0.474979997007
4989    0.474979931815
4991    0.474979893001
4993    0.474979854907
4995    0.474976473093
4997    0.474976411973
4999    0.47497116962
5001    0.474971164745
5003    0.474958078248
5005    0.474952938891
5031    0.47420401467
5033    0.474204014524
5035    0.474203846243
5037    0.474203784886
5063    0.473638390269
5065    0.473638390193
5067    0.47363471987
5069    0.473632259623
5071    0.473632259587
5073    0.473627434943
5075    0.473627257792
5088    0.47345724958
5090    0.473454570655
5092    0.47345301995
5094    0.473451504238
5120    0.473042031387
5122    0.473038400982
5124    0.473038262725
5126    0.473037790974
5128    0.473037790911
5130    0.473033805188
5132    0.473028724737
5134    0.473028675796
5136    0.47301645032
5138    0.473016289702
5140    0.473016214787
5142    0.473016182203
5144    0.473004169734
5146    0.473001773212
5148    0.472998179352
5150    0.472996443392
5152    0.472993793613
5154    0.472992285096
5156    0.472987511017
5158    0.472987093167
5160    0.472982205874
5162    0.472982050001
5164    0.47298182189
5166    0.472981545279
5168    0.472978597602
5170    0.472977218355
5172    0.472969637217
5174    0.47295936981
5176    0.472954781583
5178    0.472950322826
5180    0.47294582242
5182    0.472938078643
5184    0.472930865764
5186    0.472928000996
5188    0.472928000478
5190    0.472927810517
5192    0.472927798862
5194    0.472927776095
5196    0.47292777586
5198    0.472927773541
5200    0.472927772383
5202    0.472927756801
5204    0.472927756715
5206    0.472927756036
5208    0.472927624716
5210    0.472927624406
5212    0.472915139932
5214    0.47290873253
5240    0.47227905926
5242    0.472266361921
5244    0.472254720183
5246    0.472243150529
5272    0.4718006847
5274    0.471792280815
5300    0.47141887226
5302    0.471418477585
5304    0.471418475427
5306    0.471409892428
5308    0.471409408984
5310    0.471409383366
5312    0.471406378721
5314    0.471406313551
5316    0.471406274749
5318    0.471406256954
5320    0.471403657308
5322    0.471403595967
5324    0.471397046388
5326    0.471397042453
5328    0.471384209789
5330    0.471378763025
5356    0.470950742902
5358    0.470950742848
5360    0.470950595046
5362    0.470950541187
5371    0.470841593807
5373    0.470841593784
5375    0.47083808044
5377    0.470835139635
5379    0.470835139607
5381    0.47083052402
5383    0.470830469179
5385    0.470821700524
5387    0.470818815813
5389    0.470817534804
5391    0.470816282709
5393    0.470803255439
5395    0.470799791559
5397    0.470799681516
5399    0.470799019952
5401    0.470799019898
5403    0.47079548483
5405    0.470790472757
5407    0.470790449786
5409    0.470778659268
5411    0.470778503957
5413    0.470778431517
5415    0.470778416319
5417    0.470766826736
5419    0.470764479856
5421    0.470760853095
5423    0.470759141656
5425    0.470756486956
5427    0.470755290089
5429    0.470751159313
5431    0.470750890568
5433    0.470746631376
5435    0.470746556468
5437    0.470746187611
5439    0.470746017027
5441    0.470743474284
5443    0.47074235813
5445    0.47073545633
5447    0.470725749921
5449    0.470721638361
5451    0.470717642774
5453    0.470713657327
5455    0.470706398686
5457    0.470699762099
5459    0.470697289291
5461    0.470697288862
5463    0.470697187817
5465    0.470697176144
5467    0.470697166054
5469    0.470697165876
5471    0.470697163565
5473    0.470697162411
5475    0.470697155503
5477    0.470697155438
5479    0.470697154762
5481    0.470696986978
5483    0.470696986707
5485    0.470685148607
5487    0.470678783901
5512    0.470319641303
5514    0.470307179038
5516    0.47029641372
5518    0.47028571521
5520    0.470273536723
5522    0.470265400967
5528    0.470198829387
5530    0.470198580712
5532    0.470198578617
5534    0.470190729943
5536    0.470190245618
5538    0.470190233751
5540    0.470187941165
5542    0.470187876225
5544    0.47018783756
5546    0.470187829333
5548    0.470185846734
5550    0.470185785327
5552    0.470178705479
5554    0.470178702484
5556    0.470166299284
5558    0.470160757429
5560    0.470147732771
5562    0.470147732771
5564    0.470147633783
5566    0.470147597713
5568    0.470134735943
5570    0.470134735941
5572    0.470131458415
5574    0.470128137737
5576    0.470128137717
5578    0.470124014611
5580    0.470123974837
5582    0.470115461966
5584    0.470112461959
5586    0.470111259422
5588    0.470110084031
5590    0.470097360386
5592    0.470094000372
5594    0.47009391432
5596    0.470093075657
5598    0.470093075611
5600    0.470089888452
5602    0.470084960608
5604    0.470084949611
5606    0.470073578352
5608    0.470073426205
5610    0.470073355241
5612    0.47007334804
5614    0.470062165992
5616    0.470059864455
5618    0.470056205043
5620    0.470054517741
5622    0.470051858324
