12    3.75029697053
24    3.62618924833
26    3.62618732593
28    3.62618166357
30    3.62618088285
49    3.50269979364
51    3.50269979363
53    3.50269096012
79    3.44698827579
105    3.33690696135
131    3.2143968656
157    3.18506606662
183    3.17118939988
209    3.16333901339
212    3.16330772751
238    3.15717957245
255    3.03342170728
257    3.03342170728
259    3.03341784327
285    2.98042311125
311    2.92413483899
337    2.83667992673
363    2.80562635116
389    2.79151484182
415    2.76232009174
441    2.74076549591
467    2.73510875804
493    2.61433374699
495    2.61433374699
513    2.61303079098
539    2.49178893063
565    2.39784416465
580    2.27464405569
595    2.2738678712
597    2.27385762239
623    2.25573583532
625    2.25573185033
627    2.25572643827
653    2.13885501169
655    2.13885501169
681    2.13542258031
707    2.0287235426
721    1.90701103373
747    1.87001386207
773    1.85882843225
797    1.85782543263
799    1.85782358219
825    1.83199570668
827    1.83198781961
843    1.70905982584
845    1.70905982584
848    1.70902942812
874    1.60114642922
887    1.47836009771
913    1.35659698343
939    1.3464370741
961    1.34560645502
963    1.34560539452
969    1.34548650831
971    1.34547466964
997    1.25870018968
999    1.25870018968
1025    1.23614992221
1051    1.16550252477
1077    1.13214080056
1103    1.10216131209
1129    1.07438834699
1155    1.06440110699
1181    1.0417264396
1207    1.0180450327
1233    1.0146949117
1259    0.997864046748
1261    0.997864046748
1287    0.982952761254
1313    0.859928186579
1339    0.783297222743
1365    0.720357453203
1367    0.720348423892
1369    0.720341608908
1395    0.69533467351
1421    0.666318773786
1423    0.666318156316
1449    0.545145876891
1451    0.54514578502
1476    0.542425901127
1478    0.542425569457
1480    0.542425522225
1482    0.542425391084
1484    0.542425370848
1486    0.54242531619
1488    0.542423293283
1490    0.542422904196
1492    0.542422734973
1518    0.540401749942
1535    0.539915066722
1537    0.539908001421
1563    0.538641459285
1589    0.538082062649
1591    0.538077102294
1593    0.538074670839
1599    0.538001560082
1601    0.537999253907
1603    0.537999253731
1605    0.537998972011
1631    0.535769502016
1657    0.523084987261
1683    0.519040641671
1709    0.518266378994
1719    0.518123929167
1745    0.512527262495
1770    0.51180481432
1772    0.511793128302
1774    0.511784757737
1776    0.511784755652
1778    0.511784009184
1780    0.511778861662
1806    0.50858433392
1808    0.508580291139
1810    0.508576559666
1812    0.508573464158
1832    0.508070406052
1834    0.5080685229
1836    0.508066906084
1838    0.508066850549
1840    0.508066850462
1842    0.508059634951
1844    0.508052552503
1846    0.508049794865
1872    0.492271362133
1874    0.492266031996
1876    0.492261176447
1878    0.492260955726
1904    0.482034664506
1906    0.482033267424
1908    0.482033256334
1910    0.482033256208
1912    0.482025753942
1914    0.482023118092
1916    0.482021143733
1921    0.481949831247
1923    0.481939293753
1925    0.481929698557
1927    0.481929645197
1929    0.481921839324
1931    0.4819130396
1957    0.477494964869
1959    0.477494964024
1985    0.476406069311
2011    0.475377921353
2037    0.459105508397
2063    0.444747218808
2077    0.444516390212
2079    0.444503266205
2105    0.434802234765
2131    0.424309071867
2133    0.424296759468
2159    0.413399282956
2161    0.413399279778
2187    0.405016434526
2189    0.405005735279
2215    0.397502754262
2241    0.386171018527
2243    0.386170843017
2245    0.386170711106
2271    0.383940778548
2297    0.379585358481
2299    0.379584018966
2303    0.37954105204
2305    0.379540880312
2307    0.379537935154
2309    0.379537909133
2311    0.379537900546
2313    0.379537891715
2315    0.379537888025
2317    0.379537884346
2319    0.379536841496
2321    0.379536440619
2323    0.379536437454
2325    0.37953315044
2327    0.379523603938
2329    0.379518716376
2331    0.379507393948
2333    0.379496422323
2335    0.37949266012
2337    0.379491419696
2339    0.379479109679
2341    0.379477854958
2343    0.379477854605
2345    0.379475824712
2347    0.379468259448
2373    0.377083265779
2379    0.377008056364
2381    0.376999968172
2383    0.376992155784
2409    0.37595369522
2411    0.375944148762
2413    0.37593618108
2415    0.375930632165
2417    0.375930629321
2419    0.375930570596
2421    0.375928572901
2423    0.375916099648
2425    0.37591498177
2427    0.375913272428
2429    0.375911854132
2431    0.375899918252
2433    0.375899450136
2435    0.375898805963
2437    0.375898638792
2439    0.375898638715
2441    0.375892246991
2443    0.375889118229
2445    0.375888024944
2471    0.36996333211
2473    0.369961548702
2475    0.369959925518
2477    0.369959924039
2503    0.3662239247
2505    0.366223896329
2507    0.366223250078
2509    0.36622324989
2511    0.366215460766
2513    0.366214193713
2515    0.366213424193
2517    0.366204831243
2519    0.366197007669
2521    0.366189882929
2523    0.366189866276
2525    0.36618451504
2527    0.36617796117
2529    0.366170511175
2531    0.366170509092
2533    0.366162942177
2535    0.36615313265
2561    0.359536499548
2587    0.353160695407
2589    0.353151245556
2591    0.353142180227
2617    0.349468806752
2643    0.344810761388
2645    0.344802869283
2671    0.336773045407
2673    0.336773029837
2699    0.331096664504
2701    0.331090700752
2727    0.330324694265
2753    0.328680241954
2755    0.328680157603
2757    0.328680094246
2761    0.32863694991
2787    0.328019038204
2789    0.328016404561
2791    0.328007417191
2793    0.328007204272
2795    0.328006080336
2797    0.328006077873
2799    0.328006076374
2801    0.328006075904
2803    0.328006075259
2805    0.328006075063
2807    0.32800544916
2809    0.328005099208
2811    0.328005083014
2813    0.328002471463
2815    0.327994444607
2817    0.327991184855
2819    0.327981098347
2821    0.327971324197
2823    0.327968466722
2825    0.327967891256
2827    0.327956820167
2829    0.327955555241
2831    0.327955554797
2833    0.327952762812
2835    0.327948579359
2855    0.327594810623
2857    0.327582797791
2859    0.32757684785
2861    0.327571100977
2863    0.327557746507
2865    0.327549367735
2867    0.32754278068
2869    0.327538210174
2871    0.327538207335
2873    0.327538206123
2875    0.327537221968
2877    0.327526338731
2879    0.327526018339
2881    0.32752517278
2883    0.327524471146
2885    0.327514031133
2887    0.327513922003
2889    0.327513691202
2891    0.327513382091
2893    0.327513382023
2895    0.32750765956
2897    0.327506191246
2899    0.327505641486
2925    0.325470263432
2927    0.325469681626
2929    0.325469152271
2931    0.325469120272
2957    0.324155723685
2959    0.324155546006
2961    0.32415387378
2963    0.324153873554
2965    0.324146458905
2967    0.324145971078
2969    0.324145565122
2971    0.324139906323
2973    0.324134178543
2975    0.324128962258
2977    0.324128875175
2979    0.324125560758
2981    0.32412074791
2983    0.324116326658
2985    0.324116324158
2987    0.324113218655
2989    0.32410472411
3015    0.32163496664
3041    0.31883197287
3043    0.318824975857
3045    0.318818263889
3071    0.31750575354
3097    0.315390672961
3099    0.31538560865
3125    0.310062161921
3127    0.310062133176
3153    0.306207113363
3155    0.306201822569
3161    0.306125984999
3163    0.30611228901
3165    0.306112188922
3167    0.306112113742
3169    0.306098883332
3171    0.306085672395
3173    0.306083095282
3175    0.306075732733
3177    0.306075528296
3179    0.306074907085
3181    0.306074906706
3183    0.306074906451
3185    0.306074906446
3187    0.306074906336
3189    0.306074906334
3191    0.306074484679
3193    0.30607417931
3195    0.30607412136
3197    0.306072070454
3199    0.306065296813
3201    0.306063098761
3203    0.306054102534
3205    0.306045384816
3207    0.306043235145
3209    0.306043009528
3211    0.306033038003
3213    0.306031487042
3215    0.306031486576
3217    0.306028852687
3219    0.306025720013
3221    0.306012950318
3223    0.306002251591
3225    0.305997100826
3227    0.305992125854
3229    0.305979661778
3231    0.305972352792
3233    0.305966576702
3235    0.305962752719
3237    0.305962749886
3239    0.305962730458
3241    0.305962236048
3243    0.305952731969
3245    0.305952633567
3247    0.305952206987
3249    0.305951853007
3251    0.305942714212
3253    0.305942692186
3255    0.305942625282
3257    0.305942160268
3259    0.305942160208
3261    0.30593698728
3263    0.305936189425
3265    0.305935844888
3291    0.30526590045
3293    0.305265703788
3295    0.30526552488
3297    0.30526544026
3323    0.30481725516
3325    0.304816695042
3327    0.304814065149
3329    0.3048140649
3331    0.30480723204
3333    0.304807112081
3335    0.304806834029
3337    0.304803105319
3339    0.30479886189
3341    0.304794997358
3343    0.304794858213
3345    0.304792838764
3347    0.304789262408
3349    0.304786398445
3351    0.304786396076
3353    0.30478509869
3355    0.304777411775
3381    0.303875135129
3407    0.302621146104
3409    0.302615747376
3411    0.30261056872
3437    0.302167268574
3463    0.301163202334
3465    0.301159897619
3491    0.297891944978
3493    0.297891907926
3519    0.295307530497
3521    0.295302147207
3525    0.295258583583
3527    0.295245876834
3529    0.295245787191
3531    0.295245719857
3533    0.295232432777
3535    0.295220180537
3537    0.295217640636
3539    0.295211550494
3541    0.295211354194
3543    0.295211048312
3545    0.295211048184
3547    0.295211048142
3549    0.295211048133
3551    0.295211048115
3553    0.29521104811
3555    0.295210732256
3557    0.295210465882
3559    0.295210369221
3561    0.295208781075
3563    0.295203043936
3565    0.295201522621
3567    0.295193490088
3569    0.295185706166
3571    0.295184107759
3573    0.295184042448
3575    0.295175048772
3577    0.29517325901
3579    0.295173258547
3581    0.29517086555
3583    0.295168279993
3585    0.295156367305
3587    0.295146830662
3589    0.295142371079
3591    0.295138063708
3593    0.295126428204
3595    0.295120055354
3597    0.295114985201
3599    0.295111735355
3601    0.29511173253
3603    0.295111650952
3605    0.295111396033
3607    0.295103091683
3609    0.295103057723
3611    0.295102836816
3613    0.295102653503
3615    0.295094649352
3617    0.295094646329
3619    0.295094635117
3621    0.295094010733
3623    0.29509401068
3625    0.295089292022
3627    0.295088770285
3629    0.295088513364
3631    0.295077738168
3633    0.295077609743
3635    0.29507749291
3637    0.295077368054
3639    0.295064107754
3641    0.295063490016
3643    0.295060123971
3645    0.295060123723
3647    0.295054314005
3649    0.295054310899
3651    0.295054087155
3653    0.295051626213
3655    0.29504844162
3657    0.295045541365
3659    0.295045370765
3661    0.29504416551
3663    0.295041473395
3665    0.295039427101
3667    0.295039425107
3669    0.295038857082
3671    0.29503189915
3682    0.294879604668
3708    0.29430757782
3710    0.294303505386
3712    0.294299599208
3714    0.294288473899
3740    0.293790964384
3742    0.293788826594
3768    0.291880966933
3770    0.291880926078
3796    0.290154948581
3798    0.290149533666
3802    0.290107551327
3804    0.290095759499
3806    0.290095672208
3808    0.290095606641
3810    0.290082795386
3812    0.290071429704
3814    0.290068898426
3816    0.290063809814
3818    0.290063621331
3820    0.290063498958
3822    0.290063498875
3824    0.290063498869
3826    0.290063498849
3828    0.290063498846
3830    0.290063498837
3832    0.290063240485
3834    0.290063008179
3836    0.29006288266
3838    0.290061673652
3840    0.290056795648
3842    0.290055705192
3844    0.290048525377
3846    0.290041567728
3848    0.290040396013
3850    0.29004038819
3852    0.29003226511
3854    0.29003033656
3856    0.290030336099
3858    0.29002807895
3860    0.290025955418
3862    0.290014839958
3864    0.290006332003
3866    0.290002470384
3868    0.289998740581
3870    0.289987876524
3872    0.289982323075
3874    0.289977867894
3876    0.289975062962
3878    0.289975060147
3880    0.289974893397
3882    0.289974757347
3884    0.289967498419
3886    0.289967484472
3888    0.289967366056
3890    0.289967267791
3892    0.289960254408
3894    0.289960254357
3896    0.289960254356
3898    0.289959473952
3900    0.289959473905
3902    0.289955132664
3904    0.289954656434
3906    0.289954444344
3908    0.289944127564
3910    0.28994402094
3912    0.289943923941
3914    0.289943774399
3916    0.28993101482
3918    0.289930346933
3920    0.28992656872
3922    0.289926568473
3924    0.289921352981
3926    0.289921319049
3928    0.289921115724
3930    0.289919501328
3932    0.289917077279
3934    0.289914869657
3936    0.289914683957
3938    0.289913992146
3940    0.289911936731
3942    0.289910153956
3944    0.289910152501
3946    0.289909741139
3948    0.289903936711
3950    0.289890291566
3952    0.289878024228
3954    0.289874585948
3956    0.289871287966
3958    0.289860487094
3972    0.289661532682
3974    0.289659790738
4000    0.288625506439
4002    0.288625467307
4028    0.287465082268
4030    0.287459678245
4032    0.287446108234
4034    0.287435169104
4036    0.28743508385
4038    0.287435019815
4040    0.287422018838
4042    0.287411479276
4044    0.287408956255
4046    0.287404660025
4048    0.287404479058
4050    0.287404448746
4052    0.287404448673
4054    0.287404448672
4056    0.287404448648
4058    0.287404448647
4060    0.287404448637
4062    0.287404222721
4064    0.287404020157
4066    0.28740387493
4068    0.287402973692
4070    0.287398809293
4072    0.287397998115
4074    0.287391573515
4076    0.287385347663
4078    0.287384503661
4080    0.287384502152
4082    0.287377154957
4084    0.287375149561
4086    0.287375149104
4088    0.287372971919
4090    0.287371237576
4092    0.287360864061
4094    0.287353267468
4096    0.287349923251
4098    0.287346693197
4100    0.287336547696
4102    0.287331711511
4104    0.287327792402
4106    0.287325334762
4108    0.28732533196
4110    0.287325070511
4112    0.287324994588
4114    0.287318647742
4116    0.28731864062
4118    0.287318574265
4120    0.287318519202
4122    0.287312371831
4124    0.28731237153
4126    0.287312366338
4128    0.287311437479
4130    0.287311437437
4132    0.287307411381
4134    0.287306970766
4136    0.287306778862
4138    0.28729690146
4140    0.287296811226
4142    0.287296729136
4144    0.287296566577
4146    0.287284288489
4148    0.287283577256
4150    0.287279600374
4152    0.287279600128
4154    0.28727475687
4156    0.287274610574
4158    0.287274414415
4160    0.287273345322
4162    0.287271471961
4164    0.287269765858
4166    0.287269573186
4168    0.287269188188
4170    0.287267594944
4172    0.287265979103
4174    0.28726597808
4176    0.287265645264
4178    0.287260449814
4180    0.287247220237
4182    0.28723669435
4184    0.287233714361
4186    0.287230855913
4188    0.287220440568
4194    0.287148700239
4196    0.287147240086
4222    0.286616791094
4224    0.286616755529
4250    0.28582625985
4252    0.285820885677
4254    0.285807472385
4256    0.28579732239
4258    0.285797235625
4260    0.285797170456
4262    0.285784320392
4264    0.285774545329
4266    0.285772016847
4268    0.285768350788
4270    0.28576817705
4272    0.285768176557
4274    0.285768176487
4276    0.285768176487
4278    0.285768176462
4280    0.285768176462
4282    0.285768176452
4284    0.28576796931
4286    0.285767792697
4288    0.2857676346
4290    0.285766980305
4292    0.285763409851
4294    0.285762783118
4296    0.285757027898
4298    0.285751450674
4300    0.285750855914
4302    0.285750837473
4304    0.28574418237
4306    0.28574213695
4308    0.285742136495
4310    0.285740008893
4312    0.285738601408
4314    0.28572891859
4316    0.285722129968
4318    0.285719233458
4320    0.285716435835
4322    0.285706959804
4324    0.285702751408
4326    0.285699299842
4328    0.285697115166
4330    0.285697112377
4332    0.285696755164
4334    0.285696710383
4336    0.285691159962
4338    0.28569115543
4340    0.285691116159
4342    0.28569108357
4344    0.28568569371
4346    0.285685692821
4348    0.2856856779
4350    0.2856846106
4352    0.285684610563
4354    0.285680848953
4356    0.285680436414
4358    0.285680253752
4360    0.285670797473
4362    0.285670719674
4364    0.285670648896
4366    0.285670479712
4368    0.285658664585
4370    0.285657916076
4372    0.285653869607
4374    0.285653869363
4376    0.285649279374
4378    0.2856489808
4380    0.285648786411
4382    0.285648067355
4384    0.285646596014
4386    0.285645256036
4388    0.285645060169
4390    0.28564485377
4392    0.285643598787
4394    0.285642132299
4396    0.285642131579
4398    0.285641865209
4400    0.2856371615
4402    0.285624377151
4404    0.285614114331
4406    0.28561150527
4408    0.285609002582
4410    0.285598994953
4415    0.285542248987
4417    0.285541040431
4419    0.285529040776
4421    0.285529009483
4447    0.28490051163
4449    0.28489520867
4451    0.284882677693
4453    0.284873258303
4455    0.28487316484
4457    0.284873094643
4459    0.284861091837
4461    0.284852024596
4463    0.284849469513
4465    0.284846307244
4467    0.284846140461
4469    0.284846128553
