20    3.75046325634
37    3.62665554676
39    3.62665089379
41    3.62664267094
43    3.62663973715
60    3.50270792342
62    3.50270792342
64    3.50270226512
90    3.39540698758
116    3.35118905329
142    3.23449721438
168    3.22330906897
190    3.22233147652
216    3.19448770096
242    3.19036070826
244    3.19035144837
270    3.0688159885
272    3.0688159885
285    3.06814216486
299    2.94371645819
325    2.91960966091
333    2.79519493206
335    2.79519321295
337    2.7951923904
363    2.77525079662
365    2.77524798358
367    2.77524795897
377    2.65083896469
379    2.65083896469
381    2.65083424018
407    2.64807912761
433    2.52490465787
459    2.52300267875
485    2.52081815599
511    2.51852401896
516    2.518430026
542    2.51672145396
568    2.51447057057
594    2.40961963787
596    2.40961963787
622    2.39634477034
648    2.27273352157
674    2.20382386336
700    2.08073872668
703    2.08070660203
705    2.08069622295
731    2.0527902778
733    2.05277827481
735    2.0527670784
761    1.94143950988
763    1.94143950988
789    1.93323868641
815    1.83624145243
831    1.71406532461
857    1.64759296763
883    1.62957851909
909    1.62634495815
911    1.62634328109
937    1.59808383419
956    1.59754736655
977    1.47449876297
979    1.47449876297
982    1.47446325474
1001    1.35026361228
1019    1.22684189547
1034    1.10284359547
1036    1.10284196332
1038    1.10284097646
1040    1.10283350109
1042    1.10282705221
1044    1.1028264611
1055    0.978494883058
1057    0.978494883058
1059    0.978488656428
1085    0.97264498843
1111    0.869346769682
1137    0.756725986219
1163    0.750969959078
1189    0.74519474344
1215    0.73085878335
1241    0.723151169347
1267    0.717596796089
1293    0.597364385753
1295    0.597364385752
1317    0.595019291772
1319    0.595017609197
1321    0.595016145419
1323    0.595014947864
1325    0.595014097306
1327    0.595013334508
1329    0.595010943154
1331    0.595010093437
1333    0.595003010185
1335    0.594991094026
1361    0.579171220374
1363    0.579163020364
1365    0.57915679016
1367    0.579151107925
1393    0.569941041461
1395    0.569934220387
1397    0.569931679832
1399    0.56991917044
1401    0.569919170238
1404    0.569887786684
1406    0.569887091175
1432    0.554352317416
1434    0.554352298805
1436    0.554352279204
1438    0.554352269785
1464    0.542536762156
1466    0.542536757164
1468    0.542536048182
1470    0.542535449199
1472    0.542535449193
1474    0.542535442092
1500    0.539863800794
1502    0.539852175127
1528    0.538873569321
1554    0.536566526802
1580    0.53419317206
1582    0.534181688562
1608    0.533355586969
1634    0.531014088715
1659    0.529775978932
1661    0.529775978798
1663    0.529761757027
1665    0.529760884498
1691    0.519462961152
1693    0.519462505957
1695    0.519456788367
1697    0.51945246638
1723    0.515699686393
1725    0.515699345707
1727    0.515691756814
1736    0.515507005028
1738    0.515507004954
1744    0.515400468312
1746    0.515398851832
1748    0.515395474794
1774    0.503290443443
1776    0.503277609618
1778    0.503265587411
1780    0.503265443336
1806    0.498737381106
1808    0.498721609681
1810    0.498721460003
1812    0.498721459874
1814    0.498713131953
1816    0.498712879942
1818    0.498708380085
1820    0.498707092359
1822    0.498706855769
1824    0.498706712443
1826    0.498704029852
1828    0.498703361112
1830    0.498703275112
1832    0.498701676958
1834    0.498701676923
1836    0.498701568923
1862    0.49386690812
1888    0.49197269376
1896    0.491813501432
1922    0.486700650652
1948    0.481855895652
1957    0.481680134901
1959    0.481674507408
1985    0.477023118436
1987    0.477007294058
1989    0.477007278143
1991    0.476995354521
1993    0.476994946646
1995    0.476994427122
1997    0.476994104369
1999    0.476993802406
2001    0.476993596673
2003    0.476993426298
2005    0.476992040923
2007    0.476985067188
2009    0.476978600266
2035    0.472062580586
2037    0.47205592581
2039    0.472053383848
2041    0.472051066731
2067    0.469232889181
2069    0.469227409385
2071    0.469226899916
2073    0.469220941886
2075    0.46922094127
2077    0.46920562034
2079    0.469204946085
2105    0.460480566349
2107    0.460480564806
2109    0.460480397399
2111    0.460480317207
2137    0.454173601118
2139    0.454173600521
2141    0.454172193466
2143    0.454172013007
2145    0.454172013003
2147    0.454171997461
2173    0.451569344316
2175    0.451561324159
2201    0.450837011499
2227    0.448507260747
2253    0.446161507049
2255    0.446153183334
2281    0.445567700144
2307    0.44326418745
2309    0.44325281972
2311    0.443252819287
2313    0.44324350923
2315    0.443243432707
2341    0.441884079806
2343    0.441883884219
2345    0.441881483653
2347    0.441879668357
2363    0.441541403027
2365    0.441541259436
2367    0.441536308087
2369    0.441529718792
2371    0.441529718765
2373    0.44151535195
2375    0.441514151139
2377    0.441512524616
2403    0.439532174139
2405    0.43952134664
2407    0.439511202142
2409    0.439511199546
2434    0.438871875063
2436    0.438858118016
2438    0.43885804563
2440    0.438858045473
2442    0.43885123844
2444    0.438851221314
2446    0.438849604827
2448    0.438849252629
2450    0.438849213551
2452    0.438849189872
2454    0.438848225811
2456    0.438848042945
2458    0.438848028741
2460    0.438847226841
2462    0.438847226798
2464    0.438846758674
2490    0.435309188033
2492    0.435295281593
2494    0.435286513434
2520    0.431441661954
2546    0.427955511988
2548    0.427938555086
2550    0.42793812195
2576    0.424622562499
2578    0.424610413564
2580    0.424610384053
2582    0.424601355179
2584    0.424601262814
2586    0.424601076078
2588    0.424600985728
2590    0.424600877221
2592    0.424600819565
2594    0.424600690239
2596    0.424599485737
2598    0.424593288076
2600    0.424589406167
2626    0.423158743579
2628    0.423153328807
2630    0.423152221021
2632    0.423151211375
2658    0.422306375167
2660    0.422301969889
2662    0.422301932749
2664    0.422298357237
2666    0.422298356213
2668    0.42228322183
2670    0.422282065828
2696    0.41779411139
2698    0.417794111113
2700    0.41779394394
2702    0.417793864009
2728    0.414635681931
2730    0.414635681769
2732    0.414633909885
2734    0.414633811762
2736    0.41463381176
2738    0.414633774102
2764    0.412269097939
2766    0.412263422088
2792    0.411723736676
2818    0.409529161745
2844    0.407364971359
2846    0.407359433546
2848    0.407344217784
2874    0.405181916209
2876    0.40517274232
2878    0.405172741694
2880    0.405165254022
2882    0.405164371725
2884    0.405148006331
2886    0.405147904302
2888    0.405146915515
2890    0.405146167778
2892    0.405130573256
2894    0.405130499189
2896    0.405127185261
2898    0.405122164386
2900    0.405122164377
2902    0.405110039527
2904    0.405109267278
2906    0.405108348942
2913    0.404995361676
2915    0.404986701918
2917    0.404978588495
2919    0.404978500195
2921    0.404965490435
2923    0.404954007523
2925    0.404953507729
2927    0.40495350757
2929    0.404948385946
2931    0.404948385926
2933    0.404947811135
2935    0.404947715779
2937    0.404947707201
2939    0.404947702002
2941    0.404947359149
2943    0.404947309701
2945    0.404947306565
2947    0.404946596068
2949    0.404946596028
2951    0.404946078007
2977    0.402891238502
2979    0.402875933762
2981    0.402871393066
3007    0.400378446794
3033    0.398185400964
3035    0.398169459186
3037    0.398168894324
3063    0.396050514891
3065    0.396041104906
3067    0.396041056119
3069    0.39603419178
3071    0.396034173928
3073    0.396034106783
3075    0.396034079732
3077    0.39603404075
3079    0.396034023452
3081    0.396033262247
3083    0.396032453364
3085    0.396027107807
3087    0.396024487115
3097    0.395856111557
3099    0.395851753858
3101    0.395851138678
3103    0.395850577983
3110    0.395743124507
3112    0.395739636428
3114    0.395739636083
3116    0.395737593633
3118    0.395737592292
3120    0.395723476499
3122    0.395721755234
3148    0.393516093557
3150    0.393516093462
3152    0.393515964604
3154    0.393515903055
3180    0.39198447014
3182    0.39198447007
3184    0.39198250511
3186    0.391982426498
3188    0.391982426496
3190    0.391982379619
3216    0.389939744145
3218    0.389935557297
3220    0.389920624773
3246    0.387916030944
3272    0.385980050183
3274    0.385976809217
3276    0.385967602726
3302    0.384052370201
3304    0.384044200608
3306    0.384044199994
3308    0.384037607709
3310    0.38403594537
3312    0.384020827625
3314    0.384020775168
3316    0.384020304542
3318    0.384019948632
3320    0.384005559797
3322    0.384005521785
3324    0.384003001495
3326    0.383999206237
3328    0.383999206233
3330    0.383988934054
3332    0.383988603616
3334    0.38398799543
3336    0.383971910505
3338    0.383964971789
3340    0.383958470777
3342    0.383958280973
3344    0.383946212439
3346    0.383936589965
3348    0.383935605105
3350    0.383935604948
3352    0.383931514263
3354    0.383931511388
3356    0.383931307123
3358    0.38393128124
3360    0.383931278261
3362    0.383931276456
3364    0.38393115462
3366    0.383931141236
3368    0.383931140134
3370    0.383930467733
3372    0.383930467694
3374    0.383929928824
3400    0.382923399565
3402    0.382906931482
3404    0.382904538197
3430    0.381426476574
3456    0.380150204433
3458    0.380135866457
3460    0.380132635849
3486    0.378850605108
3488    0.37884330011
3490    0.378843230014
3492    0.378838026177
3494    0.378838023973
3496    0.378838000966
3498    0.378837991899
3500    0.378837978568
3502    0.37883797275
3504    0.378836533531
3506    0.378836134584
3508    0.378831810235
3510    0.378829718559
3512    0.378815494343
3514    0.378812027375
3516    0.378811622925
3518    0.378811254281
3520    0.378795146192
3522    0.378792407463
3524    0.378792385738
3526    0.378791326175
3528    0.378791324617
3530    0.378778619997
3532    0.378776416945
3558    0.377716402123
3560    0.377716402081
3562    0.377716305698
3564    0.377716259684
3590    0.376985071703
3592    0.376985071668
3594    0.376983005169
3596    0.376982931057
3598    0.376982931056
3600    0.376982881094
3626    0.37532517721
3628    0.375321905185
3630    0.375310615017
3656    0.373617204061
3682    0.372011019343
3684    0.372009461804
3686    0.372003882287
3712    0.370422115018
3714    0.37041481566
3716    0.370414815061
3718    0.370408995065
3720    0.370406781318
3722    0.37039281843
3724    0.370392791629
3726    0.370392532626
3728    0.370392336752
3730    0.370379060059
3732    0.370379040705
3734    0.370376929556
3736    0.370374089384
3738    0.370374089383
3740    0.370365352759
3742    0.370365266684
3744    0.370364799642
3746    0.370349724637
3748    0.370344138576
3750    0.370338904863
3752    0.37033864278
3754    0.370327449809
3756    0.370319326616
3758    0.370317940872
3760    0.370317940717
3762    0.370314472464
3764    0.370314467371
3766    0.37031439471
3768    0.370314387658
3770    0.370314385983
3772    0.370314384969
3774    0.370314341639
3776    0.370314338015
3778    0.370314337386
3780    0.370313688017
3782    0.37031368798
3784    0.370313137712
3791    0.370208303264
3793    0.37019203737
3795    0.370190204866
3821    0.369277432811
3847    0.368496838101
3849    0.368484159374
3851    0.368478796121
3877    0.367659247102
3879    0.367653605777
3881    0.367653517411
3883    0.367649617927
3885    0.367649617919
3887    0.367649610177
3889    0.367649606578
3891    0.367649602107
3893    0.367649599786
3895    0.367647667145
3897    0.367647488055
3899    0.367643833749
3901    0.367642071287
3903    0.367628532322
3905    0.367625788365
3907    0.367625517733
3909    0.367625271053
3911    0.367609880022
3913    0.367607742068
3915    0.367607677375
3917    0.367607216632
3919    0.367607214941
3921    0.367596016026
3923    0.367593460791
3946    0.367155181306
3948    0.367155181291
3950    0.367155112494
3952    0.367155079658
3954    0.367138268015
3956    0.367138268009
3958    0.367136326118
3960    0.367136253038
3962    0.367136253037
3964    0.367136201967
3990    0.365892352475
3992    0.36588962322
3994    0.365880117083
4020    0.364539168335
4046    0.363285671439
4048    0.363285150448
4050    0.36328163732
4076    0.362044890897
4078    0.362038372228
4080    0.362038371644
4082    0.362033238832
4084    0.362030680039
4086    0.362017784563
4088    0.362017770991
4090    0.362017605357
4092    0.362017480091
4094    0.362005229081
4096    0.362005219337
4098    0.362003329658
4100    0.362001230363
4102    0.362001230362
4104    0.361993769657
4106    0.361993767443
4108    0.361993367475
4110    0.361979240312
4112    0.361974720571
4114    0.361970485903
4116    0.361970179224
4118    0.361959800498
4120    0.361952890754
4122    0.361951211234
4124    0.361951211081
4126    0.361948132092
4128    0.361948126054
4130    0.36194810017
4132    0.361948098236
4134    0.361948096934
4136    0.361948096145
4138    0.361948080717
4140    0.361948079735
4142    0.361948079241
4144    0.361947450354
4146    0.361947450319
4148    0.361946889502
4150    0.361939399524
4152    0.361923687193
4154    0.361922057726
4180    0.361362486186
4205    0.360920641059
4207    0.360909505305
4209    0.360902585491
4235    0.360367949961
4237    0.360363598368
4239    0.36036349413
4241    0.36036059163
4243    0.360360591247
4245    0.360360588629
4247    0.360360586858
4249    0.360360585355
4251    0.360360584207
4253    0.360358348819
4255    0.360358268033
4257    0.360354998395
4259    0.360353487153
4261    0.360340599853
4263    0.36033845587
4265    0.360338275787
4267    0.360338111634
4269    0.360323404245
4271    0.360321761123
4273    0.360321643382
4275    0.360321519876
4277    0.360321518159
4279    0.360312070865
4281    0.360309328946
4283    0.360292731411
4285    0.36029273141
4287    0.36029269116
4289    0.360292671949
4291    0.360276316489
4293    0.360276316488
4295    0.360274483088
4297    0.36027441082
4299    0.360274410819
4301    0.360274359065
4327    0.359402695189
4329    0.359400274656
4331    0.35939135738
4357    0.358380948283
4383    0.357446857618
4385    0.357446798139
4387    0.357444424962
4413    0.356514760955
4415    0.356508957163
4417    0.356508956593
4419    0.356504446509
4421    0.356501685568
4423    0.356489775859
4425    0.35648976907
4427    0.356489647908
4429    0.356489556274
4431    0.356478251142
4433    0.356478246311
4435    0.356476481452
4437    0.356474953306
4439    0.356474953306
4441    0.356468555359
4443    0.356468526922
4445    0.356468159244
4447    0.356454921317
4449    0.356451244707
4451    0.356447799982
4453    0.356447467521
4455    0.356437845882
4457    0.356431922541
4459    0.356430041648
4461    0.356430041497
4463    0.356427213977
4465    0.356427207588
4467    0.356427198346
4469    0.356427197809
4471    0.356427196625
4473    0.356427195908
4475    0.356427190405
4477    0.356427190138
4479    0.356427189686
4481    0.356426574403
4483    0.356426574369
4485    0.356426006835
4487    0.356423352823
4489    0.356408388993
4491    0.356406822637
4493    0.356392651255
4495    0.356378569259
4497    0.356368932411
4499    0.356362164788
4515    0.356093703848
4517    0.356090403021
4519    0.356090294227
4521    0.356088185733
4523    0.356088184773
4525    0.356088183879
4527    0.356088182793
4529    0.356088182286
4531    0.356088181576
4533    0.356085778009
4535    0.35608574131
4537    0.356082705908
4539    0.356081387889
4541    0.356069120348
4543    0.356067456492
4545    0.356067337461
4547    0.356067228956
4549    0.356053173466
4551    0.356051922826
4553    0.356051749072
4555    0.356051745328
4557    0.356051743658
4559    0.356043890236
4561    0.356041133405
4563    0.356024986079
4565    0.356024986079
4567    0.356024951975
4569    0.356024935696
4571    0.356009025686
4573    0.356009025686
4575    0.356007239943
4577    0.356007168958
4579    0.356007168958
4581    0.356007116514
4607    0.355431537407
4609    0.355429279696
4611    0.355420199656
4637    0.354685427542
4663    0.354011641294
4665    0.354011611859
4667    0.354009858821
4693    0.353328706314
4695    0.353323561191
4697    0.353323560634
4699    0.35331961776
4701    0.353316744633
4703    0.353305744777
4705    0.353305741435
4707    0.353305642941
4709    0.35330556845
4711    0.353295135497
4713    0.353295133151
4715    0.353293441425
4717    0.353292350028
4719    0.353292350028
4721    0.353286839369
4723    0.353286711557
4725    0.353286358904
4727    0.353273954846
4729    0.353270946912
4731    0.353268128685
4733    0.353267781889
4735    0.353258864012
4737    0.353253746004
4739    0.353251733777
4741    0.353251733629
4743    0.35324907382
4745    0.35324906731
4747    0.353249063997
4749    0.353249063844
4751    0.353249062698
4753    0.353249062004
4755    0.353249060034
4757    0.353249059961
4759    0.353249059522
4761    0.353248460806
4763    0.353248460772
4765    0.353247882993
4767    0.353245885891
4769    0.3532326752
4771    0.353230984475
4773    0.353218402475
4775    0.353205900124
4777    0.353197598153
4779    0.353191046895
4781    0.353174220908
4783    0.353171721825
4785    0.353171611584
4787    0.353170094025
4789    0.353170092673
4791    0.353170092364
4793    0.353170091561
4795    0.353170091389
4797    0.353170090863
4799    0.353167604913
4801    0.353167588073
4803    0.353164704861
4805    0.353163536594
4807    0.353151858633
4809    0.353150565283
4811    0.353150487248
4813    0.353150416109
4815    0.353136982458
4817    0.353136031585
4819    0.353135803079
4821    0.353135770857
4823    0.353135769237
4825    0.35312913722
4827    0.353126414888
4829    0.353110707095
4831    0.353110707095
4833    0.353110674945
4835    0.3531106596
4837    0.353095184289
4839    0.353095184289
4841    0.353093432251
4843    0.353093362922
4845    0.353093362922
4847    0.353093309742
4849    0.353078510335
4851    0.353076521487
4853    0.353066769617
4879    0.352505687173
4905    0.351993624566
4907    0.351993487369
4909    0.351991988247
4935    0.351465671192
4937    0.351461160996
4939    0.351461160449
4941    0.351457754287
4943    0.351454823223
4945    0.35144466267
4947    0.351444661059
4949    0.351444574793
4951    0.351444509551
4953    0.351434880565
4955    0.351434879457
4957    0.351433232574
4959    0.351432471696
4961    0.351432471696
4963    0.351427703604
4965    0.351427430176
4967    0.351427083718
4969    0.351415461358
4971    0.351412985426
4973    0.351410665645
4975    0.351410311143
4977    0.351402047346
4979    0.351397589763
4981    0.351395496165
4983    0.351395496019
4985    0.351392951933
4987    0.351392945385
4989    0.351392944189
4991    0.351392944143
4993    0.351392943009
4995    0.351392942321
4997    0.351392941612
4999    0.351392941592
5001    0.351392941157
5003    0.351392350866
5005    0.351392350833
5007    0.351391767897
5009    0.351389864106
5011    0.351378240893
5013    0.351376383773
5015    0.351364038584
5017    0.351351771536
5019    0.351344662392
5021    0.351338383161
5023    0.35132186107
5025    0.351319962226
5027    0.351319850596
5029    0.35131876351
5031    0.351318761933
5033    0.351318761823
5035    0.351318761148
5037    0.351318761089
5039    0.351318760645
5041    0.351316244452
5043    0.351316236613
5045    0.35131345976
5047    0.351312408375
5049    0.351301291383
5051    0.351300284256
5053    0.35130023361
5055    0.351300187436
5057    0.351287347057
5059    0.351286625053
5061    0.351286345408
5063    0.351286201832
5065    0.35128620026
5067    0.351280512527
5069    0.351277835714
5071    0.35126255672
5073    0.351262556719
5075    0.351262525607
5077    0.351262510757
5079    0.351247459446
5081    0.351247459446
5083    0.351245737708
5085    0.351245671282
5087    0.351245671281
5089    0.351245616672
5091    0.351235386786
5093    0.351233580839
5095    0.351222951814
5097    0.351205954892
5099    0.351189019328
5101    0.351188795646
5103    0.351187265414
5129    0.350710172203
5131    0.350706289504
5133    0.35070628896
5135    0.350703403685
5137    0.350700446707
5139    0.350691059848
5141    0.350691059092
5143    0.350690979755
5145    0.350690919753
5147    0.350682031464
5149    0.350682030961
5151    0.350680413234
5153    0.35067989913
5155    0.35067989913
5157    0.350675753989
5159    0.350675308151
5161    0.350674963344
5163    0.350664073534
5165    0.350662022264
5167    0.35066010036
5169    0.350659741883
5171    0.350652085871
5173    0.350648172294
5175    0.350646031805
5177    0.350646031661
5179    0.350643570523
5181    0.350643563963
5183    0.350643563527
5185    0.350643563513
5187    0.350643562381
5189    0.350643561695
5191    0.350643561438
5193    0.350643561432
5195    0.350643560997
5197    0.350642973915
5199    0.350642973883
5201    0.350642389371
5203    0.350640576991
5205    0.350630339731
5207    0.35062832547
5209    0.350616213819
5211    0.350604178821
5213    0.350598097908
5215    0.350592056931
5217    0.35057583358
5219    0.350574384987
5221    0.350574272022
5223    0.350573497719
