26    3.85580601462
52    3.73239378153
78    3.71589393146
80    3.71587819891
106    3.70118422178
132    3.69258477139
134    3.69258477139
160    3.68305662182
169    3.55841013006
195    3.48018800559
208    3.35586902329
210    3.35586890821
212    3.35586887703
238    3.32925130259
240    3.32924786258
242    3.3292476625
268    3.21414073472
270    3.21414073472
296    3.20887087656
310    3.08446392391
336    2.96601626157
349    2.84185227973
351    2.84185132639
353    2.84185086078
378    2.83896380821
380    2.8389571031
382    2.83895700248
408    2.79493200997
410    2.79493200997
436    2.7661896435
445    2.64154049923
467    2.51853100085
493    2.44415295075
495    2.44415290545
497    2.44415289313
499    2.44414339804
525    2.41684601624
527    2.41684577591
540    2.29307876182
542    2.29307876182
544    2.29306467504
567    2.16914499967
569    2.16914054506
595    2.04772706643
598    2.04769699888
600    2.04768852195
602    2.04768405835
616    2.04683922394
618    2.04683302326
642    1.92349888695
644    1.92349888695
646    1.92349027333
672    1.87658799796
698    1.86458154557
724    1.76519367393
750    1.73854372704
776    1.72250734765
802    1.7125462484
828    1.69615744137
854    1.68706941974
880    1.67844924306
882    1.67844924306
908    1.67099714721
934    1.62327250121
960    1.49986142319
986    1.3897950653
1012    1.35982330595
1038    1.34400021788
1040    1.34399332457
1066    1.33493295081
1092    1.32705054348
1118    1.32233883072
1120    1.32233883072
1146    1.31650697456
1172    1.19852424815
1198    1.08585093094
1200    1.0858509288
1226    1.082156381
1228    1.08214192175
1254    1.07527699469
1256    1.07527699466
1258    1.07526624454
1284    0.959424664081
1286    0.959424663556
1312    0.952433113115
1338    0.93991360196
1340    0.939905127314
1366    0.929534616106
1368    0.929528844931
1394    0.921095932918
1420    0.912727748687
1422    0.912727744506
1448    0.902737665451
1450    0.902736526969
1476    0.894809775666
1478    0.894808156182
1480    0.894807841452
1482    0.894807754547
1508    0.892445392324
1510    0.892444690447
1512    0.892444129926
1514    0.892430705487
1516    0.892430705343
1525    0.892238304117
1527    0.89223757548
1529    0.892224995671
1531    0.892224976039
1533    0.892224971767
1535    0.892224969661
1537    0.892214055455
1539    0.892214046336
1541    0.892214043312
1567    0.877984625234
1569    0.877984625115
1595    0.868336469085
1597    0.868334901119
1599    0.868327009626
1625    0.859106374175
1627    0.859105901766
1629    0.859105771978
1631    0.859100383608
1657    0.856022614555
1659    0.856021938881
1661    0.856021547689
1663    0.856021547689
1665    0.856013687871
1667    0.856013641796
1669    0.856009163378
1671    0.856002774277
1673    0.855999098045
1675    0.855996553218
1677    0.855992095965
1679    0.855986881095
1681    0.855984785388
1683    0.85597719385
1685    0.855977193801
1687    0.855975458688
1713    0.851359286244
1739    0.841620769659
1765    0.83867329813
1791    0.83570561325
1817    0.834026435801
1843    0.825884134482
1857    0.825554253436
1883    0.824442689781
1909    0.816529488765
1911    0.816529488459
1937    0.8088270895
1963    0.806020107241
1965    0.806016202765
1982    0.80544109706
2008    0.803364526943
2034    0.802351676629
2036    0.802351668861
2038    0.802344952633
2060    0.801881855197
2086    0.797581530213
2088    0.797581529953
2114    0.7927877707
2116    0.792777204343
2128    0.792453347067
2130    0.792451990575
2132    0.792443686915
2134    0.792436429304
2136    0.792421741241
2138    0.792419874486
2140    0.79241369632
2151    0.79213120381
2153    0.792131137383
2155    0.792116479651
2181    0.785680223344
2183    0.785677609116
2209    0.78036044189
2211    0.780359793463
2237    0.7762461696
2263    0.770356576206
2265    0.770356570487
2291    0.762392566644
2293    0.762391009745
2312    0.761933103715
2314    0.761932766499
2316    0.761932555888
2318    0.76193249766
2320    0.761916833677
2322    0.761916685965
2324    0.76191621068
2326    0.761914709786
2328    0.76191470964
2330    0.761901598019
2332    0.76190123604
2334    0.761891772985
2336    0.761889478206
2338    0.761889465766
2340    0.76188945963
2342    0.76188124738
2344    0.761880187163
2346    0.761880166881
2372    0.758080612011
2374    0.758080611823
2400    0.75483174812
2402    0.754829591929
2404    0.754825614239
2430    0.753808953945
2432    0.753808579307
2434    0.753808476335
2436    0.753805769881
2443    0.753692899608
2445    0.753692286221
2447    0.753692030954
2449    0.753692030954
2451    0.75368734004
2453    0.753686912513
2455    0.753682398206
2457    0.753677936204
2459    0.753676507533
2461    0.753675518301
2463    0.753671036763
2465    0.753667417158
2467    0.753666511288
2469    0.753662257471
2471    0.753662257304
2473    0.753662239939
2475    0.753645787391
2501    0.745450602073
2508    0.745333061488
2533    0.744815477403
2535    0.744799195426
2561    0.738307093781
2563    0.738294591375
2579    0.738002732736
2605    0.731449255892
2607    0.731449255151
2633    0.72472634836
2635    0.724723331913
2637    0.724722926978
2639    0.724714617827
2641    0.724700016216
2643    0.724685813854
2645    0.724684539276
2647    0.724681423794
2649    0.724665763412
2675    0.720604036323
2677    0.72060403561
2703    0.715901191361
2705    0.71589492508
2707    0.715879748707
2709    0.71587841358
2711    0.715873526403
2713    0.715869254602
2715    0.715855461722
2717    0.715853606233
2719    0.715850010968
2721    0.71583687579
2723    0.715836815414
2725    0.715825071525
2751    0.713017608754
2753    0.713017211683
2779    0.710553334482
2781    0.710553080609
2807    0.70869008473
2833    0.704699708383
2835    0.704699662738
2861    0.698736928383
2863    0.698735206006
2865    0.698724774358
2867    0.698724707432
2869    0.698724543079
2871    0.698724497604
2873    0.698714563449
2875    0.698714534156
2877    0.698714084141
2879    0.6987131893
2881    0.698713189157
2883    0.698701891213
2885    0.698701603435
2887    0.698694478829
2889    0.698692043269
2891    0.698692018247
2893    0.6986920059
2895    0.698685822432
2897    0.698684698419
2899    0.698684670801
2925    0.697842244792
2927    0.697842244567
2953    0.696667465955
2955    0.696665005059
2957    0.696663088209
2959    0.696646912985
2961    0.696646629185
2963    0.696646551134
2965    0.696645254322
2967    0.696629763616
2969    0.696629191848
2971    0.69662812073
2973    0.69662812073
2975    0.696624911331
2977    0.696623767867
2979    0.696619220875
2981    0.696616058309
2983    0.696615338023
2985    0.696614839212
2987    0.696610332386
2989    0.69660778321
2991    0.696607271779
2993    0.696604563541
2995    0.696604563212
2997    0.696603984672
2999    0.696598684211
3025    0.690310425831
3029    0.69025908354
3031    0.690246330787
3033    0.690233844733
3059    0.685389812764
3061    0.685377968529
3067    0.685290918916
3093    0.680328518887
3095    0.680328517664
3121    0.674850424118
3123    0.674847767287
3125    0.674847728983
3127    0.674843230402
3129    0.674829218102
3131    0.674815588167
3133    0.674812140729
3135    0.674811100855
3137    0.6747960055
3163    0.671169518206
3165    0.671169516912
3191    0.666736042134
3193    0.6667321593
3195    0.66671807671
3197    0.666716752486
3199    0.66671385712
3201    0.666711326202
3203    0.666698491215
3205    0.666696637636
3207    0.666694540167
3209    0.666684002932
3211    0.666683948116
3213    0.666674538725
3239    0.665560980863
3241    0.665560977888
3267    0.664450759711
3269    0.664448675628
3295    0.663617280635
3321    0.661092539966
3323    0.661092454282
3349    0.656783988202
3351    0.656782271239
3353    0.656775887714
3355    0.656775874062
3357    0.656775715413
3359    0.65677567149
3361    0.656769597519
3363    0.656769591553
3365    0.656769149142
3367    0.656768661899
3369    0.65676866176
3371    0.656758862424
3373    0.656758596389
3375    0.656753230302
3377    0.656751879268
3379    0.656751849109
3381    0.656751834223
3383    0.656747176823
3385    0.656746553554
3387    0.656746523042
3389    0.656739476053
3391    0.656739475816
3417    0.656113972326
3419    0.656111511405
3421    0.656110571621
3423    0.656095705416
3425    0.656095430142
3427    0.656095354406
3429    0.656094719022
3431    0.65608048634
3433    0.656079922595
3435    0.656078317899
3437    0.656078317899
3439    0.656075710189
3441    0.656074102598
3443    0.656069524488
3445    0.656067255158
3447    0.656066790337
3449    0.656066468405
3451    0.656061935781
3453    0.656060119432
3455    0.656059756444
3457    0.656057678033
3459    0.656057677529
3461    0.656055725609
3463    0.656050140095
3489    0.651540649432
3492    0.651507865543
3494    0.651495202711
3496    0.65148280013
3522    0.648046273792
3524    0.648034472091
3528    0.64798301307
3554    0.644496576336
3556    0.644496574697
3582    0.640236224707
3584    0.640233821841
3586    0.640233272421
3588    0.640231282306
3590    0.640217710672
3592    0.640204508609
3594    0.640199067543
3596    0.64019896071
3598    0.640184295759
3624    0.637092518489
3626    0.637092516545
3652    0.633062847583
3654    0.63306039074
3656    0.633047434563
3658    0.633046117972
3660    0.633044386764
3662    0.633042873404
3664    0.633031034627
3666    0.633029181462
3668    0.633027952804
3670    0.633019498183
3672    0.633019448472
3674    0.633011910394
3683    0.632870340499
3685    0.632870099824
3711    0.632276335249
3713    0.632272494279
3728    0.632017783816
3754    0.630547481675
3756    0.630547374203
3782    0.627502903221
3784    0.627501210385
3786    0.627497392469
3788    0.62749738955
3790    0.627497233077
3792    0.627497189736
3794    0.627493559955
3796    0.627493558681
3798    0.627493122093
3800    0.627492893646
3802    0.627492893511
3804    0.627484336876
3806    0.627484080504
3808    0.62748003772
3810    0.62747969298
3812    0.62747966015
3814    0.627479643944
3816    0.627476135096
3818    0.627475976108
3820    0.627475943989
3822    0.62747468945
3824    0.627474689205
3827    0.627440997382
3829    0.627438567494
3831    0.627438133794
3833    0.627424469918
3835    0.627424197446
3837    0.627424122462
3839    0.627423829586
3841    0.627410752269
3843    0.627410194515
3845    0.627408333787
3847    0.627408333787
3849    0.627406000776
3851    0.627404144444
3853    0.627399535761
3855    0.627397892988
3857    0.627397531864
3859    0.62739728173
3861    0.627392722853
3863    0.627391418611
3865    0.627391117075
3867    0.62738920747
3869    0.627389206803
3871    0.627385855519
3873    0.627379362843
3899    0.624278673284
3901    0.624262250321
3903    0.624249148248
3905    0.624236311963
3931    0.621880428376
3933    0.62186813435
3936    0.621834204009
3962    0.619539084562
3964    0.619539082625
3990    0.61632363249
3992    0.616321426305
3994    0.616320344018
3996    0.616319755979
3998    0.616306559664
4000    0.616293721974
4002    0.616286996709
4004    0.616286907098
4006    0.616272619025
4032    0.613750545746
4034    0.613750543154
4060    0.610199350927
4062    0.610197759951
4064    0.610185938007
4066    0.610184626428
4068    0.610183581125
4070    0.610182667327
4072    0.610171839519
4074    0.610169985478
4076    0.610169263416
4078    0.610162478814
4080    0.610162433786
4082    0.610156396041
4084    0.610146628501
4086    0.610146133829
4090    0.610095372238
4092    0.610090671277
4094    0.610074113372
4120    0.609289141067
4122    0.609289029784
4148    0.607155719241
4150    0.607154051983
4152    0.60715178482
4154    0.607151784147
4156    0.607151629226
4158    0.6071515863
4160    0.607149432791
4162    0.607149432496
4164    0.607149001283
4166    0.607148921366
4168    0.607148921234
4170    0.607141398774
4172    0.607141147622
4174    0.607138101014
4176    0.607138024345
4178    0.607137990033
4180    0.607137973093
4182    0.607135328978
4184    0.607135293661
4186    0.607135260601
4188    0.607134242279
4190    0.607134242036
4192    0.607118084376
4194    0.607115682066
4196    0.607115482017
4198    0.60710292249
4200    0.607102653433
4202    0.607102579374
4204    0.60710244458
4206    0.607090428382
4208    0.607089877001
4210    0.607087915263
4212    0.607087915263
4214    0.607085724127
4216    0.607083744247
4218    0.607079105068
4220    0.607077909239
4222    0.607077594115
4224    0.607077375828
4226    0.607072790295
4228    0.60707184993
4230    0.607071575248
4232    0.607069588164
4234    0.607069587356
4236    0.607065117974
4238    0.607057474429
4264    0.604987390305
4266    0.604970796853
4268    0.604957134291
4270    0.604943746219
4296    0.603364565035
4298    0.603352128094
4300    0.603335375446
4326    0.60190906121
4328    0.601909059091
4354    0.599520444039
4356    0.599518408136
4358    0.599517100709
4360    0.599517059933
4362    0.599504228657
4364    0.599491745429
4366    0.599484542953
4368    0.599483825105
4370    0.599469913337
4396    0.597496081676
4398    0.597496078496
4424    0.594443227309
4426    0.594442171442
4428    0.594431470045
4430    0.594430161368
4432    0.594429524233
4434    0.594428967236
4436    0.594419144414
4438    0.594417288392
4440    0.594416863605
4442    0.594411418462
4444    0.594411377726
4446    0.594406542998
4448    0.594397068328
4450    0.594396495199
4452    0.594379782627
4454    0.59437486845
4456    0.594358340481
4458    0.594341677314
4460    0.594341599334
4486    0.592668562879
4488    0.592666925315
4490    0.592665137028
4492    0.592665136854
4494    0.592664981769
4496    0.59266493879
4498    0.592663241263
4500    0.592663241186
4502    0.592662813725
4504    0.59266280174
4506    0.592662801611
4508    0.592656142944
4510    0.592655892962
4512    0.592653596515
4514    0.592653579104
4516    0.592653544414
4518    0.592653527288
4520    0.592651534413
4522    0.592651526414
4524    0.592651493005
4526    0.59265059327
4528    0.59265059303
4530    0.592634904849
4532    0.592632530006
4534    0.592632437374
4536    0.592620892332
4538    0.592620626709
4540    0.592620553587
4542    0.592620491414
4544    0.592609449884
4546    0.592608905002
4548    0.592606917879
4550    0.592606917879
4552    0.592604811838
4554    0.592602773654
4556    0.592598103847
4558    0.592597230666
4560    0.592596937362
4562    0.59259673418
4564    0.592592121633
4566    0.592591442798
4568    0.592591180043
4570    0.592588974634
4572    0.592588973713
4574    0.592583729158
4576    0.592574802939
4602    0.591220494234
4604    0.591204081927
4606    0.591189803181
4608    0.591175809264
4634    0.590131926551
4636    0.59011965289
4638    0.590103225665
4664    0.589264507099
4666    0.589264504892
4692    0.587498181908
4694    0.58749630808
4696    0.587495092127
4698    0.587495016011
4700    0.587482571481
4702    0.587470463932
4704    0.58746344262
4706    0.587461727453
4708    0.587448221283
4734    0.585962148345
4736    0.585962144667
4762    0.583386455695
4764    0.583385737084
4766    0.583376124408
4768    0.583374816924
4770    0.583374425382
4772    0.583374083082
4774    0.583365241546
4776    0.583363382587
4778    0.583363133371
4780    0.583358762707
4782    0.583358725898
4784    0.583354855794
4786    0.583345550065
4788    0.583345370432
4790    0.583328872058
4792    0.583325122947
4794    0.583308820475
4796    0.583299082517
4798    0.583299030318
4824    0.581992309426
4826    0.581990691447
4828    0.581989280507
4830    0.581989280455
4832    0.581989126831
4834    0.58198908425
4836    0.581987745937
4838    0.581987745913
4840    0.581987322989
4842    0.581987321039
4844    0.581987320913
4846    0.581981386373
4848    0.581981136462
4850    0.581979405066
4852    0.581979400858
4854    0.581979366123
4856    0.581979348972
4858    0.581977846666
4860    0.581977844743
4862    0.581977811181
4864    0.581977020566
4866    0.581977020329
4868    0.581961784312
4870    0.581959437221
4872    0.581959394087
4874    0.581948781121
4876    0.581948518884
4878    0.581948446687
4880    0.581948417926
4882    0.581938271776
4884    0.581937733479
4886    0.581935756031
4888    0.581935756031
4890    0.58193371012
4892    0.581931646276
4894    0.581926945628
4896    0.581926307079
4898    0.58192602481
4900    0.581925829264
4902    0.581921189388
4904    0.581920699756
4906    0.581920442189
4908    0.581917940184
4910    0.581917939173
4912    0.581912221161
4914    0.581902206537
4940    0.581028299816
4942    0.581012354464
4944    0.580997713387
4946    0.580983362845
4972    0.580298666602
4974    0.580286802737
4976    0.580270892569
4996    0.579918547269
4998    0.579918545055
5024    0.578570006134
5026    0.578568305319
5028    0.578567524329
5030    0.578567083817
5032    0.578555089875
5034    0.578543420248
5036    0.57853735531
5038    0.578534518625
5040    0.578521488101
5066    0.577442925099
5068    0.577442921023
5094    0.575298136223
5096    0.575297634617
5098    0.575289063939
5100    0.575287756247
5102    0.575287514147
5104    0.575287302491
5106    0.575279403865
5108    0.57527754114
5110    0.575277396155
5112    0.575273887491
5114    0.575273854271
5116    0.57527075759
5118    0.575261639124
5120    0.575261611947
5122    0.575245352458
5124    0.575242396894
5126    0.575226342537
5128    0.575221244646
5130    0.575221211652
5156    0.574203579427
5158    0.574201980203
5160    0.574200865503
5162    0.574200865486
5164    0.574200713436
5166    0.574200671287
5168    0.574199614915
5170    0.574199614907
5172    0.574199196605
5174    0.57419916406
5176    0.574199163939
5178    0.574193838652
5180    0.574193588571
5182    0.574192282879
5184    0.574192281742
5186    0.574192247052
5188    0.574192229924
5190    0.574191097221
5192    0.574191096707
5194    0.57419106306
5196    0.574190372286
5198    0.574190372052
5200    0.574175571319
5202    0.574173252223
5204    0.574173231972
5206    0.574163475439
5208    0.574163216543
5210    0.57416314526
5212    0.574163131905
5214    0.57415380836
5216    0.574153276717
5218    0.574151324795
5220    0.574151324795
5222    0.57414932782
5224    0.574147254412
5226    0.574142522669
5228    0.574142055391
5230    0.574141779172
5232    0.57414158781
5234    0.574136920308
5236    0.574136567925
5238    0.574136312445
5240    0.574133479513
5242    0.574133478435
5244    0.574127516853
5246    0.574116697768
5272    0.573558177873
5274    0.573543081262
5276    0.573528346344
5278    0.573513902724
5295    0.573227376418
5297    0.573216269393
5299    0.573201053489
5301    0.57318953697
5303    0.573189534803
5329    0.572085263406
5331    0.572083754729
5333    0.572083516502
5335    0.572082588244
5337    0.572071126883
5339    0.572059975093
5341    0.572055461326
5343    0.572051567026
5345    0.572039098504
5371    0.571283827272
5373    0.571283822897
5399    0.569512309577
5401    0.569511950554
5403    0.569504363418
5405    0.569503054356
5407    0.569502904143
5409    0.569502772819
5411    0.569495767079
5413    0.569493899856
5415    0.569493816891
5417    0.569490999802
5419    0.569490969858
5421    0.569488493219
5423    0.569479578221
5425    0.569479576794
5427    0.569463578257
5429    0.569461174991
5431    0.569445389129
5433    0.569443173606
5435    0.569443154318
5461    0.568652216634
5463    0.56865063604
5465    0.568649753372
5467    0.568649753366
5469    0.568649602892
5471    0.568649561177
5473    0.568648725591
5475    0.568648725588
5477    0.56864831194
5479    0.568648221218
5481    0.568648221099
5483    0.568643410273
5485    0.568643160004
5487    0.568642175091
5489    0.568642174723
5491    0.568642140103
5493    0.568642123009
5495    0.568641268815
5497    0.568641268651
5499    0.568641234952
5501    0.568640635138
5503    0.568640634906
5505    0.568626253138
5507    0.568623962213
5509    0.568623952592
5511    0.568614983052
5513    0.568614727458
5515    0.568614657082
5517    0.568614650848
5519    0.568606083098
5521    0.568605558168
5523    0.568603638797
5525    0.568603638797
5527    0.568601685613
5529    0.568599610572
5531    0.568594847466
5533    0.56859450836
5535    0.568594235843
5537    0.56859404704
5539    0.568589351626
5541    0.568589101141
5543    0.568588846321
5545    0.568585666555
5547    0.568585665433
5549    0.568579745254
5551    0.568568555198
5553    0.568551929408
5555    0.568538172232
5557    0.568524170793
5559    0.568510446157
5561    0.568493836441
5563    0.568483899434
5565    0.568469509971
5567    0.568461950106
5569    0.568461947998
5595    0.5675600919
5597    0.567558767395
5599    0.56755873227
5601    0.567557337628
5603    0.567546411626
5605    0.567535780445
5607    0.567532289569
5609    0.56752752371
5611    0.567515620404
5637    0.567005794133
5639    0.567005789543
5665    0.565548234267
5667    0.565547970867
5669    0.5655413003
5671    0.565539988891
5673    0.565539895677
5675    0.565539814184
5677    0.56553364275
5679    0.565531770382
5681    0.565531724227
5683    0.565529462009
5685    0.565529435049
5687    0.565527455402
5689    0.565518757658
5691    0.565518718683
5693    0.56550300017
5695    0.56550098934
5697    0.565485489662
5699    0.565484840761
5701    0.565484830734
5727    0.564870818142
5729    0.564869256096
5731    0.564868554959
5733    0.564868554957
5735    0.564868406057
5737    0.564868364776
5739    0.564867701888
5741    0.564867701886
5743    0.564867292915
5745    0.56486712622
5747    0.564867126104
5749    0.564862751251
5751    0.564862500835
5753    0.56486175768
5755    0.564861757529
5757    0.564861722984
5759    0.564861705927
5761    0.564861061632
5763    0.564861061567
5765    0.564861027832
5767    0.564860510567
5769    0.564860510339
5771    0.564846531818
5773    0.564844269187
5775    0.564844264537
5777    0.564836018225
5779    0.564835765901
5781    0.564835696423
5783    0.564835693493
5785    0.56482782019
5787    0.564827302024
5789    0.564825418213
5791    0.564825418214
5793    0.564823506353
5795    0.56482143363
5797    0.564816638888
5799    0.564816401484
5801    0.564816131552
5803    0.564815944535
5805    0.564811220937
5807    0.564811050395
5809    0.564810795604
5811    0.564807251919
5813    0.564807250811
5815    0.564801856337
5817    0.564791465121
5819    0.564775038734
5821    0.564762539931
5823    0.564749377548
5825    0.56473647531
5827    0.564720090269
5829    0.564711208733
5831    0.564697608052
5833    0.564692938571
5835    0.56469293653
5861    0.563957903439
5863    0.563956755191
5865    0.563956753396
5867    0.563954998942
5869    0.563944611463
5871    0.563934504032
5873    0.563931703903
5875    0.563926313932
5877    0.563914979206
5879    0.563900987525
5881    0.563900982841
5907    0.562624069661
5909    0.562623878077
5911    0.562618305825
5913    0.562616991254
5915    0.562616936687
5917    0.562616888984
5919    0.562611721344
5921    0.562609843269
5923    0.562609820452
5925    0.56260800345
5927    0.562607979207
5929    0.562606397845
5931    0.562597928655
5933    0.562597823588
5935    0.562582401104
5937    0.562580674615
5939    0.562565475993
5941    0.562565435353
5943    0.562565431097
5966    0.562154652061
5968    0.562153109479
5970    0.562152539487
5972    0.562152539486
5974    0.56215239202
5976    0.562152351134
5978    0.562151813027
5980    0.562151813026
5982    0.562151408708
5984    0.562151155514
5986    0.562151155402
5988    0.562147151323
5990    0.562146900813
5992    0.562146339896
5994    0.562146339816
5996    0.562146305346
5998    0.562146288326
6000    0.562145802248
6002    0.562145802214
6004    0.562145768457
6006    0.562145325818
6008    0.562145325592
6010    0.562131735244
6012    0.562129500986
6014    0.562129498684
6016    0.562121917064
6018    0.562121667979
6020    0.562121599391
6022    0.562121598002
6024    0.562114362825
6026    0.562113851464
6028    0.562112004405
6030    0.562112004405
6032    0.562110132581
6034    0.56210806422
6036    0.562103237582
6038    0.562103070688
6040    0.562102802801
6042    0.562102617195
6044    0.562097865155
6046    0.562097749318
6048    0.562097494284
6050    0.562093700966
6052    0.56209369987
6054    0.562088676316
6056    0.562079038097
6058    0.562062811079
6060    0.562051456938
6062    0.562039091417
6064    0.562026970234
6066    0.562010808313
6068    0.562002879557
6070    0.561990031008
6072    0.561987389164
6074    0.561987387196
6100    0.561389212254
6102    0.561388253679
6104    0.561388205663
6106    0.561386745362
6108    0.561376978473
6110    0.561367474776
6112    0.561365152265
6114    0.561360256914
6116    0.561349574193
6118    0.561338809057
6120    0.561338804305
6146    0.560223613289
6148    0.560223469258
6150    0.560218808927
6152    0.560217490456
6154    0.56021745867
6156    0.560217430884
6158    0.560213097958
6160    0.560211213657
6162    0.560211203325
6164    0.56020974357
6166    0.560209721798
6168    0.560208459535
6170    0.560200245021
6172    0.56020005978
6174    0.560184968972
6176    0.56018346232
6178    0.560168599174
6180    0.560168535038
6182    0.560168533568
6184    0.560151862028
6186    0.56015034279
6188    0.560149827343
6190    0.560149827343
6192    0.560149680777
6194    0.56014964014
6196    0.560149154179
6198    0.560149154179
6200    0.560148754383
6202    0.560148409503
6204    0.560148409394
6206    0.560144721737
6208    0.560144471183
6210    0.560144047665
6212    0.560144047612
6214    0.560144013213
6216    0.560143996227
6218    0.560143629427
6220    0.560143629406
6222    0.560143595636
6224    0.560143220175
6226    0.560143219952
6228    0.560130003312
6230    0.560127797471
6232    0.560127796293
6234    0.560120825596
6236    0.560120579722
6238    0.560120512018
6240    0.560120511352
6242    0.560113862573
6244    0.560113358048
6246    0.560111548099
6248    0.560111548099
6250    0.560109715534
6252    0.560107652607
6254    0.560102793818
6256    0.560102675901
6258    0.560102409791
6260    0.560102225413
6262    0.560097444686
6264    0.560097366234
6266    0.560097110856
6268    0.560093154631
6270    0.560093153548
6272    0.560088399031
6274    0.560079469582
6276    0.560063441736
6278    0.56005312955
6280    0.560041519953
6282    0.560030139709
6284    0.560014199222
6286    0.560007130616
6288    0.559994998486
6290    0.559993699067
6292    0.559993697174
6318    0.559507396533
6320    0.559506608331
6322    0.559506481498
6324    0.559505273006
6326    0.55949609697
6328    0.559487168097
6330    0.559485183318
6332    0.559480731559
6334    0.559470669566
6336    0.559462588653
6338    0.559462583854
6364    0.558491223321
6366    0.558491111384
6368    0.558487209895
6370    0.558485886895
6372    0.558485868532
6374    0.558485852481
6376    0.558482215243
6378    0.558480324248
6380    0.55848032025
6382    0.558479147168
6384    0.558479127638
6386    0.558478120952
6388    0.558470248337
6390    0.55846995776
6392    0.558455315383
6394    0.558454017144
6396    0.558439604014
6398    0.558439530787
6400    0.558439529488
6402    0.55842299865
6404    0.558421497887
6406    0.558421031741
6408    0.558421031741
6410    0.558420886843
6412    0.558420846668
6414    0.558420407822
6416    0.558420407822
6418    0.558420012876
6420    0.55841957498
6422    0.558419574874
6424    0.558416158173
6426    0.558415907624
6428    0.558415587719
6430    0.558415587679
6432    0.558415553349
6434    0.558415536396
6436    0.558415259536
6438    0.55841525952
6440    0.558415225744
6442    0.558414910469
6444    0.558414910249
6446    0.558402053457
6448    0.558399876044
6450    0.558399875413
6452    0.558393466253
6454    0.558393223565
6456    0.558393156737
6458    0.558393156413
6460    0.558387046517
6462    0.558386548852
6464    0.558384775986
6466    0.558384775986
6468    0.558382982123
6470    0.558380925217
6472    0.558376034033
6474    0.558375950213
6476    0.55837568575
6478    0.558375502508
6480    0.558370692858
6482    0.558370639917
6484    0.558370384166
6486    0.558366328768
6488    0.558366327698
6490    0.558361774153
6492    0.558353510836
6494    0.558337681856
6496    0.558328318367
6498    0.558317424979
6500    0.558306746756
6502    0.55829102594
6504    0.558284733547
6506    0.558273283039
6508    0.558272791416
6510    0.558272789601
6512    0.558256016673
6514    0.558255403177
6516    0.558255158408
6518    0.558254165316
6520    0.55824563317
6522    0.558237330797
6524    0.558235658422
6526    0.558231605583
6528    0.558222217895
6530    0.558216329595
6532    0.558216324767
6558    0.557372164163
6560    0.55737207431
6562    0.557368805514
6564    0.557367477448
6566    0.557367466979
6568    0.557367457828
6570    0.557364401571
6572    0.557362503464
6574    0.55736250236
6576    0.557361559331
6578    0.557361541834
6580    0.557360739774
