26 3.75454251894
39 3.63129665097
64 3.62859182603
66 3.62858687794
68 3.62857567774
94 3.50985087662
120 3.42444271421
144 3.42196758866
170 3.39887329445
172 3.39885903381
198 3.32794043386
224 3.22042450677
250 3.19249634562
276 3.18206812571
302 3.17307397512
328 3.06821199588
354 2.9833832175
380 2.97095621088
406 2.94773235928
432 2.94625239502
447 2.82166395586
455 2.69735171048
457 2.69735129777
459 2.69734886493
461 2.6973488641
487 2.57488796129
509 2.4518225469
515 2.45170044193
517 2.4516928342
519 2.45168280087
545 2.44514016583
564 2.3212314858
590 2.31430437921
592 2.31429449557
618 2.30729956146
644 2.22932902831
670 2.12627044367
696 2.10029218759
722 2.08684452685
748 2.07993855909
764 1.95578045941
784 1.83216648075
786 1.83216498173
788 1.83215869563
790 1.83215829841
816 1.77675827669
842 1.69739557196
868 1.66669213406
894 1.64126311643
920 1.62783850961
946 1.53854609587
972 1.5140573453
998 1.49234750342
1024 1.47183821855
1050 1.46754969396
1076 1.45790323337
1102 1.3346081369
1128 1.32401010902
1130 1.32399641333
1156 1.31388099409
1182 1.27830257166
1208 1.27252394988
1234 1.24693650533
1260 1.24008210441
1286 1.22285511446
1312 1.10093560552
1338 0.993696727498
1344 0.993576257864
1370 0.982518806569
1372 0.982508203529
1385 0.858131548731
1411 0.748574229137
1413 0.748574169512
1439 0.739003032762
1441 0.739002444306
1454 0.614712947769
1456 0.614701527181
1458 0.614694205414
1460 0.614688956697
1462 0.614688306258
1464 0.614679580565
1466 0.614678704369
1468 0.614671129989
1470 0.614670866071
1496 0.60996391872
1498 0.609955098128
1524 0.608953289375
1526 0.608940428533
1552 0.606722377078
1567 0.606340882379
1593 0.605428764464
1595 0.605419468691
1605 0.605261609696
1607 0.605257602759
1633 0.599385113184
1635 0.59937361804
1661 0.59802076933
1664 0.597992094972
1666 0.59799122574
1668 0.59798986701
1670 0.597989845362
1672 0.597989519457
1674 0.597989133144
1676 0.597989067679
1678 0.597986973474
1680 0.597979540131
1682 0.597979106894
1684 0.59797339795
1710 0.592123278409
1712 0.592123184287
1738 0.585485692314
1740 0.585484756538
1766 0.579214451692
1792 0.577857900686
1818 0.576502643329
1840 0.57596906356
1842 0.575956615883
1844 0.575941814806
1846 0.575939352656
1848 0.575938923925
1850 0.575938864783
1852 0.575936709819
1854 0.575936701337
1880 0.571248709896
1906 0.565469920238
1932 0.563001893512
1958 0.561590169293
1984 0.560568789902
2010 0.559592832599
2036 0.543079792677
2038 0.543072741119
2064 0.530947078676
2066 0.530944450566
2092 0.522876310527
2095 0.522850099628
2121 0.514102830592
2123 0.514099640767
2149 0.506323894881
2175 0.495656035628
2201 0.489466840649
2227 0.482958921538
2253 0.476478841234
2279 0.472903183551
2281 0.47289557758
2303 0.47200986691
2305 0.472003312759
2307 0.471989896779
2309 0.471981795128
2311 0.47197933105
2332 0.471172205203
2334 0.471171670302
2336 0.471158891784
2338 0.471157950769
2340 0.471157867697
2342 0.471155567908
2344 0.471153396455
2346 0.471150369236
2348 0.471150302294
2350 0.471144353998
2352 0.471144034594
2354 0.471138873638
2356 0.471138873365
2359 0.471108971049
2361 0.471102821492
2363 0.471091498545
2365 0.471081400075
2367 0.471074837404
2369 0.471064070764
2371 0.471052648315
2373 0.47104511542
2375 0.4710322101
2377 0.471029518361
2390 0.470786063305
2392 0.470777742291
2394 0.470766159996
2396 0.470754647111
2398 0.470753880701
2400 0.47075381648
2402 0.470753770016
2404 0.470753749931
2406 0.470753299675
2408 0.470753149868
2410 0.470753145092
2412 0.470748444138
2414 0.470747102257
2416 0.470743487587
2442 0.466342223868
2444 0.466342195421
2470 0.461005217891
2472 0.461003301762
2498 0.456241668674
2500 0.456237074995
2502 0.456224297887
2504 0.456210781598
2506 0.456200334357
2508 0.456186588638
2510 0.456185258392
2512 0.456183935099
2514 0.456183930262
2516 0.456178739143
2518 0.456178633808
2520 0.45616965845
2532 0.455960919172
2545 0.455746140344
2547 0.455733833681
2551 0.455688487977
2553 0.455677949845
2579 0.447560184244
2581 0.447557175582
2607 0.442120772143
2609 0.44212041373
2635 0.437412584435
2637 0.437407183255
2663 0.432032047039
2665 0.432031937627
2691 0.427406944183
2717 0.425309914574
2743 0.419714525413
2769 0.418508902434
2795 0.412746988009
2820 0.412277622065
2822 0.412274707605
2824 0.412262211239
2826 0.412258091135
2828 0.412246635019
2830 0.412239284799
2832 0.412236776058
2834 0.412225109969
2836 0.412224636167
2838 0.412214070277
2840 0.412213180235
2842 0.412211762929
2844 0.412210932242
2846 0.412209780752
2848 0.412208103568
2850 0.412208103505
2852 0.412204007207
2854 0.412203849667
2856 0.412200296875
2858 0.412200123515
2860 0.412187130559
2862 0.41218268729
2864 0.412172693011
2866 0.41216465821
2868 0.412159180867
2870 0.412150224949
2872 0.4121402028
2874 0.412134113597
2876 0.412122655866
2878 0.412120838988
2880 0.412107443897
2882 0.412100814903
2884 0.412090463184
2886 0.412080861427
2888 0.412080090255
2890 0.412080087993
2892 0.412080042519
2894 0.412080040405
2896 0.412079591457
2898 0.412078956249
2900 0.412078396525
2902 0.412075129837
2904 0.412068296552
2906 0.412065791346
2932 0.409365694411
2934 0.409365550969
2960 0.405641746694
2962 0.40563964537
2988 0.402453317555
2990 0.402449264108
2992 0.402438420987
2994 0.402425852732
2996 0.402417084116
2998 0.402404276446
3000 0.402403347516
3002 0.402403139982
3004 0.402403094625
3006 0.402399890266
3008 0.402399703436
3010 0.402396315338
3012 0.402383173745
3014 0.402370644191
3016 0.402359244342
3018 0.402345846092
3020 0.402338614298
3046 0.399190400129
3048 0.399189043995
3074 0.397197271368
3076 0.397197271312
3102 0.395095181954
3104 0.395092665363
3130 0.392288654372
3132 0.39228525808
3158 0.389858971051
3171 0.389655792896
3197 0.385030743485
3199 0.385017137438
3225 0.380250282185
3227 0.380243580905
3229 0.380242730517
3231 0.380232026869
3233 0.380229373424
3235 0.380219554816
3237 0.380212521746
3239 0.380209963464
3241 0.380200301942
3243 0.380199847099
3245 0.380191108282
3247 0.380190233191
3249 0.380188135961
3251 0.380187600573
3253 0.380186691187
3255 0.380185815184
3257 0.380185802431
3259 0.380182948946
3261 0.380182848392
3263 0.380180374338
3265 0.380179832832
3267 0.380168206437
3269 0.380164929817
3271 0.38015610948
3273 0.380149558386
3275 0.380145003403
3277 0.380137557697
3279 0.380128757081
3281 0.380123854155
3283 0.380113667067
3285 0.380112537976
3287 0.380100419613
3289 0.380095123479
3291 0.380085873009
3293 0.380077813447
3295 0.380077041011
3297 0.380077041011
3299 0.380076996003
3301 0.380076995396
3303 0.380076546837
3305 0.380075412695
3307 0.380074364929
3309 0.380071910192
3311 0.380058940305
3313 0.380057071033
3339 0.378667105635
3341 0.378666522766
3367 0.376278199825
3369 0.37627552349
3395 0.374288482932
3397 0.374284967809
3399 0.374275759631
3401 0.374264138381
3403 0.374256781463
3405 0.37424491344
3407 0.374244131709
3409 0.374244131551
3411 0.374244056756
3413 0.374242027809
3415 0.374241799105
3417 0.37423896203
3419 0.374226815018
3421 0.374215353322
3423 0.374204858272
3425 0.37419255275
3427 0.374187140065
3453 0.373124350015
3455 0.373123671488
3481 0.372482091974
3483 0.372481982633
3509 0.371726559287
3511 0.371725125375
3537 0.370360102535
3539 0.370353471242
3565 0.369128340476
3567 0.369116009942
3593 0.365407600762
3595 0.365397552356
3621 0.361630943183
3623 0.361627421423
3625 0.361627329042
3627 0.36161811666
3629 0.361616339667
3631 0.361607884403
3633 0.361600902699
3635 0.361598334716
3637 0.361590331619
3639 0.361589884488
3641 0.361582655698
3643 0.361581786014
3645 0.36157948248
3647 0.361579025497
3649 0.36157818658
3651 0.361577769104
3653 0.3615777394
3655 0.361575725123
3657 0.361575647343
3659 0.361573901545
3661 0.361572919658
3663 0.361562512023
3665 0.361560042005
3667 0.361552259762
3669 0.361546789512
3671 0.36154301752
3673 0.361536817861
3675 0.361529084297
3677 0.361525144041
3679 0.361516074176
3681 0.361515416397
3683 0.361504450216
3685 0.361500206261
3687 0.361491942142
3689 0.361485132121
3691 0.361484359509
3693 0.361484359349
3695 0.36148431466
3697 0.361484314258
3699 0.361483865903
3701 0.361482311361
3703 0.361481563556
3705 0.36147960392
3708 0.361451457672
3710 0.361449988146
3736 0.360840421937
3738 0.360839299384
3764 0.359361697482
3766 0.359358415347
3792 0.358154914697
3794 0.358151936972
3796 0.358144112836
3798 0.358133457775
3800 0.358127288837
3802 0.358116381759
3804 0.358115656693
3806 0.358115563744
3808 0.358115474645
3810 0.35811404047
3812 0.358113792785
3814 0.358111437745
3816 0.358100313969
3818 0.358089823837
3820 0.358080261551
3822 0.358068950741
3824 0.358064516802
3830 0.357987822309
3832 0.357987322488
3834 0.357973623006
3836 0.357973480714
3838 0.357962939651
3840 0.357961241705
3866 0.357175087813
3868 0.35716795249
3894 0.356439221418
3896 0.356429393472
3922 0.353621536593
3924 0.353614516424
3950 0.350771880153
3952 0.350770430445
3954 0.35077039602
3956 0.350762450895
3958 0.350761227323
3960 0.350753931472
3962 0.350746912026
3964 0.350744346322
3966 0.350737715266
3968 0.350737272721
3970 0.350731292452
3972 0.350730425805
3974 0.350728078142
3976 0.350727647154
3978 0.350726833701
3980 0.350726663737
3982 0.350726622738
3984 0.350725179141
3986 0.350725111351
3988 0.350723860731
3990 0.350722434369
3992 0.35071311415
3994 0.350711208382
3996 0.350704344338
3998 0.350699671501
4000 0.350696562927
4002 0.350691392515
4004 0.350684591763
4006 0.350681432154
4008 0.3506733457
4010 0.350672998497
4012 0.350663072631
4014 0.350659660847
4016 0.350652280385
4018 0.350646486649
4020 0.350645714301
4022 0.35064571403
4024 0.350645669615
4026 0.350645669243
4028 0.35064522112
4030 0.350643341385
4032 0.350643298332
4034 0.350641649413
4036 0.350627396723
4038 0.350626183737
4040 0.350616588476
4042 0.350614998175
4068 0.349623110061
4070 0.349619865031
4096 0.348822240575
4098 0.348819810522
4100 0.348813158492
4102 0.348803522918
4104 0.348798353469
4106 0.348788461038
4108 0.348787758369
4110 0.348787520323
4112 0.34878742498
4114 0.348786307858
4116 0.348786051775
4118 0.34878411493
4120 0.348774103724
4122 0.348764496143
4124 0.348755942532
4126 0.348745536629
4128 0.348741349419
4130 0.348728696937
4132 0.348728268667
4134 0.34871665895
4136 0.34871647572
4138 0.348713034197
4140 0.348710985294
4166 0.348263857751
4168 0.348256568943
4194 0.347836958181
4196 0.347829339084
4222 0.345798799166
4224 0.34579408245
4250 0.343720652635
4252 0.343720282294
4254 0.34371995088
4256 0.343713099602
4258 0.343712244811
4260 0.343705950364
4262 0.343698897994
4264 0.343696338628
4266 0.343690842921
4268 0.343690404075
4270 0.343685456402
4272 0.343684592396
4274 0.343682250251
4276 0.343681830931
4278 0.343681030511
4280 0.343680980516
4282 0.343680932785
4284 0.343679880387
4286 0.343679817272
4288 0.343678906076
4290 0.343677066368
4292 0.343668716672
4294 0.343667210508
4296 0.343661158676
4298 0.343657081375
4300 0.343654533595
4302 0.343650214234
4304 0.343644229454
4306 0.343641702254
4308 0.343634482277
4310 0.343634327294
4312 0.343625341045
4314 0.343622588686
4316 0.343615999925
4318 0.343611035934
4320 0.343610264111
4322 0.343610263779
4324 0.343610219626
4326 0.34361021925
4328 0.343609771447
4330 0.343607614315
4332 0.343606978519
4334 0.343605552746
4336 0.343592561964
4338 0.34359152866
4340 0.343587878338
4342 0.343585899358
4368 0.342927992111
4370 0.342924738348
4396 0.342401998113
4398 0.342400049121
4400 0.34239439041
4402 0.342385698993
4404 0.342381370367
4406 0.342372419561
4408 0.342371725693
4410 0.342371362148
4412 0.342371264231
4414 0.342370323623
4416 0.342370063797
4418 0.342368486992
4420 0.342359485402
4422 0.342350679636
4424 0.342343038727
4426 0.342333456562
4428 0.342329472342
4430 0.342318426742
4432 0.342318066155
4434 0.342308013094
4436 0.34230778176
4438 0.3423071435
4440 0.342304693821
4442 0.342293616868
4444 0.342287056299
4446 0.342272657299
4448 0.342266983594
4474 0.340850321363
4476 0.340847354134
4502 0.339370477751
4504 0.339370472894
4506 0.339369684857
4508 0.339363786037
4510 0.33936318674
4512 0.339357764769
4514 0.339350723806
4516 0.339348172558
4518 0.339343616506
4520 0.339343181091
4522 0.339339087547
4524 0.339338226312
4526 0.339335904693
4528 0.33933549293
4530 0.339334702177
4532 0.33933469708
4534 0.33933464532
4536 0.339333863488
4538 0.339333802669
4540 0.339333126229
4542 0.339330920107
4544 0.339323436725
4546 0.339322217144
4548 0.339316883686
4550 0.339313256311
4552 0.33931118123
4554 0.339307566248
4556 0.33930229556
4558 0.339300280022
4560 0.339293824116
4562 0.339293775155
4564 0.339285637672
4566 0.339283408859
4568 0.339277529309
4570 0.339273245348
4572 0.339272474257
4574 0.339272473881
4576 0.339272429988
4578 0.339272429599
4580 0.339271982219
4582 0.339269620748
4584 0.339268028442
4586 0.339266749978
4588 0.339254683061
4590 0.33925377046
4592 0.339252908043
4594 0.339250620902
4620 0.338817089166
4622 0.338813808607
4624 0.338799336109
4626 0.338797833972
4628 0.338793016949
4630 0.338785264958
4632 0.338781643193
4634 0.338773630664
4636 0.338772940115
4638 0.338772483567
4640 0.338772384664
4642 0.33877154559
4644 0.338771284057
4646 0.338770015117
4648 0.338761919528
4650 0.338753842153
4652 0.338747017666
4654 0.338738185558
4656 0.338734477124
4658 0.338723879477
4660 0.338723598799
4662 0.338713974874
4664 0.338713671238
4666 0.338713101547
4668 0.338710161212
4670 0.338699365256
4672 0.338693429722
4674 0.338679367367
4676 0.338675164745
4702 0.337714200096
4704 0.3377123994
4730 0.336676561102
4732 0.336676416607
4734 0.336675123023
4736 0.336670056176
4738 0.336669638054
4740 0.336664978611
4742 0.336658002729
4744 0.336655460687
4746 0.336651682485
4748 0.336651250409
4750 0.336647863454
4752 0.336647005248
4754 0.336644708872
4756 0.336644303444
4758 0.336643521568
4760 0.336643518928
4762 0.336643464636
4764 0.336642871779
4766 0.336642812132
4768 0.336642299657
4770 0.33663977878
4772 0.33663306882
4774 0.336632057391
4776 0.336627359213
4778 0.336624075487
4780 0.336622397544
4782 0.336619366129
4784 0.336614720666
4786 0.336613118483
4788 0.336607336906
4790 0.336607332105
4792 0.336599961404
4794 0.336598149127
4796 0.336592904775
4798 0.336589180325
4800 0.336588410151
4802 0.336588409739
4804 0.336588366105
4806 0.3365883657
4808 0.336587918845
4810 0.336585387194
4812 0.336582652937
4814 0.336581486071
4816 0.336570254937
4818 0.336569434829
4820 0.336569188169
4822 0.336566709158
4824 0.336551867932
4826 0.336548723013
4828 0.336534492669
4830 0.336533383476
4832 0.336529279823
4834 0.336522426155
4836 0.336519398302
4838 0.336512284662
4840 0.336511595245
4842 0.336511073873
4844 0.336510974663
4846 0.336510195308
4848 0.336509932981
4850 0.336508925459
4852 0.336501642586
4854 0.336494227049
4856 0.336488132426
4858 0.336479983626
4860 0.336476516131
4862 0.336466346973
4864 0.336466129986
4866 0.336456916514
4868 0.336456538904
4870 0.336456034056
4872 0.336452706882
4874 0.336442185876
4876 0.336436687877
4878 0.336422954159
4880 0.3364198291
4906 0.335782529361
4908 0.335781475948
4934 0.335061371704
4936 0.335060809677
4938 0.335059023236
4940 0.335054682681
4942 0.335054394297
4944 0.335050400875
4946 0.335043538096
4948 0.335041006108
4950 0.33503787194
4952 0.335037443161
4954 0.335034640787
4956 0.335033785883
4958 0.335031516395
4960 0.335031116913
4962 0.33503034384
4964 0.335030321216
4966 0.335030265217
4968 0.335029805748
4970 0.335029746717
4972 0.335029349979
4974 0.335026564713
4976 0.335020545358
4978 0.335019687014
4980 0.335015550519
4982 0.335012531976
4984 0.335011186419
4986 0.335008638987
4988 0.335004541187
4990 0.335003272362
4992 0.33499808641
4994 0.334998082231
4996 0.334991404306
4998 0.334989924164
5000 0.334985248596
5002 0.334981986324
5004 0.334981217242
5006 0.334981216797
5008 0.334981173422
5010 0.334981173
5012 0.334980726771
5014 0.334978056513
5016 0.334974144624
5018 0.334973061751
5020 0.334963536034
5022 0.334962786638
5024 0.334962558144
5026 0.334959990067
5028 0.334945332018
5030 0.334942276098
5032 0.334928285486
5034 0.334927487199
5036 0.334923988563
5038 0.33491791705
5040 0.334915388046
5042 0.33490905934
5044 0.334908370225
5046 0.334907804731
5048 0.334907705506
5050 0.33490696174
5052 0.334906699053
5054 0.334905911768
5056 0.334899358109
5058 0.334892544086
5060 0.334887101967
5062 0.334879575946
5064 0.334876319366
5066 0.33486656025
5068 0.334866393827
5070 0.334857573054
5072 0.33485712149
5074 0.334856677381
5076 0.334853054737
5078 0.334842802111
5080 0.334837611799
5082 0.334824198528
5084 0.334821846781
5108 0.334450932123
5110 0.334450313826
5136 0.33394187744
5138 0.333940808063
5140 0.333938569952
5142 0.333934866116
5144 0.333934678561
5146 0.333931269301
5148 0.333924586654
5150 0.333922065453
5152 0.333919464632
5154 0.333919039124
5156 0.333916720429
5158 0.333915869089
5160 0.333913627185
5162 0.333913233498
5164 0.333912469333
5166 0.333912416297
5168 0.333912359069
5170 0.333911994801
5172 0.333911936098
5174 0.333911621969
5176 0.333908618404
5178 0.333903215824
5180 0.333902471438
5182 0.333898831446
5184 0.333896019535
5186 0.333894950938
5188 0.333892805344
5190 0.333889187492
5192 0.333888186974
5194 0.333883527579
5196 0.333883494216
5198 0.33387744226
5200 0.333876227592
5202 0.333872061208
5204 0.333869182252
5206 0.333868414428
5208 0.333868413952
5210 0.333868370837
5212 0.333868370398
5214 0.333867924888
5216 0.3338651622
5218 0.333860366875
5220 0.333859337859
5222 0.333850850962
5224 0.333850148936
5226 0.333849939312
5228 0.333847314673
5230 0.33383284105
5232 0.333829845421
5234 0.333816091598
5236 0.333815535727
5238 0.333812550415
5240 0.333807160533
5242 0.33380505033
5244 0.333799407772
5246 0.333798718691
5248 0.333798123253
5250 0.333798024138
5252 0.333797301694
5254 0.33379703887
5256 0.333796435439
5258 0.333790536213
5260 0.333784269039
5262 0.333779410262
5264 0.333772452115
5266 0.33376938051
5268 0.333760013904
5270 0.333759887442
5272 0.333751442452
5274 0.333750918217
5276 0.333750530484
5278 0.333746689762
5280 0.333736698391
5282 0.333731722848
5284 0.333718621492
5286 0.333716792989
5288 0.333705302559
5290 0.333704816536
5313 0.333350702931
5315 0.333349376876
5317 0.333346719366
5319 0.333343597182
5321 0.333343513294
5323 0.333340637824
5325 0.333334373822
5327 0.333331864052
5329 0.333329705002
5331 0.333329282747
5333 0.333327364266
5335 0.333326516741
5337 0.333324302784
5339 0.333323914806
5341 0.333323159681
