26    3.86523280702
52    3.75649095972
78    3.74815744798
104    3.73780306997
130    3.72945330326
155    3.60607653087
157    3.60607653068
159    3.60607255691
182    3.48232417584
208    3.43986008499
234    3.37199726423
236    3.37198706198
238    3.37198009438
264    3.34445941346
290    3.31605729034
292    3.31605253878
318    3.26127603463
320    3.26127603463
346    3.23296855663
372    3.14684114492
398    3.03680586048
424    2.92022142602
450    2.8973739216
476    2.8916729978
502    2.88355505797
528    2.88000871199
554    2.87863782164
580    2.87755465403
582    2.87755465403
608    2.87686331637
626    2.75274649417
644    2.62896442587
670    2.5326033706
672    2.53259601759
674    2.53259173201
676    2.53258512155
702    2.51503391453
704    2.51502939134
712    2.39024560615
714    2.39024560615
716    2.39024556385
742    2.26700782657
768    2.18759161886
794    2.15531366
801    2.15516179337
803    2.15515268522
829    2.12988085073
855    2.10569064993
858    2.10566406731
883    1.98082987065
885    1.98082987065
887    1.98082714808
913    1.8780293316
915    1.87802125242
941    1.77211388357
967    1.75826431762
993    1.75659783289
995    1.75659155604
1021    1.74533586427
1024    1.74530805808
1050    1.65321458292
1052    1.65321458292
1078    1.63350815573
1091    1.50908985173
1114    1.38646700257
1140    1.36147570241
1142    1.36147567366
1144    1.36147566151
1146    1.36146781223
1172    1.34088045024
1174    1.34088020909
1187    1.21750237385
1189    1.21750237385
1191    1.21748866909
1206    1.09323582217
1215    0.969267937378
1241    0.853746924151
1243    0.8537356867
1245    0.853729784366
1247    0.853728984841
1273    0.848803376643
1275    0.848799279312
1295    0.724711539107
1297    0.724711236239
1299    0.724707091906
1325    0.715644564089
1346    0.714931164036
1372    0.70674922569
1375    0.706721144066
1401    0.699063816688
1403    0.699059316669
1405    0.699057801419
1407    0.699050044328
1409    0.699049411869
1435    0.682915040466
1461    0.672178989103
1463    0.672177450747
1465    0.672176394233
1491    0.662953846698
1517    0.658691015097
1519    0.658689931763
1545    0.646684255322
1547    0.646684249555
1573    0.640344808157
1575    0.640336100552
1591    0.639897401613
1596    0.639835204118
1605    0.639702645714
1607    0.639689730541
1609    0.639681593554
1611    0.639673614127
1614    0.639644871694
1640    0.63851691759
1642    0.638516917565
1668    0.637406786878
1670    0.637406162675
1672    0.637403378962
1698    0.634653704909
1700    0.634652014348
1702    0.634651020305
1704    0.634649354417
1720    0.634300826988
1722    0.634298462465
1724    0.634297274159
1726    0.634297273884
1728    0.634291977268
1730    0.634290724787
1756    0.626988909586
1782    0.609973215444
1784    0.609967676694
1786    0.609963385714
1812    0.607889831988
1838    0.596856528154
1841    0.596828525651
1843    0.596822924773
1845    0.596822924773
1847    0.596822922529
1849    0.596810984559
1851    0.596800984051
1870    0.596204100887
1872    0.596193124195
1874    0.596183004573
1876    0.596176704376
1878    0.596164551852
1880    0.59615502902
1906    0.593057315689
1908    0.593057314729
1934    0.592064646878
1936    0.592063574978
1938    0.592058055615
1964    0.576631437866
1966    0.57663102173
1968    0.576630846504
1970    0.576627029852
1996    0.565066810195
1998    0.565065397098
2000    0.565065189054
2002    0.565065189006
2004    0.565057523452
2006    0.565056688181
2008    0.565056486869
2011    0.565029472017
2013    0.565027636213
2015    0.56502667062
2017    0.565026625489
2019    0.565015518431
2021    0.565014342732
2023    0.565008380664
2025    0.565008103057
2027    0.56500687138
2053    0.557532783666
2055    0.557518813753
2081    0.550964318461
2083    0.550950274615
2109    0.545090917882
2111    0.545089400864
2113    0.545086482663
2115    0.545076821229
2117    0.545076771546
2143    0.5399605255
2169    0.538103158837
2171    0.538102946736
2173    0.538102801177
2199    0.535305277276
2225    0.534568042346
2227    0.534567757128
2253    0.532503993796
2255    0.532503982995
2281    0.531042235833
2283    0.531038936392
2285    0.531031042267
2287    0.531019846353
2289    0.531009019035
2291    0.530998757293
2293    0.530994473294
2295    0.53098743608
2297    0.530975463221
2323    0.52977210001
2325    0.529772099939
2351    0.52847672775
2353    0.528474296068
2355    0.528473879693
2357    0.528460672492
2359    0.528460099662
2361    0.52845976271
2363    0.528459516978
2365    0.528447259281
2367    0.528445733425
2369    0.528443041296
2371    0.528443040986
2373    0.528437376556
2375    0.528430195398
2398    0.527878970859
2424    0.52091807797
2426    0.520915714661
2428    0.520913880149
2430    0.520900228025
2456    0.516646077048
2458    0.516632579644
2460    0.516629121556
2462    0.516629121556
2464    0.516628340465
2466    0.5166202162
2468    0.516610084053
2470    0.516601678724
2472    0.51659357652
2474    0.51658610628
2476    0.516579747066
2478    0.516572347089
2480    0.516565280856
2482    0.516562078755
2484    0.51656207796
2486    0.516548017839
2488    0.51654616439
2490    0.516543507447
2516    0.508178875646
2518    0.50817834764
2520    0.508178126306
2522    0.508176270577
2548    0.502276869672
2550    0.502274735088
2552    0.50227436935
2554    0.502274369271
2556    0.502267002758
2558    0.502264452007
2560    0.502264437505
2562    0.502254582101
2564    0.502253853544
2566    0.50225347022
2568    0.502253467283
2570    0.502244844281
2572    0.502244168094
2574    0.502241221443
2576    0.502240969415
2578    0.502240691539
2604    0.497217732892
2608    0.497173790872
2634    0.492726792875
2636    0.492715773113
2662    0.488841784429
2664    0.488841487392
2666    0.488838463894
2668    0.488828914188
2670    0.488828596021
2696    0.487313536143
2707    0.487146514349
2709    0.487146498406
2711    0.487146487469
2737    0.486331111089
2739    0.486317388149
2741    0.486317323967
2746    0.486257785659
2748    0.486257773496
2774    0.485662543769
2776    0.485660194686
2778    0.485654091326
2780    0.485643971179
2782    0.485634925256
2784    0.485626351654
2786    0.485623310872
2788    0.485617040178
2790    0.485606847021
2816    0.484336600221
2818    0.484336600081
2844    0.482852920408
2846    0.482849745846
2848    0.482849745741
2850    0.482838150799
2852    0.482837815215
2854    0.482837617776
2856    0.482837617702
2858    0.482826869321
2860    0.482825592801
2862    0.482821561756
2864    0.48282156154
2866    0.482816610567
2868    0.482806479242
2870    0.482792850588
2896    0.480195841364
2898    0.480194134753
2900    0.480192808936
2902    0.480179921845
2928    0.478632019724
2930    0.478618779867
2932    0.478616115628
2934    0.478616115628
2936    0.478614215825
2938    0.478608420989
2940    0.47859816256
2942    0.478591229746
2944    0.478585364407
2946    0.478579956391
2948    0.478573532792
2950    0.478567447864
2952    0.478562298533
2954    0.478559708554
2956    0.47855970797
2958    0.478546888544
2960    0.478543876367
2962    0.478542572534
2988    0.474453653979
2990    0.474453205644
2992    0.474453018159
2994    0.474452103123
3020    0.471655685405
3022    0.471653163362
3024    0.471651576497
3026    0.471651576396
3028    0.471644396548
3030    0.471641226676
3032    0.471641224859
3034    0.471633548128
3036    0.471633040854
3038    0.471632773916
3040    0.471632773646
3042    0.471626074967
3044    0.47162551437
3046    0.471623931026
3048    0.471623702795
3050    0.471623677711
3076    0.468703537315
3079    0.468674726852
3105    0.465974638292
3107    0.46596584147
3133    0.463622907077
3135    0.463622906923
3137    0.463620459838
3139    0.463611914095
3141    0.463611546604
3162    0.463252531845
3164    0.463238796556
3166    0.463238793416
3168    0.463238791261
3170    0.463224968017
3172    0.463211784921
3174    0.463211733324
3176    0.463208493927
3178    0.46320848111
3180    0.463194163464
3182    0.463192551558
3184    0.463187429824
3186    0.463178226063
3188    0.463170689187
3190    0.463163545758
3192    0.463161166248
3194    0.463155539582
3196    0.463146868315
3222    0.461824495089
3224    0.461824494863
3250    0.460158253406
3252    0.460154825418
3254    0.460154632057
3256    0.46014451208
3258    0.460144243503
3260    0.460144085467
3262    0.46014397093
3264    0.460134600766
3266    0.460133407759
3268    0.460128941715
3270    0.46012894158
3272    0.460124378129
3274    0.460112118921
3276    0.460099309519
3302    0.459161355282
3304    0.45916011824
3306    0.459159156875
3308    0.459147137008
3334    0.458595872728
3336    0.458583246657
3338    0.458580845187
3340    0.458580845187
3342    0.458578205086
3344    0.458574081576
3346    0.458563700145
3348    0.458557977936
3350    0.45855372823
3352    0.458549809791
3354    0.458543319462
3356    0.458538314315
3358    0.45853455312
3360    0.458532476268
3362    0.458532475839
3364    0.458520767297
3366    0.458516735237
3368    0.458516088756
3394    0.45661725206
3396    0.456616888667
3398    0.456616736893
3400    0.456616282756
3426    0.4553367093
3428    0.45533398589
3430    0.455331210927
3432    0.455331210811
3434    0.455324278121
3436    0.455320944882
3438    0.455320944402
3440    0.455314960603
3442    0.455314511139
3444    0.455314274603
3446    0.455314274566
3448    0.455309068982
3450    0.455308540463
3452    0.45530760213
3454    0.455307395812
3456    0.455307390178
3482    0.453781534467
3485    0.453753211556
3511    0.452213798839
3513    0.452207226705
3539    0.450850702844
3541    0.450850547375
3543    0.450848902566
3545    0.450841972288
3547    0.450841645791
3549    0.450828125134
3551    0.450815303767
3553    0.450815294795
3555    0.450815288641
3557    0.450802084674
3559    0.450789781871
3561    0.450789718748
3563    0.450786789344
3565    0.450786776512
3567    0.450773098544
3569    0.450772016053
3571    0.450767708034
3573    0.450759296601
3575    0.450752969362
3577    0.450746972355
3579    0.450745120822
3581    0.45074004365
3583    0.450732606617
3609    0.449378917355
3611    0.449378917027
3637    0.447545701143
3639    0.447542210701
3641    0.447541673224
3643    0.447532839615
3645    0.447532592203
3647    0.447532446608
3649    0.447532129432
3651    0.447523960273
3653    0.447522798425
3655    0.447518318607
3657    0.447518318522
3659    0.447513924041
3661    0.447500198845
3663    0.447488286167
3672    0.447365949442
3674    0.447365122078
3676    0.447364479073
3678    0.447353422581
3680    0.447339754198
3682    0.447328319438
3684    0.447325898912
3686    0.447325898912
3688    0.447323223447
3690    0.447320298101
3692    0.447309799536
3694    0.447305073716
3696    0.44730199177
3698    0.447299150015
3700    0.447292593306
3702    0.447288475542
3704    0.447285720861
3706    0.447284072458
3708    0.447284072143
3710    0.447273359427
3712    0.447268598984
3714    0.447268276873
3740    0.446407144361
3742    0.446406842695
3744    0.446406716785
3746    0.446406490868
3772    0.445830341108
3774    0.445827528998
3776    0.445823870888
3778    0.445823870764
3780    0.445817243017
3782    0.445813884734
3784    0.445813884515
3786    0.445809217121
3788    0.445808786587
3790    0.445808560003
3792    0.445808559997
3794    0.445804514023
3796    0.445803996521
3798    0.445803379192
3800    0.445803192911
3802    0.445803143262
3828    0.445069238506
3830    0.445055281734
3856    0.444203655223
3858    0.444198329009
3884    0.443422680706
3886    0.443422196239
3888    0.443421224504
3890    0.44341565153
3892    0.443415354275
3894    0.443402438225
3896    0.443390468976
3898    0.443390456269
3900    0.443390447553
3902    0.443377839294
3904    0.443366357663
3906    0.443366289422
3908    0.443363643753
3910    0.443363630913
3912    0.443350557638
3914    0.443349849325
3916    0.443346216797
3918    0.443338499852
3920    0.443333142352
3922    0.443328064401
3924    0.443326633207
3926    0.443322031979
3928    0.443315596282
3954    0.441956606451
3956    0.441956606014
3982    0.439981943267
3984    0.439978458998
3986    0.439977570864
3988    0.439969858906
3990    0.439969618472
3992    0.439969476973
3994    0.439968954249
3996    0.439961831739
3998    0.439960684019
4000    0.439956285951
4002    0.439956285897
4004    0.439952012839
4007    0.439926409163
4009    0.439915523287
4011    0.439901793771
4013    0.439900423023
4015    0.43989935769
4017    0.439889296054
4019    0.439876133265
4021    0.439863628014
4023    0.439861173371
4025    0.43986117337
4027    0.439858535343
4029    0.439856467835
4031    0.439845856814
4033    0.43984195175
4035    0.43983971434
4037    0.43983765127
4039    0.439831027988
4041    0.439827639914
4043    0.43982561599
4045    0.439824323505
4047    0.439824323274
4049    0.439814504123
4051    0.43980929075
4053    0.439809129867
4070    0.439553178726
4072    0.439552944669
4074    0.439552846996
4076    0.439552735859
4078    0.439538777547
4080    0.439536156698
4082    0.439531896926
4084    0.439531896801
4086    0.439525967579
4088    0.439522624116
4090    0.439522624042
4092    0.439518980989
4094    0.439518559122
4096    0.439518337091
4098    0.43951833709
4100    0.43951519227
4102    0.439514680369
4104    0.439514231189
4106    0.439514063144
4108    0.439513963089
4110    0.439499754156
4112    0.439486599839
4138    0.438936423424
4140    0.438932094129
4166    0.438417249673
4168    0.438416398413
4170    0.438415823501
4172    0.438411197072
4174    0.438410915509
4176    0.438398579863
4178    0.43838740565
4180    0.43838739103
4182    0.438387381001
4184    0.438375343012
4186    0.438364627682
4188    0.438364557726
4190    0.438362171739
4192    0.438362158895
4194    0.438349657749
4196    0.43834920923
4198    0.438346138196
4200    0.438339037537
4202    0.438334458369
4204    0.438330118063
4206    0.43832902033
4208    0.438324837262
4210    0.438319214993
4236    0.436984448384
4238    0.436984447839
4264    0.434902655347
4266    0.43489920115
4268    0.434897998618
4270    0.434891264786
4272    0.434891026804
4274    0.434890886739
4276    0.434890180608
4278    0.434883970382
4280    0.434882831542
4282    0.434878535572
4284    0.434878535538
4286    0.434874372577
4288    0.434861707309
4290    0.434851778461
4292    0.434838541297
4294    0.43483767706
4296    0.434837005371
4298    0.434827851845
4300    0.43481517638
4302    0.434804106921
4304    0.434801629043
4306    0.434801629043
4308    0.434799018927
4310    0.434797564499
4312    0.434786844919
4314    0.434783616352
4316    0.434781990047
4318    0.434780490444
4320    0.434773800276
4322    0.434771012447
4324    0.434769519821
4326    0.434768521102
4328    0.434768520932
4330    0.434759504235
4332    0.434754157154
4334    0.434754079914
4336    0.43474028356
4338    0.434740095786
4340    0.434740017426
4342    0.434739965305
4344    0.434726412819
4346    0.434723920436
4348    0.434719395627
4350    0.434719395505
4352    0.43471402788
4354    0.434710711007
4356    0.434710710972
4358    0.434707865487
4360    0.434707449468
4362    0.434707230511
4364    0.434707230504
4366    0.434704786249
4368    0.4347042787
4370    0.434703921817
4372    0.434703770315
4374    0.434703629369
4376    0.434695916329
4378    0.434683613544
4386    0.434581329906
4388    0.434577801177
4409    0.434267846601
4411    0.434266658871
4413    0.434266318129
4415    0.434262357885
4417    0.434262085898
4419    0.434250306624
4421    0.434239874456
4423    0.43423985897
4425    0.434239848347
4427    0.434228355874
4429    0.434218355782
4431    0.434218285803
4433    0.434216137415
4435    0.434216124573
4437    0.434204165108
4439    0.434203893341
4441    0.434201289661
4443    0.434194741856
4445    0.434190789224
4447    0.434187042695
4449    0.434186208387
4451    0.43418239755
4453    0.434177437952
4479    0.432897469224
4481    0.432897468581
4507    0.430749243764
4509    0.430745827546
4511    0.43074436084
4513    0.430738480097
4515    0.430738243296
4517    0.430738103916
4519    0.430737244481
4521    0.430731829521
4523    0.430730698389
4525    0.43072650784
4527    0.430726507818
4529    0.430722451776
4531    0.430708887869
4533    0.430699833566
4535    0.430687074935
4537    0.430686464847
4539    0.430685990677
4541    0.430677663542
4543    0.430665458454
4545    0.430655295961
4547    0.430652802891
4549    0.430652802891
4551    0.430650213808
4553    0.430649196551
4555    0.430638371807
4557    0.430635701156
4559    0.43063451732
4561    0.430633425697
4563    0.430626668375
4565    0.430624374466
4567    0.430623268763
4569    0.430622510615
4571    0.43062251049
4573    0.430614215111
4575    0.430608944681
4577    0.430608908055
4579    0.43059551052
4581    0.430595333708
4583    0.430595259922
4585    0.430595235367
4587    0.430582078542
4589    0.430579662608
4591    0.430575107838
4593    0.43057510772
4595    0.43057010066
4597    0.430566814191
4599    0.430566814159
4601    0.430564590009
4603    0.43056417904
4605    0.430563962735
4607    0.430563962726
4609    0.430562063222
4611    0.430561559878
4613    0.43056125565
4615    0.430561119123
4617    0.430560948753
4619    0.430555510259
4621    0.430544460312
4623    0.430532691731
4625    0.430529847427
4627    0.430515806506
4629    0.430514337663
4631    0.430514135267
4633    0.430510652257
4635    0.430510387026
4637    0.430499140747
4639    0.430489401258
4641    0.430489385443
4643    0.430489374594
4645    0.430478403886
4647    0.430469071407
4649    0.430469002224
4651    0.430467071125
4653    0.430467058289
4655    0.430455611914
4657    0.430455457441
4659    0.430453243284
4661    0.430447196137
4663    0.430443750529
4665    0.430440484509
4667    0.430439857256
4669    0.430436381695
4671    0.430431964683
4697    0.429235537922
4699    0.429235537194
4725    0.427064600159
4727    0.427061223993
4729    0.427059551298
4731    0.427054414675
4733    0.42705417895
4735    0.427054040193
4737    0.427053061951
4739    0.427048340301
4741    0.427047217146
4743    0.427043132034
4745    0.42704313202
4747    0.427039180969
4749    0.4270251752
4751    0.42701691914
4753    0.427004624253
4755    0.427004149952
4757    0.427003781312
4759    0.426996206169
4761    0.426984454873
4763    0.426974899933
4765    0.426972397408
4767    0.426972397407
4769    0.426969824637
4771    0.426969118227
4773    0.426958191201
4775    0.426955980908
4777    0.426955117661
4779    0.426954321644
4781    0.426947496896
4783    0.426945609506
4785    0.426944786124
4787    0.426944223084
4789    0.426944222992
4791    0.426936576574
4793    0.426931427168
4795    0.42693140962
4797    0.426918400766
4799    0.426918229033
4801    0.426918157364
4803    0.426918145721
4805    0.42690537424
4807    0.426903024584
4809    0.42689855167
4811    0.426898551557
4813    0.426893810941
4815    0.426890556374
4817    0.426890556342
4819    0.426888816476
4821    0.426888410304
4823    0.426888196522
4825    0.426888196511
4827    0.426886720649
4829    0.426886221637
4831    0.426885948327
4833    0.426885825337
4835    0.426885634988
4837    0.426880376532
4839    0.426870647804
4841    0.426859134708
4843    0.426856913877
4845    0.426843150553
4847    0.42684146925
4849    0.426841348674
4851    0.426838201548
4853    0.42683794176
4855    0.426827205714
4857    0.426818112871
4859    0.426818096989
4861    0.426818086094
4863    0.426807614254
4865    0.426798904953
4867    0.426798836958
4869    0.426797104455
4871    0.42679709163
4873    0.426786131465
4875    0.426786052171
4877    0.42678416313
4879    0.426778573243
4881    0.42677554133
4883    0.426772667366
4885    0.426772201884
4887    0.426769031556
4889    0.426765062288
4915    0.425676310542
4917    0.425676309754
4943    0.42352569266
4945    0.423522356386
4947    0.423520542971
4949    0.4235160555
4951    0.423515821189
4953    0.423515683254
4955    0.423514624568
4957    0.423510507375
4959    0.423509392991
4961    0.423505412291
4963    0.423505412282
4965    0.423501564621
4967    0.423487406115
4969    0.423479878138
4971    0.423468031845
4973    0.423467634438
4975    0.423467325558
4977    0.423460434688
4979    0.423449121033
4981    0.423439999978
4983    0.423437492096
4985    0.423437492095
4987    0.423434932413
4989    0.423434446238
4991    0.423423419358
4993    0.423421589106
4995    0.423420958332
4997    0.423420376675
4999    0.423413484213
5001    0.423411931467
5003    0.423411314544
5005    0.423410907827
5007    0.42341090776
5009    0.423403845741
5011    0.423398823215
5013    0.423398814684
5015    0.423386184384
5017    0.42338601663
5019    0.423385946622
5021    0.423385941053
5023    0.423373544696
5025    0.423371258452
5027    0.423366917343
5029    0.423366917233
5031    0.423362396544
5033    0.423359174648
5035    0.423359174614
5037    0.423357812398
5039    0.423357410924
5041    0.423357199609
5043    0.423357199596
5045    0.423356053212
5047    0.423355558704
5049    0.42335530391
5051    0.423355193143
5053    0.42335498967
5055    0.423349906848
5057    0.423341317023
5059    0.423330054285
5061    0.423328338816
5063    0.423314847865
5065    0.423313013482
5067    0.423312941383
5069    0.423310036289
5071    0.423309781326
5073    0.423299533401
5075    0.423291044236
5077    0.423291028411
5079    0.423291017555
5081    0.423281022513
5083    0.423272894904
5085    0.423272828279
5087    0.423271277158
5089    0.423271264348
5091    0.423260765086
5093    0.423260731259
5095    0.423259113987
5097    0.423253945062
5099    0.423251254525
5101    0.42324870408
5103    0.423248364076
5105    0.423245474348
5107    0.423241878564
5133    0.42227816301
5135    0.422278162187
5161    0.420186787203
5163    0.420183489778
5165    0.420181606241
5167    0.420177685136
5169    0.420177452738
5171    0.42017731592
5173    0.420176218001
5175    0.420172627821
5177    0.420171523166
5179    0.420167645539
5181    0.420167645533
5183    0.420163899651
5185    0.420149766499
5187    0.420142902311
5189    0.420131489444
5191    0.420131138021
5193    0.420130864878
5195    0.420124596634
5197    0.420113704926
5199    0.420104915141
5201    0.420102404836
5203    0.420102404835
5205    0.420099856044
5207    0.4200995252
5209    0.420088400469
5211    0.420086884097
5213    0.420086422064
5215    0.420085996002
5217    0.420079035507
5219    0.42007775827
5221    0.420077292727
5223    0.420077009313
5225    0.420077009263
5227    0.420070474005
5229    0.42006557739
5231    0.420065573155
5233    0.420053311412
5235    0.420053147375
5237    0.420053078918
5239    0.420053076221
5241    0.420041044919
5243    0.420038820517
5245    0.420034631448
5247    0.420034631341
5249    0.420030305766
5251    0.420027117018
5253    0.420027116981
5255    0.42002604941
5257    0.42002565257
5259    0.420025443693
5261    0.420025443679
5263    0.420024553532
5265    0.420024063688
5267    0.420023820115
5269    0.420023720379
5271    0.420023508472
5273    0.420018596885
5275    0.420010990318
5277    0.41999997284
5279    0.419998664688
5281    0.419985440895
5283    0.419983501169
5285    0.419983457857
5287    0.419980731388
5289    0.419980480955
5291    0.419970699764
5293    0.419962774164
5295    0.419962758454
5297    0.419962747678
5299    0.419953208202
5301    0.419945623554
5303    0.419945558386
5305    0.419944172788
5307    0.419944159997
5309    0.419934097798
5311    0.419934088345
5313    0.419932698617
5315    0.419927920216
5317    0.419925515372
5319    0.419923235679
5321    0.419922992143
5323    0.419920362646
5325    0.419917082652
5351    0.419087837914
5353    0.419087837081
5379    0.417087941836
5381    0.41708468191
5383    0.417082800226
5385    0.417079373318
5387    0.417079143372
5389    0.417079007987
5391    0.417077912628
5393    0.417074781952
5395    0.417073687997
5397    0.417069911954
5399    0.417069911951
5401    0.417066266168
5403    0.41705226594
5405    0.41704600677
5407    0.417035012358
5409    0.41703468997
5411    0.417034439392
5413    0.417028737673
5415    0.417018252699
5417    0.417009732588
5419    0.417007221975
5421    0.417007221974
5423    0.417004682591
5425    0.41700446067
5427    0.41699323972
5429    0.416991982703
5431    0.416991643294
5433    0.416991330305
5435    0.416984301425
5437    0.416983251032
5439    0.416982896816
5441    0.41698270867
5443    0.416982708633
5445    0.416976648652
5447    0.416971875765
5449    0.416971873603
5451    0.416959970595
5453    0.416959810161
5455    0.416959743207
5457    0.41695974188
5459    0.416948065753
5461    0.416945901859
5463    0.416941871112
5465    0.416941871008
5467    0.416937725798
5469    0.416934570517
5471    0.416934570477
5473    0.416933732911
5475    0.416933340654
5477    0.416933134185
5479    0.416933134169
5481    0.416932443289
5483    0.416931958243
5485    0.416931721509
5487    0.416931631723
5489    0.416931414491
5491    0.416926669765
5493    0.416919913409
5495    0.416909136126
5497    0.416908154021
5499    0.416895192198
5501    0.416893183942
5503    0.416893157773
5505    0.416890566467
5507    0.416890320419
5509    0.416880985336
5511    0.416873585854
5513    0.416873570286
5515    0.416873559607
5517    0.416864455316
5519    0.416857377467
5521    0.416857313794
5523    0.416856079108
5525    0.416856066341
5527    0.416846418746
5529    0.416846418381
5531    0.416845219502
5533    0.416840806024
5535    0.416838644125
5537    0.416836594673
5539    0.416836424484
5541    0.416834038181
5543    0.416831029367
5569    0.416137733457
5571    0.416137732638
5597    0.414253433177
5599    0.414250209391
5601    0.414248397415
5603    0.414245401787
5605    0.414245174799
5607    0.414245041148
5609    0.414243987572
5611    0.414241257558
5613    0.414240175197
5615    0.414236499149
5617    0.414236499147
5619    0.414232951713
5621    0.414219148187
5623    0.414213440391
5625    0.414202849788
5627    0.414202546825
5629    0.414202311343
5631    0.414197125095
5633    0.414187032134
5635    0.414178744111
5637    0.414176234723
5639    0.414176234722
5641    0.41417370376
5643    0.41417355765
5645    0.414162241793
5647    0.414161199173
5649    0.414160948997
5651    0.414160718291
5653    0.414153620646
5655    0.414152757036
5657    0.414152484973
5659    0.414152368365
5661    0.414152368338
5663    0.414146737624
5665    0.414142086067
5667    0.414142084921
5669    0.414130531022
5671    0.414130374108
5673    0.414130308622
5675    0.414130307956
5677    0.414118977329
5679    0.414116872666
5681    0.414113000073
5683    0.414112999973
5685    0.414109025116
5687    0.414105903511
5689    0.414105903469
5691    0.414105245553
5693    0.414104857829
5695    0.414104653744
5697    0.414104653726
5699    0.414104117791
5701    0.414103637654
5703    0.414103405093
5705    0.414103324278
5707    0.414103103744
5709    0.414098521533
5711    0.414092501515
5713    0.414081959411
5715    0.414081236105
5717    0.414068531104
5719    0.414066481969
5721    0.414066466046
5723    0.414063979758
5725    0.414063738017
5727    0.414054829201
5729    0.414047920878
5731    0.414047905464
5733    0.41404789489
5735    0.414039206237
5737    0.414032601433
5739    0.414032539266
5741    0.414031442029
5743    0.414031429287
5745    0.414022175131
5747    0.414022172376
5749    0.414021133868
5751    0.414017063613
5753    0.414015111751
5755    0.414013261357
5757    0.414013146158
5759    0.414010988499
5761    0.414008216363
5787    0.413445341487
5789    0.413445340703
5815    0.411692340402
5817    0.411689151554
5819    0.411687467404
5821    0.411684848199
5823    0.411684624606
5825    0.411684492944
5827    0.411683514612
5829    0.411681133962
5831    0.411680063968
5833    0.411676486244
5835    0.411676486242
5837    0.411673035349
5839    0.411659465454
5841    0.411654260115
5843    0.411644059063
5845    0.411643769938
5847    0.411643545208
5849    0.411638827979
5851    0.411629112802
5853    0.411621033455
5855    0.41161852642
5857    0.41161852642
5859    0.411616003234
5861    0.411615909372
5863    0.411604499644
5865    0.411603634333
5867    0.411603449197
5869    0.411603278468
5871    0.411596111651
5873    0.411595401838
5875    0.411595190637
5877    0.411595125547
5879    0.411595125527
5881    0.411589882935
5883    0.411585350276
5885    0.411585349639
5887    0.411574135429
5889    0.411573981958
5891    0.411573917908
5893    0.411573917565
5895    0.411562922976
5897    0.411560876285
5899    0.411557158756
5901    0.411557158658
5903    0.411553346422
5905    0.411550258617
5907    0.411550258573
5909    0.411549741065
5911    0.411549357824
5913    0.411549156096
5915    0.411549156076
5917    0.411548740603
5919    0.411548265462
5921    0.41154803544
5923    0.411547962712
5925    0.411547740178
5927    0.411543316181
5929    0.41153793491
5931    0.411527623026
5933    0.411527102989
5935    0.411514649709
5937    0.4115125801
5939    0.411512570329
5941    0.411510167949
5943    0.411509930465
5945    0.411501428861
5947    0.411494979062
5949    0.411494963806
5951    0.41149495334
5953    0.411486661604
5955    0.411480498334
5957    0.411480437676
5959    0.411479465476
5961    0.411479452764
5963    0.411470572097
5965    0.411470557918
5967    0.411469654439
5969    0.411465908686
5971    0.411464141267
5973    0.41146246568
5975    0.411462390957
5977    0.411460449118
5979    0.411457886773
6005    0.411014504204
6007    0.41101450347
6033    0.409400730906
6035    0.409397576046
6037    0.409396063722
6039    0.409393773108
6041    0.409393553252
6043    0.409393423784
6045    0.409392545916
6047    0.409390469914
6049    0.409389412908
6051    0.409385931768
6053    0.409385931767
6055    0.409382575559
6057    0.409369259877
6059    0.409364512414
6061    0.409354687084
6063    0.409354408479
6065    0.409354191925
6067    0.409349901447
6069    0.409340550314
6071    0.409332664642
6073    0.409330160798
6075    0.409330160797
6077    0.409327644986
6079    0.409327586659
6081    0.409316083854
6083    0.409315365246
6085    0.409315227608
6087    0.409315100678
6089    0.40930786426
6091    0.409307281078
6093    0.409307115155
6095    0.40930708477
6097    0.409307084755
6099    0.409302193464
6101    0.409297777275
6103    0.409297776899
6105    0.409286893166
6107    0.409286743065
6109    0.409286680421
6111    0.409286680239
6113    0.409276012443
6115    0.409274022482
6117    0.409270455648
6119    0.409270455553
6121    0.40926679935
6123    0.409263745397
6125    0.409263745349
6127    0.409263337658
6129    0.409262958851
6131    0.409262759455
6133    0.409262759433
6135    0.409262437592
6137    0.409261967514
6139    0.40926173903
6141    0.40926167359
6143    0.409261449887
6145    0.409257179849
6147    0.409252353586
6149    0.409242267023
6151    0.409241904516
6153    0.409229697914
6155    0.409227622694
6157    0.409227616635
6159    0.40922528326
6161    0.409225049998
6163    0.409216937329
6165    0.40921091559
6167    0.409210900492
6169    0.409210890134
6171    0.409202977395
6173    0.409197226244
6175    0.40919716709
6177    0.409196308487
6179    0.409196295807
6181    0.409187769818
6183    0.409187736756
6185    0.409186947211
6187    0.409183509343
6189    0.409181906078
6191    0.409180386076
6193    0.409180340405
6195    0.409178602612
6197    0.40917622876
6199    0.409162187753
6201    0.409162187085
6227    0.407645559393
6229    0.40764242116
6231    0.407641804588
6233    0.407639800811
6235    0.407639588691
6237    0.407639463774
6239    0.407639105533
6241    0.407637295127
6243    0.407636256873
6245    0.407632870518
6247    0.407632870517
6249    0.407629607087
6251    0.40761655627
6253    0.407612226058
6255    0.407602763039
6257    0.407602492953
6259    0.407602283018
6261    0.407598380828
6263    0.407589380456
6265    0.407581678442
6267    0.407579178421
6269    0.40757917842
6271    0.407576669737
6273    0.407576635138
6275    0.407565039822
6277    0.407564442647
6279    0.407564339772
6281    0.407564244899
6283    0.407556938416
6285    0.407556459487
6287    0.407556327408
6289    0.407556317669
6291    0.407556317658
6293    0.40755174468
6295    0.40754744254
6297    0.407547442302
6299    0.407536880023
6301    0.40753673322
6303    0.407536671953
6305    0.407536671852
6307    0.4075263218
6309    0.407524387332
6311    0.407520966312
6313    0.407520966221
6315    0.40751746007
6317    0.407514439952
6319    0.407514439902
6321    0.407514118167
6323    0.407513743741
6325    0.407513546651
6327    0.407513546627
6329    0.407513297543
6331    0.407512832578
6333    0.40751260502
6335    0.407512546148
6337    0.407512321802
6339    0.407508201517
6341    0.407503858298
6343    0.407493992206
6345    0.407493749661
6347    0.407481784734
6349    0.407479714607
6351    0.407479710804
6353    0.407477435835
6355    0.40747720676
6357    0.407469465502
6359    0.407463843372
6361    0.407463828431
6363    0.407463818181
6365    0.407456267281
6367    0.407450900781
6369    0.407450843122
6371    0.407450087569
6373    0.407450074923
6375    0.407441885854
6377    0.407441819908
6379    0.407441126627
6381    0.40743821101
6383    0.407436787135
6385    0.407435437184
6387    0.407435411631
6389    0.407434020074
6391    0.40743185371
6393    0.407419592122
6395    0.407419591517
6421    0.406001248345
6423    0.405998139211
6425    0.405997863118
6427    0.405996109797
6429    0.405995902735
6431    0.405995780793
6433    0.405995620148
6435    0.405994041348
6437    0.405993018276
6439    0.405989724866
6441    0.405989724865
6443    0.405986552295
6445    0.405973771026
6447    0.405969821075
6449    0.405960707428
6451    0.405960444628
6453    0.405960240355
6455    0.405956691469
6457    0.405948029067
6459    0.405940503698
6461    0.405938007992
6463    0.405938007991
6465    0.405935506314
6467    0.405935487145
6469    0.405923799741
6471    0.405923303128
6473    0.405923225762
6475    0.405923154413
6477    0.405915777399
6479    0.40591538429
6481    0.405915277634
6483    0.405915276855
6485    0.405915276847
6487    0.405910992625
6489    0.405906802139
6491    0.405906801977
6493    0.405896552367
6495    0.405896408793
6497    0.405896348874
6499    0.405896348815
6501    0.405886307703
6503    0.405884427513
6505    0.405881147276
6507    0.405881147187
6509    0.405877785494
6511    0.405874799147
6513    0.405874799094
6515    0.405874544701
6517    0.405874174609
6519    0.405873979797
6521    0.405873979771
6523    0.405873787204
6525    0.405873327388
6527    0.405873100387
6529    0.405873047432
6531    0.405872822779
6533    0.405868848109
6535    0.405864926035
6537    0.405855275663
6539    0.405855122329
6541    0.405843394176
6543    0.405841336792
6545    0.405841334369
6547    0.405839110227
6549    0.405838885307
6551    0.405831498704
6553    0.405826249643
6555    0.405826234859
6557    0.405826224716
6559    0.405819019273
6561    0.405814011802
6563    0.405813955626
6565    0.405813293407
6567    0.405813280798
6569    0.405805411951
6571    0.405805306403
6573    0.405804694796
6575    0.405802206541
6577    0.405800936338
6579    0.405799732062
6581    0.405799719689
6583    0.405798603571
6585    0.405796617504
6587    0.405786083707
6589    0.405786083163
6615    0.404465691435
6617    0.404462616194
6619    0.404462477411
6621    0.404460942821
6623    0.404460739763
6625    0.404460620176
6627    0.404460539273
6629    0.404459162457
6631    0.404458153155
6633    0.404454950817
6635    0.404454950817
6637    0.404451867163
6639    0.404439356499
6641    0.404435753117
6643    0.404426976337
6645    0.404426720047
6647    0.404426520832
6649    0.404423293417
6651    0.404414956644
6653    0.404407602672
6655    0.404405111675
6657    0.404405111674
6659    0.404402616957
6661    0.404402607423
6663    0.404390828202
6665    0.404390414905
6667    0.404390356313
6669    0.404390302276
6671    0.404382854253
6673    0.404382531778
6675    0.404382444315
6677    0.404382442847
6679    0.40438244284
6681    0.404378420852
6683    0.404374339651
6685    0.404374339533
6687    0.404364394011
6689    0.4043642536
6691    0.404364195
6693    0.404364194964
6695    0.404354454195
6697    0.40435262708
6699    0.404349482604
6701    0.404349482518
6703    0.404346259939
6705    0.404343307259
6707    0.404343307204
6709    0.40434310562
6711    0.40434273981
6713    0.404342547253
6715    0.404342547225
6717    0.404342398541
6719    0.404341943895
6721    0.404341717234
6723    0.40434166961
6725    0.404341444859
6727    0.404337611731
6729    0.404334057465
6731    0.404324618132
6733    0.40432452894
6735    0.404313032731
6737    0.404310993495
6739    0.404310991927
6741    0.40430881315
6743    0.40430859235
6745    0.404301544372
6747    0.404296643603
6749    0.404296628972
6751    0.404296618936
6753    0.404289743287
6755    0.404285070925
6757    0.404285016218
6759    0.404284438371
6761    0.404284425802
6763    0.404276861404
6765    0.404276711707
6767    0.404276169555
6769    0.404274033093
6771    0.404272895213
6773    0.404271816376
6775    0.404271811838
6777    0.404270915659
6779    0.404269087083
6781    0.404260192464
6783    0.404260191979
6809    0.403036160664
6811    0.403033121208
6813    0.403033042056
6815    0.403031698532
6817    0.403031499033
6819    0.403031381538
6821    0.403031335297
6823    0.403030134648
6825    0.403029138531
6827    0.403026025367
6829    0.403026025367
6831    0.403023028672
6833    0.403010787472
6835    0.403007499972
6837    0.402999047977
6839    0.402998797693
6841    0.402998603145
6843    0.402995668234
6845    0.402987645182
6847    0.402980458409
6849    0.402977972439
6851    0.402977972437
6853    0.402975484689
6855    0.402975480774
6857    0.402963609874
6859    0.402963265638
6861    0.402963220908
6863    0.402963179656
6865    0.402955660128
6867    0.402955395773
6869    0.402955322876
6871    0.402955312816
6873    0.402955312812
6875    0.402951529238
6877    0.402947554977
6879    0.402947554885
6881    0.402937905071
6883    0.402937767753
6885    0.402937710445
6887    0.402937710423
6889    0.402928261607
6891    0.402926486377
6893    0.402923472724
6895    0.40292347264
6897    0.40292038403
6899    0.402917464872
6901    0.402917464814
6903    0.402917304688
6905    0.402916943114
6907    0.402916752784
6909    0.402916752753
6911    0.402916638126
6913    0.402916188661
6915    0.402915962213
6917    0.402915919391
6919    0.402915694674
6921    0.402911999081
6923    0.402908766603
6925    0.402899533703
6927    0.402899488307
6929    0.402888219282
6931    0.402886201976
6933    0.402886200941
6935    0.402884063565
6937    0.40288384685
6939    0.402877122161
6941    0.402872546555
6943    0.402872532076
6945    0.402872522143
6947    0.40286596132
6949    0.402861601741
6951    0.402861548487
6953    0.402861046744
6955    0.402861034217
6957    0.402853759364
6959    0.402853562598
6961    0.402853079651
6963    0.402851234516
6965    0.402850211146
6967    0.402849240862
6969    0.40284924009
6971    0.402848520169
6973    0.402846829858
6975    0.402839458642
6977    0.402839458213
7003    0.401709154532
7005    0.401706151604
7007    0.401706100659
7009    0.401704924065
7011    0.401704727918
7013    0.401704612394
7015    0.401704582565
7017    0.401703535573
7019    0.401702552382
7021    0.401699526474
7023    0.401699526473
7025    0.401696614773
7027    0.401684640565
7029    0.401681640995
7031    0.40167350212
7033    0.401673257497
7035    0.401673067349
7037    0.401670398587
7039    0.401662677769
7041    0.401655654618
7043    0.401653173941
7045    0.40165317394
7047    0.401650693201
7049    0.401650692153
7051    0.4016387296
7053    0.401638442636
7055    0.401638408182
7057    0.401638376405
7059    0.401630784863
7061    0.40163056832
7063    0.40163050653
7065    0.401630481469
7067    0.401630481466
7069    0.401626914893
7071    0.401623045251
7073    0.401623045174
7075    0.401613682884
7077    0.401613548597
7079    0.401613492554
7081    0.401613492538
7083    0.401604327489
7085    0.401602602968
7087    0.401599715317
7089    0.401599715236
7091    0.401596755621
7093    0.401593869808
7095    0.401593869747
7097    0.401593742208
7099    0.401593384819
7101    0.401593196691
7103    0.401593196658
7105    0.401593108443
7107    0.401592664159
7109    0.401592437855
7111    0.401592399359
7113    0.401592174758
7115    0.40158861276
7117    0.401585662304
7119    0.401576631306
7121    0.401576613291
7123    0.401565566765
7125    0.401563573994
7127    0.401563573297
7129    0.401561474417
7131    0.401561261746
7133    0.401554845685
7135    0.401550573649
7137    0.40155055932
7139    0.40155054949
7141    0.401544289189
7143    0.40154022155
7145    0.401540169734
7147    0.401539736469
7149    0.401539723985
7151    0.401532724588
7153    0.401532479047
7155    0.401532046689
7157    0.401530444261
7159    0.401529520459
7161    0.401528644565
7163    0.401528644502
7165    0.401528066313
7167    0.401526497978
7169    0.401520515402
7171    0.401520515025
7197    0.400480474642
7199    0.400477508505
7201    0.4004774722
7203    0.40047644148
7205    0.400476248574
7207    0.400476134955
7209    0.400476113654
7211    0.400475200692
7213    0.400474230298
7215    0.400471289714
7217    0.400471289714
7219    0.40046846104
7221    0.400456750548
7223    0.40045401345
7225    0.400446176431
7227    0.400445937226
7229    0.400445751287
7231    0.400443324689
7233    0.400435895025
7235    0.400429032283
7237    0.400426557128
7239    0.400426557127
7241    0.400424083461
7243    0.400424083422
7245    0.400412029144
7247    0.400411789698
7249    0.400411762893
7251    0.400411738171
7253    0.400404074093
7255    0.400403896866
7257    0.400403843583
7259    0.400403798392
7261    0.400403798389
7263    0.400400429547
7265    0.400396662231
7267    0.400396662164
7269    0.40038757941
7271    0.400387448088
7273    0.400387393283
7275    0.400387393272
7277    0.400378504002
7279    0.400376829026
7281    0.400374062687
7283    0.400374062609
7285    0.400371227174
7287    0.400368374502
7289    0.400368374438
7291    0.400368272548
7293    0.400367919296
7295    0.400367733345
7297    0.400367733309
7299    0.400367665563
7301    0.400367226453
7303    0.400367000259
7305    0.400366965658
7307    0.400366741224
7309    0.400363308953
7311    0.400360606104
7313    0.400351772555
7315    0.400351768762
7317    0.400340940126
7319    0.400338973651
7321    0.40033897317
7323    0.400336910633
7325    0.400336701966
7327    0.40033058052
7329    0.400326591896
7331    0.400326577715
7333    0.400326567986
7335    0.400320594542
7337    0.40031679939
7339    0.400316748993
7341    0.400316377171
7343    0.400316364732
7345    0.400309627466
7347    0.400309332353
7349    0.400308943329
7351    0.40030754431
7353    0.400306707475
7355    0.400305914028
7357    0.400305912419
7359    0.400305448551
7361    0.400303988316
7363    0.400299247528
7365    0.4002992472
7391    0.39934537188
7393    0.39934244258
7395    0.39934241465
7397    0.399341511432
7399    0.399341321695
7401    0.39934120994
7403    0.399341193521
7405    0.399340397475
7407    0.399339439799
7409    0.399336582603
7411    0.399336582603
7413    0.399333834991
7415    0.39932238445
7417    0.399319886635
7419    0.399312340599
7421    0.399312106623
7423    0.399311924748
7425    0.399309718491
7427    0.399302569293
7429    0.399295863962
7431    0.399293394529
7433    0.399293394528
7435    0.399290928015
7437    0.39929092775
7439    0.399278781592
7441    0.399278581594
7443    0.39927856051
7445    0.399278541063
7447    0.399270803917
7449    0.399270659008
7451    0.399270612263
7453    0.399270542896
7455    0.399270542895
7457    0.399267354425
7459    0.399263687166
7461    0.399263687105
7463    0.399254876093
7465    0.399254747673
7467    0.399254694078
7469    0.399254694071
7471    0.399246072789
7473    0.399244446211
7475    0.399241796631
7477    0.399241796555
7479    0.399239080635
7481    0.399236260876
7483    0.399236260809
7485    0.399236179138
7487    0.399235829974
7489    0.399235646174
7491    0.399235646136
7493    0.399235594238
7495    0.399235160287
7497    0.399234934191
7499    0.399234903098
7501    0.399234678861
7503    0.399231372521
7505    0.39922888745
7507    0.399220246972
7509    0.399220246944
7511    0.399209631666
7513    0.399207692638
7515    0.399207692298
7517    0.399205664484
7519    0.399205459779
7521    0.399199619555
7523    0.399195895526
7525    0.399195881491
7527    0.399195871862
7529    0.399190172222
7531    0.399186631395
7533    0.399186582398
7535    0.399186265535
7537    0.399186253143
7539    0.399179765406
7541    0.399179420601
7543    0.399179068791
7545    0.399177841242
7547    0.399177080692
7549    0.399176359565
7551    0.399176354788
7553    0.399175983374
7555    0.399174619356
7557    0.39917096723
7559    0.399170966948
7585    0.398298704761
7587    0.398295812233
7589    0.398295789598
7591    0.398294997846
7593    0.398294811222
7595    0.398294701298
7597    0.398294687967
7599    0.398293993911
7601    0.398293048888
7603    0.398290273144
7605    0.398290273144
7607    0.39828760464
7609    0.39827640999
7611    0.398274130332
7613    0.398266864784
7615    0.398266635887
7617    0.398266457959
7619    0.398264452183
7621    0.398257573143
7623    0.398251022351
7625    0.398248558821
7627    0.398248558819
7629    0.398246099547
7631    0.39824609826
7633    0.398233859997
7635    0.398233692765
7637    0.398233675981
7639    0.398233660501
7641    0.398225849743
7643    0.398225731387
7645    0.398225689678
7647    0.398225593017
7649    0.398225593015
7651    0.398222569266
7653    0.398218999827
7655    0.39821899977
7657    0.39821045289
7659    0.39821032731
7661    0.398210274901
7663    0.398210274895
7665    0.398201914005
7667    0.398200334692
7669    0.398197797454
7671    0.39819779738
7673    0.398195196457
7675    0.398192409362
7677    0.398192409292
7679    0.398192343585
7681    0.398191998461
7683    0.398191816788
7685    0.398191816747
7687    0.398191777106
7689    0.398191348294
7691    0.398191122293
7693    0.398191094358
7695    0.398190870336
7697    0.398187686207
7699    0.398185393015
7701    0.398176941312
7703    0.398176936818
7705    0.398166530446
7707    0.398164619581
7709    0.398164619335
7711    0.398162625005
7713    0.398162424215
7715    0.39815685242
7717    0.39815337542
7719    0.398153361528
7721    0.398153351998
7723    0.398147913695
7725    0.398144610241
7727    0.398144562625
7729    0.398144294741
7731    0.398144282398
7733    0.398138032263
7735    0.398137638161
7737    0.398137318388
7739    0.398136236209
7741    0.398135542836
7743    0.398134885396
7745    0.398134876325
7747    0.39813457984
7749    0.398133301803
7751    0.398130583773
7753    0.398130583531
7779    0.397335088415
7781    0.397332232534
7783    0.397332213584
7785    0.3973315193
7787    0.397331335739
7789    0.397331227617
7791    0.397331216439
7793    0.397330611353
7795    0.397329678916
7797    0.397326982692
7799    0.397326982692
7801    0.397324391352
7803    0.397313448358
7805    0.397311367613
7807    0.397304372425
7809    0.397304148478
7811    0.397303974396
7813    0.397302151028
7815    0.397295532207
7817    0.397289133156
7819    0.397286675691
7821    0.39728667569
7823    0.397284223749
7825    0.397284220947
7827    0.397271890291
7829    0.397271750291
7831    0.397271736756
7833    0.397271724273
7835    0.397263839353
7837    0.397263742801
7839    0.397263704971
7841    0.397263578679
7843    0.397263578678
7845    0.397260705521
7847    0.397257231693
7849    0.397257231639
7851    0.397248941471
7853    0.397248818669
7855    0.397248767419
7857    0.397248767415
7859    0.397240659507
7861    0.397239126341
7863    0.397236697167
7865    0.397236697095
7867    0.397234206791
7869    0.397231452098
7871    0.397231452024
7873    0.397231398946
7875    0.397231057815
7877    0.397230878243
7879    0.3972308782
7881    0.397230848025
7883    0.397230424326
7885    0.397230198426
7887    0.397230173335
7889    0.397229949538
