26    3.52359451503
52    3.37848362451
78    3.26034830869
89    3.13578075647
91    3.13577522515
117    3.01324599872
143    3.0049514594
158    2.87920509012
184    2.76105016935
201    2.63678376726
203    2.63678346748
229    2.51435610623
255    2.50665972004
281    2.40079546393
307    2.27777647016
333    2.15550810649
359    2.14264457687
375    2.01993522964
401    2.01330810258
427    1.95120823134
453    1.833570645
479    1.71075475864
505    1.68289283595
518    1.56023202188
544    1.53803589134
570    1.52657471311
596    1.45572700414
622    1.42161963607
648    1.41980938986
674    1.31365233178
700    1.26689484675
726    1.11266789702
752    0.990327396994
768    0.866002752543
770    0.8660018028
783    0.742614049862
804    0.738599907987
827    0.61335153803
853    0.463810845406
879    0.436631362642
905    0.385701943374
931    0.383387410016
951    0.382771691789
955    0.382717151931
957    0.38271712789
959    0.382717124979
961    0.382716986671
971    0.382509804878
973    0.382501180614
975    0.382486495918
977    0.382486075959
979    0.382486075906
981    0.382486053929
1000    0.381964672245
1026    0.379433864972
1028    0.379432411036
1030    0.379432158178
1032    0.379423523597
1034    0.379423523595
1058    0.378688943638
1084    0.37096695226
1093    0.370757265591
1095    0.370756323078
1121    0.367875430985
1123    0.36787541499
1149    0.364368677491
1175    0.35895221987
1201    0.348735062573
1227    0.335298148744
1253    0.333991165344
1265    0.333725041388
1291    0.321581246285
1317    0.310431939032
1319    0.310430150765
1321    0.310430149227
1323    0.310430131047
1325    0.310430131036
1327    0.310418139653
1329    0.310410722075
1355    0.267681206591
1381    0.258018591153
1407    0.242809584083
1409    0.242800258529
1411    0.242785908071
1413    0.24278023015
1415    0.24278021921
1417    0.242780218808
1419    0.242780208934
1421    0.242767038536
1423    0.242759786903
1425    0.242757936933
1427    0.24275793689
1429    0.24275793689
1431    0.242757936255
1433    0.242743300674
1446    0.242451607579
1448    0.242451475019
1450    0.242451392604
1452    0.242449499076
1454    0.242449499076
1456    0.242434682123
1482    0.239687220429
1484    0.239684379205
1486    0.239684340193
1503    0.239348059033
1505    0.239348058826
1531    0.237767378001
1557    0.233661378595
1583    0.231521996697
1609    0.225669714337
1635    0.224730226755
1637    0.224727863483
1663    0.218316475961
1689    0.212642696368
1691    0.212641541754
1693    0.212641540782
1695    0.212641527867
1697    0.212641527862
1699    0.212631630056
1701    0.212625349716
1727    0.195658949818
1753    0.191235440701
1779    0.185127998717
1781    0.185119820383
1783    0.185106844896
1785    0.185102383612
1787    0.185102376006
1789    0.185102375675
1791    0.185102369005
1793    0.185090796773
1795    0.185084544311
1797    0.185083100284
1799    0.18508309975
1801    0.185083099744
1803    0.18508309917
1805    0.185069415741
1807    0.185054139404
1809    0.185054040319
1811    0.18505399862
1813    0.185052382315
1815    0.185052382311
1817    0.18503842742
1843    0.183574540044
1845    0.183573906814
1847    0.183573836542
1849    0.183564967114
1851    0.18356496709
1877    0.182693022842
1903    0.179649417373
1926    0.179070469529
1952    0.176322053149
1978    0.17571035632
1980    0.175709985939
2006    0.171746197184
2032    0.168161664856
2034    0.168160925577
2036    0.168160925235
2038    0.168160916823
2040    0.168160916818
2042    0.168152667249
2044    0.168146973059
2070    0.159370654481
2096    0.156821189112
2122    0.153925537065
2124    0.153918353493
2126    0.153906601353
2128    0.153903075872
2130    0.153903069684
2132    0.153903069418
2134    0.153903064825
2136    0.153892848419
2138    0.153887358774
2140    0.153886226672
2142    0.153886226413
2144    0.153886226411
2146    0.153886225969
2148    0.15387338461
2150    0.153859129606
2152    0.15385905353
2154    0.153859028627
2156    0.153857642392
2158    0.153857642387
2160    0.153844477479
2186    0.153042385027
2188    0.153042198684
2190    0.153042161889
2192    0.153037350039
2194    0.153037350038
2214    0.152653263681
2240    0.150445813063
2243    0.150413098063
2269    0.148996392854
2271    0.148982369328
2273    0.148982320981
2299    0.146289417264
2325    0.14365163275
2327    0.143651162301
2329    0.143651162261
2331    0.143651156614
2333    0.143651156607
2335    0.143644224723
2337    0.143638879653
2363    0.138320587136
2389    0.136678964459
2415    0.135154705825
2417    0.135148387707
2419    0.135137727087
2421    0.135134926274
2423    0.1351349209
2425    0.135134920688
2427    0.13513491748
2429    0.135125863483
2431    0.135120973646
2433    0.135120082424
2435    0.135120082279
2437    0.135120082279
2439    0.135120081901
2441    0.135107996813
2443    0.135094686427
2445    0.135094626604
2447    0.135094604829
2449    0.135093410487
2451    0.135093410485
2453    0.135080973868
2468    0.134812638948
2470    0.134812554006
2472    0.13481255298
2474    0.134809342522
2476    0.134809342522
2478    0.134793272662
2504    0.133116272548
2506    0.133104179153
2532    0.13230140471
2534    0.132293435192
2536    0.132293427161
2562    0.13040961524
2588    0.128276339486
2590    0.128276041387
2592    0.128276041379
2594    0.128276037403
2596    0.128276037395
2598    0.128270172799
2600    0.128265072987
2626    0.124766401877
2652    0.123679389947
2678    0.122821415259
2680    0.122815851709
2682    0.122806167049
2684    0.122803930672
2686    0.122803925887
2688    0.122803925718
2690    0.122803923452
2692    0.122795874307
2694    0.122791466754
2696    0.122790762244
2698    0.122790762151
2700    0.122790762149
2702    0.122790761801
2704    0.122779361476
2706    0.122766926908
2708    0.122766878795
2710    0.122766864961
2712    0.122765831405
2714    0.122765831404
2716    0.122754068659
2718    0.122738115812
2720    0.122738043902
2722    0.122738043261
2724    0.122735007186
2726    0.122735007186
2728    0.122719332568
2754    0.121430179509
2756    0.121421761928
2776    0.121032590951
2778    0.121028443246
2780    0.1210284428
2806    0.11969701913
2832    0.117885185902
2834    0.117884997154
2836    0.117884997071
2838    0.117884993923
2840    0.117884993914
2842    0.117879996402
2844    0.117875088967
2870    0.115472757069
2896    0.114754782156
2922    0.114249900223
2924    0.114244995613
2926    0.114236185223
2928    0.114234390799
2930    0.114234386497
2932    0.114234386362
2934    0.114234384748
2936    0.114227210183
2938    0.114223197313
2940    0.114222638074
2942    0.114222638007
2944    0.114222638002
2946    0.114222637667
2948    0.114211861484
2950    0.114200240356
2952    0.114200200829
2954    0.114200188558
2956    0.11419929031
2958    0.114199290309
2960    0.114188153394
2962    0.114172592595
2964    0.114172531291
2966    0.114172526283
2968    0.114169652499
2970    0.114169652499
2972    0.114154360252
2998    0.113142895026
3000    0.1131371989
3006    0.113050934681
3008    0.113049056907
3010    0.113049056517
3036    0.112098859205
3062    0.110513228154
3064    0.110513107742
3066    0.110513107582
3068    0.110513104676
3070    0.110513104665
3072    0.110508813192
3074    0.11050406675
3100    0.108810849332
3120    0.108448817556
3122    0.108434940658
3124    0.108430612243
3126    0.108422586393
3128    0.108421139723
3130    0.10842113584
3132    0.108421135731
3134    0.108421134576
3136    0.108414725564
3138    0.10841104041
3140    0.108410594624
3142    0.108410594572
3144    0.108410594565
3146    0.108410594233
3148    0.108400390023
3150    0.108389525361
3152    0.108389492227
3154    0.108389481178
3156    0.108388697286
3158    0.108388697285
3160    0.108378144126
3162    0.108362963828
3164    0.108362911195
3166    0.108362899102
3168    0.108360176515
3170    0.108360176515
3172    0.108345254728
3198    0.107530042319
3200    0.10752621443
3202    0.107510203467
3204    0.107509548557
3206    0.107509548389
3232    0.106823360522
3258    0.105401684108
3260    0.105401606457
3262    0.105401606286
3264    0.105401603633
3266    0.105401603622
3268    0.105397901149
3270    0.105393295981
3296    0.104136261137
3298    0.104119888329
3300    0.104108176611
3302    0.104104352655
3304    0.104097032035
3306    0.104095860293
3308    0.104095856781
3310    0.104095856693
3312    0.104095855862
3314    0.104090120243
3316    0.104086710625
3318    0.10408635379
3320    0.104086353747
3322    0.104086353739
3324    0.104086353405
3326    0.104076675757
3328    0.104066515317
3330    0.104066487018
3332    0.104066476932
3334    0.1040657901
3336    0.104065790099
3338    0.10405578264
3340    0.104040972015
3342    0.104040926508
3344    0.104040905798
3346    0.104038324222
3348    0.104038324221
3350    0.104023761851
3376    0.103346295206
3378    0.103343727501
3380    0.103329254633
3382    0.103329139658
3384    0.103329139644
3410    0.102826448679
3436    0.101546752631
3438    0.101546702146
3440    0.101546702042
3442    0.101546699705
3444    0.101546699694
3446    0.101543495734
3448    0.101538946722
3474    0.100589394956
3476    0.100572801896
3478    0.10056301438
3480    0.100559632582
3482    0.100552946932
3484    0.10055199354
3486    0.100551990358
3488    0.100551990286
3490    0.100551989686
3492    0.100546848829
3494    0.10054367346
3496    0.10054338664
3498    0.100543386604
3500    0.100543386596
3502    0.100543386259
3504    0.100534195188
3506    0.100524690857
3508    0.100524666273
3510    0.100524656956
3512    0.100524052849
3514    0.100524052849
3516    0.100514556413
3518    0.100500105218
3520    0.100500065594
3522    0.100500035583
3524    0.100497585646
3526    0.100497585646
3528    0.100483372349
3554    0.0999023141352
3556    0.0999005944519
3558    0.0998879480145
3560    0.0998879451596
3562    0.0998879451568
3564    0.0998723010763
3590    0.0987246697531
3592    0.0987246367541
3594    0.0987246366969
3596    0.0987246346685
3598    0.0987246346577
3600    0.0987218547728
3602    0.0987173255775
3628    0.0979868898043
3631    0.0979538783067
3633    0.0979457528029
3635    0.0979427589604
3637    0.097936645893
3639    0.0979358666904
3641    0.0979358638023
3643    0.0979358637435
3645    0.0979358633106
3647    0.0979312495634
3649    0.0979282753521
3651    0.0979280438627
3653    0.0979280438316
3655    0.0979280438229
3657    0.0979280434825
3659    0.097919303411
3661    0.0979104107034
3663    0.0979103890186
3665    0.0979103803207
3667    0.0979098470096
3669    0.097909847009
3671    0.0979008297809
3673    0.0978867282298
3675    0.0978866934941
3677    0.0978866554915
3679    0.0978843285572
3681    0.0978843285552
3683    0.0978704545717
3709    0.0973195305183
3711    0.0973179377785
3713    0.0973070550234
3715    0.0973069754403
3717    0.0973069754357
3719    0.0972929941961
3745    0.0962719721218
3747    0.0962719504687
3749    0.0962719504398
3751    0.0962719486972
3753    0.0962719486869
3755    0.0962695309181
3757    0.0962651208254
3783    0.0956943303068
3785    0.0956779781928
3787    0.0956712500396
3789    0.0956685969538
3791    0.0956630010007
3793    0.0956623613715
3795    0.0956623587459
3797    0.0956623586979
3799    0.095662358385
3801    0.0956582131564
3803    0.09565541331
3805    0.0956552257235
3807    0.0956552256971
3809    0.0956552256892
3811    0.0956552253456
3813    0.0956469044073
3815    0.0956385821413
3817    0.0956385627529
3819    0.0956385545585
3821    0.0956380820854
3823    0.0956380820849
3825    0.0956295147938
3827    0.0956157535722
3829    0.0956157229197
3831    0.0956156831902
3833    0.0956134712942
3835    0.0956134712923
3837    0.0955999274025
3863    0.0950724518692
3865    0.0950709751187
3867    0.0950617468808
3869    0.0950615008677
3871    0.095061500867
3873    0.0950488529336
3899    0.0941483860811
3901    0.0941483718345
3903    0.0941483718199
3905    0.0941483703346
3907    0.0941483703249
3909    0.0941462627758
3911    0.0941419056648
3930    0.0938189211186
3932    0.0938027536882
3934    0.0937968791631
3936    0.0937945256754
3938    0.0937893974111
3940    0.0937888701027
3942    0.0937888677112
3944    0.0937888676711
3946    0.093788867445
3948    0.0937851396641
3950    0.0937824922783
3952    0.0937823396722
3954    0.0937823396492
3956    0.0937823396424
3958    0.0937823392964
3960    0.0937744087256
3962    0.0937666186748
3964    0.093766601134
3966    0.0937665933525
3968    0.0937661733673
3970    0.0937661733668
3972    0.0937580289534
3974    0.0937445991243
3976    0.093744571896
3978    0.093744531313
3980    0.0937424271015
3982    0.0937424270994
3984    0.0937292044521
4010    0.0932195183935
4012    0.0932181477547
4014    0.09321041016
4016    0.093209926043
4018    0.0932099260425
4020    0.0931983326235
4046    0.0924109415806
4048    0.0924109321905
4050    0.0924109321834
4052    0.0924109309252
4054    0.0924109309161
4056    0.0924090899001
4058    0.0924048480944
4060    0.0923883745341
4062    0.0923728060828
4064    0.0923670511114
4066    0.0923649612903
4068    0.092360256604
4070    0.0923598200733
4072    0.0923598178921
4074    0.0923598178593
4076    0.0923598176959
4078    0.0923564626117
4080    0.0923539496257
4082    0.0923538250033
4084    0.0923538249836
4086    0.0923538249771
4088    0.0923538246297
4090    0.0923462583164
4092    0.0923389649493
4094    0.0923389489161
4096    0.0923389414759
4098    0.0923385669537
4100    0.0923385669532
4102    0.0923308203326
4104    0.0923177133094
4106    0.0923176889667
4108    0.0923176476993
4110    0.0923156443753
4112    0.0923156443737
4114    0.0923027344927
4140    0.0918060732672
4142    0.091804799753
4144    0.0917983707952
4146    0.0917975926228
4148    0.0917975926189
4150    0.0917868169603
4176    0.0911037244989
4178    0.0911037183034
4180    0.0911037183007
4182    0.0911037172402
4184    0.0911037172315
4186    0.0911021058269
4188    0.0910980281249
4190    0.0910817091454
4192    0.0910666238825
4194    0.0910609857723
4196    0.0910591282223
4198    0.0910548076887
4200    0.0910544448347
4202    0.0910544428409
4204    0.0910544428134
4206    0.0910544426957
4208    0.0910514209345
4210    0.0910490273453
4212    0.0910489252034
4214    0.0910489251871
4216    0.0910489251816
4218    0.0910489248337
4220    0.0910416989877
4222    0.091034869257
4224    0.0910348544722
4226    0.0910348473179
4228    0.0910345123256
4230    0.0910345123255
4232    0.0910271402053
4234    0.0910143477482
4236    0.091014325849
4238    0.0910142839764
4240    0.0910123752565
4242    0.0910123752547
4244    0.0909997700375
4270    0.0905121601162
4272    0.0905109755274
4274    0.0905056750887
4276    0.0905045605599
4278    0.0905045605509
4280    0.090494400279
4306    0.0899059862976
4308    0.0899059822085
4310    0.0899059822076
4312    0.0899059813169
4314    0.0899059813091
4316    0.0899045682079
4318    0.089900602581
4320    0.0898844401115
4322    0.0898697711249
4324    0.0898642472436
4326    0.0898625944997
4328    0.0898586228175
4330    0.089858320011
4332    0.0898583181854
4334    0.0898583181624
4336    0.0898583180773
4338    0.0898555948531
4340    0.0898533081005
4342    0.0898532240924
4344    0.0898532240784
4346    0.0898532240739
4348    0.089853223727
4350    0.0898463165738
4352    0.0898399197037
4354    0.0898399059675
4356    0.0898398990531
4358    0.0898395985618
4360    0.0898395985612
4362    0.0898325792568
4364    0.0898200934245
4366    0.0898200736062
4368    0.0898200311946
4370    0.0898182112625
4372    0.0898182112606
4374    0.0898059029213
4400    0.089324067012
4402    0.0893229638708
4404    0.0893186238704
4406    0.0893171424927
4408    0.0893171424792
4410    0.0893074229599
4436    0.0888037283848
4438    0.0888037256874
4440    0.0888037256874
4442    0.0888037249418
4444    0.0888037249345
4446    0.0888024835016
4448    0.0887986062759
4450    0.0887826010884
4452    0.0887683054552
4454    0.0887628932324
