17 3.75044638567
43 3.63069379102
45 3.63069311397
66 3.62886460952
68 3.62886439605
94 3.56359740439
115 3.44060956093
141 3.41185025804
143 3.41184782429
169 3.40131446807
190 3.27811851005
216 3.15918176506
218 3.15917917982
241 3.15690987961
243 3.15690864085
269 3.11417397749
295 2.99156092037
321 2.96406097355
326 2.96399065892
352 2.9478940199
378 2.83428680576
404 2.72871918061
430 2.72309905271
456 2.71186822119
463 2.71176084757
476 2.58794793924
486 2.46372214451
488 2.46370899422
490 2.46370712473
492 2.4636980052
504 2.33953664036
528 2.21616939582
530 2.21616881026
532 2.21616041477
534 2.21616018861
536 2.21615712379
562 2.21237352883
564 2.21237351739
590 2.20837253038
592 2.20837230276
618 2.08661589098
629 1.96306623126
637 1.9628878735
639 1.96288604669
641 1.9628755553
667 1.89394829691
693 1.7932971777
719 1.76555814505
745 1.75063310997
771 1.74020477102
797 1.71342480609
823 1.59179351325
849 1.56814739327
862 1.56760447182
888 1.55040382881
914 1.5159983336
924 1.39192432487
950 1.36616378875
952 1.36616096334
978 1.34919040916
986 1.22472469134
1012 1.11350800443
1014 1.113508003
1040 1.10521991636
1042 1.10521982287
1068 1.09702756139
1094 0.974843303402
1120 0.964287876166
1131 0.963867333956
1157 0.95355610589
1183 0.94823742291
1209 0.893887863904
1235 0.888758897863
1261 0.859825611789
1287 0.855234388279
1313 0.767957442028
1339 0.744599981664
1365 0.738490434759
1367 0.738489334592
1369 0.738489222608
1371 0.738489186971
1373 0.738489112433
1375 0.738489106942
1401 0.736028938792
1403 0.736028928427
1429 0.734443639396
1431 0.734441558984
1457 0.733874654302
1459 0.733872312312
1461 0.733871660253
1463 0.733871112461
1465 0.733871112179
1467 0.733870830059
1493 0.726814616692
1497 0.726767830214
1523 0.721815600016
1525 0.721811595995
1551 0.719101340266
1553 0.719098104789
1579 0.7178870675
1581 0.717876646977
1583 0.717864477069
1585 0.71785555741
1587 0.717855436388
1589 0.7178554121
1591 0.717852342796
1593 0.717852334927
1595 0.71784927568
1597 0.71784895554
1599 0.717843170857
1601 0.717843163603
1603 0.717839136975
1605 0.717839134357
1607 0.717838753042
1633 0.714521515311
1635 0.714520580401
1661 0.711081690935
1663 0.711079440582
1665 0.711076971846
1667 0.711071570807
1669 0.711064481105
1671 0.711057076829
1673 0.711048395378
1699 0.7083177038
1725 0.70652110069
1751 0.704890523518
1753 0.70487745062
1779 0.704235104556
1805 0.695804357813
1807 0.695804232823
1833 0.688072452255
1835 0.688068585423
1861 0.682809289764
1887 0.674412457443
1889 0.674411770582
1915 0.667694349672
1917 0.66769364391
1943 0.663691324941
1945 0.663690178647
1959 0.663331663571
1961 0.663331413081
1963 0.663322162813
1965 0.663321948163
1991 0.657195797731
1993 0.657190623481
2019 0.649071777533
2021 0.649071529505
2047 0.641596028599
2073 0.637695140771
2099 0.623604690713
2125 0.619060068023
2151 0.612020545666
2177 0.607823955087
2203 0.606596843672
2219 0.606289937094
2227 0.606177677626
2229 0.606177130563
2231 0.60617700611
2233 0.606177004243
2235 0.606175850756
2237 0.60617584113
2239 0.606175041624
2241 0.606175040737
2243 0.606163208987
2245 0.606161671025
2247 0.606149436655
2249 0.606148343086
2251 0.60614809293
2253 0.606147972854
2255 0.606145398377
2257 0.606145352003
2283 0.605455322566
2285 0.60544633805
2311 0.604576944198
2313 0.604575201597
2339 0.604082069879
2341 0.604080622029
2343 0.604069794777
2345 0.604061816387
2347 0.604051605163
2349 0.604044803266
2351 0.604043038225
2353 0.60404303586
2355 0.604041892188
2357 0.604041891347
2359 0.604040249155
2361 0.604040156959
2363 0.60403732778
2365 0.604037321336
2367 0.604035353028
2369 0.604035350233
2371 0.604035227377
2397 0.600464799814
2399 0.600460966578
2425 0.596837912717
2427 0.596831576487
2429 0.596831007968
2431 0.596829826977
2433 0.59682492724
2435 0.596818664804
2437 0.596810680991
2439 0.596809055204
2441 0.596798656784
2443 0.596785911084
2445 0.596782697253
2448 0.596754920174
2474 0.59500498284
2476 0.595002104637
2502 0.592782666785
2507 0.592718115626
2533 0.591163223449
2559 0.589901094061
2561 0.589900205572
2587 0.588312420249
2589 0.588310462986
2615 0.587378946863
2617 0.587377896253
2619 0.587372503208
2621 0.587372252792
2623 0.587370689835
2625 0.587370477933
2651 0.583837277031
2653 0.58383707799
2679 0.578615757974
2681 0.57861100478
2707 0.573955994421
2733 0.570342864563
2759 0.56663516883
2785 0.562361626944
2811 0.56048783852
2837 0.55666232041
2839 0.55665702755
2841 0.556647116289
2844 0.556620138046
2846 0.55661978923
2848 0.556619728588
2850 0.556619704592
2852 0.556618748551
2854 0.556618715703
2856 0.556618161606
2858 0.556618096631
2860 0.556607277808
2862 0.556606151566
2864 0.556594943675
2866 0.556594357886
2868 0.556593743405
2870 0.556593729711
2872 0.55658954691
2874 0.556589545954
2876 0.556588627577
2878 0.556582178315
2880 0.556570493758
2882 0.556569721585
2884 0.556556841969
2886 0.556556181712
2888 0.556547108635
2890 0.556541073779
2892 0.556532496817
2894 0.556527378431
2896 0.556524696418
2898 0.556524696214
2900 0.556523980768
2902 0.55652398067
2904 0.556522710127
2906 0.556522652939
2908 0.556521251204
2910 0.556521236575
2912 0.556520264696
2914 0.556520258532
2916 0.556518688597
2942 0.552834325982
2944 0.552825948645
2970 0.549170161778
2972 0.549157976487
2974 0.549157971387
2976 0.549157812986
2978 0.549154265259
2980 0.549151582797
2982 0.549143721877
2984 0.549142436576
2986 0.549136856191
2988 0.549125139666
2990 0.549124526807
2992 0.549111499208
2994 0.549100493087
2996 0.549099999183
3022 0.548260516788
3026 0.548218062292
3052 0.547593935606
3054 0.547589169176
3056 0.54758772596
3082 0.547059775151
3084 0.547057738625
3092 0.546956381902
3094 0.546955357959
3096 0.54695383362
3098 0.54695358326
3100 0.546953525854
3102 0.546953317042
3128 0.545335767952
3130 0.545335074962
3156 0.542296809338
3160 0.542251702516
3186 0.539546150844
3212 0.536440850783
3238 0.535431555194
3264 0.531682533478
3290 0.531137592444
3316 0.527869200528
3318 0.527864107538
3320 0.527854811236
3322 0.527842123529
3324 0.527841844844
3326 0.52784182079
3328 0.52784178008
3330 0.527840977719
3332 0.527840931089
3334 0.527840568481
3336 0.527840405497
3338 0.527830500697
3340 0.527829609463
3342 0.527819327497
3344 0.527818972884
3346 0.527818642811
3348 0.527818642348
3350 0.527815206566
3352 0.52781520007
3354 0.52781445045
3356 0.527809903395
3358 0.527798859141
3360 0.527798591506
3362 0.527786386726
3364 0.527786149385
3366 0.527778543501
3368 0.527773922266
3370 0.527766713287
3372 0.527762817502
3374 0.527759822966
3376 0.527759822955
3378 0.527759230039
3380 0.527759230024
3382 0.527758077344
3384 0.52775802738
3386 0.527757319204
3388 0.527757302112
3390 0.527756815303
3392 0.527756808125
3394 0.527752627972
3420 0.524114281107
3446 0.523734842034
3472 0.520141136632
3498 0.519578134549
3500 0.51957789633
3502 0.519577058315
3504 0.519574315277
3506 0.519572518228
3508 0.519564308847
3510 0.519563271593
3512 0.519558992417
3514 0.519548037974
3516 0.519547876984
3518 0.519535670633
3520 0.519535003459
3522 0.519534897167
3528 0.519464095721
3530 0.519453085005
3544 0.519253750714
3546 0.519253316747
3548 0.519251578682
3550 0.51923861329
3552 0.519236705371
3554 0.519223663997
3556 0.519222662951
3558 0.519222419846
3560 0.519222168749
3562 0.51922043439
3564 0.519220228314
3590 0.518617359368
3592 0.518616747903
3618 0.516897180072
3623 0.51681979096
3649 0.515259727458
3675 0.51289083456
3684 0.512771529695
3710 0.509750168415
3713 0.509722783067
3739 0.507107116989
3741 0.507102495544
3743 0.507093870167
3745 0.507082070021
3747 0.507081818662
3749 0.507081812722
3751 0.507081763668
3753 0.507081081718
3755 0.507081028647
3757 0.507080810149
3759 0.507080557687
3761 0.507071478247
3763 0.507070726092
3765 0.507061280449
3767 0.507061025556
3769 0.507060869405
3771 0.507060860295
3773 0.507058004546
3775 0.507057984978
3777 0.507057382848
3779 0.507054080254
3781 0.507043637308
3783 0.507043581103
3785 0.50703201146
3787 0.507031964728
3789 0.507025586655
3791 0.507022000593
3793 0.507015938127
3795 0.507012935901
3797 0.507009861869
3799 0.507009861869
3801 0.507009311518
3803 0.507009311515
3805 0.507008203916
3807 0.507008155939
3809 0.507007787691
3811 0.507007770171
3813 0.507007594589
3815 0.507007587242
3817 0.506998296189
3843 0.503396123079
3869 0.502765959925
3895 0.499306915256
3921 0.498412550262
3923 0.498411645808
3925 0.498410438007
3927 0.498408177735
3929 0.498406642714
3931 0.498397775359
3933 0.498397003724
3935 0.49839327137
3937 0.498383195703
3939 0.498383129925
3941 0.498371853494
3943 0.498371823782
3945 0.498371467715
3947 0.498361316935
3949 0.498351896833
3951 0.498338703247
3953 0.498338358511
3955 0.498336563584
3957 0.498324134272
3959 0.498322263021
3961 0.498309796711
3963 0.498308814055
3965 0.498308810252
3967 0.498308558572
3969 0.498304506275
3971 0.498304302828
3973 0.498296733842
3975 0.498296641618
4001 0.497211385938
4006 0.49714137274
4032 0.496136401471
4058 0.494574552025
4065 0.49448762576
4091 0.492223080709
4093 0.492210292804
4119 0.490235206283
4121 0.49023107114
4123 0.490223123462
4125 0.490212189466
4127 0.490211949394
4129 0.490211949288
4131 0.490211896472
4133 0.490211309499
4135 0.490211253654
4137 0.490211138051
4139 0.490210815125
4141 0.490202481168
4143 0.490201813669
4145 0.490193123944
4147 0.490192915676
4149 0.490192857352
4151 0.490192839126
4153 0.490190436429
4155 0.490190407037
4157 0.490189932543
4159 0.490187456782
4161 0.490177578705
4163 0.490177578318
4165 0.49016660652
4167 0.49016660643
4169 0.490161256357
4171 0.490158433655
4173 0.490153332858
4175 0.490150988071
4177 0.490147913801
4179 0.490147913799
4181 0.490147382208
4183 0.490147382206
4185 0.490146297428
4187 0.490146249974
4189 0.490146042183
4191 0.490146024859
4193 0.490145989936
4195 0.490145982679
4221 0.489735596163
4247 0.48628485733
4273 0.48532282627
4299 0.482130969548
4325 0.480807205075
4327 0.48080541194
4329 0.480804049798
4331 0.480802088472
4333 0.480800637005
4335 0.480790944659
4337 0.480790402013
4339 0.480786999961
4341 0.480777773758
4343 0.480777745498
4345 0.480767367735
4347 0.480767354787
4349 0.480766647555
4351 0.480756873205
4353 0.480748742173
4355 0.480735998653
4357 0.480735731683
4359 0.48073391851
4361 0.480722000727
4363 0.480720143581
4365 0.480708224173
4367 0.480707261283
4369 0.480707260996
4371 0.480707007432
4373 0.480701941526
4375 0.480701739714
4377 0.480699893988
4379 0.480698172587
4405 0.480017856964
4409 0.479966112678
4435 0.479317819782
4461 0.478385227455
4469 0.478283499067
4495 0.476654180146
4497 0.476642606363
4523 0.475201086345
4525 0.475197406192
4527 0.475190108421
4529 0.475180017555
4531 0.475179782367
4533 0.475179780159
4535 0.475179725692
4537 0.475179214146
4539 0.475179157164
4541 0.475179108929
4543 0.475178733889
4545 0.475171073476
4547 0.475170458611
4549 0.475162452564
4551 0.475162267429
4553 0.475162255363
4555 0.475162230936
4557 0.47516018429
4559 0.475160148852
4561 0.475159783536
4563 0.475157866068
4565 0.475148518662
4567 0.475148496465
4569 0.475138087378
4571 0.475138048434
4573 0.475133559475
4575 0.47513130385
4577 0.47512701019
4579 0.475125152551
4581 0.47512210427
4583 0.475122104267
4585 0.475121583949
4587 0.475121583947
4589 0.475120515136
4591 0.475120467625
4593 0.475120431573
4595 0.475120414897
4597 0.475120378182
4599 0.475120371234
4625 0.474533412048
4651 0.471404232202
4677 0.470098092034
4703 0.467336846924
4729 0.465576405109
4731 0.465573639432
4733 0.465572213014
4735 0.465570447813
4737 0.465569021776
4739 0.465558490485
4741 0.465558126836
4743 0.465555015464
4745 0.465546555626
4747 0.465546548119
4749 0.465536984445
4751 0.465536981325
4753 0.465535901929
4755 0.465526488648
4757 0.465519328616
4759 0.465507016567
4761 0.465506816199
4763 0.465504998337
4765 0.465493568171
4767 0.465491717895
4769 0.465480318495
4771 0.465479367569
4773 0.46547936718
4775 0.46547911348
4777 0.465473338844
4779 0.465473139303
4781 0.465473082758
4783 0.465469499768
4809 0.465046030433
4813 0.464994242999
4839 0.464574233678
4865 0.464064702448
4872 0.463978657075
4898 0.462831641499
4900 0.462821076057
4926 0.461786366619
4928 0.461783142353
4930 0.461776499041
4932 0.461767237398
4934 0.461767004452
4936 0.461766995219
4938 0.461766940023
4940 0.46176648878
4942 0.461766431365
4944 0.461766420125
4946 0.461766007605
4948 0.461758955942
4950 0.461758374294
4952 0.461750986949
4954 0.461750813782
4956 0.461750813772
4958 0.4617507856
4960 0.46174902052
4962 0.461748981629
4964 0.461748708409
4966 0.46174717412
4968 0.461738325187
4970 0.461738246859
4972 0.461728367294
4974 0.461728242228
4976 0.461724474873
4978 0.461722643752
4980 0.461719027878
4982 0.461717533908
4984 0.461714520355
4986 0.461714520351
4988 0.461714008864
4990 0.461714008863
4992 0.461712953991
4994 0.461712905946
4996 0.461712905338
4998 0.461712889539
5000 0.46171255409
5002 0.461712547558
5028 0.460987223724
5054 0.458322577717
5080 0.456722419723
5106 0.454504334116
5132 0.452378437033
5134 0.452374707223
5136 0.452373252248
5138 0.452371630402
5140 0.452370209144
5142 0.452358958455
5144 0.452358730725
5146 0.452355875593
5148 0.452348107488
5150 0.452348107355
5152 0.452339281679
5154 0.452339281678
5156 0.452337842734
5158 0.452328775424
5160 0.452322354027
5162 0.452310455516
5164 0.452310311043
5166 0.452308493432
5168 0.452297527726
5170 0.452295682178
5172 0.452284777103
5174 0.452283836866
5176 0.452283833659
5178 0.452283580096
5180 0.452277380418
5182 0.452277183178
5184 0.452276764331
5186 0.452270261208
5188 0.452258845456
5192 0.452213437708
5202 0.452085607194
5204 0.452074986757
5207 0.45204721527
5233 0.451184517511
5235 0.451174227302
5261 0.450389343962
5263 0.450386635655
5265 0.450380719492
5267 0.450372310756
5269 0.450372078937
5271 0.450372059823
5273 0.450372004292
5275 0.450371601578
5277 0.450371544028
5279 0.450371544026
5281 0.450371104791
5283 0.450364603547
5285 0.450364043068
5287 0.450357215966
5289 0.450357049188
5291 0.450357039228
5293 0.45035700888
5295 0.450355467862
5297 0.450355427063
5299 0.450355230202
5301 0.450353963167
5303 0.450345582382
5305 0.450345436869
5307 0.450336055488
5309 0.450335821583
5311 0.450332659138
5313 0.450331148323
5315 0.450328101877
5317 0.450326881526
5319 0.450323905699
5321 0.450323905695
5323 0.450323402194
5325 0.450323402192
5327 0.450322360735
5329 0.450322311815
5331 0.450322275011
5333 0.450322260195
5335 0.450321296774
5337 0.450321290718
5363 0.449531663535
5389 0.447413255222
5415 0.445626900834
5441 0.443985864012
5467 0.441634090046
5469 0.441629464291
5471 0.441627995917
5473 0.44162649578
5475 0.44162507129
5477 0.441613321993
5479 0.441613193283
5481 0.441610564392
5483 0.441603421018
5485 0.441603417689
5487 0.44159526152
5489 0.441595258233
5491 0.441593489234
5493 0.441584753113
5495 0.441578898624
5497 0.441567396336
5499 0.44156729761
5501 0.441565482222
5503 0.441554958608
5505 0.441553117355
5507 0.441542682068
5509 0.441541759412
5511 0.441541729326
5513 0.441541474576
5515 0.441535813737
5517 0.441535617908
5519 0.441535106873
5521 0.441523234874
5523 0.441512446644
5526 0.441487427434
5530 0.441446099998
5532 0.441440349499
5536 0.44139864113
5562 0.440758716977
5564 0.440748997588
5590 0.440159211223
5592 0.440156942856
5594 0.440151672791
5596 0.440144040966
5598 0.440143809794
5600 0.440143779342
5602 0.440143723646
5604 0.440143360239
5606 0.440143302677
5608 0.440143292245
5610 0.440142833907
5612 0.440136830657
5614 0.440136283754
5616 0.440129964356
5618 0.440129801087
5620 0.440129767651
5622 0.440129736044
5624 0.440128374449
5626 0.440128332615
5628 0.440128197676
5630 0.440127119935
5632 0.440119178845
5634 0.440118966944
5636 0.440110054286
5638 0.44010970421
5640 0.440107049044
5642 0.44010578189
5644 0.440103214075
5646 0.44010220127
5648 0.440099264271
5650 0.440099264266
5652 0.440098768418
5654 0.440098768416
5656 0.440097740313
5658 0.440097690365
5660 0.440097595922
5662 0.44009758207
5664 0.440095649558
5666 0.440095643981
5692 0.439329741499
5718 0.437762093243
5744 0.435927440004
5770 0.434817238288
5796 0.432410177014
5798 0.432404755901
5800 0.432403281279
5802 0.432401899449
5804 0.43240046842
5806 0.432388495476
5808 0.432388434329
5810 0.432386005538
5812 0.432379426822
5814 0.432379412059
5816 0.432371863807
5818 0.432371851188
5820 0.432369788583
5822 0.432361369349
5824 0.432355953518
5826 0.432344830886
5828 0.432344768373
5830 0.43234295616
5832 0.43233285323
5834 0.432331016433
5836 0.432321027636
5838 0.432320114802
5840 0.432320031764
5842 0.432319777664
5844 0.432314619477
5846 0.432314425733
5848 0.432313936482
5851 0.432288597812
5853 0.432277801691
5856 0.432249124603
5859 0.432221598979
5861 0.432218918405
5864 0.43219126176
5890 0.431720900472
5892 0.431711504828
5918 0.431270839157
5920 0.431268965755
5922 0.431264291
5924 0.431257371669
5926 0.43125714093
5928 0.43125709861
5930 0.431257042822
5932 0.431256711449
5934 0.431256653927
5936 0.431256614993
5938 0.431256142819
5940 0.431250590408
5942 0.431250052232
5944 0.431244193264
5946 0.431244031984
5948 0.431243967377
5950 0.431243935027
5952 0.431242717988
5954 0.431242675599
5956 0.431242589388
5958 0.431241647642
5960 0.431234119505
5962 0.431233847481
5964 0.43122537581
5966 0.431224911512
5968 0.431222681883
5970 0.431221601594
5972 0.431219436266
5974 0.431218582191
5976 0.431215684444
5978 0.431215684439
5980 0.431215196074
5982 0.431215196072
5984 0.431214181378
5986 0.43121413051
5988 0.431213999453
5990 0.431213986416
5992 0.431210798865
5994 0.431210793715
6020 0.430543250259
6046 0.429463501024
6072 0.427710717091
6098 0.427029435993
6124 0.42472307846
6126 0.424716973611
6128 0.424715496292
6130 0.424714237432
6132 0.424712798594
6134 0.424700879397
6136 0.424700859129
6138 0.424698607601
6140 0.424692539624
6142 0.42469250711
6144 0.424685511309
6146 0.424685483696
6148 0.424683165198
6150 0.424675049013
6152 0.424669975046
6154 0.424659216162
6156 0.424659180971
6158 0.424657372561
6160 0.424647669811
6162 0.424645837794
6164 0.42463627332
6166 0.424635368374
6168 0.424635214232
6170 0.424634961175
6172 0.424630239372
6174 0.424630047809
6176 0.424629580508
6179 0.424604475917
6181 0.424593602051
6184 0.424562634284
6187 0.42453512227
6189 0.424534175875
6192 0.424506528336
6201 0.424394480557
6203 0.424385594182
6220 0.424155752476
6222 0.424154249097
6224 0.424150157903
6226 0.424143939513
6228 0.424143709103
6230 0.424143654988
6232 0.42414359914
6234 0.424143294025
6236 0.424143236564
6238 0.424143154203
6240 0.424142671802
6242 0.424137527804
6244 0.424136995239
6246 0.42413155414
6248 0.42413139403
6250 0.424131294501
6252 0.424131261691
6254 0.424130161802
6256 0.42413011912
6258 0.424130069627
6260 0.424129226848
6262 0.424122086534
6264 0.424121762652
6266 0.424113705861
6268 0.424113134565
6270 0.424111261998
6272 0.424110326171
6274 0.424108499436
6276 0.424107767768
6278 0.424104909423
6280 0.424104909418
6282 0.424104428411
6284 0.424104428408
6286 0.424103427191
6288 0.424103375744
6290 0.424103254892
6292 0.424103242434
6294 0.424098649241
6296 0.424098644426
6322 0.423572072122
6348 0.422878395005
6374 0.42130097606
6394 0.421019788394
6420 0.418921135668
6422 0.418914445085
6424 0.418912968758
6426 0.418911837502
6428 0.418910389439
6430 0.418898876934
6432 0.418898875029
6434 0.418896780783
6436 0.418891175104
6438 0.418891120107
6440 0.418884626763
6442 0.418884578895
6444 0.418882040393
6446 0.418874213897
6448 0.418869408034
6450 0.418858997627
6452 0.418858981514
6454 0.418857177404
6456 0.418847855216
6458 0.41884602835
6460 0.418836867105
6462 0.41883596947
6464 0.418835732977
6466 0.418835481027
6468 0.418831132792
6470 0.41883094338
6472 0.418830457854
6475 0.418804493265
6477 0.418793727057
6480 0.418763237944
6482 0.418749629975
6484 0.418749115579
6486 0.418735736629
6488 0.418723284522
6490 0.418714748289
6492 0.418701147776
6494 0.418699980199
6496 0.418696441832
6498 0.418690886776
6500 0.418690656643
6502 0.418690591174
6504 0.41869053528
6506 0.418690251812
6508 0.418690194419
6510 0.418690056449
6512 0.418689566288
6514 0.41868479255
6516 0.418684263579
6518 0.418679202038
6520 0.418679042648
6522 0.418678907061
6524 0.418678873951
6526 0.418677869539
6528 0.418677826707
6530 0.418677803038
6532 0.418677033105
6534 0.418670257044
6536 0.418669889772
6538 0.418662223344
6540 0.41866155496
6542 0.418659982081
6544 0.418659158811
6546 0.418657617041
6548 0.418656980546
6550 0.418654161621
6552 0.418654161616
6554 0.418653687859
6556 0.418653687855
6558 0.418652700168
6560 0.418652648608
6562 0.418652579387
6564 0.418652567243
6566 0.418646594876
6568 0.418646590295
6594 0.418261344716
6620 0.417824345909
6646 0.416460059419
6648 0.416451863685
6674 0.414608983148
6676 0.414601793734
6678 0.414600320536
6680 0.414599310832
6682 0.414597852959
6684 0.414587060779
6686 0.414587058357
6688 0.41458510389
6690 0.414579917007
6692 0.414579836096
6694 0.414573800155
6696 0.414573727177
6698 0.414571001246
6700 0.41456345162
6702 0.4145588572
6704 0.414548780675
6706 0.414548776044
6708 0.414546976674
6710 0.414538016374
6712 0.414536195044
6714 0.41452741703
6716 0.414526526678
6718 0.414526199513
6720 0.414525948619
6722 0.414521927183
6724 0.414521739851
6726 0.414521233167
6729 0.414494268372
6731 0.414483609184
6734 0.414454262325
6736 0.414440867673
6738 0.414440362579
6740 0.414427508161
6742 0.414415096425
6744 0.414406962263
6746 0.414393507814
6748 0.414392612398
6750 0.414389549203
6752 0.414384574632
6754 0.414384344743
6756 0.414384268581
6758 0.414384212648
6760 0.414383947119
6762 0.414383889798
6764 0.414383686417
6766 0.414383190187
6768 0.414378752396
6770 0.414378225714
6772 0.414373509241
6774 0.414373350319
6776 0.41437317922
6778 0.414373145898
6780 0.414372219721
6782 0.414372176818
6784 0.414372169129
6786 0.414371453351
6788 0.414365019464
6790 0.414364616621
6792 0.414357317564
6794 0.414356563052
6796 0.414355241771
6798 0.414354506859
6800 0.414353205021
6802 0.414352643129
6804 0.414349863564
6806 0.414349863559
6808 0.414349396952
6810 0.414349396949
6812 0.414348422824
6814 0.414348371581
6816 0.414348357919
6818 0.414348345852
6820 0.414341167078
6822 0.414341162638
6824 0.41433035975
6826 0.414317092006
6852 0.413111635534
6854 0.413105133034
6880 0.411482369676
6882 0.411474664478
6884 0.411473196064
6886 0.411472413054
6888 0.41147094517
6890 0.411461069198
6892 0.411461050546
6894 0.4114592205
6896 0.411454413324
6898 0.411454304126
6900 0.411448684964
6902 0.411448582416
6904 0.41144569775
6906 0.411438412713
6908 0.41143398588
6910 0.411424229296
6912 0.411424229177
6914 0.411422434962
6916 0.411413818788
6918 0.411412003382
6920 0.411403589639
6922 0.411402706209
6924 0.411402285193
6926 0.411402035381
6928 0.411398295353
6930 0.411398110063
6932 0.411397580216
6935 0.411370037395
6937 0.411359486025
6940 0.411330897874
6942 0.411317713473
6944 0.411317218685
6946 0.411304867984
6948 0.411292499116
6950 0.411284748895
6952 0.411271440048
6954 0.411270763684
6956 0.41126810914
6958 0.411263643265
6960 0.411263413598
6962 0.411263327515
6964 0.411263271547
6966 0.411263020957
6968 0.411262963709
6970 0.41126268717
6972 0.411262186044
6974 0.411258053307
6976 0.411257528067
6978 0.411253125575
6980 0.411252966975
6982 0.411252761946
6984 0.411252728461
6986 0.411251866715
6988 0.411251823783
6990 0.411251823211
6992 0.411251148042
6994 0.411245035628
6996 0.411244604039
6998 0.411237650768
7000 0.411236821132
7002 0.411235711122
7004 0.411235046061
7006 0.411233946319
7008 0.411233443365
7010 0.411230703038
7012 0.411230703032
7014 0.411230243476
7016 0.411230243473
7018 0.411229282918
7020 0.411229233424
7022 0.411229144695
7024 0.411229132074
7026 0.411222472653
7028 0.411222468086
7030 0.411214064479
7032 0.411202760658
7058 0.410161145595
7060 0.410156154278
7086 0.408751375639
7088 0.408743348062
7090 0.408741876873
7092 0.408741241069
7094 0.408739768247
7096 0.4087306025
7098 0.408730554643
7100 0.408728835527
7102 0.408724372963
7104 0.408724233968
7106 0.408718994961
7108 0.408718858771
7110 0.408715840154
7112 0.408708807985
7114 0.408704514588
7116 0.408695064669
7118 0.408695062698
7120 0.408693274041
7122 0.408684985155
7124 0.408683176057
7126 0.40867510865
7128 0.408674231961
7130 0.408673716655
7132 0.408673467917
7134 0.408669970877
7136 0.408669787582
7138 0.408669233075
7141 0.408641382083
7143 0.408630938642
7146 0.408602876408
7148 0.408589899076
7150 0.408589415204
7152 0.408577548269
7154 0.40856522425
7156 0.408557840679
7158 0.408544676834
7160 0.408544175303
7162 0.408541872423
7164 0.408537852998
7166 0.408537623539
7168 0.408537528345
7170 0.408537472347
7172 0.408537234257
7174 0.408537177083
7176 0.408536821418
7178 0.408536316221
7180 0.408532460737
7182 0.408531936393
7184 0.408527819868
7186 0.408527661503
7188 0.408527424714
7190 0.408527391097
7192 0.408526582667
7194 0.408526539732
7196 0.408526538326
7198 0.408525893841
7200 0.408520083531
7202 0.40851962896
7204 0.408513001262
7206 0.408512106975
7208 0.40851117441
7210 0.408510564939
7212 0.408509635494
7214 0.408509179454
7216 0.408506478205
7218 0.408506478198
7220 0.4085060256
7222 0.408506025596
7224 0.408505078603
7226 0.408505029923
7228 0.408504634611
7230 0.408504621668
7232 0.408498208042
7234 0.40849820344
7236 0.408492068497
7238 0.408482623275
7264 0.407600371876
7266 0.407596675364
7292 0.406398179252
7294 0.406389973525
7296 0.40638849749
7298 0.40638796033
7300 0.406386484371
7302 0.406377887659
7304 0.406377799996
7306 0.406376179927
7308 0.406372030375
7310 0.406371860766
7312 0.406366968808
7314 0.406366795276
7316 0.406363663806
7318 0.406356873293
7320 0.406352686571
7322 0.406343530623
7324 0.406343521015
7326 0.406341738306
7328 0.406333760704
7330 0.406331958285
7332 0.406324220208
7334 0.406323350107
7336 0.406322742046
7338 0.40632249437
7340 0.406319207683
7342 0.406319026338
7344 0.40631844601
7347 0.406290457477
7349 0.406280121592
7352 0.406252442857
7354 0.406239669305
7356 0.406239196707
7358 0.406227794335
7360 0.406215516766
7362 0.406208483302
7364 0.406195463722
7366 0.406195100292
7368 0.406193100222
7370 0.406189473194
7372 0.406189243931
7374 0.406189140437
7376 0.40618908441
7378 0.406188856825
7380 0.406188799725
7382 0.406188360488
7384 0.406187851811
7386 0.406184248523
7388 0.406183724722
7390 0.406179868881
7392 0.406179710697
7394 0.40617944461
7396 0.406179410879
7398 0.40617864676
7400 0.406178603836
7402 0.406178594496
7404 0.406177973354
7406 0.406172446998
7408 0.406171974206
7410 0.406165653111
7412 0.406164703797
7414 0.406163920292
7416 0.406163355329
7418 0.406162569439
7420 0.406162151016
7422 0.406159488639
7424 0.406159488633
7426 0.406159042897
7428 0.406159042893
7430 0.406158109429
7432 0.406158061344
7434 0.40615725261
7436 0.406157239367
7438 0.406150916774
7440 0.406150912147
7442 0.406146757737
7444 0.406139004007
7470 0.405404835649
7472 0.405402206071
7498 0.404392030706
7500 0.404383751543
7502 0.404382270385
7504 0.404381801401
7506 0.404380323007
7508 0.404372196696
7510 0.404372060678
7512 0.404370529178
7514 0.404366664163
7516 0.40436646368
7518 0.404361888829
7520 0.404361674609
7522 0.404358448068
7524 0.4043518885
7526 0.40434778738
7528 0.404338913274
7530 0.404338890795
7532 0.40433711441
7534 0.404329432895
7536 0.404327637512
7538 0.404320212639
7540 0.40431934899
7542 0.404318651096
7544 0.404318404474
7546 0.404315300332
7548 0.404315120895
7550 0.404314513819
7553 0.40428649499
7555 0.404276265973
7558 0.404248883228
7560 0.404236310113
7562 0.404235848987
7564 0.404224892692
7566 0.404212662928
7568 0.404205963745
7570 0.404193087593
7572 0.404192831839
7574 0.404191092682
7576 0.404187811063
7578 0.404187581987
7580 0.40418747097
7582 0.404187414915
7584 0.404187196196
7586 0.404187139168
7588 0.404186613218
7590 0.404186101496
7592 0.404182727807
7594 0.404182204321
7596 0.40417858633
7598 0.40417842829
7600 0.404178135456
7602 0.404178101623
7604 0.404177374482
7606 0.404177331577
7608 0.404177307987
7610 0.404176704717
7612 0.404171445304
7614 0.404170958168
7616 0.404164925882
7618 0.404163930182
7620 0.404163271909
7622 0.404162742779
7624 0.404162077947
7626 0.404161689893
7628 0.404159066149
7630 0.404159066142
7632 0.404158627172
7634 0.404158627168
7636 0.404157707186
7638 0.404157659636
7640 0.40415639317
7642 0.404156379608
7644 0.404150064504
7646 0.404150059847
7648 0.404147507311
7650 0.404141243384
7676 0.403539749267
7678 0.40353796539
7704 0.402694859357
7706 0.402686581325
7708 0.402685095315
7710 0.402684674896
7712 0.402683194402
7714 0.402675468116
7716 0.40267527697
7718 0.402673824779
7720 0.402670218631
7722 0.402669987451
7724 0.402665702609
7726 0.402665444691
7728 0.402662137961
7730 0.40265579911
7732 0.402651766935
7734 0.402643163086
7736 0.402643123019
7738 0.402641353319
7740 0.402633953473
7742 0.402632165466
7744 0.402625038515
7746 0.402624181194
7748 0.402623397324
7750 0.402623151747
7752 0.402620206387
7754 0.40262002882
7756 0.402619394231
7759 0.402591412313
7761 0.40258128927
7764 0.402554148627
7766 0.402541772587
7768 0.402541323031
7770 0.40253079502
7772 0.402518614244
7774 0.402512234199
7776 0.402499500575
7778 0.402499327379
7780 0.402497813188
7782 0.402494836088
7784 0.40249460719
7786 0.40249448938
7788 0.4024944333
7790 0.402494222089
7792 0.402494165134
7794 0.40249355044
7796 0.402493036003
7798 0.402489871519
7800 0.402489348203
7802 0.402485947427
7804 0.402485789505
7806 0.402485472436
7808 0.402485438509
7810 0.402484742342
7812 0.402484699463
7814 0.402484656032
7816 0.402484066532
7818 0.402479058128
7820 0.402478559771
7822 0.402472799602
7824 0.402471765142
7826 0.402471212096
7828 0.402470711959
7830 0.402470149254
7832 0.40246978588
7834 0.402467200492
7836 0.402467200485
7838 0.402466768186
7840 0.402466768181
7842 0.402465861615
7844 0.402465814573
7846 0.402464078568
7848 0.402464064665
7850 0.402457716912
7852 0.402457712219
7854 0.402456350978
7856 0.40245136351
7882 0.401965281084
7884 0.401964140759
7910 0.401265901282
7912 0.401257676677
7914 0.401256186228
7916 0.401255801428
7918 0.401254319055
7920 0.401246941377
7922 0.401246689858
7924 0.401245308782
7926 0.401241938343
7928 0.401241676987
7930 0.401237657616
7932 0.401237353306
7934 0.401233978781
7936 0.401227850891
7938 0.401223874448
7940 0.401215529791
7942 0.401215467904
7944 0.401213705238
7946 0.401206573381
7948 0.401204793078
7950 0.401197949568
7952 0.401197098462
7954 0.401196233067
7956 0.401195988525
7958 0.401193181581
7960 0.401193005848
7962 0.401192343102
7965 0.401164440179
7967 0.401154422076
7970 0.401127490332
7972 0.401115308012
7974 0.401114870053
7976 0.401104753202
7978 0.401092622482
7980 0.401086547088
7982 0.401073955044
7984 0.401073843748
7986 0.401072523668
7988 0.401069815461
7990 0.401069586734
7992 0.401069462804
7994 0.401069406699
7996 0.401069201872
7998 0.40106914499
8000 0.401068440462
8002 0.401067923568
8004 0.401064949875
8006 0.401064426636
8008 0.401061224412
8010 0.40106106659
8012 0.401060727681
8014 0.401060693666
8016 0.401060023534
8018 0.401059980683
8020 0.401059912491
8022 0.401059333672
8024 0.401054561349
8026 0.401054054273
8028 0.401048550565
8030 0.401047483992
8032 0.40104701937
8034 0.4010465428
8036 0.401046066281
8038 0.401045723094
8040 0.401043175759
8042 0.401043175751
8044 0.401042750028
8046 0.401042750023
8048 0.401041856794
8050 0.401041810226
8052 0.401039610809
8054 0.401039596552
8056 0.40103320226
8058 0.401033197528
8060 0.401032629178
8062 0.40102871014
8088 0.400640630021
8090 0.400639957258
8116 0.400065068711
8118 0.400056933718
8120 0.400055439251
8122 0.400055081318
8124 0.400053597253
8126 0.400046529618
8128 0.400046213795
8130 0.400044896572
8132 0.400041740938
8134 0.400041450191
8136 0.400037674053
8138 0.400037320954
8140 0.400033888921
8142 0.40002796269
8144 0.40002403147
8146 0.400015935437
8148 0.400015847955
8150 0.400014092655
8152 0.400007215821
8154 0.400005443535
8156 0.399998869745
8158 0.399998024748
8160 0.399997082612
8162 0.399996839099
8164 0.399994153063
8166 0.399993979132
8168 0.399993287677
8171 0.399965490127
8173 0.399955575841
8176 0.39992883256
8178 0.399916840621
8180 0.399916414244
8182 0.39990669208
8184 0.399894612396
8186 0.399888827795
8188 0.399876376347
8190 0.399876310034
8192 0.39987515757
8194 0.399872687178
8196 0.399872458616
8198 0.39987232918
8200 0.399872273051
8202 0.399872073669
8204 0.39987201686
8206 0.399871222203
8208 0.39987070306
8210 0.399867903518
8212 0.399867380299
8214 0.399864359735
8216 0.399864201998
8218 0.399863843482
8220 0.399863809382
8222 0.399863161204
8224 0.399863118386
8226 0.399863021124
8228 0.399862450655
8230 0.399857900428
8232 0.399857386629
8234 0.399852124697
8236 0.399851031748
8238 0.39985064144
8240 0.399850184104
8242 0.39984978035
8244 0.399849453775
8246 0.399846944162
8248 0.399846944154
8250 0.399846524911
8252 0.399846524907
8254 0.399845644922
8256 0.39984559879
8258 0.399842952766
8260 0.399842938149
8262 0.399836498745
8264 0.399836493974
8266 0.39983636081
8268 0.399833318469
8270 0.399820946562
8272 0.399820434621
8298 0.399309964283
8300 0.399301909364
8302 0.39930041117
8304 0.399300079369
8306 0.399298593844
8308 0.399291807667
8310 0.399291424731
8312 0.39929016491
8314 0.399287205196
8316 0.399286886041
8318 0.39928333297
8320 0.399282928959
8322 0.399279447933
8324 0.399273714482
8326 0.399269820101
8328 0.399261962589
8330 0.399261846159
8332 0.399260098544
8334 0.399253464424
8336 0.399251700453
8338 0.399245383368
8340 0.399244544386
8342 0.399243530434
8344 0.39924328794
8346 0.399240707716
8348 0.399240535557
8350 0.399239814914
8353 0.399212139284
8355 0.399202327608
8358 0.399175760186
8360 0.399163955299
8362 0.399163540454
8364 0.399154197114
8366 0.399142169357
8368 0.399136662283
8370 0.399124350396
8372 0.399124315285
8374 0.399123307672
8376 0.399121047949
