26 3.76390505027
40 3.64059653543
66 3.62969700271
68 3.62969233796
90 3.62874104857
116 3.51420570666
128 3.39079234057
154 3.38519303149
156 3.38518940141
163 3.38505861986
189 3.26687415892
215 3.14414696297
240 3.14118630426
242 3.14117668588
244 3.14116437556
255 3.01678575618
269 2.89259087241
271 2.89259032912
273 2.89258560524
275 2.89258541555
301 2.77442032816
327 2.65166098812
351 2.64893278019
353 2.6489237074
355 2.64891074817
372 2.52496670495
398 2.42050969809
400 2.4205083528
426 2.40696975615
428 2.4069695333
454 2.28446275373
470 2.16093535608
477 2.16075253038
479 2.1607475978
481 2.16073638268
507 2.0393815081
533 1.9820676072
546 1.98144135031
572 1.95196917067
574 1.95196184531
600 1.83412764096
613 1.71069277513
639 1.70632481785
641 1.7063197225
643 1.70630332771
669 1.58432176538
695 1.58161169434
705 1.58125158329
731 1.5784003593
733 1.57839041795
759 1.50828166451
785 1.4008554975
811 1.37318415577
837 1.3620482395
863 1.35113270001
889 1.31837984674
909 1.19463349877
935 1.17059166133
937 1.17058909389
963 1.15397591905
989 1.03161315059
1002 0.907907127196
1010 0.907691000265
1012 0.907685882928
1014 0.907675738891
1030 0.783671372639
1051 0.659986650331
1053 0.659983973437
1055 0.659973953403
1057 0.659972525126
1083 0.623497834701
1109 0.583581628356
1135 0.555746672796
1161 0.528223621534
1187 0.510551110256
1213 0.443244089702
1239 0.413444795503
1265 0.400850799017
1267 0.400845333238
1269 0.400845200276
1271 0.400831744912
1273 0.400829976259
1275 0.400817654993
1277 0.400815999551
1279 0.400815631908
1281 0.400802263519
1283 0.400800747142
1285 0.400788843102
1287 0.400788387121
1289 0.400783139165
1291 0.40077298244
1293 0.400770360419
1295 0.400761531064
1297 0.400761074968
1299 0.400760401733
1301 0.400760401732
1303 0.400759866016
1305 0.400759866014
1307 0.400754855773
1309 0.400751844042
1311 0.400741783968
1313 0.400739783771
1315 0.40073108103
1317 0.400728799112
1343 0.399427554296
1345 0.399427540065
1347 0.399412392585
1349 0.399412366756
1351 0.399402838773
1353 0.39940276148
1355 0.399395549397
1357 0.399395481656
1359 0.399390554447
1361 0.399381794459
1387 0.386194159814
1389 0.38618954737
1415 0.380250906904
1417 0.380249361293
1419 0.380237436355
1421 0.38023743513
1423 0.380226470866
1425 0.380226371457
1427 0.38021965585
1429 0.380212170309
1455 0.378236983282
1457 0.378230260121
1483 0.376341625174
1485 0.376337697693
1511 0.37271432566
1537 0.371282593565
1563 0.36963063076
1565 0.369616911616
1591 0.368878236871
1617 0.358993557352
1619 0.358991858752
1645 0.351655622781
1647 0.351655020345
1673 0.34698038085
1675 0.346979907329
1677 0.346979556413
1679 0.346971816933
1681 0.346971675563
1683 0.346965620118
1685 0.34696471248
1687 0.346964215557
1689 0.34696380281
1691 0.346963752082
1693 0.346963530793
1719 0.337457520698
1745 0.321332370779
1771 0.3152085519
1797 0.305676977431
1823 0.302405203584
1849 0.297678103566
1875 0.295639984703
1901 0.294682915861
1903 0.294679230896
1905 0.294679215396
1907 0.294668523692
1909 0.294667538098
1911 0.294657757931
1913 0.294657104327
1915 0.294657103484
1917 0.294646835284
1919 0.29464615402
1921 0.29463702675
1923 0.294636986967
1925 0.294634037851
1927 0.294626501894
1929 0.294625232934
1931 0.294618670785
1933 0.294618504923
1935 0.294618379765
1937 0.294618353186
1939 0.294618185134
1941 0.294618175287
1943 0.294615453102
1945 0.294613808727
1947 0.294606924316
1949 0.294605872429
1951 0.294599913426
1953 0.294598697016
1955 0.294584876151
1957 0.294584854592
1959 0.294572041903
1961 0.294571910983
1963 0.294566985934
1965 0.294566969598
1967 0.294563342458
1969 0.294563319555
1971 0.294561000651
1973 0.294556668016
1999 0.292052409913
2001 0.292050662073
2027 0.290921802931
2029 0.290921580515
2031 0.290914321579
2033 0.290914316326
2035 0.290908083554
2037 0.290908023828
2039 0.290904959631
2041 0.290901017684
2067 0.28867051188
2069 0.288667458169
2095 0.286640965393
2097 0.286639835438
2099 0.286632369987
2104 0.28656196292
2106 0.286547526347
2108 0.286536902846
2114 0.286448761241
2140 0.284453658056
2142 0.284453481379
2168 0.282516498025
2170 0.282512952258
2196 0.281272442208
2198 0.281272441147
2200 0.281272367403
2202 0.281267529043
2204 0.281267503762
2206 0.28126372619
2208 0.281263543579
2210 0.281263204685
2212 0.281263138462
2214 0.281259662987
2216 0.281259627024
2242 0.279838979626
2268 0.274092726451
2294 0.273052601857
2320 0.269893556152
2341 0.269475810849
2343 0.269460640409
2350 0.269353571609
2358 0.269228329055
2360 0.26922591305
2362 0.269225773313
2364 0.269217232377
2366 0.269216552798
2368 0.269208748282
2370 0.269208582509
2372 0.269208489996
2374 0.269200502066
2376 0.269200075265
2378 0.269192987238
2380 0.269192953683
2382 0.269191259633
2384 0.269185548836
2386 0.269184958047
2388 0.269179977623
2390 0.269179855403
2392 0.26917983945
2394 0.269179800198
2396 0.269179735786
2398 0.269179721249
2400 0.269178334221
2402 0.269177435919
2404 0.269172664745
2406 0.269172119448
2408 0.26916798715
2410 0.269167074939
2412 0.269155380445
2414 0.269155313065
2416 0.269144461531
2418 0.269144261134
2420 0.269141681082
2422 0.269141678441
2424 0.269139849636
2426 0.269139840393
2428 0.269138780019
2430 0.269136246516
2446 0.268829886175
2448 0.268829078469
2451 0.268795625823
2453 0.26879560927
2455 0.26879061133
2457 0.268790596531
2459 0.268786461715
2461 0.268786416364
2463 0.268784699755
2465 0.26878253877
2491 0.266411264298
2493 0.266410041558
2519 0.264249458471
2521 0.264249356313
2523 0.264243637665
2525 0.264227433344
2527 0.264214814929
2529 0.26420536411
2533 0.264154191349
2535 0.264140270438
2537 0.264139916786
2563 0.263423365109
2565 0.263419690685
2584 0.263070871325
2586 0.263070679299
2588 0.26307066283
2590 0.263067486661
2592 0.263067482842
2594 0.263065012412
2596 0.263064969124
2598 0.263064607459
2600 0.263064598295
2602 0.263059939548
2604 0.263059934407
2606 0.263051859712
2632 0.261156821297
2634 0.261141576886
2660 0.260107993115
2662 0.260094607495
2664 0.260084695493
2666 0.260071762114
2668 0.260056423822
2670 0.260054898425
2672 0.260054645978
2674 0.260047786634
2676 0.260047238438
2678 0.260040977608
2680 0.260040972612
2682 0.260040791823
2684 0.260034494192
2686 0.260034156926
2688 0.260028579308
2690 0.260028338372
2692 0.260027339034
2694 0.260022915147
2696 0.260022656723
2698 0.260018793458
2700 0.260018679623
2702 0.260018679408
2704 0.260018637105
2706 0.260018605489
2708 0.260018589796
2710 0.260017952249
2712 0.260017457547
2714 0.260014103913
2716 0.260013824578
2718 0.260010918131
2720 0.260010120774
2722 0.260000218468
2724 0.260000124149
2726 0.259990927662
2728 0.259990693054
2730 0.259989317839
2732 0.259989317593
2734 0.259988392883
2736 0.259988387907
2738 0.259987924621
2740 0.259986177193
2742 0.259971645146
2744 0.259971197787
2746 0.259955783951
2748 0.259955777616
2750 0.259952199999
2752 0.259952178091
2754 0.259949272277
2756 0.259949233584
2758 0.259948234586
2760 0.259946913605
2786 0.257481099525
2788 0.257480697327
2814 0.255230985873
2816 0.255230910229
2818 0.255226079996
2820 0.255211281099
2822 0.255199458077
2824 0.255191415747
2828 0.255141139909
2830 0.255138388167
2832 0.255137744063
2834 0.255122948317
2836 0.255119993755
2838 0.255104248921
2840 0.255103650148
2842 0.255103645951
2844 0.255101442128
2846 0.25510144179
2848 0.255099736195
2850 0.255099724139
2852 0.255099719892
2854 0.255099719359
2856 0.255096737629
2858 0.255096737289
2860 0.25509115386
2886 0.254459318398
2888 0.25444658793
2890 0.254429985072
2892 0.254418135521
2894 0.254408526593
2896 0.254396253337
2898 0.254382105263
2900 0.254381191243
2902 0.254380866343
2904 0.254375325766
2906 0.25437483749
2908 0.254369786799
2910 0.254369742228
2912 0.254369511919
2914 0.25436447584
2916 0.254364172707
2918 0.254359721992
2920 0.254359177219
2922 0.254358568208
2924 0.254355062228
2926 0.254354960492
2928 0.254351895439
2930 0.254351783235
2932 0.254351781573
2934 0.254351738618
2936 0.254351718832
2938 0.254351702878
2940 0.254351459016
2942 0.254351183695
2944 0.254348788326
2946 0.254348647672
2948 0.254346570284
2950 0.254345818389
2952 0.254337429817
2954 0.254337322945
2956 0.254329525736
2958 0.254329275624
2960 0.254328525484
2962 0.254328525472
2964 0.254328056016
2966 0.254328052773
2968 0.254327864887
2970 0.254326567512
2972 0.254313001518
2974 0.254312751585
2976 0.2542983065
2978 0.254298251844
2980 0.254295667853
2982 0.254295640824
2984 0.254293586666
2986 0.25429355177
2988 0.254293000062
2990 0.254292056629
3016 0.251783923255
3018 0.251783840068
3044 0.249495596347
3046 0.249495021264
3048 0.249490918885
3050 0.249477915371
3052 0.249466896297
3054 0.249460098917
3057 0.249427114269
3059 0.249424630202
3061 0.249423651721
3063 0.249409483439
3065 0.249406995425
3067 0.249391914059
3069 0.249390904617
3071 0.249390903253
3073 0.249389266848
3075 0.249389266847
3077 0.249388007936
3079 0.249388002928
3081 0.249387926006
3083 0.249387925972
3085 0.249385817769
3087 0.249385817762
3089 0.249381302862
3094 0.249313542036
3096 0.249301656131
3098 0.249286810285
3100 0.249275773689
3102 0.249267154453
3104 0.24925600552
3106 0.24924307478
3108 0.249242567463
3110 0.249242199653
3112 0.249237696391
3114 0.249237236246
3116 0.24923313718
3118 0.24923293741
3120 0.249232681548
3122 0.249228593744
3124 0.24922830384
3126 0.249224700138
3128 0.249223822876
3130 0.249223437072
3132 0.249220593496
3134 0.249220560697
3136 0.249218072696
3138 0.249217960741
3140 0.249217956017
3142 0.249217912945
3144 0.24921789797
3146 0.24921788196
3148 0.2492178199
3150 0.249217664517
3152 0.249215922503
3154 0.249215853424
3156 0.24921434158
3158 0.249213607771
3160 0.249206499258
3162 0.249206387076
3164 0.249199774114
3166 0.249199517166
3168 0.249199095447
3170 0.249199095225
3172 0.249198855497
3174 0.249198853107
3176 0.249198786323
3178 0.249197777973
3180 0.24918510914
3182 0.249184968393
3184 0.249171426394
3186 0.249171305295
3188 0.249169419628
3190 0.249169388858
3192 0.24916792668
3194 0.249167894196
3196 0.249167612635
3198 0.249166808255
3224 0.24667420561
3226 0.246674204307
3252 0.244401959145
3254 0.244400620885
3256 0.244396761386
3258 0.244385288525
3260 0.244374508643
3262 0.244368752262
3265 0.244336016192
3267 0.24433378277
3269 0.244332555122
3271 0.244318987161
3273 0.244316769169
3275 0.244302321156
3277 0.244300967605
3279 0.244300966981
3281 0.244299672877
3283 0.244299672787
3285 0.244298683868
3287 0.244298680823
3289 0.244298433351
3291 0.244298433042
3293 0.244296800197
3295 0.24429680007
3297 0.244292777489
3299 0.244277079175
3301 0.244265910514
3303 0.244251725326
3305 0.244241383286
3307 0.244233728182
3309 0.244223649547
3311 0.244211836803
3313 0.244211587482
3315 0.244211194385
3317 0.244207509642
3319 0.244207062719
3321 0.244203714419
3323 0.244203299405
3325 0.244203029979
3327 0.244199660306
3329 0.244199375243
3331 0.244196413074
3333 0.244195211999
3335 0.244194956485
3337 0.244192596591
3339 0.244192590074
3341 0.244190524207
3343 0.244190412238
3345 0.244190405314
3347 0.244190362238
3349 0.244190349405
3351 0.244190333389
3353 0.244190330627
3355 0.244190241313
3357 0.244188949013
3359 0.244188916319
3361 0.244187793957
3363 0.244187067113
3365 0.244181041889
3367 0.244180927663
3369 0.244175317649
3371 0.244175057707
3373 0.244174811377
3375 0.244174810898
3377 0.244174687449
3379 0.244174685512
3381 0.244174667421
3383 0.244173848756
3385 0.2441620143
3387 0.244161934191
3389 0.244149235
3391 0.244149047841
3393 0.244147655535
3395 0.244147621956
3397 0.244146572723
3399 0.244146541901
3401 0.244146415655
3403 0.244145610822
3429 0.241724547138
3431 0.241724525831
3457 0.239520141701
3459 0.23951792504
3461 0.239514165003
3463 0.239503997553
3465 0.239493402397
3467 0.239488516125
3469 0.239472171189
3471 0.239470172091
3473 0.239468769899
3475 0.239455778586
3477 0.239453719928
3479 0.239439879576
3481 0.239438260741
3483 0.239438260339
3485 0.239437179006
3487 0.23943717883
3489 0.239436358393
3491 0.239436356003
3493 0.239435944374
3495 0.239435943875
3497 0.239434585949
3499 0.239434585732
3501 0.239430965989
3503 0.239415930835
3505 0.239405434479
3507 0.23939188073
3509 0.2393821882
3511 0.239375394825
3513 0.239366282168
3515 0.239355484432
3517 0.239355386243
3519 0.239354977733
3521 0.239351941075
3523 0.239351500183
3525 0.239348746228
3527 0.239348091538
3529 0.239347814281
3531 0.239344992658
3533 0.239344708986
3535 0.23934223657
3537 0.239340739197
3539 0.239340561507
3541 0.23933855893
3543 0.239338558872
3545 0.239336805456
3547 0.239336693446
3549 0.239336685164
3551 0.239336642104
3553 0.23933663029
3555 0.239336614282
3557 0.239336603189
3559 0.239336550628
3561 0.239335571108
3563 0.239335556493
3565 0.239334705173
3567 0.239333980778
3569 0.239328872828
3571 0.239328757965
3573 0.239323997783
3575 0.239323736533
3577 0.239323585783
3579 0.239323585094
3581 0.239323520761
3583 0.23932351908
3585 0.239323516892
3587 0.239322825223
3589 0.239311767634
3591 0.239311721389
3593 0.239299809446
3595 0.239299564067
3597 0.239298522383
3599 0.239298486675
3601 0.23929772669
3603 0.239297697061
3605 0.239297652779
3607 0.239296750251
3633 0.23699831413
3635 0.236998238549
3661 0.234907709708
3663 0.234904585883
3665 0.234900548587
3667 0.234891503712
3669 0.234880640526
3671 0.234876487531
3673 0.234860108964
3675 0.234858326532
3677 0.234856805182
3679 0.234844363848
3681 0.234842400028
3683 0.234829139061
3685 0.234827324956
3687 0.234827324625
3689 0.234826378959
3691 0.234826378735
3693 0.23482566648
3695 0.234825664334
3697 0.234825121729
3699 0.234825121133
3701 0.23482392784
3703 0.23482392758
3705 0.23482067796
3707 0.234806278075
3709 0.234796411442
3711 0.234783461206
3713 0.234774375879
3715 0.234768352381
3717 0.23476011164
3719 0.234750235725
3721 0.234750212935
3723 0.234749794485
3725 0.234747272847
3727 0.234746834478
3729 0.234744552764
3731 0.234743656067
3733 0.234743373768
3735 0.234740973683
3737 0.234740689986
3739 0.234738594468
3741 0.234736836225
3743 0.234736706183
3745 0.23473497056
3747 0.234734968477
3749 0.234733448982
3751 0.234733336947
3753 0.23473332784
3755 0.234733284797
3757 0.23473327349
3759 0.234733257492
3761 0.234733203602
3763 0.23473317174
3765 0.234732412198
3767 0.23473240625
3769 0.234731745666
3771 0.234731021951
3773 0.234726691024
3775 0.234726576115
3777 0.234722536307
3779 0.234722274499
3781 0.234722177108
3783 0.234722176265
3785 0.234722142177
3787 0.234722140647
3789 0.234722140412
3791 0.234721535266
3793 0.234711201668
3795 0.234711174474
3797 0.234699998417
3799 0.234699704759
3801 0.234698913909
3803 0.234698876618
3805 0.234698320205
3807 0.234698291433
3809 0.234698283207
3811 0.234697203555
3837 0.232561779247
3839 0.232561647389
3865 0.230620491534
3867 0.23061648482
3869 0.230612071765
3871 0.230603994338
3873 0.230592870478
3875 0.230589336239
3877 0.230573131738
3879 0.230571548833
3881 0.230569946613
3883 0.230558029445
3885 0.230556121954
3887 0.230543413297
3889 0.230541459645
3891 0.230541459334
3893 0.230540601968
3895 0.230540601719
3897 0.230539960696
3899 0.230539958648
3901 0.23053931925
3903 0.230539318608
3905 0.230538226064
3907 0.230538225783
3909 0.230535315331
3911 0.230521523979
3913 0.230512246917
3915 0.230499873495
3917 0.230491355725
3919 0.230486019732
3921 0.230478566094
3923 0.230469527663
3925 0.230469527579
3927 0.23046910228
3929 0.230466991508
3931 0.230466553955
3933 0.230464648922
3935 0.230463520968
3937 0.230463235063
3939 0.230461161744
3941 0.230460877459
3943 0.230459074337
3945 0.23045709232
3947 0.23045699219
3949 0.230455458157
3951 0.230455451019
3953 0.230454108579
3955 0.230453996537
3957 0.230453986911
3959 0.230453943884
3961 0.230453932839
3963 0.230453916855
3965 0.230453805287
3967 0.230453785267
3969 0.230453182251
3971 0.23045318021
3973 0.230452655429
3975 0.230451931766
3977 0.230448259263
3979 0.230448144547
3981 0.230444715562
3983 0.23044445354
3985 0.230444386755
3987 0.230444385805
3989 0.230444367326
3991 0.230444365888
3993 0.230444362375
3995 0.230443817036
3997 0.230434158668
3999 0.230434142294
4001 0.230423654527
4003 0.23042332222
4005 0.230422712125
4007 0.230422673717
4009 0.230422261358
4011 0.230422233176
4013 0.230422233108
4015 0.230420907003
4041 0.228476823866
4043 0.228476647493
4069 0.226708914943
4071 0.226704082177
4073 0.226699205967
4075 0.226691967979
4077 0.226680602334
4079 0.226677593301
4081 0.226661752118
4083 0.226660352317
4085 0.226658694768
4087 0.226647276933
4089 0.226645402396
4091 0.226633220173
4093 0.226631168937
4095 0.226631168625
4097 0.226630369656
4099 0.226630369393
4101 0.226629776336
4103 0.226629774328
4105 0.226629065841
4107 0.226629065176
4109 0.226628035146
4111 0.226628034857
4113 0.226625434521
4115 0.226612226076
4117 0.226603500848
4119 0.226591678716
4121 0.226583691396
4123 0.226578969057
4125 0.226572226041
4127 0.226563948755
4129 0.226563935625
4131 0.226563505292
4133 0.226561723632
4135 0.226561286079
4137 0.226559682729
4139 0.226558341411
4141 0.226558052713
4143 0.226556234636
4145 0.226555949554
4147 0.226554375091
4149 0.226552204701
4151 0.226552123812
4153 0.226550743537
4155 0.226550730806
4157 0.226549523766
4159 0.226549411734
4161 0.226549401762
4163 0.226549358747
4165 0.226549347841
4167 0.226549331871
4169 0.226549158937
4171 0.226549145817
4173 0.226548655518
4175 0.22654865504
4177 0.226548228113
4179 0.226547504345
4181 0.226544389903
4183 0.226544275473
4185 0.226541364549
4187 0.226541102486
4189 0.226541053771
4191 0.226541052746
4193 0.226541042418
4195 0.22654104104
4197 0.226541032873
4199 0.226540529341
4201 0.226531501116
4203 0.226531490961
4205 0.226521647297
4207 0.226521284716
4209 0.226520805901
4211 0.226520766786
4213 0.226520456989
4215 0.226520429173
4217 0.226520421063
4219 0.226518788204
4245 0.224781742713
4247 0.224781537864
4273 0.22319976015
4275 0.223194178017
4277 0.223188766921
4279 0.223182262351
4281 0.223170685463
4283 0.223168124811
4285 0.223152809974
4287 0.22315157768
4289 0.223149881525
4291 0.223138939225
4293 0.223137083312
4295 0.223125402834
4297 0.223123284628
4299 0.223123284309
4301 0.223122524424
4303 0.223122524152
4305 0.223121964078
4307 0.223121962087
4309 0.223121204941
4311 0.223121204262
4313 0.223120213282
4315 0.22312021299
4317 0.223117895661
4319 0.223105245556
4321 0.223097036771
4323 0.223085741526
4325 0.223078249965
4327 0.223074075083
4329 0.223067973719
4331 0.223060388459
4333 0.223060338902
4335 0.223059904666
4337 0.223058387752
4339 0.223057949825
4341 0.223056589121
4343 0.223055055648
4345 0.223054764663
4347 0.22305314743
4349 0.223052861493
4351 0.223051467249
4353 0.22304914056
4355 0.223049072323
4357 0.223047810409
4359 0.223047792575
4361 0.223046690088
4363 0.223046578078
4365 0.22304656786
4367 0.223046524855
4369 0.223046514023
4371 0.223046498069
4373 0.223046266139
4375 0.223046257125
4377 0.223045848971
4379 0.223045848947
4381 0.223045493381
4383 0.223044769537
4385 0.22304212818
4387 0.223042014067
4389 0.223039542618
4391 0.223039280609
4393 0.223039242869
4395 0.223039241792
4397 0.223039235789
4399 0.223039234448
4401 0.223039221822
4403 0.223038747749
4405 0.223030307895
4407 0.223030301367
4409 0.223021060714
4411 0.223020674746
4413 0.223020292075
4415 0.223020252606
4417 0.223020016327
4419 0.223019988687
4421 0.223019963829
4423 0.223017974322
4449 0.221492019416
4451 0.221491801715
4477 0.22009825476
4479 0.220092010988
4481 0.220086013062
4483 0.220080153495
4485 0.220068406655
4487 0.22006623075
4489 0.220051574644
4491 0.220050495126
4493 0.220048771216
4495 0.220038281709
4497 0.220036435594
4499 0.220025233326
4501 0.220023070057
4503 0.220023069728
4505 0.22002233623
4507 0.220022335951
4509 0.220021799035
4511 0.220021797051
4513 0.22002100563
4515 0.220021004941
4517 0.220020038349
4519 0.220020038056
4521 0.220017978533
4523 0.220005863221
4525 0.219998137738
4527 0.21998734605
4529 0.219980317833
4531 0.219976631085
4533 0.219971109173
4535 0.219964153345
4537 0.219964052927
4539 0.219963615541
4541 0.21996231253
4543 0.21996187407
4545 0.219960709391
4547 0.219959005876
4549 0.219958712952
4551 0.219957254869
4553 0.219956968076
4555 0.219955716953
4557 0.219953262092
4559 0.219953202334
4561 0.219952032302
4563 0.219952010192
4565 0.219950989169
4567 0.219950877189
4569 0.219950866786
4571 0.21995082379
4573 0.219950812998
4575 0.219950797059
4577 0.219950511479
4579 0.219950504966
4581 0.21995015738
4583 0.219950157323
4585 0.219949854409
4587 0.219949130588
4589 0.219946890338
4591 0.219946776548
4593 0.219944677971
4595 0.21994441608
4597 0.219944385182
4599 0.219944384069
4601 0.219944380407
4603 0.219944379091
4605 0.21994436273
4607 0.219943909512
4609 0.219936019257
4611 0.219936014881
4613 0.219927338977
4615 0.219926935102
4617 0.219926623452
4619 0.219926583924
4621 0.219926400737
4623 0.219926373117
4625 0.21992632751
4627 0.219923943524
4653 0.218603537382
4655 0.218603319939
4681 0.217392085285
4683 0.21738527219
4685 0.217378658145
4687 0.217373369139
4689 0.217361502588
4691 0.217359658158
4693 0.217345761185
4695 0.217344820581
4697 0.217343075941
4699 0.217333017539
4701 0.217331175781
4703 0.217320429311
4705 0.21731823646
4707 0.217318236119
4709 0.217317520548
4711 0.217317520262
4713 0.217316999975
4715 0.217316997993
4717 0.217316182171
4719 0.217316181475
4721 0.217315229998
4723 0.217315229705
4725 0.217313404624
4727 0.217301801534
4729 0.217294528348
4731 0.217284217913
4733 0.217277622765
4735 0.217274371002
4737 0.217269372444
4739 0.217262989349
4741 0.217262830034
4743 0.217262390033
4745 0.217261260618
4747 0.217260821575
4749 0.217259815976
4751 0.21725796398
4753 0.217257669377
4755 0.217256338231
4757 0.217256050604
4759 0.217254913972
4761 0.217252355064
4763 0.21725230108
4765 0.217251202924
4767 0.217251177387
4769 0.217250220377
4771 0.217250108434
4773 0.217250097884
4775 0.217250054896
4777 0.217250044122
4779 0.217250028199
4781 0.217249695485
4783 0.217249690533
4785 0.21724938811
4787 0.217249387833
4789 0.217249124207
4791 0.217248400527
4793 0.217246500394
4795 0.217246386923
4797 0.217244604757
4799 0.21724434303
4801 0.217244316492
4803 0.217244315354
4805 0.217244312987
4807 0.217244311687
4809 0.217244292395
4811 0.217243853967
4813 0.217236477272
4815 0.217236474199
4817 0.217228327373
4819 0.217227909859
4821 0.217227651138
4823 0.217227611783
4825 0.217227467242
4827 0.217227439517
4829 0.217227372037
4831 0.217224568808
4857 0.216097108604
4859 0.216096901302
4885 0.215056210579
4887 0.215048920254
4889 0.21504168458
4891 0.215036902751
4893 0.21502497326
4895 0.215023415173
4897 0.215010346885
4899 0.215009532194
4901 0.215007771387
4903 0.214998123434
4905 0.214996282693
4907 0.214985970691
4909 0.214983759109
4911 0.214983758758
4913 0.214983055418
4915 0.214983055125
4917 0.214982547079
4919 0.214982545097
4921 0.214981711571
4923 0.214981710868
4925 0.214980768598
4927 0.214980768305
4929 0.214979156049
4931 0.21496804355
4933 0.214961193672
4935 0.214951343168
4937 0.214945152822
4939 0.21494228844
4941 0.214937762632
4943 0.214931900895
4945 0.214931679153
4947 0.214931236943
4949 0.214930249053
4951 0.214929809427
4953 0.214928933525
4955 0.214926953233
4957 0.214926657151
4959 0.214925427865
4961 0.214925139433
4963 0.214924095029
4965 0.214921452454
4967 0.214921402447
4969 0.214920360912
4971 0.214920332698
4973 0.214919426389
4975 0.214919314487
4977 0.214919303818
4979 0.214919260837
4981 0.214919250068
4983 0.214919234161
4985 0.214918860984
4987 0.214918857029
4989 0.21491858863
4991 0.214918588091
4993 0.214918354087
4995 0.21491763067
4997 0.214916018963
4999 0.214915905806
5001 0.21491439217
5003 0.214914130646
5005 0.214914106935
5007 0.214914105779
5009 0.214914104149
5011 0.21491410286
5013 0.214914081354
5015 0.214913653394
5017 0.214906756721
5019 0.214906754451
5021 0.21489910342
5023 0.21489867555
5025 0.21489845662
5027 0.214898417612
5029 0.214898301439
5031 0.214898273511
5033 0.214898184718
5035 0.214894950634
5061 0.213943305404
5063 0.213943114939
5089 0.213057580519
5091 0.21304990135
5093 0.213042061569
5095 0.213037732317
5097 0.213025800468
5099 0.213024490047
5101 0.213012291991
5103 0.213011591042
5105 0.213009817052
5107 0.2130005599
5109 0.212998718147
5111 0.212988820322
5113 0.212986597574
5115 0.212986597211
5117 0.212985902241
5119 0.21298590194
5121 0.212985403165
5123 0.212985401182
5125 0.212984554464
5127 0.212984553755
5129 0.212983616914
5131 0.212983616622
5133 0.212982197218
5135 0.212971554577
5137 0.212965100916
5139 0.21295568996
5141 0.212949878025
5143 0.212947358396
5145 0.212943259693
5147 0.212937872753
5149 0.212937588164
5151 0.212937144062
5153 0.212936272077
5155 0.212935831893
5157 0.212935062225
5159 0.212932972027
5161 0.212932674627
5163 0.21293152753
5165 0.212931238323
5167 0.212930268707
5169 0.212927559482
5171 0.212927512239
5173 0.212926515596
5175 0.212926485323
5177 0.212925619482
5179 0.212925507624
5181 0.212925496855
5183 0.212925453879
5185 0.212925443107
5187 0.212925427216
5189 0.212925019863
5191 0.212925016558
5193 0.212924774041
5195 0.212924773254
5197 0.212924561804
5199 0.212923838762
5201 0.212922471663
5203 0.212922358812
5205 0.212921073098
5207 0.212920811811
5209 0.21292078995
5211 0.212920788781
5213 0.212920787583
5215 0.2129207863
5217 0.21292076316
5219 0.21292034257
5221 0.212913894674
5223 0.21291389291
5225 0.212906706594
5227 0.212906270869
5229 0.212906082106
5231 0.212906043564
5233 0.212905948395
5235 0.212905920195
5237 0.212905811569
5239 0.212902147396
5265 0.212106867789
5267 0.212106698073
5293 0.211359191338
5295 0.211351205643
5297 0.211342799944
5299 0.211338875707
5301 0.211327003187
5303 0.211325906947
5305 0.21131459651
5307 0.211313997927
5309 0.21131221274
5311 0.211303327709
5313 0.21130148373
5315 0.21129198079
5317 0.211289752129
5319 0.211289751756
5321 0.211289062524
5323 0.211289062215
5325 0.211288570689
5327 0.211288568704
5329 0.211287711837
5331 0.211287711122
5333 0.211286777295
5335 0.211286777004
5337 0.211285532022
5339 0.211275339373
5341 0.211269256614
5343 0.21126026572
5345 0.211254807562
5347 0.211252594528
5349 0.211248881748
5351 0.211243927393
5353 0.211243581621
5355 0.211243135889
5357 0.211242359256
5359 0.211241918546
5361 0.211241236305
5363 0.21123905264
5365 0.211238754055
5367 0.211237673608
5369 0.211237383653
5371 0.211236475069
5373 0.211233713288
5375 0.211233667973
5377 0.211232707138
5379 0.211232675293
5381 0.211231841992
5383 0.211231730181
5385 0.211231719326
5387 0.211231676356
5389 0.211231665573
5391 0.211231649699
5393 0.21123121382
5395 0.211231210947
5397 0.211230988286
5399 0.21123098729
5401 0.21123079316
5403 0.211230070597
5405 0.211228910957
5407 0.211228798404
5409 0.211227706164
5411 0.211227445144
5413 0.2112274245
5415 0.211227423322
5417 0.211227422383
5419 0.211227421104
5421 0.211227396778
5423 0.211226981325
5425 0.211220953074
5427 0.211220951634
5429 0.211214200989
5431 0.211213759302
5433 0.211213593597
5435 0.211213555595
5437 0.211213476114
5439 0.211213447595
5441 0.211213321055
5443 0.211209238517
5469 0.210550288541
5471 0.210550141249
5497 0.209923223154
5499 0.209915005749
5501 0.209906089451
5503 0.209902528395
5505 0.209890775552
5507 0.209889864265
5509 0.209879438901
5511 0.209878932066
5513 0.209877137028
5515 0.209868606373
5517 0.209866759468
5519 0.209857633074
5521 0.20985540214
5523 0.209855401757
5525 0.209854716464
5527 0.209854716147
5529 0.209854230484
5531 0.209854228496
5533 0.209853363542
5535 0.209853362822
5537 0.209852430469
5539 0.209852430179
5541 0.209851342627
5543 0.209841580931
5545 0.209835845425
5547 0.209827255967
5549 0.209822128591
5551 0.209820188002
5553 0.209816823989
5555 0.209812263938
5557 0.209811859988
5559 0.209811412842
5561 0.209810715002
5563 0.209810273804
5565 0.209809663851
5567 0.209807401209
5569 0.209807101546
5571 0.209806075392
5573 0.209805784713
5575 0.209804926236
5577 0.209802123494
5579 0.209802079528
5581 0.209801147423
5583 0.209801114379
5585 0.209800307442
5587 0.209800195679
5589 0.209800184749
5591 0.209800141783
5593 0.209800130987
5595 0.209800115129
5597 0.209799655651
5599 0.20979965307
5601 0.209799445759
5603 0.209799444593
5605 0.20979926387
5607 0.209798541882
5609 0.209797558199
5611 0.20979744594
5613 0.209796517948
5615 0.209796257224
5617 0.209796237376
5619 0.209796236193
5621 0.209796235411
5623 0.209796234135
5625 0.209796208958
5627 0.209795797028
5629 0.209790161241
5631 0.209790160012
5633 0.209783817881
5635 0.209783371664
5637 0.209783223711
5639 0.209783186282
5641 0.20978311862
5643 0.209783089755
5645 0.20978294736
5647 0.209778467317
5673 0.209236452714
5675 0.209236327855
5701 0.208713237963
5703 0.208704855487
5705 0.208695496868
5707 0.208692261907
5709 0.208680685715
5711 0.208679933721
5713 0.208670375137
5715 0.208669950155
5717 0.208668146206
5719 0.208659953075
5721 0.208658102864
5723 0.208649335587
5725 0.208647104894
5727 0.2086471045
5729 0.208646421914
5731 0.208646421588
5733 0.208645940838
5735 0.208645938848
5737 0.208645067218
5739 0.208645066492
5741 0.208644134641
5743 0.208644134353
5745 0.208643188582
5747 0.208633839594
5749 0.208628429248
5751 0.20862022342
5753 0.208615405363
5755 0.208613706666
5757 0.208610657891
5759 0.208606457419
5761 0.208605999097
5763 0.20860555072
5765 0.208604918276
5767 0.208604476624
5769 0.20860392672
5771 0.20860159774
5773 0.20860129709
5775 0.208600315338
5777 0.208600023957
5779 0.208599206861
5781 0.208596372652
5783 0.208596329624
5785 0.2085954207
5787 0.208595386742
5789 0.208594601329
5791 0.208594489614
5793 0.208594478619
5795 0.208594435657
5797 0.208594424843
5799 0.208594409002
5801 0.208593930135
5803 0.208593927751
5805 0.208593732385
5807 0.208593731087
5809 0.208593560811
5811 0.208592839485
5813 0.208592005047
5815 0.208591893074
5817 0.208591104533
5819 0.20859084413
5821 0.208590824798
5823 0.208590823609
5825 0.208590822927
5827 0.208590821651
5829 0.20859079587
5831 0.208590386298
5833 0.208585117598
5835 0.208585116506
5837 0.208579157488
5839 0.208578707815
5841 0.208578573621
5843 0.208578536772
5845 0.208578478087
5847 0.208578448865
5849 0.208578292641
5851 0.208573443103
5872 0.208228447818
5874 0.208228356345
5897 0.207849667604
5899 0.207841341317
5901 0.207831883101
5903 0.207828952129
5905 0.207817746241
5907 0.207817135967
5909 0.207808399164
5911 0.20780804677
5913 0.207806234594
5915 0.20779836269
5917 0.207796508989
5919 0.20778808401
5921 0.207785855296
5923 0.207785854892
5925 0.207785174164
5927 0.20778517383
5929 0.207784697335
5931 0.207784695342
5933 0.207783818015
5935 0.207783817283
5937 0.207782885327
5939 0.207782885039
5941 0.207782066645
5943 0.207773112876
5945 0.207768007047
5947 0.207760167822
5949 0.207755639044
5951 0.207754154916
5953 0.207751391118
5955 0.20774751871
