26    3.75096501417
52    3.69480521865
59    3.694617167
85    3.6651193605
87    3.66510287036
113    3.63628029168
115    3.63628029156
141    3.6131100404
156    3.48874069943
182    3.39313022797
208    3.38889410053
210    3.3888910059
212    3.38888940268
238    3.36966602973
264    3.36526075894
266    3.36526031001
292    3.24254637023
294    3.24254637023
309    3.24167463064
324    3.11733548615
350    3.00771878729
376    2.97896307187
378    2.97895656854
380    2.97895309763
406    2.96953545318
432    2.94695503462
434    2.946952526
460    2.84059231385
462    2.84059231385
488    2.82759450523
514    2.71825116694
540    2.60126363572
566    2.4840991316
592    2.47367638028
613    2.47279620239
639    2.46936898935
665    2.46559660484
667    2.46558268762
693    2.45371517477
695    2.45371517477
721    2.44114266965
732    2.31659509315
757    2.19269553621
783    2.07244682865
785    2.07244633947
787    2.07244615217
789    2.07243645526
810    2.07040295773
812    2.07040293583
838    1.95842512903
840    1.95842512903
866    1.95085345268
892    1.82845409795
918    1.82432636852
944    1.75942440538
956    1.75889727514
958    1.75888578699
984    1.75460520663
1010    1.72545383043
1012    1.72544883706
1038    1.60702639141
1040    1.60702639141
1066    1.60308878671
1092    1.58493528148
1107    1.4618469906
1118    1.3374750972
1144    1.32123604786
1170    1.30738901892
1172    1.30738758924
1174    1.30738316194
1200    1.29601326322
1218    1.17216921548
1220    1.17216921548
1222    1.17215994699
1238    1.04784417222
1264    0.928400180315
1290    0.917855169204
1292    0.917851150861
1294    0.917848948402
1316    0.915516289195
1342    0.905220016177
1344    0.90521825517
1353    0.779897534162
1355    0.779897441258
1357    0.7798973043
1359    0.779894239871
1385    0.765772989409
1387    0.765763854666
1413    0.759409862851
1415    0.75939623968
1441    0.744572909299
1443    0.744572798644
1469    0.73254457495
1471    0.732543418993
1497    0.729354847964
1523    0.724161520714
1525    0.724161396971
1527    0.724161331962
1544    0.723696942726
1570    0.718478208692
1572    0.718478126195
1574    0.718470470954
1576    0.718470470713
1578    0.718469206265
1580    0.718468715777
1598    0.717797276558
1624    0.701127511817
1626    0.701126609225
1628    0.701126120215
1630    0.701110875859
1656    0.689839729071
1658    0.689838036995
1684    0.688355046398
1686    0.688355044724
1688    0.68833855481
1690    0.688335430052
1693    0.688302691859
1695    0.68829248811
1697    0.68828209544
1699    0.688272610415
1701    0.688262696555
1703    0.688254365196
1705    0.688244091096
1731    0.679092517248
1733    0.679092517089
1759    0.668409977787
1761    0.668408887622
1763    0.668406005272
1765    0.668403779303
1767    0.668403735649
1769    0.668403718776
1771    0.668401672891
1773    0.668399773486
1775    0.668399750673
1787    0.668085721527
1789    0.668085721465
1793    0.668029352871
1795    0.668017835381
1821    0.663679945761
1847    0.652366184924
1849    0.652363413817
1851    0.652361160819
1877    0.647913552553
1903    0.64349709726
1905    0.643497019781
1907    0.643486564902
1909    0.643486564654
1911    0.643480013601
1937    0.635754220443
1939    0.63575282038
1941    0.635752523151
1967    0.628584129405
1993    0.623109917252
1995    0.623105871179
1997    0.623105427308
2023    0.618985282925
2025    0.61898276878
2027    0.618982768757
2029    0.618982004754
2031    0.618981446095
2033    0.618967354527
2059    0.608846274621
2061    0.60884560326
2063    0.60884523278
2065    0.608833044085
2091    0.599573596953
2093    0.599572329633
2095    0.599571722159
2097    0.599571519076
2099    0.599570778468
2101    0.59957034523
2127    0.597073830301
2129    0.597068490307
2155    0.596002838051
2157    0.595992371511
2183    0.590334888642
2185    0.590334682996
2211    0.585141886913
2213    0.585141690753
2215    0.585130816518
2241    0.579956940536
2243    0.579956896801
2245    0.579956873722
2247    0.579946595059
2273    0.57488684799
2275    0.5748866132
2277    0.574881204904
2279    0.574881204308
2281    0.574881177246
2283    0.57488103136
2285    0.574866843287
2311    0.567553273055
2313    0.567552996458
2315    0.567552846083
2317    0.567539747645
2343    0.562865654986
2345    0.562863837586
2347    0.562851834496
2349    0.562851832351
2351    0.562842803172
2353    0.562841177985
2355    0.562828975793
2357    0.562825145502
2359    0.562817480661
2361    0.562810484478
2363    0.56280288657
2365    0.562799919133
2367    0.562792102981
2393    0.556393087473
2395    0.556393087242
2421    0.54849161881
2423    0.548490902304
2425    0.548490804259
2427    0.548489326419
2429    0.548489217939
2431    0.548489175976
2433    0.548489106318
2435    0.548487845138
2437    0.548487806127
2439    0.548477732831
2441    0.548477732575
2444    0.54844451099
2446    0.548438510508
2472    0.544000341138
2498    0.542316796015
2500    0.542316468104
2502    0.542316202054
2528    0.537862920231
2552    0.537256557104
2554    0.537255858767
2556    0.537247963314
2558    0.537247963111
2560    0.537243807286
2586    0.535140835032
2588    0.535140409272
2590    0.535139852504
2616    0.532748537525
2642    0.530993856496
2644    0.530982943292
2646    0.530980907081
2672    0.529699402286
2674    0.529698288133
2676    0.529698288118
2678    0.529698076248
2680    0.52969804911
2682    0.529687508232
2708    0.521434916892
2710    0.521434667572
2712    0.521434529315
2714    0.521425360814
2740    0.514249207524
2742    0.5142475718
2744    0.514246954089
2746    0.514246707766
2748    0.514244791935
2750    0.514244788349
2757    0.51413416659
2759    0.514131248274
2761    0.514115120947
2763    0.514107668424
2789    0.512025902764
2791    0.512025656349
2817    0.509761802086
2819    0.509761797127
2821    0.509754789103
2847    0.504868559726
2849    0.504868524044
2851    0.504868505143
2853    0.504861838164
2879    0.500205496733
2881    0.500204981984
2883    0.500200716755
2885    0.500200715731
2887    0.500200344008
2889    0.50019950871
2891    0.500187265232
2917    0.49723953265
2919    0.497239420909
2921    0.497239360063
2923    0.497228081693
2949    0.495388310555
2951    0.495386335708
2953    0.495377295042
2955    0.495377292852
2957    0.495372130748
2959    0.495371358111
2961    0.495361624622
2963    0.495360781058
2965    0.495355014331
2967    0.495349750235
2969    0.495343974975
2971    0.495343415133
2973    0.495337339116
2999    0.491287185524
3001    0.491287185294
3027    0.485747526337
3029    0.485746861236
3031    0.485746538254
3033    0.485745442159
3035    0.485745322335
3037    0.48574527596
3039    0.48574504799
3041    0.485744112837
3043    0.485744071271
3045    0.485736795397
3047    0.485736794819
3049    0.48572042092
3051    0.485716190468
3077    0.481372668452
3079    0.481356447069
3081    0.481356445659
3083    0.481356444518
3109    0.477096929989
3111    0.477080836353
3113    0.47707868502
3115    0.477072120488
3117    0.477072120357
3119    0.477068895831
3126    0.476962299949
3128    0.476960879058
3130    0.476959734392
3156    0.476069639329
3182    0.475423777727
3184    0.475412800976
3186    0.475410468788
3204    0.475088692908
3206    0.475088169256
3208    0.475088169246
3210    0.47508812884
3212    0.47508761863
3214    0.475079654805
3240    0.468959638308
3242    0.468959487948
3244    0.468959404266
3246    0.468952449442
3272    0.463833034639
3274    0.463830826249
3276    0.463829714461
3278    0.463829481115
3280    0.463826671963
3282    0.46382639548
3284    0.463813616147
3286    0.463811948478
3288    0.463799833836
3290    0.463794268646
3316    0.463101854685
3318    0.463101600066
3344    0.462084934438
3346    0.4620848715
3348    0.462079910849
3374    0.457691730297
3376    0.457691695022
3378    0.457691676276
3380    0.457686925279
3406    0.453602643039
3408    0.453601756576
3410    0.453598144841
3412    0.453598143337
3414    0.453596513817
3416    0.453595074317
3418    0.453584513843
3444    0.452440174864
3446    0.452440121531
3448    0.452440092467
3450    0.452430390302
3476    0.451723373429
3478    0.451721307752
3480    0.451714173224
3482    0.451714171225
3484    0.451711058367
3486    0.451710749892
3488    0.451703001254
3490    0.451702988706
3492    0.451698583605
3494    0.451694562175
3496    0.451690213763
3498    0.451690213716
3500    0.45168540959
3526    0.449326971948
3528    0.449326971761
3554    0.445551983541
3556    0.445551329195
3558    0.445550215066
3560    0.445549382575
3562    0.445549261272
3564    0.445549214308
3566    0.445548427875
3568    0.445547717936
3570    0.445547676095
3572    0.445541402831
3574    0.445541401824
3576    0.44552467876
3578    0.44552087281
3604    0.44145952175
3606    0.441444141523
3608    0.441444057752
3610    0.44144399001
3636    0.437542628764
3638    0.43752732662
3640    0.4375235336
3642    0.437518178094
3644    0.437518178008
3646    0.437515763294
3648    0.437512002259
3650    0.437509113726
3652    0.437507504616
3654    0.437490598284
3656    0.437473900986
3658    0.437465552387
3660    0.437463508602
3662    0.437447127428
3664    0.437446864215
3666    0.437446864209
3668    0.437446862918
3670    0.437445651798
3672    0.437439595964
3698    0.433211617878
3700    0.433211507254
3702    0.433211445528
3704    0.433206144823
3730    0.429765262149
3732    0.429762496578
3734    0.429760729779
3736    0.429760537504
3738    0.42975709395
3740    0.429756363703
3742    0.429746088418
3744    0.429745100283
3746    0.429735388733
3748    0.429731006161
3750    0.429721543902
3752    0.429721325737
3778    0.42910472637
3780    0.429104435373
3782    0.429100183397
3808    0.425333833041
3810    0.425333798493
3812    0.425333780084
3814    0.425329690682
3840    0.421895366253
3842    0.421894065712
3844    0.421890773397
3846    0.421890771404
3848    0.421887393862
3850    0.421885558735
3852    0.421876467454
3866    0.421631308928
3868    0.421631290949
3870    0.421631281149
3872    0.421622968839
3874    0.421606499952
3876    0.421604600802
3878    0.421598503029
3880    0.421598501426
3882    0.421596143737
3884    0.421596061971
3886    0.421589938901
3888    0.421589721524
3890    0.421586318529
3892    0.421583211746
3894    0.421579995943
3896    0.42157969625
3898    0.421575847028
3924    0.420302679275
3926    0.420302679142
3952    0.417752437255
3954    0.417751788705
3956    0.417750206826
3958    0.417749562959
3960    0.41774944119
3962    0.417749394036
3964    0.4177482777
3966    0.417747728948
3968    0.417747687057
3970    0.41774207631
3972    0.4177420748
3974    0.41772532951
3976    0.417721493807
4002    0.414076902774
4004    0.414062251652
4006    0.414062004588
4008    0.414061805084
4034    0.410625349295
4036    0.410610746042
4038    0.410605390856
4040    0.410601108213
4042    0.410601108154
4044    0.410599371559
4046    0.410595899676
4048    0.410591826738
4050    0.410590088496
4052    0.410573842974
4054    0.410557798376
4056    0.410550730567
4058    0.410548786483
4060    0.410533097391
4062    0.410532947074
4064    0.41053294707
4066    0.410532943133
4068    0.410531026731
4070    0.41052640803
4096    0.407745808762
4098    0.40774572322
4100    0.407745675403
4102    0.407741628866
4128    0.405520226972
4130    0.405517013219
4132    0.405514614971
4134    0.40551447004
4136    0.40551062397
4138    0.405509435362
4140    0.405500258916
4142    0.405499650083
4144    0.405490992866
4146    0.405487374243
4148    0.40548378586
4150    0.405483595718
4155    0.4054134967
4157    0.40541286703
4159    0.405409004212
4185    0.402299910454
4187    0.402299877652
4189    0.402299860135
4191    0.402296137095
4217    0.39950936455
4219    0.399507648403
4221    0.399504440204
4223    0.399504437749
4225    0.399499152562
4227    0.399497188925
4229    0.399489433817
4231    0.399473222687
4233    0.399473216122
4235    0.399473212543
4237    0.399466139201
4239    0.3994502798
4241    0.399448495565
4243    0.399443177187
4245    0.399443175951
4247    0.399441283126
4249    0.399441279715
4251    0.399436436486
4253    0.399435722751
4255    0.399433071087
4257    0.399430650125
4259    0.39942829438
4261    0.3994274826
4263    0.399424364492
4289    0.398790211478
4291    0.398790211391
4317    0.397057017237
4319    0.397056373912
4321    0.397054759986
4323    0.397054253739
4325    0.39705413144
4327    0.397054084072
4329    0.397052945203
4331    0.39705251407
4333    0.397052472104
4335    0.397047272661
4337    0.397047270608
4339    0.397030839737
4341    0.397026687959
4367    0.393874956934
4369    0.393860958893
4371    0.393860574683
4373    0.393860264817
4399    0.390935899055
4401    0.390921934456
4403    0.390915215644
4405    0.390911777072
4407    0.390911777031
4409    0.390910544058
4411    0.390907349895
4413    0.390902577155
4415    0.390900791896
4417    0.390885182169
4419    0.390869765568
4421    0.390863324618
4423    0.390861424472
4425    0.390846397293
4427    0.390846299156
4429    0.390846299153
4431    0.390846284346
4433    0.390843753843
4435    0.390840230053
4461    0.389069872529
4463    0.389069806277
4465    0.389069769196
4467    0.389066681679
4493    0.387669493701
4495    0.387665965405
4497    0.387663062482
4499    0.387662959607
4501    0.387658911518
4503    0.387657325532
4505    0.387648791872
4507    0.387648400418
4509    0.387640359949
4511    0.387637250654
4513    0.387634319012
4515    0.387634135248
4517    0.387617590199
4519    0.387616571943
4521    0.387613031946
4547    0.385127878799
4549    0.38512784846
4551    0.38512783223
4553    0.385124417536
4579    0.382927630196
4581    0.382925530085
4583    0.382922234076
4585    0.382922231207
4587    0.382915110371
4589    0.382913147926
4591    0.382906541577
4593    0.382890927547
4595    0.382890923567
4597    0.382890921398
4599    0.382884893711
4601    0.382869619932
4603    0.382867897397
4605    0.382863249483
4607    0.38286324853
4609    0.382861739277
4611    0.382861720945
4613    0.382857874579
4615    0.382856746301
4617    0.382854664617
4619    0.382852763976
4621    0.38285105088
4623    0.382849832615
4625    0.382847281489
4627    0.382834670678
4629    0.382834670629
4655    0.381498474419
4657    0.381497838999
4659    0.381496920965
4661    0.381496517588
4663    0.381496393622
4665    0.381496345603
4667    0.381495697483
4669    0.381495354276
4671    0.38149531192
4673    0.381490349089
4675    0.381490346489
4677    0.38147453622
4679    0.381469877613
4705    0.378830493705
4707    0.378817101506
4709    0.37881663537
4711    0.378816259825
4737    0.376399707976
4739    0.376386346337
4741    0.376378503382
4743    0.376375729305
4745    0.376375729277
4747    0.376374867482
4749    0.376371936121
4751    0.376366774281
4753    0.376364975653
4755    0.37634997599
4757    0.37633516197
4759    0.376329038916
4761    0.376327161908
4763    0.376312767722
4765    0.376312695257
4767    0.376312695255
4769    0.376312670642
4771    0.37630965844
4773    0.376306973551
4799    0.375202793053
4801    0.375202742152
4803    0.375202713638
4805    0.375200361942
4831    0.374335894666
4833    0.374332176093
4835    0.374328931312
4837    0.374328861254
4839    0.374324771331
4841    0.37432287498
4843    0.374314900329
4845    0.374314633667
4847    0.374307128748
4849    0.374304359263
4851    0.37430164703
4853    0.374301467138
4855    0.374285392003
4857    0.374283983366
4859    0.374280739836
4885    0.372344854012
4887    0.372344826935
4889    0.37234481243
4891    0.372341683937
4917    0.370649082619
4919    0.370646655014
4921    0.370643142272
4923    0.370643139047
4925    0.370634395112
4927    0.370632472851
4929    0.370626843148
4931    0.370611803214
4933    0.37061180011
4935    0.370611798416
4937    0.370606659987
4939    0.370591949045
4941    0.370590272071
4943    0.370586201508
4945    0.370586200773
4947    0.370585006861
4949    0.370584912467
4951    0.370581844207
4953    0.370580869431
4955    0.370579239905
4957    0.370577752069
4959    0.370576517256
4961    0.370575448882
4963    0.370573358624
4965    0.370566463289
4967    0.370566463261
4993    0.369539065267
4995    0.369538432941
4997    0.369537901602
4999    0.369537577144
5001    0.369537452817
5003    0.369537404654
5005    0.369537029249
5007    0.369536753505
5009    0.369536711057
5011    0.369531873922
5013    0.369531870797
5015    0.369516929742
5017    0.369511639964
5043    0.367360130061
5045    0.367347317353
5047    0.367346821687
5049    0.367346422699
5075    0.36539739215
5077    0.365384614535
5079    0.365375886376
5081    0.365373636242
5083    0.365373636223
5085    0.365373045529
5087    0.365370360877
5089    0.365364988036
5091    0.365363189782
5093    0.36534877474
5095    0.365334538169
5097    0.365328581066
5099    0.365326719568
5101    0.365312930737
5103    0.365312871584
5105    0.365312871582
5107    0.365312839938
5109    0.365309485219
5111    0.365307444005
5137    0.364627475193
5139    0.36462743634
5141    0.364627414562
5143    0.364625627462
5169    0.364096172671
5171    0.364092365916
5173    0.364088936307
5175    0.364088889948
5177    0.364084876217
5179    0.364082750128
5181    0.364075298296
5183    0.3640751052
5185    0.364068100398
5187    0.364065561675
5189    0.364063055253
5191    0.364062879139
5193    0.364047256696
5195    0.364045491689
5197    0.364042525412
5223    0.362564465496
5225    0.362564442204
5227    0.362564429713
5229    0.362561570459
5255    0.361280180821
5257    0.361277495221
5259    0.361273668839
5261    0.361273665318
5263    0.361263578522
5265    0.361261707147
5267    0.361256911932
5269    0.361242424074
5271    0.361242421416
5273    0.361242419967
5275    0.361238041544
5277    0.361223871743
5279    0.361222235005
5281    0.361218662146
5283    0.361218661577
5285    0.361217725811
5287    0.361217521786
5289    0.361215062425
5291    0.361214229958
5293    0.361212939014
5295    0.361211760301
5297    0.361210879736
5299    0.361209951467
5301    0.361208214814
5303    0.361204947035
5305    0.361204947019
5331    0.360416360378
5333    0.360415730264
5335    0.360415417435
5337    0.360415155006
5339    0.360415030556
5341    0.360414982341
5343    0.360414761066
5345    0.360414538347
5347    0.360414495863
5349    0.360409724849
5351    0.36040972124
5353    0.360395827953
5355    0.360389835631
5381    0.358674240168
5383    0.358661993904
5385    0.358661507731
5387    0.358661116662
5413    0.357119585177
5415    0.357107382467
5417    0.357097986368
5419    0.357096150261
5421    0.357096150247
5423    0.357095755361
5425    0.357093301245
5427    0.357087815086
5429    0.357086023027
5431    0.357072167865
5433    0.357058484303
5435    0.357052616786
5437    0.357050768217
5439    0.357037558325
5441    0.357037506338
5443    0.357037506337
5445    0.357037470082
5447    0.357033899296
5449    0.357032351416
5456    0.356927100409
5458    0.356927086443
5460    0.356927078614
5462    0.356925737022
5464    0.356908851711
5466    0.356905334505
5468    0.356901766642
5470    0.356901748894
5472    0.35689816135
5474    0.356895870978
5476    0.356888907931
5478    0.356888759623
5480    0.356882221798
5482    0.35687984304
5484    0.356877529557
5486    0.356877357132
5488    0.356862170844
5490    0.356860106536
5492    0.356857401834
5518    0.3557460042
5520    0.355745984844
5522    0.355745974456
5524    0.355743369748
5550    0.354786089927
5552    0.354783219007
5554    0.354779008237
5556    0.354779004476
5558    0.354767871028
5560    0.354766052756
5562    0.354761972415
5564    0.354748015503
5566    0.354748013165
5568    0.354748011889
5570    0.354744284693
5572    0.354730635252
5574    0.354729036623
5576    0.354725893254
5578    0.354725892814
5580    0.354725167308
5582    0.354724838683
5584    0.354722857038
5586    0.354722153834
5588    0.354721118354
5590    0.354720172884
5592    0.354719553161
5594    0.354718753341
5596    0.354717290332
5598    0.354716108162
5600    0.354716108153
5626    0.354111425706
5628    0.354110797547
5630    0.354110610356
5632    0.354110397638
5634    0.354110273133
5636    0.354110224893
5638    0.354110092268
5640    0.354109912036
5642    0.354109869535
5644    0.354105144445
5646    0.354105140402
5648    0.354092403238
5650    0.354085681016
5676    0.352741540671
5678    0.352729854839
5680    0.35272940272
5682    0.352729039254
5708    0.351528438073
5710    0.351516805565
5712    0.351506928048
5714    0.351505419976
5716    0.351505419967
5718    0.351505164493
5720    0.351502925184
5722    0.351497378421
5724    0.35149559524
5726    0.351482276074
5728    0.35146912193
5730    0.35146330527
5732    0.351461468987
5734    0.351448812756
5736    0.351448764711
5738    0.35144876471
5740    0.351448725565
5742    0.351445145281
5744    0.351443999278
5746    0.351427178007
5748    0.351427171708
5750    0.351427168177
5752    0.351426176373
5754    0.351409593484
5756    0.351406270245
5758    0.35140282902
5760    0.35140282324
5762    0.351399530826
5764    0.351397126434
5766    0.35139062029
5768    0.351390500112
5770    0.351384398335
5772    0.351382132752
5774    0.351380000036
5776    0.351379831217
5778    0.351365065321
5780    0.35136277
5782    0.351360312509
5808    0.350534118647
5810    0.350534103079
5812    0.35053409472
5814    0.350531730475
5840    0.349823610687
5842    0.349820623529
5844    0.349815980332
5846    0.34981597638
5848    0.349804076283
5850    0.349802310831
5852    0.349798843418
5854    0.34978539732
5856    0.349785395252
5858    0.349785394124
5860    0.349782225423
5862    0.34976907655
5864    0.349767514871
5866    0.349764742561
5868    0.34976474222
5870    0.34976418696
5872    0.349763730453
5874    0.34976212466
5876    0.349761536813
5878    0.349760695579
5880    0.349759927462
5882    0.349759498412
5884    0.349758814439
5886    0.349757564995
5888    0.349757357957
5890    0.349757357951
5908    0.349440564421
5910    0.349439939562
5912    0.349439832703
5914    0.349439660364
5916    0.349439535465
5918    0.349439487072
5920    0.349439411172
5922    0.34943926544
5924    0.349439222846
5926    0.349434551596
5928    0.349434547173
5930    0.34942301242
5932    0.349415568711
5958    0.348376893827
5960    0.348365764982
5962    0.348365359584
5964    0.348365033831
5990    0.347441036313
5992    0.347429970127
5994    0.347419765159
5996    0.347418517785
5998    0.347418517778
6000    0.347418359699
6002    0.347416320157
6004    0.347410741262
6006    0.347408968399
6008    0.347396162392
6010    0.347383515106
6012    0.347377729743
6014    0.347375905864
6016    0.347363779215
6018    0.347363733346
6020    0.347363733345
6022    0.347363692441
6024    0.347360208458
6026    0.347359362148
6028    0.347342842574
6030    0.347342838445
6032    0.34734283613
6034    0.347342102777
6036    0.347325818533
6038    0.347322635784
6040    0.347319399324
6042    0.347319397321
6044    0.347316338874
6046    0.347313857841
6048    0.347307778722
6050    0.347307676729
6052    0.347301982101
6054    0.347299798319
6056    0.347297834848
6058    0.347297669556
6060    0.347283308927
6062    0.347280852804
6064    0.347278628279
6090    0.346669599226
6092    0.346669587105
6094    0.346669580594
6096    0.346667442532
6122    0.346147410673
6124    0.346144368679
6126    0.346139265006
6128    0.346139260906
6130    0.346126840695
6132    0.346125127063
6134    0.346122184938
6136    0.346109230366
6138    0.346109228542
6140    0.346109227548
6142    0.346106537607
6144    0.346093870345
6146    0.346092344754
6148    0.346089893389
6150    0.346089893124
6152    0.346089474731
6154    0.346088889338
6156    0.346087580134
6158    0.346087109898
6160    0.3460864222
6162    0.34608579427
6164    0.346085503328
6166    0.34608493884
6168    0.346083862736
6170    0.346083855371
6172    0.346083855368
6174    0.346066877543
6176    0.346066256975
6178    0.346066203284
6180    0.34606606399
6182    0.346065938479
6184    0.346065889848
6186    0.346065851547
6188    0.346065734037
6190    0.346065691302
6192    0.346061099656
6194    0.346061094904
6196    0.346050758741
6198    0.346042629375
6224    0.345248516377
6226    0.345237940622
6228    0.345237586149
6230    0.345237301423
6256    0.344532599026
6258    0.344522093816
6260    0.344511684808
6262    0.344510645302
6264    0.344510645297
6266    0.344510553491
6268    0.344508699447
6270    0.34450310402
6272    0.344501342407
6274    0.344489027705
6276    0.344476865688
6278    0.344471101891
6280    0.344469290807
6282    0.344457670742
6284    0.344457626061
6286    0.344457626061
6288    0.344457584106
6290    0.344454229558
6292    0.344453604578
6294    0.344437383074
6296    0.344437379854
6298    0.344437378048
6300    0.344436835702
6302    0.344420846115
6304    0.344417784549
6306    0.344414760236
6308    0.344414759472
6310    0.344411910461
6312    0.344409380047
6314    0.344403699978
6316    0.344403610057
6318    0.344398295578
6320    0.344396172338
6322    0.344394367208
6324    0.344394205365
6326    0.344380235488
6328    0.344377684385
6330    0.344375678229
6345    0.344126669351
6347    0.344126665137
6349    0.344126662875
6351    0.344124750477
6353    0.344107798633
6355    0.344104982319
6357    0.344099387172
6359    0.344099383041
6361    0.344087507008
6363    0.344085844007
6365    0.344083390681
6367    0.344070909107
6369    0.344070907508
6371    0.344070906636
6373    0.344068662361
6375    0.344056458514
6377    0.344054968204
6379    0.344052794767
6381    0.344052794562
6383    0.344052485253
6385    0.344051770471
6387    0.344050696064
6389    0.344050345797
6391    0.344049782753
6393    0.344049268643
6395    0.344049076568
6397    0.344048636042
6399    0.344047704587
6401    0.344047699893
6403    0.344047699892
6405    0.34403089249
6407    0.344030273642
6409    0.344030246589
6411    0.344030134414
6413    0.344030009018
6415    0.344029960431
6417    0.344029941003
6419    0.344029846638
6421    0.344029803929
6423    0.344025326799
6425    0.344025321767
6427    0.344016143121
6429    0.344007383299
6455    0.343405172554
6457    0.343395143867
6459    0.343394839163
6461    0.343394594488
6487    0.34286077725
6489    0.342850825068
6491    0.342840308742
6493    0.34283943557
6495    0.342839435567
6497    0.342839387155
6499    0.342837705123
6501    0.342832101968
6503    0.342830352318
6505    0.342818508008
6507    0.342806810601
6509    0.342801063698
6511    0.342799265893
6513    0.342788130421
6515    0.34278808637
6517    0.34278808637
6519    0.3427880438
6521    0.342784825426
6523    0.342784363915
6525    0.342768436556
6527    0.342768433883
6529    0.342768432383
6531    0.342768031222
6533    0.342752332197
6535    0.342749383199
6537    0.342746562362
6539    0.342746562028
6541    0.342743906955
6543    0.342741346787
6545    0.342736039587
6547    0.342735957876
6549    0.342730998321
6551    0.342728921103
6553    0.342727263987
6555    0.342727105545
6557    0.342713512526
6559    0.342710972003
6561    0.342709209133
6563    0.342692286005
6565    0.342692285592
6567    0.34269228537
6569    0.342690617143
6571    0.342673833956
6573    0.342671215862
6575    0.342665179829
6577    0.34266517573
6579    0.342654043999
6581    0.342652430396
6583    0.342650396957
6585    0.342638370696
6587    0.342638369304
6589    0.342638368545
6591    0.342636507227
6593    0.342624749417
6595    0.342623293646
6597    0.342621361201
6599    0.342621361041
6601    0.342621137755
6603    0.342620305516
6605    0.342619417662
6607    0.342619157736
6609    0.342618689428
6611    0.34261826182
6613    0.342618139446
6615    0.342617794609
6617    0.34261697635
6619    0.34261697378
6621    0.342616973779
6623    0.34260033522
6625    0.342599717684
6627    0.342599704006
6629    0.342599614068
6631    0.342599488905
6633    0.342599440407
6635    0.342599430483
6637    0.342599355079
6639    0.342599312427
6641    0.342594987082
6643    0.342594981813
6645    0.342586894234
6647    0.342577571371
6665    0.342273493769
6667    0.342264031125
6669    0.342263800653
6671    0.342263615616
6676    0.342194556123
6678    0.342185237181
6680    0.342175217589
6682    0.342174478007
6684    0.342174478005
6686    0.342174456314
6688    0.342172933591
6690    0.342167327938
6692    0.34216559086
6694    0.342154196967
6696    0.342142944439
6698    0.342137212387
6700    0.342135428367
6702    0.342124756488
6704    0.34212471275
6706    0.34212471275
6708    0.342124669826
6710    0.342121586163
6712    0.34212124539
6714    0.342105608131
6716    0.342105605874
6718    0.342105604609
6720    0.342105307819
6722    0.342089895231
6724    0.342087053611
6726    0.342084424443
6728    0.342084424272
6730    0.342081950303
