26    3.85457625292
52    3.73542089769
78    3.71494662876
101    3.71279694165
127    3.69557077292
153    3.57710484405
155    3.57710484402
179    3.57455687077
205    3.50429654922
231    3.47750552689
257    3.46737524616
283    3.43888304054
309    3.42950581006
335    3.40748496997
361    3.39653597006
387    3.39388387003
413    3.375191554
415    3.375191554
441    3.35827267503
453    3.2338373523
465    3.10958159798
491    2.99206035232
493    2.99206022546
495    2.99206017681
497    2.99205718735
523    2.98859891082
525    2.98859878207
551    2.86651990786
553    2.86651990786
562    2.86627536092
588    2.79598392971
614    2.74757725706
640    2.67995098521
666    2.65215597542
692    2.6421467221
718    2.61503925594
744    2.5871766592
770    2.58385436696
789    2.45922727469
791    2.45922727469
793    2.45922618584
817    2.33557371282
831    2.21237787126
857    2.12765235696
859    2.12764069417
861    2.12763257154
863    2.12762843921
889    2.10445560398
891    2.10444642222
906    1.97988148987
908    1.97988148987
910    1.9798808791
936    1.85664906336
962    1.76383755418
988    1.64224509427
990    1.64224274739
992    1.64224101262
1018    1.62303792511
1029    1.62265792209
1031    1.62265771137
1057    1.5000604077
1059    1.5000604077
1061    1.50004757617
1087    1.47686725073
1113    1.36313357724
1126    1.23908126428
1152    1.21870454146
1178    1.2028208899
1204    1.19741502437
1206    1.19741054662
1232    1.18569476475
1244    1.06153670221
1246    1.06153670221
1248    1.06153412799
1274    0.940663277992
1300    0.919056071404
1326    0.797117741936
1342    0.796154966549
1344    0.796143824789
1370    0.777628403343
1375    0.777551120732
1377    0.777545166789
1403    0.676389499627
1405    0.676389079981
1431    0.660137399186
1457    0.648635786843
1459    0.648622262754
1485    0.638210944675
1487    0.638207377391
1513    0.630283333319
1515    0.630282693375
1517    0.63028257822
1519    0.630279202163
1545    0.629097191439
1571    0.614474599353
1597    0.603799083494
1599    0.603792608527
1601    0.603786433776
1627    0.592905714423
1653    0.582456755516
1655    0.582456342808
1681    0.568607868723
1683    0.568607868509
1709    0.556152618992
1711    0.55615204373
1713    0.556151641653
1718    0.556087356792
1720    0.556087240463
1722    0.556087194956
1724    0.556087033967
1726    0.556075620276
1728    0.556075545826
1730    0.556075537441
1732    0.556075536854
1734    0.556074047341
1760    0.555224637986
1786    0.539502403728
1812    0.529952753331
1828    0.529686453699
1830    0.529673815835
1856    0.521973278479
1882    0.518611129821
1887    0.518554290645
1889    0.518553023376
1891    0.518553023205
1893    0.518552403777
1895    0.518552278601
1897    0.51855023765
1923    0.51313358978
1925    0.513129529968
1927    0.513126685459
1929    0.513125700029
1955    0.511838105921
1957    0.511832145248
1959    0.511830492138
1961    0.511830491459
1963    0.511828005286
1965    0.511825153714
1991    0.50820775233
1993    0.508205460319
1995    0.508205388882
1997    0.508205335999
2020    0.50757296044
2022    0.507571106434
2024    0.507571035703
2026    0.507565851471
2028    0.507565850992
2030    0.507564459356
2056    0.500918985851
2065    0.500754052697
2067    0.500753242408
2093    0.494926163352
2119    0.490940508762
2121    0.490939134222
2123    0.490938907457
2149    0.488086884821
2151    0.488085869226
2153    0.488085869205
2155    0.488085657505
2157    0.488076587414
2183    0.473210973746
2185    0.473210973389
2187    0.473207272759
2189    0.473204198408
2215    0.46161420492
2217    0.461614204811
2219    0.461613843772
2245    0.459643786967
2247    0.459643632843
2261    0.459360328709
2287    0.454995076
2289    0.454990355014
2315    0.4508413142
2317    0.450841310834
2343    0.447801916459
2345    0.44780174667
2347    0.447801365418
2349    0.447801048765
2352    0.447773824683
2378    0.441029744689
2404    0.43263222962
2406    0.432631747701
2408    0.432631289096
2434    0.427722397727
2460    0.42006397198
2462    0.42006138871
2488    0.412222939016
2490    0.412222938428
2516    0.405277824116
2518    0.405277177975
2520    0.405273830501
2522    0.405263416475
2524    0.405263322546
2526    0.405263285752
2528    0.405261946572
2530    0.405252825823
2532    0.405252758193
2534    0.40525253195
2536    0.40525253099
2538    0.405252501987
2540    0.405247959482
2566    0.400918673226
2592    0.399748152077
2594    0.399739412633
2596    0.399731018592
2622    0.397757712659
2639    0.397460713541
2641    0.397449334908
2643    0.397448341233
2645    0.397448341053
2647    0.397447279162
2649    0.397445261007
2651    0.397444768039
2662    0.397271202296
2664    0.397269682912
2666    0.397268618051
2668    0.397268385719
2670    0.397255838169
2672    0.397252067195
2674    0.397251913161
2676    0.39725191261
2678    0.397250148126
2680    0.397248566545
2682    0.397235947431
2684    0.397234467457
2686    0.397234467315
2688    0.39723446721
2690    0.397222623298
2692    0.397221434679
2694    0.397221264693
2696    0.397217868188
2698    0.397217867747
2700    0.397217234677
2726    0.396205127048
2728    0.396198528803
2730    0.396197557734
2756    0.394880894983
2782    0.394007895887
2784    0.39400789148
2786    0.394006651207
2812    0.393350574074
2814    0.393350032916
2816    0.393350032849
2818    0.393347883014
2820    0.393343191654
2846    0.384778005159
2848    0.384777859809
2850    0.384777214864
2852    0.384776680184
2878    0.378487332629
2880    0.378487219462
2882    0.37848683837
2884    0.378480228447
2886    0.378480105717
2888    0.378468503626
2914    0.377182259066
2916    0.377180460453
2942    0.375670276331
2944    0.375669329952
2970    0.374552918574
2972    0.374552875563
2974    0.374552293807
2976    0.374552210573
2978    0.374545494659
3004    0.371723623291
3030    0.366577706473
3032    0.366577371823
3034    0.366577053858
3060    0.364455590916
3086    0.359889157099
3088    0.35987951886
3114    0.356366547638
3116    0.356366546859
3142    0.353034702276
3144    0.353034048999
3146    0.353030375997
3148    0.353022138275
3150    0.353022046157
3152    0.353022010054
3154    0.353020543501
3156    0.353013330027
3158    0.353013262444
3160    0.353012941643
3162    0.353012940752
3164    0.35301285752
3166    0.353008860857
3192    0.351878701299
3194    0.35186550719
3196    0.351857552962
3198    0.35184991218
3224    0.351383079352
3226    0.351370581308
3228    0.35136024657
3230    0.35135924213
3232    0.351359241968
3234    0.351358190472
3236    0.351354688456
3238    0.351354573643
3240    0.351342592828
3242    0.351341861554
3244    0.351341348974
3246    0.351341296439
3248    0.351330064006
3250    0.351327253335
3252    0.351327245899
3254    0.351327245621
3256    0.351326292933
3258    0.351325003453
3260    0.351313904618
3262    0.351312956838
3264    0.351312947749
3266    0.351312941018
3268    0.351302522505
3270    0.351301760801
3272    0.351301517913
3274    0.351299222126
3276    0.351299221726
3278    0.351298963209
3280    0.351295646591
3282    0.351290785413
3284    0.351289551717
3301    0.351046153669
3303    0.351032914547
3305    0.351032790895
3307    0.351031551748
3318    0.350886087369
3320    0.350885202124
3322    0.35088520201
3324    0.350881431319
3326    0.350878528865
3352    0.346457205815
3354    0.346457138041
3356    0.346457116387
3358    0.346457098461
3384    0.343303558467
3386    0.343303504093
3388    0.343301664068
3390    0.343296147929
3392    0.343296033076
3394    0.343285850664
3397    0.343258349155
3399    0.343256990035
3425    0.342565954528
3427    0.342564334304
3453    0.342039647438
3455    0.34203963175
3457    0.342038939042
3459    0.342038282402
3461    0.342034917016
3487    0.340906065664
3513    0.338208113462
3515    0.338206162089
3517    0.338204309092
3543    0.337288555715
3569    0.33484950731
3575    0.334775602112
3601    0.333443045928
3603    0.333443045229
3629    0.331944174277
3631    0.331943528306
3633    0.331941135521
3635    0.331934692961
3637    0.331934598836
3639    0.331934561938
3641    0.331933607591
3643    0.331927967653
3645    0.331927898811
3647    0.331927624119
3649    0.331927623451
3651    0.331927429647
3653    0.331923378284
3662    0.331806038436
3664    0.331793834403
3666    0.33178687885
3668    0.331780197434
3670    0.331769888847
3672    0.331758411118
3674    0.331749334962
3676    0.33174832272
3678    0.331748322574
3680    0.331747278739
3682    0.331742937772
3684    0.331742910674
3686    0.331732164173
3688    0.331731717142
3690    0.331731403782
3692    0.331731392053
3694    0.331721332822
3696    0.331718950062
3698    0.331718839816
3700    0.331718839675
3702    0.331718214006
3704    0.331717070741
3706    0.331707305336
3708    0.331706697697
3710    0.331706674035
3712    0.33170665651
3714    0.331697489263
3716    0.331697000636
3718    0.331696712043
3720    0.331695173768
3722    0.331695173397
3724    0.331695101548
3726    0.331694147802
3728    0.331689958318
3730    0.331688659815
3732    0.331677784581
3734    0.331667082533
3736    0.331666852102
3738    0.33166564401
3740    0.331652782073
3742    0.331651201775
3744    0.331651201624
3746    0.331646591359
3748    0.331644326228
3774    0.3294914346
3776    0.329491404462
3778    0.329491368495
3780    0.329491338721
3806    0.327970796992
3808    0.327970771144
3810    0.327967646853
3812    0.327963056562
3814    0.327962948993
3816    0.327953999145
3818    0.327950561942
3820    0.327949391977
3826    0.327879258979
3828    0.327877513527
3838    0.327747756372
3840    0.327747744146
3842    0.327747011178
3844    0.327745769493
3846    0.327742784252
3872    0.327299590934
3898    0.32599414064
3900    0.325991946081
3902    0.325989862965
3924    0.325648401561
3950    0.324396682549
3957    0.324303563223
3983    0.32386940756
3985    0.323869407055
4011    0.323197958118
4013    0.323197320398
4015    0.323196145807
4017    0.323191185191
4019    0.323191088808
4021    0.323191051021
4023    0.323190582887
4025    0.323186242004
4027    0.323186171877
4029    0.323185999549
4031    0.323185999139
4033    0.323185867698
4035    0.323182472345
4037    0.323169782107
4039    0.323158588789
4041    0.32315265915
4043    0.323146963213
4045    0.323137196611
4047    0.323126673832
4049    0.323118711347
4051    0.323117693915
4053    0.323117693785
4055    0.323116655608
4057    0.323111890229
4059    0.323111883602
4061    0.323102243498
4063    0.323101912051
4065    0.323101679707
4067    0.323101677167
4069    0.323092666941
4071    0.323090489454
4073    0.323090280526
4075    0.323090280455
4077    0.323089800827
4079    0.323088732773
4081    0.32308013888
4083    0.323079748946
4085    0.323079714521
4087    0.323079689025
4089    0.323071621639
4091    0.323071307902
4093    0.323070992424
4095    0.323069930169
4097    0.323069929823
4099    0.323069922568
4101    0.323069135386
4103    0.323065335558
4105    0.323064044432
4107    0.323053738693
4109    0.323043597108
4111    0.323043261734
4113    0.323042056177
4115    0.323029814173
4117    0.323027441285
4119    0.323027441108
4121    0.323022509839
4123    0.323020381697
4149    0.322002560772
4151    0.322002547793
4153    0.322002436183
4155    0.322002343832
4181    0.321281917724
4183    0.321281905265
4185    0.321278000138
4187    0.321274192447
4189    0.321274091657
4191    0.321266213185
4193    0.321264092461
4195    0.321262909728
4197    0.321251313668
4199    0.321249590345
4201    0.321236458869
4203    0.321236438025
4205    0.321235699607
4207    0.321234128029
4209    0.321230437518
4211    0.321221400038
4237    0.320620817138
4239    0.320619498248
4241    0.320618246633
4244    0.320591044668
4270    0.31995432152
4274    0.319911250206
4276    0.319905876392
4278    0.319905876082
4297    0.319622547078
4299    0.319621920285
4301    0.31962170927
4303    0.319617896776
4305    0.319617797468
4307    0.319617758532
4309    0.319617674557
4311    0.319614340043
4313    0.319614268437
4315    0.31961416422
4317    0.319614163976
4319    0.319614084987
4321    0.319611357941
4323    0.319599242868
4325    0.31958897349
4327    0.319583917348
4329    0.319579060488
4331    0.319569809324
4333    0.319560159659
4335    0.319553160317
4337    0.319552139697
4339    0.31955213958
4341    0.319551105715
4343    0.31954614604
4345    0.319546144301
4347    0.319537496027
4349    0.319537216398
4351    0.319537020376
4353    0.319537019864
4355    0.319528948579
4357    0.319526876691
4359    0.319526606843
4361    0.319526606806
4363    0.31952619848
4365    0.319525169431
4367    0.319517605567
4369    0.319517355133
4371    0.319517314102
4373    0.319517283713
4375    0.319510183635
4377    0.319509982025
4379    0.319509651192
4381    0.319508884215
4383    0.319508883894
4385    0.319508881392
4387    0.319508239324
4389    0.319504765653
4391    0.319503491026
4393    0.319493720791
4395    0.319484106219
4397    0.319483661864
4399    0.319482453816
4401    0.319470797045
4403    0.319467729309
4405    0.319467729114
4407    0.319462748201
4409    0.319460526293
4435    0.318986587709
4437    0.318986582239
4439    0.318986444531
4441    0.318986330607
4452    0.318840315571
4454    0.318840308737
4456    0.31883625511
4458    0.3188331077
4460    0.318833013251
4462    0.318826066817
4464    0.318824120734
4466    0.318822915406
4468    0.318811723317
4470    0.318810014901
4472    0.318797321992
4474    0.318797271805
4476    0.318796591483
4478    0.318795190498
4480    0.318791125553
4482    0.318782210182
4484    0.318769781612
4486    0.318768946028
4488    0.318768153175
4490    0.318754823891
4516    0.318315933671
4519    0.318289029119
4521    0.318286465862
4523    0.31828646571
4525    0.318273988941
4527    0.318273367863
4529    0.31827333299
4531    0.318270402207
4533    0.318270301599
4535    0.318270262153
4537    0.318270248334
4539    0.318267686615
4541    0.318267614226
4543    0.318267550949
4545    0.318267550804
4547    0.318267503037
4549    0.31826532704
4551    0.318253763365
4553    0.318244339093
4555    0.318240026864
4557    0.318235884602
4559    0.318227123585
4561    0.318218272639
4563    0.318212107291
4565    0.318211084927
4567    0.318211084822
4569    0.318210054432
4571    0.318205019937
4573    0.318205019417
4575    0.318197260325
4577    0.31819700584
4579    0.318196827443
4581    0.318196827358
4583    0.318189596947
4585    0.318187584275
4587    0.318187282549
4589    0.31818728253
4591    0.318186911996
4593    0.318185902976
4595    0.318179245097
4597    0.318179084138
4599    0.318179039391
4601    0.318179006251
4603    0.318172757137
4605    0.318172627482
4607    0.318172287996
4609    0.318171708356
4611    0.318171708057
4613    0.318171685574
4615    0.318171169174
4617    0.318167969526
4619    0.318166718287
4621    0.318157451992
4623    0.318148333367
4625    0.318147780044
4627    0.318146565829
4629    0.318135461958
4631    0.318131855623
4633    0.318131855418
4635    0.318127120565
4637    0.318124673511
4639    0.318111864839
4641    0.318111861708
4643    0.318111787069
4645    0.318111725315
4647    0.318098438327
4649    0.318098433557
4651    0.318094733224
4653    0.318092141655
4655    0.31809205316
4657    0.318085918106
