26    3.51922965943
52    3.38280621537
78    3.26003284184
104    3.14261667743
121    3.14161416231
147    3.11221756841
173    3.08456654
199    3.05000900101
225    2.9263735974
251    2.81234542402
277    2.80849025821
297    2.68654618934
323    2.67528740961
349    2.65467713368
366    2.53074467647
381    2.40648238008
407    2.40523477269
433    2.29153204325
459    2.27619857717
485    2.14859333411
511    2.11418515947
522    1.98967646071
524    1.98967334874
550    1.86677143227
576    1.83816142955
602    1.81407746407
620    1.68952750362
637    1.56542323692
663    1.55092553905
688    1.42817529869
714    1.41262559133
740    1.29701230025
766    1.28436534385
792    1.16438371668
818    1.1578776248
844    1.05256983617
870    1.01271660308
896    0.882021100067
922    0.6662779299
948    0.638520013546
974    0.615118857322
1000    0.612597826031
1026    0.610587385228
1028    0.610586859143
1040    0.610274632562
1042    0.610274212215
1068    0.600796206294
1094    0.594041295929
1120    0.581347828057
1122    0.581347758989
1139    0.580799932571
1165    0.577906686432
1167    0.577906652389
1193    0.572726284602
1219    0.565554946913
1221    0.565554927055
1223    0.565554927026
1249    0.564548524169
1251    0.564540844956
1277    0.559418401878
1283    0.559338801753
1309    0.545962152364
1311    0.545961176246
1313    0.545957966882
1315    0.545957633474
1341    0.53572339766
1367    0.526683607688
1369    0.526683597165
1371    0.526683383996
1397    0.520399577608
1399    0.520399567694
1425    0.515567474528
1451    0.513836515955
1477    0.505253876325
1479    0.505243302677
1481    0.505242895861
1486    0.505182132055
1512    0.490355666519
1538    0.489250086814
1564    0.460707507246
1590    0.452081984906
1616    0.444008886985
1618    0.443996812674
1633    0.443727296916
1635    0.44372727773
1637    0.443722411942
1639    0.44372238628
1665    0.440763914248
1691    0.437602420242
1717    0.430685427813
1719    0.430685403799
1721    0.430679734852
1747    0.428778311601
1749    0.428778311355
1775    0.42587995489
1801    0.421079621304
1803    0.421079620362
1805    0.421079620263
1831    0.420412742944
1833    0.420411529254
1859    0.417045914045
1861    0.417033734056
1887    0.411297948133
1889    0.41129755381
1891    0.411295661581
1893    0.411295636031
1919    0.40557690325
1945    0.401813114362
1947    0.401813111269
1949    0.401813108758
1975    0.39906387448
1977    0.399063874474
2003    0.39650056007
2006    0.396474138827
2032    0.391257642247
2034    0.391257349407
2036    0.391257268206
2038    0.391257124047
2064    0.383147031423
2066    0.383135964522
2092    0.370934135842
2118    0.367063039153
2144    0.363464845113
2146    0.363458934965
2148    0.363446458524
2150    0.363446450961
2152    0.363444783141
2154    0.363444782782
2180    0.362304117667
2206    0.359977075044
2232    0.355726595662
2234    0.355726577424
2236    0.355724565753
2262    0.354541451458
2264    0.354541451275
2290    0.353000356539
2316    0.349685580453
2318    0.349685580233
2320    0.349685579845
2346    0.349315083706
2348    0.349314874187
2374    0.347087184496
2376    0.34707583263
2402    0.344310979251
2404    0.344310805333
2406    0.344309703791
2408    0.344309702425
2434    0.340338724173
2460    0.337618028525
2462    0.337618026704
2464    0.337618023692
2490    0.336181378783
2492    0.336181378782
2518    0.33402804569
2520    0.334017459743
2546    0.330919036771
2548    0.330918839829
2550    0.330918391381
2552    0.330918366061
2578    0.325939767274
2580    0.325930398433
2606    0.319047344987
2632    0.316812077738
2658    0.314932347259
2660    0.314927081011
2662    0.314915461657
2664    0.314915456655
2666    0.314914716666
2668    0.314914716652
2694    0.314357100717
2720    0.312466519715
2746    0.309676227604
2748    0.309676216527
2750    0.309675347954
2776    0.308933224864
2778    0.30893322469
2804    0.308109536775
2830    0.305833465966
2832    0.305833465874
2834    0.305833464278
2836    0.305826670266
2838    0.305826623743
2864    0.304302752308
2866    0.304292414909
2892    0.302796242123
2894    0.302796153014
2896    0.302795477728
2898    0.302795477558
2924    0.299755480743
2950    0.297114982779
2952    0.297114981776
2954    0.29711497809
2980    0.296212654205
2982    0.296212654198
3008    0.294103232932
3010    0.29409433789
3036    0.29225003497
3038    0.292249922872
3040    0.292249411207
3042    0.292249213411
3068    0.288997427035
3070    0.288989300693
3096    0.284609407525
3122    0.283228916394
3148    0.282175797792
3150    0.282171097892
3152    0.282160268551
3154    0.282160265174
3156    0.282159865895
3158    0.282159865844
3167    0.282042393748
3193    0.280519542084
3219    0.278567103303
3221    0.278567096272
3223    0.27856671441
3249    0.278080116791
3251    0.278080116712
3277    0.277607091973
3303    0.275962631696
3305    0.27596263166
3307    0.275962628196
3309    0.275959980971
3311    0.275959964316
3337    0.274914359481
3339    0.27490506425
3365    0.274017010483
3367    0.27401695871
3369    0.274016520551
3371    0.274016519344
3397    0.27155935247
3423    0.268932548925
3425    0.268932548399
3427    0.268932544115
3453    0.268289385421
3455    0.268289385403
3481    0.266238480562
3483    0.266231009041
3509    0.26510457913
3511    0.265104525762
3513    0.265104106715
3515    0.265103830817
3541    0.262906119035
3543    0.262898972943
3569    0.259971827055
3595    0.259121937155
3621    0.258509771895
3623    0.258505571538
3625    0.258495469151
3627    0.258495466964
3629    0.258495215592
3631    0.258495215545
3633    0.258482969365
3659    0.257278445103
3685    0.255820518297
3687    0.255820513566
3689    0.255820245952
3694    0.255764879097
3696    0.255764879059
3706    0.255637961442
3732    0.254417823253
3734    0.254417823242
3736    0.254417817784
3738    0.254417146951
3740    0.25441713798
3766    0.253687547047
3768    0.253679237226
3794    0.253116412073
3796    0.253116380006
3798    0.253116083021
3800    0.253116081078
3826    0.251068125538
3852    0.248572037391
3854    0.248572037124
3856    0.2485720325
3882    0.248084264584
3884    0.248084264559
3910    0.246182218975
3912    0.246175894273
3938    0.245459831831
3940    0.245459812519
3942    0.245459499987
3944    0.245459236341
3970    0.243929304266
3972    0.243922929541
3998    0.241913781138
4024    0.241399258263
4040    0.241170945059
4042    0.241167186365
4044    0.241157752269
4046    0.241157750935
4048    0.241157682364
4050    0.241157682328
4052    0.241147842511
4078    0.240218805733
4104    0.239033072639
4106    0.23903306848
4108    0.239032830958
4110    0.239020684701
4112    0.239020684675
4114    0.239008013167
4140    0.238070117311
4142    0.23807011731
4144    0.238070110022
4146    0.238070080764
4148    0.238070074603
4174    0.237547307081
4176    0.2375398944
4192    0.237295540501
4194    0.237295520486
4196    0.237295428358
4198    0.237295426764
4224    0.235579526236
4250    0.233332717457
4252    0.233332717327
4254    0.233332712514
4271    0.233083190175
4273    0.233083190138
4299    0.231409469946
4301    0.23140405499
4327    0.230925500229
4329    0.230925496692
4331    0.230925265622
4333    0.230925042186
4359    0.229816356946
4361    0.229810586034
4387    0.228390058433
4394    0.228303521737
4396    0.2282914469
4398    0.228288079523
4400    0.228279260274
4402    0.228279259434
4404    0.228279231933
4406    0.228279231907
4408    0.22827165449
4434    0.227567200811
4460    0.22657459828
4462    0.226574594844
4464    0.226574358157
4466    0.22656313615
4468    0.226563136133
4470    0.226551152263
4496    0.225801214896
4498    0.225801214896
4500    0.225801206152
4502    0.225801091679
4504    0.225801086925
4530    0.225414430105
4532    0.225407836066
4538    0.225335598407
4540    0.225335590912
4542    0.22533557349
4544    0.225335572315
4570    0.22387657714
4596    0.221958906496
4598    0.221958906441
4600    0.221958901473
4606    0.221887516366
4608    0.221887516324
4634    0.220470099193
4636    0.22046540641
4647    0.220319839828
4649    0.220319839824
4651    0.220319775558
4653    0.220319701975
4679    0.219470745634
4681    0.219465415435
4707    0.218424240526
4710    0.218396971042
4712    0.218386635932
4714    0.21838361588
4716    0.218375363105
4718    0.21837536255
4720    0.218375342304
4722    0.218375342285
4724    0.21836962849
4750    0.217841916069
4776    0.21699847706
4778    0.216998474134
4780    0.216998225122
4782    0.216987752408
4784    0.216987752397
4786    0.216976049037
4812    0.216352897603
4814    0.216352897599
4816    0.216352887829
4818    0.21635235219
4820    0.216352348329
4822    0.216340723299
4824    0.216334801277
4826    0.216321453591
4828    0.216321451935
4830    0.216321447568
4832    0.216321446553
4858    0.215069186152
4884    0.213493086138
4886    0.213493086119
4888    0.213493081156
4890    0.213479971607
4892    0.213479971567
4918    0.212312250025
4920    0.212308121307
4922    0.212294576143
4924    0.212294573443
4926    0.212294557317
4928    0.212294536186
4954    0.211593466556
4956    0.211588443965
4982    0.210805763173
4984    0.210791981558
4986    0.210783327973
4988    0.210780616644
4990    0.210772886519
4992    0.21077288614
4994    0.21077286812
4996    0.210772868108
4998    0.210768623615
5020    0.210443109262
5046    0.209714429573
5048    0.209714427015
5050    0.209714154616
5052    0.209704289578
5054    0.209704289575
5056    0.209692517945
5082    0.209100218864
5084    0.209100218856
5086    0.209100209086
5088    0.209099306308
5090    0.209099298977
5092    0.209089914504
5094    0.2090845773
5096    0.209072753099
5098    0.209072752821
5100    0.209072749014
5102    0.209072748068
5128    0.208003447006
5154    0.206739921073
5156    0.206739921069
5158    0.206739916033
5160    0.206728628752
5162    0.206728628717
5188    0.205792930037
5190    0.205789236189
5192    0.205776255435
5194    0.205776246536
5196    0.205776232305
5198    0.205776214455
5224    0.205152804259
5226    0.205148007168
5252    0.204548281115
5255    0.204520837514
5257    0.204513708327
5259    0.204511271006
5261    0.204504022225
5263    0.204504021942
5265    0.204504004046
5267    0.204504004039
5269    0.204500809095
5271    0.204487108624
5297    0.203845873931
5299    0.20384587164
5301    0.203845594297
5303    0.203836245704
5305    0.203836245702
5307    0.203824122118
5333    0.203256058682
5335    0.203256058667
5337    0.203256048961
5339    0.203254729884
5341    0.203254719194
5343    0.203247096393
5345    0.203242267795
5347    0.203232231044
5349    0.203232231039
5351    0.203232227831
5353    0.203232227006
5379    0.20232876362
5405    0.201338027188
5407    0.201338027187
5409    0.201338021887
5411    0.201328878728
5413    0.201328878697
5439    0.200597731048
5441    0.200594389933
5443    0.200582040124
5445    0.200582022606
5447    0.200582007186
5449    0.200581987015
5475    0.1999904901
5477    0.199985904624
5503    0.199518721227
5505    0.199505188309
5507    0.199499370095
5509    0.199497174207
5511    0.199490365573
5513    0.199490365359
5515    0.199490345891
5517    0.199490345889
5519    0.199487752498
5521    0.199474045851
5547    0.198895201934
5549    0.19889519984
5551    0.198894923525
5553    0.198885953291
5555    0.19888595329
5557    0.198873161794
5583    0.198324136341
5585    0.198324136321
5587    0.198324126625
5589    0.198322363229
5591    0.198322349654
5593    0.198316080508
5595    0.198311698785
5597    0.198303393296
5599    0.198303393135
5601    0.198303390485
5603    0.198303389787
5629    0.197548303087
5655    0.196786872073
5657    0.196786872073
5659    0.196786866403
5661    0.196779753248
5663    0.196779753221
5689    0.196220462685
5691    0.196217418339
5693    0.196205610011
5695    0.196205582265
5697    0.196205565819
5699    0.196205542787
5725    0.195613606884
5727    0.195609186047
5744    0.195372984696
5746    0.195359710619
5748    0.19535462537
5750    0.19535264477
5752    0.195346245608
5754    0.195346245436
5756    0.195346226359
5758    0.195346226345
5760    0.195344169185
5762    0.195330444489
5788    0.194795684082
5790    0.194795682138
5792    0.19479540886
5794    0.194786703495
5796    0.194786703494
5798    0.19477295766
5824    0.194238893889
5826    0.194238893861
5828    0.194238884122
5830    0.194236665448
5832    0.194236649616
5834    0.194231381978
5836    0.19422739544
5838    0.194220632147
5840    0.194220631406
5842    0.194220629245
5844    0.194220628668
5870    0.193595688308
5896    0.193020321446
5898    0.193020321445
5900    0.193020315378
5902    0.193014932284
5904    0.193014932261
5930    0.19259447778
5932    0.192591685685
5934    0.192580273774
5936    0.192580234431
5938    0.192580217275
5940    0.192580191753
5966    0.191963941414
5968    0.191959695468
5970    0.191946045153
5972    0.191933384931
5974    0.191928420743
5976    0.191926632455
5978    0.191920614775
5980    0.191920614629
5982    0.191920595932
5984    0.191920595902
5986    0.191918992177
5988    0.191905231379
6014    0.191400849245
6016    0.191400847414
6018    0.191400577793
6020    0.191392043452
6022    0.191392043452
6048    0.19099178503
6074    0.190469574135
6076    0.190469574101
6078    0.190469564285
6080    0.19046689372
6082    0.190466876284
6084    0.190462300943
6086    0.190458665405
6088    0.190453216136
6090    0.190453214485
6092    0.190453212738
6094    0.190453212269
6120    0.189940294583
6146    0.189511509754
6148    0.189511509753
6150    0.189511503303
6152    0.189507507316
6154    0.189507507296
6156    0.189493795305
6158    0.189491213195
6160    0.189480041241
6162    0.189479989118
6164    0.189479971374
6166    0.189479943752
6192    0.188821386982
6194    0.188817326222
6196    0.188803807646
6198    0.1887916619
6200    0.188786815409
6202    0.18878519918
6204    0.188779537339
6206    0.188779537205
6208    0.188779493643
6210    0.188779493603
6212    0.188778234461
6215    0.188750714061
6241    0.188229482946
6243    0.188229480417
6245    0.188229213194
6247    0.188220276758
6249    0.188220276758
6275    0.187749691651
6301    0.187236969822
6303    0.187236969781
6305    0.187236959879
6307    0.187233850805
6309    0.187233832374
6311    0.187229672678
6313    0.187226349821
6315    0.187221991017
6317    0.187221982953
6319    0.187221981551
6321    0.187221981196
6347    0.18680394244
6352    0.186748278376
6354    0.18674827837
6356    0.186748271595
6358    0.186744450166
6360    0.186744450141
6362    0.186730946583
6364    0.186728544295
6366    0.186717465088
6368    0.186717399336
6370    0.186717380978
6372    0.186717351487
6398    0.186002980071
6400    0.185999068198
6402    0.185985681551
6404    0.185973978916
6406    0.185969246872
6408    0.185967784913
6410    0.185962455579
6412    0.185962455429
6414    0.185962412522
6416    0.185962412488
6418    0.185961439146
6420    0.185947679495
6446    0.185388204553
6448    0.185388202372
6450    0.185387937127
6452    0.185378245252
6454    0.185378245251
6480    0.184819359079
6506    0.184314405623
6508    0.184314405575
6510    0.184314395596
6512    0.18431086968
6514    0.184310850786
6516    0.184306853461
6518    0.184303809757
6520    0.184300341872
6522    0.184300333597
6524    0.184300332477
6526    0.184300332231
6534    0.184201999044
6536    0.184188485322
6538    0.184188485312
6540    0.184188478247
6542    0.184184766623
6544    0.184184766597
6546    0.184171443504
6548    0.184169195491
6550    0.184158081304
6552    0.184158001204
6554    0.184157982135
6556    0.184157950873
6582    0.183378044441
6584    0.18337425264
6586    0.183360997911
6588    0.183349686375
6590    0.183345065637
6592    0.183343741985
6594    0.18333872315
6596    0.18333872301
6598    0.183338684216
6600    0.183338684178
6602    0.183337950032
6605    0.183310444233
6631    0.182691746134
6633    0.182691744185
6635    0.182691480722
6637    0.182680696255
6639    0.182680696255
6665    0.18201516376
6691    0.181516785823
6693    0.18151678577
6695    0.18151677637
6697    0.1815128615
6699    0.181512842586
6701    0.181508770826
6703    0.181505986869
6705    0.181502780913
6707    0.181502775943
6709    0.181502774971
6711    0.181502774773
6713    0.181489198218
6715    0.181475857157
6717    0.181475857143
6719    0.181475849831
6721    0.181472243789
6723    0.181472243765
6725    0.181459098183
6727    0.18145698277
6729    0.181445731099
6731    0.181445636046
6733    0.181445616153
6735    0.181445583142
6761    0.180593948104
6763    0.180590252851
6765    0.180577129853
6767    0.180566170831
6769    0.180561658372
6771    0.180560459042
6773    0.180555730888
6775    0.180555730729
6777    0.18055569636
6779    0.180555696333
6781    0.180555145815
6783    0.180541403678
6809    0.179842781209
6811    0.179842779396
6813    0.179842517593
6815    0.179830313227
6817    0.179830313226
6843    0.179039164111
6869    0.17854659809
6871    0.17854659803
6873    0.178546589343
6875    0.178542317921
6877    0.178542299342
6879    0.178537927398
6881    0.178535372041
6883    0.178532270544
6885    0.178532266641
6887    0.178532265765
6889    0.178532265605
6891    0.178518818959
6893    0.178505648652
6895    0.178505648635
6897    0.178505641124
6899    0.178502136726
6901    0.178502136704
6903    0.178489165808
6905    0.178487164401
6907    0.178475701775
6909    0.178475591279
6911    0.178475570465
6913    0.178475535704
6939    0.177549497356
6941    0.177545878892
6943    0.177532887249
6945    0.177522251496
6947    0.177517844389
6949    0.177516756757
6951    0.177512300466
6953    0.177512300316
6955    0.177512269789
6957    0.177512269762
6959    0.177511871693
6962    0.177484442155
6988    0.176683933677
6990    0.176683931932
6992    0.176683671724
6996    0.176642054182
6998    0.176642054181
7024    0.175703279699
7050    0.175216106132
7052    0.175216106067
7054    0.175216097955
7056    0.175211505462
7058    0.175211487492
7060    0.17520659657
7062    0.175204241507
7064    0.175201238308
7066    0.175201234778
7068    0.175201234022
7070    0.17520123389
7072    0.175187914828
7074    0.175174913055
7076    0.175174913038
7078    0.175174905374
7080    0.175171498898
7082    0.175171498879
7084    0.175158699978
7086    0.175156796402
7088    0.175145081276
7090    0.17514495499
7092    0.175144933196
7094    0.175144896708
7120    0.1741454063
7122    0.174141847596
7124    0.174128986761
7126    0.174118651581
7128    0.174114346991
7130    0.174113359982
7132    0.174109158603
7134    0.174109158432
7136    0.174109128672
7138    0.174109128655
7140    0.174108840945
7142    0.174095163326
7168    0.173168733228
7170    0.173168731497
7172    0.173168472875
7198    0.172797765134
7200    0.172797765133
7226    0.171658841017
7252    0.171176912996
7254    0.171176912927
7256    0.171176905243
7258    0.171172029048
7260    0.171172011889
7262    0.171166387159
7264    0.171164209636
7266    0.171161299401
7268    0.171161296023
7270    0.171161295369
7272    0.171161295257
7274    0.171148102006
7276    0.171135266478
7278    0.171135266461
7280    0.171135258695
7282    0.171131946604
7284    0.171131946587
7286    0.171119317124
7288    0.171117497111
7290    0.171105521904
7292    0.171105379654
7294    0.171105356876
7296    0.171105318743
7322    0.170037050849
7324    0.170033536935
7326    0.170020806236
7328    0.17001075358
7330    0.170006548769
7332    0.17000565233
7334    0.170001689691
7336    0.170001689526
7338    0.170001625637
7340    0.17000162562
7342    0.170001425562
7344    0.169987653518
7370    0.168885612084
7372    0.168885610281
7374    0.168885353267
7400    0.168481528097
7402    0.168481528097
7428    0.167118370454
7454    0.166641750979
7456    0.166641750905
7458    0.166641743531
7460    0.166636621887
7462    0.166636605679
7464    0.166630034191
7466    0.16662801512
7468    0.166625193134
7470    0.166625189832
7472    0.166625189261
7474    0.166625189164
7476    0.166612120175
7478    0.166599448584
7480    0.166599448566
7482    0.166599440748
7484    0.16659621966
7486    0.166596219645
7488    0.166583757113
7490    0.166582007918
7492    0.166569799709
7494    0.166569641536
7496    0.166569617835
7498    0.166569578212
7524    0.165440898843
7526    0.1654374164
7528    0.165424815008
7530    0.165415030103
7532    0.165410922412
7534    0.165410107631
7536    0.165406368949
7538    0.165406368787
7540    0.165406302841
7542    0.165406302825
7544    0.165406174767
7547    0.165378758974
7573    0.164071126004
7575    0.164071124229
7577    0.164070868946
7603    0.163641096283
7605    0.163641096283
7631    0.162046810563
7657    0.161575720361
7659    0.161575720283
7661    0.161575713133
7663    0.161570384357
7665    0.16157036919
7667    0.161562638594
7669    0.161560761552
7671    0.161558023598
7673    0.161558020342
7675    0.161558019833
7677    0.161558019749
7679    0.161545073598
7681    0.16153256368
7683    0.161532563663
7685    0.161532555839
7687    0.16152942252
7689    0.161529422507
7691    0.16151712448
7693    0.16151543461
7695    0.16150305406
7697    0.161502880259
7699    0.161502855762
7701    0.161502814898
7727    0.160325542474
7729    0.160322079654
7731    0.160309606631
7733    0.160300077088
7735    0.160296063934
7737    0.16029532293
7739    0.160291794668
7741    0.160291794482
7743    0.160291731119
7745    0.160291731111
7747    0.160291653521
7749    0.160278044219
7775    0.158748397066
7777    0.158748395313
7779    0.15874814202
7805    0.158291881461
7807    0.158291881461
7833    0.156480084189
7859    0.156014858009
7861    0.156014857928
7863    0.156014850942
7865    0.156009352757
7867    0.15600933868
7869    0.156000236597
7871    0.155998487224
7873    0.155995829481
7875    0.155995826262
7877    0.155995825802
7879    0.155995825726
7881    0.155983001038
7883    0.155970650582
7885    0.155970650565
7887    0.155970642783
7889    0.155967594138
7891    0.155967594126
7893    0.155955458237
7895    0.155953817286
7897    0.15594135522
7899    0.155941166378
7901    0.155941141277
7903    0.155941099512
7929    0.154729998114
7931    0.154726544519
7933    0.154714198826
7935    0.154704913996
7937    0.154700992873
7939    0.154700318433
7941    0.154696987581
7943    0.154696987406
7945    0.154696925274
7947    0.154696925267
7949    0.154696888587
7951    0.154683303336
7977    0.152934217721
7979    0.152934216002
7981    0.15293396508
8007    0.152458885161
8009    0.152458885161
8035    0.15046878221
8061    0.150009832341
8063    0.150009832258
8065    0.150009825394
8067    0.15000419439
8069    0.150004181421
8071    0.149993495357
8073    0.149991860975
8075    0.149989279954
8077    0.149989276763
8079    0.149989276342
8081    0.149989276272
8083    0.149976571689
8085    0.149964378533
8087    0.149964378517
8089    0.149964370819
8091    0.149961403883
8093    0.149961403872
8095    0.149949427811
8097    0.149947826377
8099    0.149935397901
8101    0.149935194916
8103    0.149935169461
8105    0.149935127211
8131    0.148707131017
8133    0.148703677781
8135    0.148691458303
8137    0.148682408827
8139    0.148678577301
8141    0.148677963023
8143    0.14867481768
8145    0.148674817514
8147    0.148674755163
8149    0.148674755158
8151    0.148674743172
8153    0.148661239745
8179    0.146722031476
8181    0.14672202982
8183    0.146721781753
8209    0.146243267796
8211    0.146243267794
8237    0.144141332375
8263    0.143689118231
8265    0.143689118145
8267    0.143689111377
8269    0.143683382593
8271    0.143683370723
8273    0.143670888401
8275    0.143669357746
8277    0.143666850229
8279    0.143666847068
8281    0.143666846677
8283    0.143666846613
8285    0.143654260777
8287    0.1436422228
8289    0.143642222784
8291    0.143642215207
8293    0.143639327139
8295    0.143639327129
8297    0.143627508632
8299    0.143625938308
8301    0.143613674709
8303    0.143613458798
8305    0.143613433279
8307    0.143613391022
8333    0.142386610155
8335    0.142383150091
8337    0.142371055637
8339    0.142362233134
8341    0.142358488841
8343    0.142357928979
8345    0.142354958046
8347    0.14235495789
8349    0.142354894242
8351    0.142354894238
8353    0.142354893089
8355    0.142341533139
8381    0.140271957618
8383    0.140271956068
8385    0.14027171141
8411    0.139810412962
8413    0.139810412959
8439    0.137684889137
8465    0.137239892525
8467    0.137239892438
8469    0.137239885748
8471    0.137234092343
8473    0.137234081544
8485    0.13707872552
8487    0.137077259624
8489    0.137074822629
8491    0.137074819494
8493    0.137074819129
8495    0.137074819069
8497    0.137062350652
8499    0.137050465781
8501    0.137050465765
8503    0.137050458343
8505    0.137047646416
8507    0.137047646407
8509    0.137035983264
8511    0.137034436677
8513    0.137022475836
8515    0.137022248519
8517    0.137022223248
8519    0.137022181491
8545    0.135814790493
8547    0.13581131825
8549    0.135799347581
8551    0.13579074443
8553    0.13578708507
8555    0.135786574467
8557    0.13578376759
8559    0.135783767443
8561    0.135783701857
8563    0.135783701853
8565    0.13578370074
8567    0.135770545632
8593    0.133656478327
8595    0.133656476929
8597    0.133656268653
8623    0.133233618632
8625    0.133233618615
8651    0.131181182663
8677    0.130721673879
8679    0.130721673803
8681    0.130721667444
8683    0.130716065102
8685    0.130716061716
8711    0.130322306279
8713    0.130320874328
8715    0.130318505072
8717    0.130318501964
8719    0.130318501619
8721    0.130318501563
8723    0.130306149257
8725    0.130294415458
8727    0.130294415442
8729    0.130294408199
8731    0.130291669802
8733    0.130291669793
8735    0.130280159834
8737    0.130278630712
8739    0.130267107081
8741    0.130266870143
8743    0.130266845438
8745    0.130266804688
8771    0.129095939017
8773    0.129092451198
8775    0.129080603031
8777    0.129072212212
8779    0.129068635551
8781    0.129068169569
8783    0.129065517076
8785    0.129065516939
8787    0.129065449083
8789    0.129065449081
8791    0.129065440909
8793    0.129052547116
8819    0.126992290046
8821    0.126992288841
8823    0.126992138123
8840    0.12675543848
8842    0.126755438425
8868    0.124864824961
8894    0.124348341331
8896    0.124348341265
8898    0.124348335519
8900    0.124343212805
8902    0.124343212563
8928    0.123924514415
8930    0.12392312707
8932    0.123920822935
8934    0.123920819852
8936    0.123920819525
8938    0.123920819471
8940    0.123908581905
8942    0.123896997141
8944    0.123896997127
8946    0.12389699008
8948    0.123894322695
8950    0.123894322687
8952    0.123882963745
8954    0.123881446978
8956    0.123870482262
8958    0.123870237702
8960    0.123870213858
8962    0.123870174588
8988    0.122750963083
8990    0.122747458284
8992    0.122735731269
8994    0.122727546218
8996    0.122724050074
8998    0.12272362454
9000    0.122721117382
9002    0.122721117255
9004    0.122721065231
9006    0.12272106523
9008    0.122721047123
9010    0.122708466482
9036    0.120795675969
9038    0.120795674969
9040    0.120795551241
9045    0.120739873941
9047    0.120739873887
9073    0.119062550131
9099    0.118480052416
9101    0.118480052355
9103    0.118480047126
9105    0.118475282529
9107    0.118475282514
9133    0.118020044024
9135    0.11801870108
9137    0.118016459599
9139    0.118016456543
9141    0.118016456229
9143    0.118016456179
9145    0.118004331987
9147    0.117992894256
9149    0.117992894242
9151    0.117992887404
9153    0.117990288615
9155    0.117990288608
9157    0.117979078552
9159    0.117977570242
9161    0.117967265974
9163    0.117967015925
9165    0.117966993204
9167    0.117966955827
9193    0.11691180231
9195    0.116908281088
9197    0.116896673849
9199    0.116888688407
9201    0.116885270658
9203    0.116884881814
9205    0.116882511527
9207    0.11688251141
9209    0.11688247315
9211    0.11688247315
9213    0.116882446093
9215    0.11687021452
9241    0.115162555273
9243    0.115162554438
9245    0.115162454854
9247    0.11514949109
9249    0.115149491036
9275    0.11370657449
9301    0.113048950296
9303    0.113048950238
9305    0.113048945484
9307    0.113044441367
9309    0.113044441366
9335    0.11254154759
9337    0.112540246316
9339    0.11253806516
9341    0.11253806213
9343    0.11253806183
9345    0.112538061782
9347    0.112526049632
9349    0.112514756983
9351    0.11251475697
9353    0.112514750345
9355    0.112512217839
9357    0.112512217832
9359    0.112501154592
9361    0.112499652065
9363    0.112490084655
9365    0.112489831312
9367    0.112489809923
9369    0.112489774774
9395    0.111507937894
9397    0.11150440263
9399    0.111492913792
9401    0.111485122151
9403    0.111481780739
9405    0.1114814252
9407    0.111479183865
9409    0.111479183756
9411    0.111479141476
9413    0.111479141476
9415    0.111479108303
9417    0.111467243401
9443    0.109990441111
9445    0.109990440405
9447    0.109990364032
9449    0.109978919404
9451    0.109978919352
9477    0.108773617773
9503    0.10803182316
9505    0.108031823103
9507    0.10803181879
9509    0.108027495146
9511    0.108027495134
9537    0.107466285919
9539    0.107465023431
9541    0.107462900398
9543    0.107462897394
9545    0.107462897106
9547    0.107462897059
9549    0.10745099565
9551    0.107439846178
9553    0.107439846165
9555    0.107439839754
9557    0.10743737131
9559    0.107437371303
9561    0.107426452853
9563    0.107424954618
9565    0.107416173169
9567    0.107415918701
9569    0.107415898798
9571    0.107415866118
9597    0.106513344161
9599    0.106509798832
9601    0.106498427018
9603    0.106490823673
9605    0.1064875566
9607    0.106487231313
9609    0.106485111514
9611    0.10648511141
9613    0.106485057694
9615    0.106485057694
9617    0.106485021698
9619    0.106473530178
9645    0.105233647991
9647    0.105233647409
9649    0.10523359246
9651    0.105223999174
9653    0.105223999126
9679    0.104243668712
9705    0.103409005803
9707    0.103409005747
9709    0.103409001842
9711    0.103404793397
9713    0.103404793365
9739    0.102775330445
9741    0.102774104405
9743    0.102772037403
9745    0.102772034426
9747    0.102772034147
9749    0.102772034102
9751    0.102760242161
9753    0.102749234004
9755    0.102749233991
9757    0.102749227788
9759    0.102746821279
9761    0.102746821273
9763    0.102736045636
9765    0.1027345513
9767    0.102726578005
9769    0.102726324484
9771    0.102726306163
9773    0.102726276098
9799    0.101905961508
9801    0.101902411383
9803    0.101891155223
9805    0.10188373493
9807    0.101880540257
9809    0.101880242466
9811    0.101878237255
9813    0.101878237156
9815    0.101878170642
9817    0.101878170641
9819    0.10187813487
9821    0.101867014928
9847    0.100853116236
9849    0.100853115771
9851    0.100853079501
9853    0.100845351742
9855    0.100845351697
9881    0.100066215461
9907    0.0991307770244
9909    0.0991307769688
9911    0.0991307734375
9913    0.0991266284591
9915    0.0991266283996
9941    0.0984201618909
9943    0.0984189707283
9945    0.0984169577692
9947    0.0984169548184
9949    0.098416954549
9951    0.0984169545052
9953    0.0984052707974
9955    0.0983944021357
9957    0.0983944021233
9959    0.0983943961202
9961    0.0983920495049
9963    0.098392049499
9965    0.0983814147447
9967    0.0983799248789
9969    0.0983727575056
9971    0.0983725068384
9973    0.0983724901401
9975    0.0983724627513
10001    0.0976344991392
10003    0.0976309504483
10005    0.0976198085816
10007    0.0976125663342
10009    0.0976094421796
10011    0.0976091693976
10013    0.0976072722594
10015    0.097607272165
10017    0.0976071924435
10019    0.0976071924434
10021    0.0976071592356
10023    0.097596401948
10049    0.0967856470795
10051    0.0967856467183
10053    0.0967856256216
10055    0.0967795874772
10057    0.0967795874356
10083    0.0961722334031
10109    0.0951295446307
10111    0.0951295445746
10113    0.0951295413807
10115    0.0951254216987
10117    0.0951254216048
10143    0.0943350287771
10145    0.0943338717521
10147    0.0943319109422
10149    0.0943319080181
10151    0.0943319077571
10153    0.0943319077145
10155    0.0943203310389
10157    0.0943096000956
10159    0.0943096000836
10161    0.0943095942694
10163    0.0943073055893
10165    0.0943073055836
10167    0.094296809829
10169    0.0942953258076
10171    0.0942889415672
10173    0.0942886954505
10175    0.0942886803672
10177    0.0942886556352
10203    0.0936309185091
10205    0.093627378087
10207    0.0936163491672
10209    0.0936092801718
10211    0.0936062247088
10213    0.0936059746888
10215    0.0936041795126
10217    0.0936041794213
10219    0.0936040864021
10221    0.0936040864017
10223    0.0936040572385
10225    0.0935936485049
10251    0.0929571549829
10253    0.0929571547085
10255    0.092957144778
10257    0.0929525345958
10259    0.0929525345588
10285    0.0924865307118
10311    0.0913323764917
10313    0.0913323764352
10315    0.0913323735376
10317    0.0913282554601
10319    0.091328255325
10345    0.0904496139084
10347    0.0904484911069
10349    0.0904465806409
10351    0.0904465777435
10353    0.0904465774903
10355    0.0904465774487
10357    0.0904351066411
10359    0.0904245116808
10361    0.0904245116692
10363    0.090424506033
10365    0.0904222734098
10367    0.0904222734042
10369    0.09041191481
10371    0.0904104386329
10373    0.0904047987416
10375    0.0904045586286
10377    0.090404545113
10379    0.0904045229559
10405    0.0898231498722
10407    0.089819624828
10409    0.0898087075262
10411    0.0898018071816
10413    0.0897988186376
10415    0.0897985893471
10417    0.0897968903967
10419    0.0897968903074
10421    0.0897967841161
10423    0.0897967841149
10425    0.0897967596882
10427    0.0897866821219
10453    0.0892943164519
10455    0.0892943162461
10457    0.089294313266
10459    0.0892908536497
10461    0.0892908536175
10474    0.0891175652322
10500    0.0878509520001
10502    0.0878509519425
10504    0.0878509492962
10506    0.0878468249542
10508    0.0878468247724
10534    0.0868790397538
10536    0.0868779520132
10538    0.0868760901647
10540    0.0868760872942
10542    0.0868760870482
10544    0.0868760870078
10546    0.0868647209195
10548    0.0868542602289
10550    0.086854260218
10552    0.0868542547473
10554    0.0868520763739
10556    0.0868520763688
10558    0.0868418531222
10560    0.0868403872289
10562    0.0868354415534
10564    0.0868352086389
10566    0.0868351966138
10568    0.086835176901
10594    0.0863250864599
10596    0.0863215838695
10598    0.0863107768603
10600    0.0863040407341
10602    0.086301117385
10604    0.0863009069857
10606    0.0862992988705
10608    0.0862992987834
10610    0.0862992035329
10612    0.0862992035314
10614    0.0862991850635
10616    0.0862894262234
10639    0.0859582746794
10641    0.0859582745089
10643    0.0859582743587
10645    0.0859554415558
10647    0.0859554415281
10649    0.0859423709385
10675    0.0845665077589
10677    0.0845665077004
10679    0.0845665052571
10681    0.0845623839552
10683    0.0845623837226
10709    0.0835087827257
10711    0.0835077315046
10713    0.0835059166242
10715    0.0835059137802
10717    0.0835059135408
10719    0.0835059135017
10721    0.0834946510227
10723    0.0834843229294
10725    0.0834843229188
10727    0.0834843176014
10729    0.0834821917456
10731    0.0834821917405
10733    0.0834721020731
10735    0.0834706491698
10737    0.0834663405386
10739    0.0834661157607
10741    0.0834661051279
10743    0.0834660876963
10769    0.0830214482852
10771    0.0830179749463
10773    0.083007276926
10775    0.0830007007501
10777    0.0829978409227
10779    0.0829976477494
10781    0.082996125405
10783    0.0829961253182
10785    0.0829960421917
10787    0.0829960421896
10789    0.0829960291278
10791    0.0829865573101
10793    0.0829730171351
10795    0.0829730169717
10797    0.0829730162666
10799    0.0829702478354
10801    0.0829702478085
10803    0.0829573342017
10829    0.081480503295
10831    0.0814805032368
10833    0.0814805009447
10835    0.0814764096205
10837    0.0814764093356
10863    0.080345112957
10865    0.0803441001439
10867    0.0803423306534
10869    0.0803423278365
10871    0.0803423276032
10873    0.0803423275648
10875    0.0803311676096
10877    0.080320970471
10879    0.0803209704603
10881    0.0803209652848
10883    0.080318890281
10885    0.0803188902757
10887    0.0803089324512
10889    0.0803074953528
10891    0.0803037632328
10893    0.0803035472824
10895    0.0803035379307
10897    0.0803035225964
10923    0.0799181444362
10925    0.0799147066683
10927    0.0799041163488
10929    0.0798976960041
10931    0.0798948980726
10933    0.0798947206163
10935    0.0798932792807
10937    0.079893279188
10939    0.0798932033626
10941    0.0798932033599
10943    0.0798931933608
10945    0.079883920565
10947    0.0798705403811
10949    0.0798705402237
10951    0.0798705364223
10953    0.0798678307776
10955    0.0798678307535
10957    0.0798550722473
10983    0.0782911736088
10985    0.0782911735511
10987    0.0782911713565
10989    0.0782871533048
10991    0.0782871529694
11017    0.0770912560299
11019    0.0770902836965
11021    0.0770885580877
11023    0.0770885552975
11025    0.0770885550705
11027    0.0770885550332
11029    0.0770774965686
11031    0.0770674287953
11033    0.0770674287852
11035    0.077067423741
11037    0.0770653979943
11039    0.0770653979895
11041    0.0770555703286
11043    0.0770541518272
11045    0.0770509352753
11047    0.0770507286182
11049    0.0770507204319
11051    0.077050707003
11053    0.0770369878136
11055    0.0770336917284
11057    0.0770232079597
11059    0.0770169398226
11061    0.0770142022066
11063    0.0770140390999
11065    0.0770126742928
11067    0.0770126741968
11069    0.077012604453
11071    0.0770126044494
11073    0.077012597012
11075    0.0770035176686
11077    0.0769902948493
11079    0.076990294697
11081    0.0769902862338
11083    0.0769876418182
11085    0.0769876417976
11087    0.0769750364551
11113    0.0753436051458
11115    0.0753436050893
11117    0.0753436029344
11119    0.0753397142882
11121    0.0753397139062
11147    0.0740969336656
11149    0.0740960037789
11151    0.0740943206025
11153    0.0740943178398
11155    0.0740943176179
11157    0.0740943175813
11159    0.0740833595645
11161    0.0740734195648
11163    0.0740734195549
11165    0.0740734141727
11167    0.0740714361433
11169    0.0740714361385
11171    0.0740617370028
11173    0.0740603876213
11175    0.0740572406099
11177    0.0740570442781
11179    0.0740570352116
11181    0.0740570204624
11183    0.0740433887705
11185    0.0740402146073
11187    0.0740298361501
11189    0.0740237163844
11191    0.0740210375546
11193    0.0740208875584
11195    0.0740195950671
11197    0.0740195949683
11199    0.07401953032
11201    0.0740195303158
11203    0.074019524986
11205    0.0740106337589
11207    0.0739975658988
11209    0.0739975657503
11211    0.0739975521605
11213    0.0739949674583
11215    0.0739949674426
11217    0.0739825133722
11243    0.0723080840447
11245    0.0723080839906
11247    0.0723080818169
11249    0.0723043857514
11251    0.0723043853303
11277    0.0710361267621
11279    0.0710352409006
11281    0.0710335987702
11283    0.0710335960347
11285    0.0710335958184
11287    0.0710335957827
11289    0.0710227372226
11291    0.0710129234556
11293    0.0710129234457
11295    0.0710129177399
11297    0.0710109859528
11299    0.0710109859478
11301    0.0710014137133
11303    0.0710001228651
11305    0.0709970429675
11307    0.0709968562434
11309    0.0709968465397
11311    0.0709968307254
11313    0.0709832859226
11315    0.070980218369
11317    0.070969943997
11319    0.0709639688781
11321    0.0709613473471
11323    0.0709612093363
11325    0.0709599851922
11327    0.070959985092
11329    0.0709599247358
11331    0.0709599247309
11333    0.0709599210972
11335    0.0709512128488
11337    0.0709382976838
11339    0.0709382975388
11341    0.0709382794346
11343    0.0709357529649
11345    0.0709357529539
11347    0.0709234482726
11373    0.0692342112592
11375    0.0692342112084
11377    0.0692342089534
11379    0.0692307681596
11381    0.0692307677095
11407    0.0679606407404
11409    0.0679597998299
11411    0.0679581974148
11413    0.0679581947063
11415    0.0679581944952
11417    0.0679581944601
11419    0.0679474343836
11421    0.0679377453294
11423    0.0679377453201
11425    0.0679377393366
11427    0.0679358523728
11429    0.0679358523684
11431    0.0679264054322
11433    0.0679251656204
11435    0.0679221505782
11437    0.0679219727342
11439    0.0679219626061
11441    0.067921945968
11443    0.0679084874856
11445    0.0679055143098
11447    0.0678953428055
11449    0.0678895087154
11451    0.0678869430375
11453    0.0678868159903
11455    0.0678856564547
11457    0.0678856563536
11459    0.0678855996329
11461    0.0678855996273
11463    0.0678855973189
11465    0.067877067101
11467    0.0678643024796
11469    0.067864302337
11471    0.067864281214
11473    0.0678618115288
11475    0.0678618115219
11477    0.0678496543566
11503    0.0661755387461
11505    0.0661755386995
11507    0.0661755362982
11509    0.0661724050649
11511    0.0661724045966
11537    0.0649243984466
11539    0.0649236025733
11541    0.0649220385965
11543    0.0649220359154
11545    0.0649220357093
11547    0.0649220356751
11549    0.0649113731238
11551    0.0649018072816
11553    0.0649018072724
11555    0.064901801067
11557    0.0648999575593
11559    0.0648999575549
11561    0.0648906343351
11563    0.0648894399928
11565    0.0648864876983
11567    0.064886318024
11569    0.0648863076539
11571    0.0648862904124
11573    0.0648729177026
11575    0.0648700288899
11577    0.0648599590485
11579    0.0648542624708
11581    0.0648517512376
11583    0.0648516342242
11585    0.0648505357732
11587    0.0648505356721
11589    0.0648504820464
11591    0.0648504820399
11593    0.0648504807232
11595    0.0648421237684
11597    0.0648295076292
11599    0.0648295074877
11601    0.0648294853884
11603    0.0648270710736
11605    0.0648270710704
11607    0.0648150595525
11633    0.0631855071348
11635    0.0631855070931
11637    0.063185504478
11639    0.0631827219956
11641    0.0631827215209
11667    0.061979319676
11669    0.0619785679861
11671    0.0619770412194
11673    0.061977038566
11675    0.0619770383642
11677    0.0619770383307
11679    0.0619664723621
11681    0.0619570282478
11683    0.061957028239
11685    0.0619570218672
11687    0.0619552205005
11689    0.0619552204958
11691    0.0619460194305
11693    0.0619448662422
11695    0.0619419747205
11697    0.0619418125425
11699    0.0619418020799
11701    0.0619417844313
11703    0.0619284969542
11705    0.0619256841458
11707    0.0619157147739
11709    0.0619101522911
11711    0.0619076941351
11713    0.0619075863119
11715    0.0619065456225
11717    0.0619065455217
11719    0.0619064945441
11721    0.0619064945367
11723    0.0619064939121
11725    0.0618983056249
11727    0.0618858359827
11729    0.0618858358423
11731    0.0618858149392
11733    0.0618834546143
11735    0.0618834546131
11737    0.0618715868801
11763    0.0603133699729
11765    0.0603133699366
11767    0.0603133670389
11769    0.0603109532986
11771    0.0603109528288
11797    0.0591714948254
11799    0.0591707855342
11801    0.0591692947986
11803    0.0591692921724
11805    0.0591692919753
11807    0.0591692919425
11809    0.0591588216313
11811    0.0591494977797
11813    0.059149497771
11815    0.0591494912835
11817    0.0591477307907
11819    0.0591477307861
11821    0.0591386503341
11823    0.0591375348332
11825    0.0591347022281
11827    0.0591345469163
11829    0.0591345364819
11831    0.0591345185982
11833    0.0591213158156
11835    0.0591185719263
11837    0.059108701843
11839    0.0591032701313
11841    0.0591008637206
11843    0.0591007643178
11845    0.0590997782566
11847    0.0590997781564
11849    0.0590997294547
11851    0.0590997294468
11853    0.0590997292468
11855    0.059091705198
11857    0.05907938013
11859    0.0590793799895
11861    0.0590793621732
11863    0.0590770544917
11865    0.0590770544917
11867    0.059065328687
11893    0.0576007558682
11895    0.0576007558371
11897    0.0576007525881
11899    0.0575987075583
11901    0.0575987071039
11927    0.0565382378091
11929    0.0565375683004
11931    0.0565361124622
11933    0.0565361098632
11935    0.0565361096708
11937    0.0565361096383
11939    0.0565257340735
11941    0.0565165290372
11943    0.0565165290284
11945    0.056516522469
11947    0.0565148016299
11949    0.0565148016258
11951    0.0565058402656
11953    0.0565047595783
11955    0.0565019841387
11957    0.056501835113
11959    0.0565018248016
11961    0.0565018068305
11963    0.0564886882022
11965    0.0564860071585
11967    0.0564762351953
11969    0.0564709310228
11971    0.0564685750624
11973    0.0564684833797
11975    0.0564675489909
11977    0.0564675488915
11979    0.0564675021558
11981    0.0564675021472
11983    0.0564675021334
11985    0.0564596380515
11987    0.0564474556931
11989    0.056447455552
11991    0.0564474420939
11993    0.0564451857421
11995    0.0564451857421
11997    0.0564336000172
12023    0.0550793534954
12025    0.0550793534696
12027    0.0550793498021
12029    0.0550776556609
12031    0.0550776552294
12057    0.0541063783275
12059    0.0541057453312
12061    0.0541043233005
12063    0.054104320729
12065    0.0541043205406
12067    0.0541043205091
12069    0.054094038798
12071    0.0540849511478
12073    0.05408495114
12075    0.0540849445443
12077    0.0540832621841
12079    0.0540832621798
12081    0.0540744184106
12083    0.054073370101
12085    0.0540706501699
12087    0.0540705069012
12089    0.0540704967852
12091    0.0540704788518
12093    0.0540574438368
12095    0.0540548203849
12097    0.0540451453878
12099    0.0540399656105
12101    0.0540376588416
12103    0.0540375742413
12105    0.0540366887345
12107    0.0540366886364
12109    0.0540366436055
12111    0.0540366435964
12113    0.0540366435571
12115    0.0540289353221
12117    0.0540168938571
12119    0.0540168937153
12121    0.0540168850608
12123    0.0540146787584
12125    0.0540146787577
12127    0.054003231282
12153    0.0527699273545
12155    0.0527699273334
12157    0.0527699231861
12159    0.0527685486688
12161    0.0527685482659
12187    0.051891864857
12189    0.0518912646578
12191    0.0518898753877
12193    0.0518898728441
12195    0.05188987266
12197    0.0518898726292
12199    0.0518796838947
12201    0.05187071222
12203    0.0518707122118
12205    0.0518707056095
12207    0.0518690605963
12209    0.0518690605919
12211    0.0518603329344
12213    0.0518593148965
12215    0.0518566489024
12217    0.0518565109079
12219    0.0518565010406
12221    0.0518564832478
12223    0.0518435313032
12225    0.0518409608665
12227    0.0518313816968
12229    0.0518263232568
12231    0.0518240644542
12233    0.0518239863549
12235    0.0518231470981
12237    0.0518231470008
12239    0.0518231034552
12241    0.0518231034455
12243    0.0518231031938
12245    0.051815546832
12247    0.0518036444925
12249    0.0518036443491
12251    0.0518036400576
12253    0.0518014825568
12255    0.0518014825549
12257    0.0517901715222
12283    0.0506825852794
12285    0.0506825852626
12287    0.0506825805795
12289    0.0506814862055
12291    0.0506814858354
12317    0.0499004947146
12319    0.049899923376
12321    0.0498985658584
12323    0.0498985633419
12325    0.0498985631618
12327    0.0498985631316
12329    0.0498884665137
12331    0.0498796094236
12333    0.0498796094157
12335    0.0498796028292
12337    0.0498779940725
12339    0.0498779940681
12341    0.0498693810627
12343    0.049868391452
12345    0.0498657778996
12347    0.0498656447437
12349    0.049865635164
12351    0.0498656175979
12353    0.0498527481833
12355    0.0498502267525
12357    0.0498407422842
12359    0.0498358022061
12361    0.0498335901802
12363    0.049833518051
12365    0.0498327225582
12367    0.0498327224624
12369    0.0498326802162
12371    0.0498326802057
12373    0.0498326795778
12375    0.0498252712548
12377    0.049813506315
12379    0.0498135061705
12381    0.0498135049822
12383    0.049811395068
12385    0.0498113950653
12387    0.0498002186986
12413    0.0488180087282
12415    0.0488180087151
12417    0.048818003451
12419    0.0488171465071
12421    0.0488171461708
12447    0.048129431622
12449    0.0481288851896
12451    0.0481275584558
12453    0.0481275559669
12455    0.048127555791
12457    0.048127555761
12459    0.048117550417
12461    0.0481088065376
12463    0.0481088065301
12465    0.0481087999778
12467    0.0481072264273
12469    0.0481072264231
12471    0.0480987266319
12473    0.0480977638138
12475    0.0480952012773
12477    0.0480950725663
12479    0.0480950633
12481    0.0480950460279
12483    0.0480822586026
12485    0.0480797826504
12487    0.0480703917756
12489    0.0480655671652
12491    0.048063400757
