26    3.62658957474
52    3.47823898809
78    3.47373470285
104    3.35312756788
123    3.35171735435
125    3.35171730727
151    3.32810856306
177    3.19295894975
203    3.10809478527
229    3.03605105059
231    3.03604450626
257    2.98875901853
283    2.93350955656
309    2.82177351776
331    2.69889454037
339    2.57423646516
365    2.54810677299
391    2.50955346729
417    2.4700833066
443    2.34236385904
469    2.26649366045
495    2.14578208165
521    2.13848567292
547    2.03710446991
573    1.99268112547
599    1.86495464376
615    1.74090046613
641    1.61968899653
661    1.61808472414
687    1.5900210124
713    1.56372310218
739    1.45508848231
765    1.41646417988
791    1.35929241214
817    1.33880640398
842    1.21620674032
868    1.1783906128
894    1.02326412153
920    0.654701980641
946    0.649288434952
948    0.649287628393
974    0.638338269582
1000    0.628629921794
1026    0.624630463328
1028    0.624619452024
1030    0.624619430363
1032    0.624618252323
1058    0.607514306521
1084    0.60279869499
1110    0.597047534723
1136    0.588257457831
1138    0.588256104652
1164    0.580728146081
1190    0.571514614958
1216    0.556018143175
1218    0.556018014478
1220    0.556017720893
1246    0.55438748878
1272    0.545295340626
1298    0.537173105048
1324    0.530649690604
1350    0.522960444462
1352    0.522954571365
1354    0.52295273633
1368    0.522636044002
1394    0.514251957826
1420    0.512467760846
1422    0.51246772186
1424    0.512463426248
1426    0.512462792955
1452    0.502362079094
1478    0.495201725311
1504    0.485377526951
1530    0.471917593061
1556    0.459788846664
1566    0.459621455172
1568    0.459619642522
1594    0.447435029762
1620    0.439059863194
1638    0.438330499016
1640    0.438315822068
1642    0.438315259963
1668    0.430981105312
1694    0.423707489323
1720    0.4207307354
1722    0.420730075203
1724    0.420729581788
1726    0.420727566805
1752    0.406710670396
1778    0.403062295332
1798    0.402568824644
1824    0.40107565473
1826    0.401075545966
1852    0.399673919369
1878    0.395730980908
1904    0.389182742527
1906    0.389182740246
1908    0.389182739298
1910    0.389169594453
1936    0.386973798437
1962    0.38311112269
1988    0.380372007109
2014    0.379034666278
2016    0.379034190364
2018    0.379034081441
2020    0.379031574632
2046    0.375768415907
2060    0.375525276003
2062    0.375525272205
2064    0.375524976884
2066    0.375524926945
2092    0.372158309853
2118    0.36888032488
2144    0.364929780929
2170    0.360318498841
2196    0.357167496603
2198    0.357165493324
2200    0.357164219424
2226    0.351380203614
2252    0.347338439602
2254    0.347326517708
2256    0.347314390806
2258    0.347313834765
2284    0.341054505044
2310    0.334586272846
2336    0.332553676675
2338    0.332553574164
2340    0.33255299989
2342    0.332551128258
2368    0.320727257734
2394    0.317958847054
2396    0.317948752145
2410    0.31770090761
2412    0.317700906182
2424    0.317514162916
2450    0.315252395667
2476    0.311644815544
2478    0.311644815192
2480    0.311644815102
2482    0.311639510936
2508    0.310924864675
2534    0.308441879515
2560    0.306620070016
2570    0.306459554352
2572    0.306459365414
2574    0.306459322092
2576    0.306458672851
2602    0.304935931518
2604    0.304921889193
2606    0.304921888467
2608    0.304921841311
2610    0.304921839903
2636    0.30362063803
2662    0.301278096684
2688    0.298915704733
2714    0.297169280511
2740    0.296148787646
2742    0.296148442106
2744    0.296147839018
2770    0.292596403287
2796    0.290086621398
2798    0.29007609165
2800    0.290065909728
2802    0.290065359525
2828    0.284498598408
2854    0.278728804105
2880    0.277395033009
2882    0.277394939733
2884    0.277394415374
2886    0.277393209641
2912    0.267180192995
2938    0.265211745877
2940    0.265205910766
2942    0.265194790205
2944    0.265194789378
2946    0.26518601058
2972    0.263804794256
2998    0.261655188898
3000    0.261655188772
3002    0.261655188025
3004    0.261652905611
3009    0.261591362907
3035    0.259896365852
3061    0.258601403567
3063    0.258591989566
3065    0.25859186072
3067    0.258591840248
3069    0.258591642505
3095    0.257770498555
3097    0.257756895137
3099    0.257756894923
3101    0.25775687831
3103    0.257756878305
3129    0.257144327922
3155    0.255250254663
3181    0.253522942122
3207    0.252762976799
3222    0.252499599217
3224    0.252499538538
3226    0.252499248708
3252    0.249961910775
3278    0.248251636089
3280    0.248242321736
3282    0.248233636987
3284    0.248233092484
3310    0.243415523014
3336    0.238480301336
3362    0.237624641826
3364    0.237624464551
3366    0.237624016183
3368    0.237623465706
3394    0.228675615149
3420    0.227365902188
3422    0.227362626547
3424    0.22735543578
3426    0.227355435328
3428    0.227350135432
3454    0.226482986836
3480    0.225138514678
3482    0.2251385146
3484    0.22513851317
3486    0.225137507298
3488    0.225126316645
3514    0.223970828843
3540    0.223059684399
3542    0.223054726482
3544    0.223054631588
3546    0.223054624
3548    0.223054565204
3572    0.222626870173
3574    0.222613723596
3576    0.222613723505
3578    0.222613712828
3580    0.222613712811
3588    0.22250542251
3614    0.220974657029
3640    0.219630402077
3654    0.219409025376
3656    0.219395537329
3658    0.219395504323
3660    0.219395442184
3686    0.217437307545
3712    0.216196966306
3714    0.216188705698
3716    0.216181213303
3718    0.216180674393
3744    0.212226400271
3770    0.208221077522
3796    0.207681330055
3798    0.207680994276
3800    0.207680627003
3802    0.207680478441
3828    0.199787574799
3854    0.198976023526
3856    0.198974165251
3858    0.198969648315
3860    0.198969648066
3862    0.198966451786
3888    0.198406323287
3914    0.197529336585
3916    0.197529336533
3918    0.197529334446
3920    0.1975288756
3922    0.19752089998
3948    0.196738191441
3974    0.19610620722
3976    0.196103540693
3978    0.196103466046
3980    0.19610346201
3982    0.196103441475
3984    0.196089072408
3986    0.196076393248
3988    0.196076393185
3990    0.196076383407
3992    0.196076383393
3994    0.196063840402
4020    0.194847934281
4046    0.193797215319
4048    0.193783494238
4050    0.193773340841
4052    0.193773313274
4054    0.193773305777
4080    0.192195157196
4106    0.191278531788
4108    0.191271185554
4110    0.191264714136
4112    0.191264180728
4138    0.188196099829
4164    0.185099038691
4166    0.185084647523
4168    0.185084076841
4170    0.18508398958
4172    0.185083978688
4198    0.178024139373
4224    0.177565825505
4226    0.177564730136
4228    0.177561867149
4230    0.177561867005
4232    0.177559949652
4244    0.177384084281
4270    0.17678727495
4272    0.176787274916
4274    0.176787272224
4276    0.176787054009
4278    0.176781547551
4304    0.176254847949
4326    0.175891902505
4328    0.175889423131
4330    0.175889358186
4332    0.175889354633
4334    0.175889332575
4336    0.175875321096
4338    0.175863081372
4340    0.175863081321
4342    0.175863071591
4344    0.175863071583
4346    0.17585290095
4372    0.174902252157
4398    0.17408950459
4400    0.174077628756
4402    0.17407047639
4404    0.174070467337
4406    0.174070460619
4432    0.172772309281
4458    0.172097457383
4460    0.172090907017
4462    0.172085311276
4464    0.172084783286
4490    0.169821523817
4516    0.167516997391
4518    0.167506281856
4520    0.167505389322
4522    0.167505307923
4524    0.167505295436
4550    0.161220618526
4552    0.161211379313
4554    0.161210524047
4556    0.161208694996
4558    0.161208694874
4560    0.161207413285
4562    0.16119286376
4584    0.160840105529
4586    0.160840105502
4588    0.160840102854
4590    0.160839986489
4592    0.160836109346
4600    0.160726630465
4602    0.160712023552
4604    0.160709717652
4606    0.160709660433
4608    0.16070965748
4610    0.160709634267
4612    0.160695951121
4614    0.160684123474
4616    0.160684123434
4618    0.160684112712
4620    0.16068411271
4622    0.160676143612
4648    0.159943116382
4674    0.159321952782
4676    0.159312037786
4678    0.159307182784
4680    0.159307180958
4682    0.159307175473
4708    0.158232730124
4734    0.157739515783
4736    0.157733659587
4738    0.157728816127
4740    0.157728293477
4766    0.156126317055
4792    0.154459720756
4794    0.154451746342
4796    0.154450809587
4798    0.154450740548
4800    0.154450689051
4826    0.148748418938
4828    0.148744019745
4830    0.148743235034
4832    0.148741947353
4834    0.148741947233
4836    0.148740998932
4838    0.148726668213
4840    0.148712028546
4842    0.148712028506
4844    0.148712027424
4846    0.148711927887
4848    0.148708360436
4850    0.148693715236
4852    0.148679345611
4854    0.148677198389
4856    0.148677147393
4858    0.148677144899
4860    0.148677120872
4862    0.148663754836
4864    0.148652313872
4866    0.14865231384
4868    0.148652301066
4870    0.148652301065
4872    0.148646197731
4898    0.148087490938
4924    0.147617768834
4926    0.147609651489
4928    0.147606435213
4930    0.147606435131
4932    0.147606430748
4958    0.146716894966
4966    0.146609416121
4968    0.146604159677
4970    0.146599952317
4972    0.146599434936
4998    0.145503720529
5024    0.14432004964
5026    0.144314032212
5028    0.144313018388
5030    0.144312963438
5032    0.144312866903
5058    0.139221213364
5060    0.139219302969
5062    0.139218572859
5064    0.139217355358
5066    0.139217355232
5068    0.139216447341
5070    0.139202347043
5072    0.139187904458
5074    0.139187904415
5076    0.13918790331
5078    0.139187810713
5080    0.139184377566
5082    0.139169984864
5084    0.139155847329
5086    0.139153845587
5088    0.139153799659
5090    0.139153797511
5092    0.139153772976
5094    0.139140712657
5096    0.139129634846
5098    0.139129634822
5100    0.139129619119
5102    0.139129619119
5104    0.139125017202
5126    0.13877493097
5132    0.138698897432
5134    0.138692290022
5136    0.138689528173
5138    0.138689528148
5140    0.138689524693
5166    0.13795143435
5168    0.137936992379
5170    0.137932260288
5172    0.137928600943
5174    0.137928088764
5200    0.137199200314
5226    0.136365959784
5228    0.136361304857
5230    0.136360188416
5232    0.136360146451
5234    0.136360013449
5260    0.131880821382
5262    0.131879495881
5264    0.131878815307
5266    0.131877662934
5268    0.131877662801
5270    0.131876793136
5272    0.13186291705
5274    0.131848665607
5276    0.131848665562
5278    0.13184866445
5280    0.131848578158
5282    0.131845272555
5284    0.131831126525
5286    0.131817216221
5288    0.131815348084
5290    0.131815306335
5292    0.131815304448
5294    0.131815279674
5296    0.131802514598
5298    0.131791777751
5300    0.131791777727
5302    0.131791769149
5304    0.131791769147
5306    0.131787768761
5308    0.131773075451
5310    0.131758423104
5312    0.131753076422
5314    0.131750491526
5316    0.13175049134
5318    0.131750489046
5344    0.131139265354
5346    0.131125169447
5348    0.13112089832
5350    0.131117714959
5352    0.131117207919
5378    0.130643127646
5404    0.130057071489
5406    0.130053353692
5408    0.130052115948
5410    0.130052084772
5412    0.130051930376
5438    0.12616293584
5440    0.126160733592
5442    0.126160098041
5444    0.126159006176
5446    0.126159006038
5448    0.126158172557
5450    0.126144514988
5452    0.126130449223
5454    0.126130449179
5456    0.126130448061
5458    0.126130367505
5460    0.12612718311
5462    0.126113278265
5464    0.126099590628
5466    0.126097845391
5468    0.126097807148
5470    0.126097805458
5472    0.126097780672
5474    0.12608530117
5476    0.126074880723
5478    0.126074880698
5480    0.126074873418
5482    0.126074873371
5484    0.126070986649
5486    0.126056466647
5488    0.126042007854
5490    0.126037704013
5492    0.126035281401
5494    0.126035280982
5496    0.126035279095
5522    0.125530763709
5524    0.12551699182
5526    0.125513126384
5528    0.125510356644
5530    0.125509854683
5532    0.125495881509
5558    0.125029886435
5560    0.125026804328
5562    0.125025433191
5564    0.125025420497
5566    0.125025259533
5592    0.121683211384
5594    0.121679070014
5596    0.121678475465
5598    0.121677439874
5600    0.121677439734
5602    0.12167664053
5604    0.121663196196
5606    0.121649311056
5608    0.121649311012
5610    0.121649309889
5612    0.12164923456
5614    0.121646165425
5616    0.121632496568
5618    0.121619027272
5620    0.121617395262
5622    0.121617359971
5624    0.121617358432
5626    0.121617333832
5628    0.121605130876
5630    0.121595009348
5632    0.121595009324
5634    0.121595002831
5636    0.121595002708
5638    0.121591225418
5640    0.121576876319
5642    0.121562604143
5644    0.121559150918
5646    0.121556877133
5648    0.121556876523
5650    0.12155687497
5674    0.121185584213
5676    0.121172105625
5678    0.121168597604
5680    0.121166187431
5682    0.12116569049
5684    0.121153986831
5695    0.120999240825
5697    0.120996598995
5699    0.120995088382
5701    0.120995080736
5703    0.120994925216
5729    0.118149195053
5731    0.118142392633
5733    0.118141835489
5735    0.118140852292
5737    0.118140852152
5739    0.118140085439
5741    0.118126849409
5743    0.118113140195
5745    0.118113140151
5747    0.118113139024
5749    0.118113068465
5751    0.118110109
5753    0.118096671188
5755    0.118083416114
5757    0.118081888567
5759    0.118081855786
5761    0.118081854362
5763    0.118081830112
5765    0.118069895234
5767    0.118060056656
5769    0.118060056633
5771    0.118060050569
5773    0.118060050376
5775    0.118056378715
5777    0.118042198794
5779    0.118028108105
5781    0.11802527849
5783    0.118023138747
5785    0.118023138022
5787    0.118023136719
5789    0.118008426005
5791    0.117995145823
5793    0.117991953017
5795    0.117989855593
5797    0.117989363613
5799    0.117978441204
5801    0.117963546573
5803    0.117961220844
5805    0.117959570149
5807    0.11795956819
5809    0.117959425583
5835    0.115553464977
5837    0.115543559834
5839    0.115543036875
5841    0.115542102506
5843    0.115542102369
5845    0.115541366471
5847    0.115528334091
5849    0.115514796392
5851    0.11551479635
5853    0.115514795216
5855    0.115514729018
5857    0.115511873961
5859    0.115498662458
5861    0.115485617643
5863    0.115484186606
5865    0.115484155978
5867    0.115484154641
5869    0.115484130875
5871    0.115472456066
5873    0.115462885751
5875    0.115462885728
5877    0.115462879858
5879    0.115462879611
5881    0.115459311296
5883    0.115445302212
5885    0.115431390373
5887    0.115428654543
5889    0.115426621238
5891    0.115426620279
5893    0.115426618897
5895    0.11541204257
5897    0.115398953981
5899    0.115396039466
5901    0.115394214073
5903    0.115393726998
5905    0.115383016094
5908    0.115353156059
5910    0.115351071938
5912    0.115349285138
5914    0.115349282537
5916    0.115349156242
5942    0.113323284723
5944    0.113310050704
5946    0.113309559039
5948    0.113308670225
5950    0.113308670092
5952    0.113307963441
5954    0.113295130337
5956    0.113281760055
5958    0.113281760014
5960    0.113281758876
5962    0.11328169667
5964    0.113278941073
5966    0.113265951387
5968    0.113253113071
5970    0.113251771315
5972    0.113251742549
5974    0.113251741278
5976    0.113251718105
5978    0.11324029581
5980    0.113230980236
5982    0.113230980213
5984    0.113230974463
5986    0.113230974182
5988    0.113227505246
5990    0.113213664481
5992    0.113199928298
5994    0.113197281992
5996    0.113195347711
5998    0.113195346524
6000    0.113195345129
6002    0.11318090081
6004    0.113167998649
6006    0.113165330082
6008    0.113163741344
6010    0.113163259121
6012    0.113152756316
6015    0.113122970269
6017    0.113121076686
6019    0.113119161204
6021    0.113119158472
6023    0.113119049101
6049    0.11141658698
6055    0.111338485885
6057    0.111338021923
6059    0.111337175654
6061    0.11133717559
6063    0.111336496729
6065    0.111323855255
6067    0.111310648548
6069    0.11131064851
6071    0.111310647366
6073    0.111310588819
6075    0.111307928023
6077    0.111295155841
6079    0.111282520403
6081    0.111281261341
6083    0.111281234203
6085    0.11128123298
6087    0.111281210485
6089    0.111270033515
6091    0.111260960155
6093    0.111260960134
6095    0.111260954445
6097    0.111260954146
6099    0.111257580818
6101    0.111243905954
6103    0.111230342419
6105    0.111227781649
6107    0.111225939841
6109    0.11122593844
6111    0.111225937071
6113    0.11121162255
6115    0.111198902552
6117    0.111196451581
6119    0.111195068753
6121    0.111194591329
6123    0.111184263406
6126    0.111154590125
6128    0.111152859618
6130    0.111149898546
6132    0.111149895776
6134    0.111149806776
6160    0.109705911977
6177    0.109447233237
6179    0.109446793662
6181    0.109445987167
6183    0.109445987155
6185    0.109445334721
6187    0.10943287717
6189    0.109419830416
6191    0.109419830379
6193    0.10941982923
6195    0.109419774045
6197    0.109417203656
6199    0.10940464484
6201    0.109392208794
6203    0.109391026417
6205    0.109391000712
6207    0.109390999524
6209    0.109390977773
6211    0.109380039272
6213    0.109371196499
6215    0.109371196479
6217    0.109371190807
6219    0.109371190505
6221    0.109367909193
6223    0.109354397905
6225    0.10934100418
6227    0.109338525201
6229    0.109336770014
6231    0.109336768416
6233    0.109336767096
6235    0.10932258032
6237    0.109310038747
6239    0.109307780501
6241    0.109306576853
6243    0.109306104176
6245    0.109295923559
6248    0.109266415854
6250    0.109264838289
6252    0.109259362967
6254    0.109259360244
6256    0.109259298319
6282    0.107997230268
6308    0.107563582483
6310    0.107563166223
6312    0.107562396941
6314    0.10756239692
6316    0.107561769599
6318    0.107549495431
6320    0.107536605148
6322    0.107536605113
6324    0.107536603959
6326    0.107536551863
6328    0.107534067738
6330    0.107521718297
6332    0.107509478272
6334    0.107508367087
6336    0.107508342654
6338    0.107508341493
6340    0.107508320531
6342    0.107497613939
6344    0.107488990928
6346    0.107488990908
6348    0.107488985219
6350    0.107488984924
6352    0.107485792205
6354    0.107472442249
6356    0.107459215638
6358    0.107456814922
6360    0.107455141075
6362    0.107455139301
6364    0.107455138041
6366    0.107441077078
6368    0.107428710515
6370    0.107426623161
6372    0.107425575449
6374    0.107425107469
6376    0.107415054161
6378    0.107400220694
6380    0.1073987905
6382    0.107391719166
6384    0.107391717538
6386    0.107391681643
6412    0.106251489628
6438    0.105794591527
6440    0.105794197536
6442    0.105793463103
6444    0.10579346308
6446    0.105792859633
6448    0.10578076814
6450    0.105768031009
6452    0.105768030975
6454    0.105768029817
6456    0.105767980566
6458    0.105765578789
6460    0.105753434855
6462    0.105741387569
6464    0.105740342545
6466    0.105740319252
6468    0.105740318107
6470    0.105740297968
6472    0.105729816976
6474    0.10572140362
6476    0.105721403601
6478    0.105721397868
6480    0.105721397587
6482    0.105718290193
6484    0.105705099383
6486    0.105692037295
6488    0.10568971151
6490    0.105688114198
6492    0.10568811227
6494    0.105688111074
6496    0.105674174088
6498    0.105661979322
6500    0.10566004368
6502    0.105659131685
6504    0.10565866835
6506    0.10564880347
6509    0.105619060951
6511    0.10561776582
6513    0.105610123703
6515    0.105610121171
6517    0.105610101629
6543    0.104568330856
6569    0.104085202919
6571    0.104084829669
6573    0.104084127903
6575    0.10408412788
6577    0.104083547152
6579    0.104071635464
6581    0.104059048331
6583    0.104059048299
6585    0.104059047137
6587    0.10405900051
6589    0.104056677381
6591    0.104044735217
6593    0.104032877487
6595    0.104031894013
6597    0.104031871748
6599    0.104031870614
6601    0.104031851316
6603    0.104021589864
6605    0.10401337672
6607    0.104013376701
6609    0.104013370904
6611    0.104013370642
6613    0.104010345456
6615    0.103997311674
6617    0.103984411629
6619    0.103982157627
6621    0.103980632452
6623    0.103980630391
6625    0.103980629259
6627    0.103966814512
6629    0.103954788493
6631    0.103952987705
6633    0.103952193837
6635    0.103951735098
6637    0.103941959201
6640    0.103912570384
6642    0.103911397046
6644    0.103903423596
6646    0.103903421167
6648    0.103903411278
6674    0.102939253127
6700    0.10243054944
6702    0.102430195399
6704    0.102429524284
6706    0.102429524262
6708    0.102428965166
6710    0.102417229997
6712    0.102404789844
6714    0.102404789813
6716    0.102404788648
6718    0.102404744443
6720    0.10240249647
6722    0.102390752446
6724    0.102379081178
6726    0.102378155019
6728    0.102378133688
6730    0.102378132559
6732    0.102378114111
6734    0.102368066363
6736    0.102360044592
6738    0.102360044574
6740    0.102360038695
6742    0.102360038454
6744    0.1023570925
6746    0.102344213688
6748    0.102331473301
6750    0.1023292881
6752    0.102327831009
6754    0.102327828836
6756    0.102327827766
6758    0.102314133606
6760    0.102302273413
6762    0.102300592652
6764    0.102299901608
6766    0.102299447415
6768    0.102289759375
6770    0.102275025004
6772    0.102273962309
6774    0.102265744455
6776    0.102265743121
6778    0.102265738461
6804    0.101361726107
6830    0.100828755412
6832    0.100828419148
6834    0.100827776816
6836    0.100827776795
6838    0.100827238306
6840    0.100815676341
6842    0.100803380275
6844    0.100803380245
6846    0.100803379076
6848    0.100803337113
6850    0.10080116099
6852    0.10078961159
6854    0.100778123769
6856    0.100777251033
6858    0.100777230557
6860    0.100777229429
6862    0.100777211831
6864    0.10076737216
6866    0.100759533479
6868    0.100759533461
6870    0.100759527488
6872    0.100759527269
6874    0.100756657703
6876    0.100743931858
6878    0.100731348828
6880    0.100729229606
6882    0.100727836853
6884    0.100727834589
6886    0.100727833578
6888    0.100714258424
6890    0.100702561249
6892    0.100700987469
6894    0.10070038593
6896    0.100699936235
6898    0.100690463511
6901    0.100661015818
6903    0.100660053524
6905    0.100651641388
6907    0.100651639222
6909    0.100651637094
6935    0.0997919940735
6961    0.0992363036719
6963    0.0992359838688
6965    0.0992353685914
6967    0.0992353685716
6969    0.0992348497251
6971    0.0992234577011
6973    0.0992113029402
6975    0.0992113029113
6977    0.0992113017394
6979    0.0992112618507
6981    0.0992091544526
6983    0.0991977962577
6985    0.0991864889496
6987    0.0991856660546
6989    0.0991856463646
6991    0.0991856452345
6993    0.099185628479
6995    0.0991759914592
6997    0.0991683280965
6999    0.099168328079
7001    0.0991683220046
7003    0.0991683218079
7005    0.0991655259121
7007    0.0991529510901
7009    0.0991405231968
7011    0.0991384672755
7013    0.0991371353827
7015    0.0991371330463
7017    0.0991371320894
7019    0.0991236744364
7021    0.099112137574
7023    0.0991106592904
7025    0.0991101356663
7027    0.0991096904211
7029    0.0991002842916
7031    0.099085566369
7033    0.0990846938233
7035    0.0990761256257
7037    0.0990761244609
7039    0.099076123406
7065    0.0982488038121
7091    0.0976722952248
7093    0.0976719906772
7095    0.0976714008506
7097    0.0976714008317
7099    0.0976709007171
7101    0.0976596754457
7103    0.0976476593101
7105    0.0976476592826
7107    0.0976476581078
7109    0.0976476201437
7111    0.097645578513
7113    0.0976344081979
7115    0.0976232785371
7117    0.0976225021804
7119    0.0976224832189
7121    0.097622482084
7123    0.0976224661576
7125    0.0976130265452
7127    0.097605531199
7129    0.097605531182
7131    0.0976055249985
7133    0.0976055248233
7135    0.097602800001
7137    0.0975903743025
7139    0.0975780993942
7141    0.0975761042309
7143    0.0975748299599
7145    0.0975748275687
7147    0.0975748266628
7149    0.0975614850648
7151    0.0975501059
7153    0.0975487129928
7155    0.0975482571962
7157    0.0975478163531
7159    0.0975386398115
7162    0.0975093115414
7164    0.0975085197622
7166    0.0974998285966
7168    0.0974998266303
7170    0.0974998259031
7196    0.0966939280421
7222    0.096098702447
7224    0.0960984120525
7226    0.0960978461891
7228    0.096097846171
7230    0.0960973639287
7232    0.0960863022953
7234    0.0960744222005
7236    0.0960744221741
7238    0.096074420997
7240    0.0960743848201
7242    0.0960724061568
7244    0.0960614204853
7246    0.0960504656765
7248    0.096049732811
7250    0.0960497145273
7252    0.0960497133859
7254    0.0960496982702
7256    0.0960404509989
7258    0.0960331168061
7260    0.0960331167893
7262    0.0960331104923
7264    0.0960331103365
7266    0.0960304541046
7268    0.0960181756807
7270    0.0960060516734
7272    0.0960041148548
7274    0.0960028951846
7276    0.0960028927548
7278    0.0960028918958
7280    0.0959896649676
7282    0.0959784409741
7284    0.0959771245249
7286    0.0959767277759
7288    0.0959762912883
7290    0.0959671690906
7292    0.0959525509443
7294    0.0959518307448
7296    0.0959430459375
7298    0.0959430449216
7300    0.0959430440915
7326    0.0951508743125
7352    0.0945393936923
7354    0.0945391164423
7356    0.0945385731608
7358    0.0945385731434
7360    0.0945381079629
7362    0.0945272069233
7364    0.0945154603699
7366    0.094515460344
7368    0.0945154591645
7370    0.0945154246497
7372    0.0945135063012
7374    0.0945027021167
7376    0.0944919194251
7378    0.0944912272365
7380    0.0944912095871
7382    0.0944912084374
7384    0.0944911941107
7386    0.0944821342765
7388    0.0944749547736
7390    0.0944749547576
7392    0.0944749483438
7394    0.0944749482066
7396    0.0944723581887
7398    0.0944602252323
7400    0.0944482500983
7402    0.0944463693275
7404    0.0944452014322
7406    0.0944451989789
7408    0.0944451981626
7410    0.0944320845689
7412    0.0944210133
7414    0.0944197654418
7416    0.094419420097
7418    0.0944189879187
7420    0.0944101099434
7422    0.0943952828001
7424    0.0943946268914
7426    0.0943857750142
7428    0.0943857740887
7430    0.0943857726905
7456    0.0936007949188
7482    0.0929757610189
7484    0.0929754959894
7486    0.0929749740054
7488    0.0929749739886
7490    0.0929745251035
7492    0.092963781682
7494    0.0929521662505
7496    0.0929521662261
7498    0.0929521650442
7500    0.0929521320775
7502    0.0929502715305
7504    0.0929396457535
7506    0.0929290325043
7508    0.0929283783904
7510    0.0929283613372
7512    0.0929283601782
7514    0.0929283466159
7516    0.0929194694722
7518    0.0929124385697
7520    0.0929124385538
7522    0.0929124320215
7524    0.0929124319013
7526    0.0929099058239
7528    0.0928979165698
7530    0.0928860883387
7532    0.0928842614332
7534    0.0928831426648
7536    0.0928831402002
7538    0.0928831394239
7540    0.0928701378795
7542    0.0928592169634
7544    0.0928580307537
7546    0.0928577301606
7548    0.0928573022452
7550    0.0928486589298
7553    0.0928192831078
7555    0.0928186837298
7557    0.0928097887564
7559    0.0928097870059
7561    0.0928097843096
7587    0.0920265404757
7613    0.0913908364518
7615    0.0913905827965
7617    0.0913900809151
7619    0.0913900808991
7621    0.0913896475858
7623    0.0913790588698
7625    0.0913675722157
7627    0.0913675721919
7629    0.0913675710085
7631    0.0913675394845
7633    0.0913657343574
7635    0.0913552839837
7637    0.0913448375597
7639    0.0913442191109
7641    0.0913442026202
7643    0.0913442014518
7645    0.0913441886274
7647    0.0913354895789
7649    0.0913286015361
7651    0.0913286015205
7653    0.0913285948687
7655    0.0913285947634
7657    0.0913261304497
7659    0.0913142831731
7661    0.0913025999244
7663    0.0913008248057
7665    0.0912997526822
7667    0.0912997502182
7669    0.091299749478
7671    0.0912868587436
7673    0.0912760858818
7675    0.0912749551915
7677    0.0912746935568
7679    0.091274269859
7681    0.0912656557571
7683    0.0912510890323
7685    0.0912505393495
7687    0.0912416226313
7689    0.0912416217762
7691    0.0912416166875
7717    0.0904572450402
7743    0.0898140603748
7745    0.0898138173167
7747    0.0898133344252
7749    0.0898133344093
7751    0.0898129159831
7753    0.08980247912
7755    0.089791118966
7757    0.0897911189433
7759    0.0897911177581
7761    0.0897910875821
7763    0.0897893356144
7765    0.0897790577044
7767    0.0897687755392
7769    0.0897681905234
7771    0.0897681745654
7773    0.0897681733863
7775    0.0897681612721
7777    0.0897596358617
7779    0.0897528852563
7781    0.0897528852412
7783    0.0897528784704
7785    0.0897528783788
7787    0.0897504737451
7789    0.0897387667547
7791    0.0897272266143
7793    0.0897255013027
7795    0.0897244734905
7797    0.0897244710377
7799    0.0897244703307
7801    0.0897116892054
7803    0.0897010621623
7805    0.089699981574
7807    0.089699753857
7809    0.0896993343321
7811    0.0896909702474
7813    0.0896762322953
7815    0.0896757272778
7817    0.0896668082759
7819    0.0896668074967
7821    0.0896667985178
7847    0.0888790309559
7873    0.0882316973412
7875    0.088231464168
7877    0.0882309992302
7879    0.0882309992147
7881    0.0882305950283
7883    0.0882203072222
7885    0.0882090713553
7887    0.0882090713332
7889    0.0882090701466
7891    0.0882090412309
7893    0.0882073402788
7895    0.0881972319597
7897    0.0881871115362
7899    0.0881865578833
7901    0.0881865424316
7903    0.0881865412421
7905    0.0881865298086
7907    0.0881781737164
7909    0.0881715554274
7911    0.0881715554126
7913    0.0881715485228
7915    0.0881715484438
7917    0.0881692014931
7919    0.0881576331326
7921    0.08814623427
7923    0.0881445568793
7925    0.0881435711859
7927    0.0881435687522
7929    0.0881435680762
7931    0.0881308953992
7933    0.0881204120029
7935    0.0881193767273
7937    0.0881191785368
7939    0.0881187631409
7941    0.0881106372184
7943    0.0880957550994
7945    0.0880952897015
7947    0.0880863860301
7949    0.0880863852778
7951    0.0880863706094
7977    0.0872940794978
8003    0.0866460478987
8005    0.0866458239556
8007    0.0866453760047
8009    0.0866453759897
8011    0.0866449854307
8013    0.086634843944
8015    0.0866237302124
8017    0.0866237301908
8019    0.0866237290032
8021    0.0866237012667
8023    0.086622049295
8025    0.0866121077547
8027    0.0866021466055
8029    0.0866016223937
8031    0.0866016074243
8033    0.0866016062234
8035    0.0866015954416
8037    0.0865934044787
8039    0.0865869136632
8041    0.0865869136487
8043    0.0865869066414
8045    0.086586906573
8047    0.0865846153926
8049    0.0865731840381
8051    0.0865619246648
8053    0.0865602933966
8055    0.0865593477572
8057    0.0865593453508
8059    0.0865593447032
8061    0.0865467793482
8063    0.0865364374857
8065    0.0865354432849
8067    0.0865352707993
8069    0.0865348594881
8071    0.0865269608318
8074    0.0864976895593
8076    0.0864972590589
8078    0.0864883867721
8080    0.0864883852359
8082    0.0864883629228
8108    0.0856909152146
8134    0.0850456410778
8136    0.0850454257629
8138    0.0850449938961
8140    0.0850449938812
8142    0.0850446163692
8144    0.0850346185166
8146    0.0850236248239
8148    0.0850236248032
8150    0.0850236236144
8152    0.0850235969839
8154    0.0850219920602
8156    0.0850122145461
8158    0.0850024102482
8160    0.0850019136907
8162    0.0850018991824
8164    0.085001897971
8166    0.0850018878114
8168    0.0849938579115
8170    0.0849874899869
8172    0.084987489973
8174    0.0849874828497
8176    0.0849874827905
8178    0.0849852455472
8180    0.0849739496069
8182    0.0849628279726
8184    0.0849612411118
8186    0.0849603335824
8188    0.0849603312094
8190    0.0849603305879
8192    0.0849478714632
8194    0.0849376690751
8196    0.0849367121959
8198    0.0849365620884
8200    0.0849361548188
8202    0.0849282531867
8204    0.0849138317802
8206    0.0849134324655
8208    0.0849046060044
8210    0.0849046052976
8212    0.0849045735096
8238    0.0841034230079
8264    0.0834644710179
8266    0.0834642637778
8268    0.0834638471531
8270    0.0834638471384
8272    0.0834634821248
8274    0.083453625271
8276    0.0834427495733
8278    0.0834427495533
8280    0.0834427483639
8282    0.0834427227709
8284    0.0834411630584
8286    0.0834315468712
8288    0.0834218970433
8290    0.08342142648
8292    0.0834214124134
8294    0.0834214111911
8296    0.0834214016243
8298    0.0834135288406
8300    0.0834072794662
8302    0.0834072794524
8304    0.0834072722145
8306    0.0834072721636
8308    0.0834050870999
8310    0.0833939250068
8312    0.0833829393948
8314    0.0833813953032
8316    0.0833805240516
8318    0.0833805217178
8320    0.0833805211208
8322    0.0833681671629
8324    0.0833581022411
8326    0.0833571793588
8328    0.083357048731
8330    0.0833566454601
8332    0.0833489855677
8334    0.0833344481605
8336    0.0833340777864
8338    0.0833253107123
8340    0.083325310069
8342    0.0833252672483
8368    0.0825220175511
8394    0.0818928712466
8396    0.0818926715723
8398    0.0818922694012
8400    0.0818922693867
8402    0.0818919163504
8404    0.0818821979128
8406    0.081871438216
8408    0.0818714381965
8410    0.0818714370065
8412    0.0818714123886
8414    0.0818698961425
8416    0.0818604386376
8418    0.0818509409403
8420    0.0818504948247
8422    0.0818504811817
8424    0.0818504799493
8426    0.0818504709464
8428    0.0818427514452
8430    0.0818366165059
8432    0.0818366164926
8434    0.0818366091424
8436    0.0818366090992
8438    0.0818344745287
8440    0.0818234447455
8442    0.0818125934742
8444    0.0818110905889
8446    0.081810253886
8448    0.0818102515958
8450    0.0818102510211
8452    0.081798001196
8454    0.0817880717792
8456    0.0817871799445
8458    0.0817870662751
8460    0.0817866669605
8462    0.0817792347802
8464    0.0817646094128
8466    0.0817642656146
8468    0.0817555705768
8470    0.0817555699534
8472    0.0817555150776
8498    0.0809524994614
8524    0.0803365256136
8526    0.080336333036
8528    0.0803359445816
8530    0.0803359445673
8532    0.0803356030149
8534    0.0803260204598
8536    0.0803153748188
8538    0.0803153748003
8540    0.0803153736101
8542    0.0803153499101
8544    0.080313875471
8546    0.0803045740543
8548    0.0802952261871
8550    0.0802948030794
8552    0.0802947898437
8554    0.0802947886009
8556    0.0802947801334
8558    0.080287210193
8560    0.0802811857864
8562    0.0802811857731
8564    0.0802811783127
8566    0.0802811782756
8568    0.0802790925814
8570    0.0802681935947
8572    0.0802574750145
8574    0.080256011842
8576    0.0802552080566
8578    0.0802552058132
8580    0.0802552052598
8582    0.0802430585596
8584    0.0802332627326
8586    0.080232399327
8588    0.0802323004198
8590    0.0802319050193
8592    0.0802246875606
8594    0.0802100011435
8596    0.0802096820479
8598    0.0802010709535
8600    0.0802010703459
8602    0.0802010030839
8628    0.0794011707915
8654    0.0788015580002
8656    0.0788013720877
8658    0.0788009966598
8660    0.0788009966454
8662    0.0788006661091
8664    0.0787912169498
8666    0.078780683463
8668    0.0787806834446
8670    0.0787806822539
8672    0.078780659418
8674    0.0787792252072
8676    0.078770077333
8678    0.078760877034
8680    0.0787604755915
8682    0.0787604627484
8684    0.0787604614962
8686    0.0787604535364
8688    0.0787530295412
8690    0.0787471119623
8692    0.0787471119494
8694    0.0787471043809
8696    0.0787471043498
8698    0.078745065981
8700    0.0787342963027
8702    0.0787237087935
8704    0.0787222839066
8706    0.0787215114975
8708    0.0787215093049
8710    0.0787215087707
8712    0.0787094642128
8714    0.078699800102
8716    0.0786989628
8718    0.0786988767423
8720    0.0786984852143
8722    0.078691470416
8724    0.078676748779
8726    0.0786764529473
8728    0.078667937107
8730    0.0786679365158
8732    0.0786678573153
8758    0.0778746514131
8784    0.0772943502351
8786    0.0772941705889
8788    0.0772938075407
8790    0.0772938075266
8792    0.0772934875617
8794    0.0772841693597
8796    0.0772737461692
8798    0.0772737461517
8800    0.0772737449613
8802    0.0772737229406
8804    0.077272327456
8806    0.0772633306258
8808    0.0772542756693
8810    0.0772538946397
8812    0.077253882175
8814    0.0772538809135
8816    0.0772538734353
8818    0.0772465918705
8820    0.0772407775991
8822    0.0772407775866
8824    0.0772407699123
8826    0.0772407698854
8828    0.0772387773517
8830    0.0772281355169
8832    0.0772176774873
8834    0.0772162895219
8836    0.0772155470335
8838    0.0772155448935
8840    0.0772155443779
8842    0.0772036010036
8844    0.0771940667761
8846    0.0771932535091
8848    0.0771931786365
8850    0.0771927909406
8852    0.0771859675305
8854    0.0771712352267
8856    0.0771709615618
8858    0.0771625518103
8860    0.0771625512363
8862    0.0771624613262
8888    0.0763796820401
8914    0.0758213487095
8916    0.0758211749633
8918    0.0758208236893
8920    0.0758208236749
8922    0.0758205138601
8924    0.0758113242232
8926    0.0758010095118
8928    0.0758010094943
8930    0.0758010083039
8932    0.0758009870526
8934    0.0757996288636
8936    0.0757907806242
8938    0.0757818688191
8940    0.0757815070322
8942    0.0757814949326
8944    0.0757814936623
8946    0.0757814866388
8948    0.0757743440896
8950    0.0757686297799
8952    0.0757686297678
8954    0.0757686219898
8956    0.0757686219674
8958    0.0757666738395
8960    0.0757561584039
8962    0.0757458282894
8964    0.0757444759403
8966    0.0757437619968
8968    0.0757437599111
8970    0.0757437594128
8972    0.0757319162831
8974    0.075722510143
8976    0.0757217190698
8978    0.0757216539334
8980    0.0757212700281
8982    0.0757146274165
8984    0.0756999075434
8986    0.0756996552013
8988    0.0756913619827
8990    0.0756913614278
8992    0.0756912627326
9018    0.0749229173717
9044    0.0743888635442
9046    0.0743886953582
9048    0.0743883552889
9050    0.0743883552744
9052    0.0743880552089
9054    0.0743789917898
9056    0.0743687837796
9058    0.074368783763
9060    0.0743687825733
9062    0.0743687620497
9064    0.0743674397941
9066    0.0743587377348
9068    0.0743499669241
9070    0.0743496232872
9072    0.0743496115414
9074    0.0743496102625
9076    0.0743496036696
9078    0.0743425968154
9080    0.0743369792836
9082    0.0743369792714
9084    0.0743369713921
9086    0.0743369713729
9088    0.0743350662776
9090    0.074324675819
9092    0.0743144720809
9094    0.0743131540999
9096    0.0743124673992
9098    0.0743124653694
9100    0.0743124648868
9102    0.0743007210857
9104    0.0742914412717
9106    0.0742906707518
9108    0.0742906140888
9110    0.0742902339346
9112    0.0742837621426
9114    0.0742690762121
9116    0.0742688445094
9118    0.0742606779342
9120    0.0742606774001
9122    0.0742605723825
9148    0.0735107165262
9174    0.0730028676425
9176    0.0730027047047
9178    0.073002375306
9180    0.0730023752918
9182    0.0730020845947
9184    0.0729931450915
9186    0.072983042042
9188    0.072983042026
9190    0.0729830408363
9192    0.0729830210011
9194    0.0729817333817
9196    0.0729731751356
9198    0.0729645431959
9200    0.072964216688
9202    0.0729642052838
9204    0.0729642039976
9206    0.0729641978111
9208    0.0729573234248
9210    0.0729517996404
9212    0.0729517996289
9214    0.0729517916506
9216    0.0729517916346
9218    0.0729499282532
9220    0.0729396613689
9222    0.0729295824934
9224    0.0729282976842
9226    0.0729276369948
9228    0.0729276350214
9230    0.0729276345544
9232    0.0729159891827
9234    0.0729068339692
9236    0.0729060825381
9238    0.0729060332505
9240    0.0729056568072
9242    0.072899346418
9244    0.0728847142656
9246    0.0728845026003
9248    0.0728764724669
9250    0.0728764719544
9252    0.0728763634081
9278    0.0721489407886
9304    0.071668805607
9306    0.0716686476277
9308    0.0716683283977
9310    0.0716683283836
9312    0.0716680466929
9314    0.0716592288476
9316    0.0716492290547
9318    0.0716492290394
9320    0.0716492278508
9322    0.0716492086678
9324    0.0716479544463
9326    0.0716395376855
9328    0.0716310425242
9330    0.0716307321884
9332    0.0716307211153
9334    0.0716307198215
9336    0.0716307140184
9338    0.0716239689602
9340    0.0716185360361
9342    0.0716185360243
9344    0.0716185279491
9346    0.0716185279357
9348    0.0716167050003
9350    0.0716065603071
9352    0.0715966048029
9354    0.0715953520237
9356    0.0715947161792
9358    0.0715947142629
9360    0.0715947138096
9362    0.0715831659878
9364    0.0715741336792
9366    0.0715734000301
9368    0.0715733571611
9370    0.0715729843894
9372    0.0715668265194
9374    0.0715522662498
9376    0.0715520740325
9378    0.0715441898224
9380    0.0715441893328
9382    0.0715440801528
9408    0.0708427704093
9434    0.0703914237917
9436    0.0703912705041
9438    0.0703909609707
9440    0.0703909609564
9442    0.0703906879282
9444    0.0703819895264
9446    0.0703720913211
9448    0.0703720913056
9450    0.0703720901176
9452    0.0703720715528
9454    0.07037084955
9456    0.0703625719879
9458    0.0703542115449
9460    0.0703539164863
9462    0.0703539057343
9464    0.0703539044342
9466    0.0703538989928
9468    0.0703472802105
9470    0.0703419353945
9472    0.0703419353834
9474    0.0703419272138
9476    0.0703419272031
9478    0.0703401434969
9480    0.0703301196292
9482    0.0703202860284
9484    0.0703190641817
9486    0.0703184520778
9488    0.0703184502184
9490    0.0703184497789
9492    0.0703069986442
9494    0.0702980875763
9496    0.0702973705388
9498    0.0702973332553
9500    0.0702969641165
9502    0.0702909503983
9504    0.0702764783602
9506    0.070276304956
9508    0.070268575803
9510    0.0702685753379
9512    0.0702684683032
9538    0.0695965520573
9563    0.0692038610752
9565    0.0692037122413
9567    0.0692034119608
9569    0.0692034119467
9571    0.0692031472529
9573    0.0691945661456
9575    0.0691847678904
9577    0.0691847678759
9579    0.0691847666893
9581    0.0691847487115
9583    0.069183557801
9585    0.0691754171865
9587    0.0691671894288
9589    0.0691669088087
9591    0.0691668983681
9593    0.0691668970617
9595    0.069166891961
9597    0.0691603964835
9599    0.0691551371486
9601    0.0691551371374
9603    0.069155128875
9605    0.069155128866
9607    0.0691533832169
9609    0.0691434788257
9611    0.0691337656805
9613    0.0691325737166
9615    0.0691319843069
9617    0.0691319825053
9619    0.0691319820786
9621    0.0691206267816
9623    0.0691118353168
9625    0.0691111338439
9627    0.0691111014214
9629    0.0691107358766
9631    0.0691048585076
9633    0.0690904903096
9635    0.06909033521
9637    0.0690827939382
9639    0.0690827934972
9641    0.0690826872045
9667    0.0684472053966
9685    0.0681767273795
9687    0.0681765828037
9689    0.0681762913575
9691    0.0681762913445
9693    0.0681760346729
9695    0.0681675688207
9697    0.068157868906
9699    0.0681578688916
9701    0.0681578677059
9703    0.0681578502864
9705    0.0681566893936
9707    0.0681486835096
9709    0.0681405864303
9711    0.0681403194619
9713    0.0681403093232
9715    0.0681403080111
9717    0.0681403032316
9719    0.0681339281653
9721    0.0681287518009
9723    0.0681287517902
9725    0.0681287434373
9727    0.0681287434301
9729    0.0681270347112
9731    0.0681172484601
9733    0.0681076543385
9735    0.0681064912508
9737    0.0681059235428
9739    0.0681059217972
9741    0.0681059213822
9743    0.0680946610841
9745    0.0680859876088
9747    0.0680853007611
9749    0.068085272568
9751    0.0680849105792
