26    3.55596063696
52    3.40440230361
78    3.40231017449
104    3.27926445498
109    3.27916424875
135    3.17632800193
161    3.14900421576
187    3.01880310026
211    2.89549579834
237    2.77539246543
239    2.77539245755
265    2.7419878973
291    2.7147339199
317    2.65595224367
333    2.5322688842
356    2.40841647202
382    2.38612867604
408    2.32804295271
434    2.2818502193
460    2.1422222161
486    2.0211710968
512    1.92626369755
514    1.92626232012
540    1.91351835854
566    1.89366054793
592    1.74759345372
618    1.62501561494
644    1.57932933301
670    1.57277604012
696    1.49396913885
722    1.46307545456
748    1.29946440603
774    1.17714359963
785    1.05255934276
787    1.05255598152
813    0.929959151352
833    0.925643014907
847    0.799814342846
873    0.484499955353
899    0.456549772556
902    0.456517315557
928    0.445567996186
954    0.439664114917
980    0.43864688352
982    0.438646026929
984    0.438645917084
997    0.438332634158
1023    0.428649849343
1049    0.427740882186
1051    0.427740870115
1053    0.427730817964
1055    0.42773081767
1081    0.417726456506
1107    0.410878994242
1133    0.395229857517
1135    0.39522984713
1137    0.395229736836
1163    0.388726054123
1189    0.382748483673
1215    0.37369164102
1241    0.37066926928
1243    0.370664856585
1269    0.36682975662
1271    0.366829756493
1297    0.358997130149
1323    0.351429865101
1349    0.341024295989
1351    0.341021059418
1377    0.32757493577
1379    0.327572820865
1405    0.325307991033
1431    0.322620496585
1457    0.311347621403
1459    0.3113447812
1461    0.311344761114
1463    0.311344759832
1465    0.311344419625
1467    0.311331808991
1469    0.311322562715
1495    0.299166494204
1521    0.292889454869
1523    0.29288939736
1549    0.289488788973
1575    0.287109255225
1601    0.286341441281
1603    0.286341421939
1605    0.286341376027
1607    0.286338463409
1633    0.278539983921
1636    0.278507130873
1638    0.278507123605
1640    0.27850710597
1642    0.27850710591
1668    0.275534340129
1694    0.27245104414
1720    0.265683455277
1722    0.265683454288
1724    0.26568345206
1750    0.263581076881
1776    0.26270566173
1802    0.258399205117
1828    0.256829455152
1830    0.256829310664
1839    0.256661665598
1841    0.256661665572
1867    0.252381403237
1893    0.248791325355
1919    0.244357193218
1921    0.244357003183
1947    0.240541933553
1949    0.240541728957
1951    0.240532954818
1977    0.239544715358
2003    0.234389801579
2005    0.234387942216
2007    0.234387935218
2009    0.234387934515
2011    0.234387745641
2013    0.234377802981
2015    0.234370359362
2041    0.230451038437
2067    0.228016388712
2069    0.228016386792
2095    0.226474583768
2121    0.225305304916
2147    0.224711786174
2149    0.224711777774
2151    0.224711747253
2153    0.224710259939
2179    0.217873023879
2181    0.217857744819
2183    0.217857740606
2185    0.217857638702
2187    0.217857638681
2213    0.216804317612
2239    0.214696166096
2265    0.21037158655
2267    0.210371586255
2269    0.210371580702
2295    0.209561633516
2297    0.209548772749
2323    0.206794265867
2349    0.205882593091
2351    0.205882582548
2353    0.205874674508
2355    0.205874674508
2381    0.203493204673
2407    0.201345003185
2433    0.198682306424
2435    0.198682256223
2461    0.197402921543
2463    0.197402891085
2465    0.197400360267
2476    0.197205929451
2502    0.194064965291
2504    0.194063744657
2506    0.19406374181
2508    0.194063741457
2510    0.194063631543
2512    0.194055724296
2514    0.194049641339
2540    0.192283987344
2566    0.191082010752
2568    0.191082010587
2594    0.19032819638
2620    0.189737704969
2646    0.189263416426
2648    0.189263411007
2650    0.189263389115
2652    0.189262778817
2678    0.183088984534
2680    0.183074416017
2682    0.183074413658
2684    0.1830743026
2686    0.183074302587
2703    0.182768751821
2729    0.181157139362
2755    0.17801708489
2757    0.178017084747
2759    0.178017078521
2766    0.177913542784
2768    0.177906299607
2794    0.176014080251
2816    0.175572831268
2818    0.175572828665
2820    0.175569532428
2822    0.175569532418
2848    0.174131937167
2874    0.172414552846
2900    0.170395520849
2902    0.170395487609
2922    0.169982852264
2924    0.169982842206
2926    0.169981695106
2928    0.1699656274
2954    0.1677225513
2956    0.167721744509
2958    0.167721743093
2960    0.167721742891
2962    0.167721675948
2964    0.1677153317
2966    0.167710301247
2992    0.166851279215
3018    0.166231616418
3020    0.166231616252
3024    0.166181254744
3032    0.16606101886
3034    0.166044974695
3036    0.166044969958
3038    0.1660449698
3040    0.166044832326
3066    0.16033302424
3068    0.160319295159
3070    0.160319293609
3072    0.160319242373
3074    0.160319242364
3076    0.160306645301
3102    0.159076044956
3128    0.15674300521
3130    0.156743005114
3132    0.156742998986
3134    0.156730724698
3136    0.156726480789
3162    0.155411632536
3164    0.155395157016
3166    0.155395155564
3168    0.155393852662
3170    0.155393852652
3196    0.154441100357
3222    0.152813900574
3248    0.151034909657
3250    0.151034885344
3252    0.151019839011
3254    0.151019833866
3256    0.151019148085
3258    0.151003364519
3284    0.149264305927
3286    0.149263766541
3288    0.149263765705
3290    0.149263765553
3292    0.149263723022
3294    0.14925858308
3296    0.14925437236
3309    0.149021964436
3312    0.148988879311
3314    0.148988879159
3316    0.148974044543
3318    0.148958012403
3320    0.148943383673
3322    0.148943378119
3324    0.148943377989
3326    0.148943332532
3352    0.143604143188
3354    0.143591296481
3356    0.143591295318
3358    0.143591255511
3360    0.143591255504
3362    0.143581970305
3388    0.142660386743
3414    0.14094641536
3416    0.140946415284
3418    0.14094640373
3420    0.140937507729
3422    0.140934667019
3448    0.140015588915
3450    0.139999161076
3452    0.13999915999
3454    0.13999866448
3456    0.139998664464
3482    0.139311509761
3508    0.137688892774
3534    0.136010854979
3536    0.136010836415
3538    0.135998586281
3540    0.135998583502
3542    0.135998214602
3544    0.135982733426
3570    0.134588486452
3572    0.134588121808
3574    0.134588121053
3576    0.13458812094
3578    0.134588092881
3580    0.134583914125
3582    0.134580342097
3584    0.134564204522
3586    0.134548408094
3588    0.134548408001
3590    0.134533990146
3592    0.134518386841
3594    0.134504410416
3596    0.134504403182
3598    0.134504403058
3600    0.134504382077
3626    0.129478348362
3628    0.129466382231
3630    0.129466381337
3632    0.129466343341
3634    0.129466343335
3636    0.129459633607
3662    0.128779287554
3688    0.127534315187
3690    0.127534315133
3692    0.12753430102
3694    0.127527946086
3696    0.127526135693
3722    0.126877881007
3724    0.126861437327
3726    0.12686143644
3728    0.12686125683
3730    0.126861256811
3756    0.126332071456
3782    0.12471973748
3808    0.123110062017
3810    0.123110047231
3812    0.123100373143
3814    0.12310037162
3816    0.123100177908
3818    0.123085034605
3844    0.121953810443
3846    0.121953561277
3848    0.121953560575
3850    0.121953560492
3852    0.121953541369
3854    0.121950134798
3856    0.121947064191
3858    0.121931358931
3860    0.121915974872
3862    0.121915974799
3864    0.121901956163
3866    0.121886768474
3868    0.121872746163
3870    0.121872736506
3872    0.121872736387
3874    0.121872723528
3900    0.117115061018
3902    0.11710394649
3904    0.1171039458
3906    0.117103911919
3908    0.117103911914
3910    0.117099119856
3936    0.116618496644
3962    0.11572185251
3964    0.115721852473
3966    0.115721838255
3968    0.1157173363
3970    0.115716210848
3989    0.115381024337
3991    0.115364702421
3993    0.115364701675
3995    0.115364640909
3997    0.115364640889
4010    0.115153719776
4036    0.113590288404
4062    0.11206104463
4064    0.112061032396
4066    0.112053498547
4068    0.112053497705
4070    0.112053393841
4072    0.112038638044
4098    0.11111752677
4100    0.111117354728
4102    0.111117354087
4104    0.111117354026
4106    0.111117340636
4108    0.111114557381
4110    0.111111881192
4112    0.111096600915
4114    0.111081611036
4116    0.111081610969
4118    0.111067974464
4120    0.111053188287
4122    0.111038560672
4124    0.111038547852
4126    0.111038547732
4128    0.111038537946
4154    0.106516096975
4156    0.106505791214
4158    0.106505790676
4160    0.106505767733
4162    0.106505767728
4164    0.106502354509
4166    0.106485996271
4192    0.105843762972
4194    0.105843762944
4196    0.105843751124
4198    0.105840430984
4200    0.105839628514
4202    0.105823190269
4204    0.105807279109
4206    0.105807278516
4208    0.105807262336
4210    0.105807262317
4214    0.105756952802
4240    0.104275192835
4266    0.102841668309
4268    0.102841657835
4270    0.102835825197
4272    0.102835824751
4274    0.102835766259
4276    0.102821440174
4302    0.102071265883
4304    0.102071145873
4306    0.102071145308
4308    0.102071145263
4310    0.102071135677
4312    0.102068857403
4314    0.102066494671
4316    0.102051629905
4318    0.102037021364
4320    0.102037021299
4322    0.102023750129
4324    0.102009350149
4326    0.101993704462
4328    0.101993687689
4330    0.101993687562
4332    0.10199367897
4358    0.0976830985561
4360    0.0976735472354
4362    0.097673546834
4364    0.0976735366507
4366    0.0976735366458
4368    0.0976708818171
4370    0.0976546390716
4390    0.0973033284762
4392    0.0973033284508
4394    0.097303320478
4396    0.0973005222477
4398    0.0972997382725
4400    0.0972834775433
4402    0.0972679676991
4404    0.0972679671693
4406    0.0972679636938
4408    0.0972679636771
4410    0.0972517533977
4436    0.0958732696214
4462    0.0945487763319
4464    0.0945487670941
4466    0.094544261092
4468    0.0945442608889
4470    0.0945442256873
4472    0.0945303565258
4498    0.0939200043703
4500    0.0939199198167
4502    0.093919919333
4504    0.0939199192993
4506    0.0939199123149
4508    0.093918044343
4510    0.0939159325201
4512    0.0939014729747
4514    0.0938872350079
4516    0.0938872349443
4518    0.0938743125945
4520    0.093860282271
4524    0.0938099120241
4526    0.0938098904974
4528    0.0938098899894
4530    0.0938098793161
4556    0.0896933017448
4558    0.0896844526358
4560    0.089684452312
4562    0.0896844431962
4564    0.0896844431908
4566    0.0896822684844
4568    0.0896661402717
4570    0.089649903651
4572    0.0896499036229
4574    0.0896498977604
4576    0.0896471871106
4578    0.0896464231585
4580    0.089630391021
4582    0.0896152802226
4584    0.089615279712
4586    0.0896152788791
4588    0.0896152788637
4590    0.0896000426026
4616    0.0883405239861
4642    0.0871364438075
4644    0.0871364354512
4646    0.0871329564011
4648    0.0871329563335
4650    0.0871329335127
4652    0.0871195342008
4678    0.0866235367496
4680    0.0866234765926
4682    0.0866234761875
4684    0.0866234761628
4686    0.086623471003
4688    0.0866219371865
4690    0.0866200274495
4692    0.0866059625426
4694    0.0865920852999
4696    0.0865920852361
4698    0.0865794954956
4700    0.0865658172167
4713    0.0863577992824
4715    0.0863577723043
4717    0.086357767055
4719    0.0863577404547
4745    0.0824132849361
4747    0.0824050778206
4749    0.0824050775257
4751    0.0824050684567
4753    0.0824050684508
4755    0.0824029550906
4757    0.0823870432619
4759    0.082371040213
4761    0.0823710401851
4763    0.0823710355061
4765    0.0823684087994
4767    0.0823676643805
4769    0.082351857116
4771    0.0823371342682
4773    0.0823371337812
4775    0.0823371332964
4777    0.0823371332822
4779    0.0823232333822
4805    0.081192266153
4831    0.080115419256
4833    0.0801154115352
4835    0.0801127260344
4837    0.0801127260243
4839    0.0801127100919
4841    0.0800997825683
4847    0.0800157192106
4849    0.0800156753548
4851    0.0800156750225
4853    0.0800156749981
4855    0.0800156711459
4857    0.0800144089237
4859    0.0800126629505
4861    0.0799989821197
4863    0.0799854562843
4865    0.07998545622
4867    0.079973183617
4869    0.0799598384783
4883    0.0797312686847
4885    0.0797312357322
4887    0.0797312301209
4889    0.0797312000852
4915    0.0759631969322
4917    0.0759555884748
4919    0.0759555882009
4921    0.0759555791928
4923    0.0759555791874
4925    0.0759535248349
4927    0.0759378264985
4929    0.0759220523934
4931    0.0759220523647
4933    0.0759220483512
4935    0.0759195021265
4937    0.0759187767334
4939    0.0759031906643
4941    0.0758888453296
4943    0.0758888448806
4945    0.0758888440286
4947    0.075888844015
4949    0.0758764690726
4975    0.0748775133353
5001    0.0739293694078
5003    0.0739293618342
5005    0.0739268603685
5007    0.0739268603675
5009    0.0739268422573
5011    0.0739144226012
5013    0.073898027106
5015    0.073897994763
5017    0.0738979944942
5019    0.0738979944761
5021    0.0738979915759
5023    0.0738969514466
5025    0.0738953390394
5027    0.0738820318867
5029    0.0738688485147
5031    0.0738688484501
5033    0.0738568773626
5035    0.0738438446139
5050    0.0735978076315
5052    0.0735977679527
5054    0.0735977618149
5056    0.0735977312972
5082    0.0700196117961
5084    0.0700125612053
5086    0.0700125609472
5088    0.070012552013
5090    0.0700125520068
5092    0.070010554437
5094    0.069995066782
5096    0.0699795172118
5098    0.0699795171842
5100    0.0699795135348
5102    0.0699770445092
5104    0.0699763376359
5106    0.0699609692042
5108    0.069946991453
5110    0.0699469910514
5112    0.0699469889734
5114    0.0699469889611
5116    0.0699361945556
5142    0.0690671999263
5168    0.0682443181179
5170    0.0682443106049
5172    0.0682418989185
5174    0.0682418989
5176    0.0682418770282
5178    0.0682299509793
5180    0.0682137023347
5182    0.0682136783008
5184    0.0682136780866
5186    0.0682136780686
5188    0.0682136758712
5190    0.0682128177982
5192    0.0682113150874
5194    0.0681983714351
5196    0.0681855218712
5198    0.0681855218057
5200    0.068173836967
5202    0.068161095582
5215    0.0679518491893
5217    0.0679518018909
5219    0.0679517976808
5221    0.0679517737211
5247    0.064586376752
5249    0.064579847157
5251    0.064579846911
5253    0.0645798380605
5255    0.0645798380548
5257    0.0645778951452
5259    0.0645626154114
5261    0.0645472861386
5263    0.0645472861113
5265    0.0645472826444
5267    0.0645448876971
5269    0.064544198842
5271    0.064529044578
5273    0.0645154248528
5275    0.0645154245014
5277    0.0645154198527
5279    0.0645154198411
5281    0.0645061649851
5307    0.0637606465511
5333    0.0630557135798
5335    0.0630557061253
5337    0.0630533792144
5339    0.0630533791664
5341    0.063053353665
5343    0.0630418969687
5345    0.06302579301
5347    0.063025775022
5349    0.0630257748527
5351    0.063025774834
5353    0.0630257731607
5355    0.0630250645175
5357    0.0630236525792
5359    0.0630110624896
5361    0.0629985383182
5363    0.0629985382521
5365    0.0629871245378
5367    0.0629746544484
5377    0.0628191862348
5379    0.0628191302358
5381    0.0628191279982
5383    0.062819111813
5409    0.0596870323356
5411    0.0596809867457
5413    0.0596809865098
5415    0.0596809777525
5417    0.0596809777467
5419    0.0596790874717
5421    0.0596640129432
5423    0.0596488998893
5425    0.0596488998628
5427    0.0596488964653
5429    0.0596465726282
5431    0.0596459012994
5433    0.0596309578174
5435    0.05961768688
5437    0.0596176865783
5439    0.0596176775817
5441    0.0596176775712
5443    0.0596098572022
5469    0.0589781807152
5495    0.0583812341961
5497    0.0583812268005
5499    0.058378980509
5501    0.0583789804294
5503    0.0583789514904
5505    0.0583679412759
5507    0.0583519799407
5509    0.0583519663878
5511    0.0583519662565
5513    0.0583519662377
5515    0.0583519649589
5517    0.0583513791185
5519    0.058350042908
5521    0.0583377966974
5523    0.0583255897269
5525    0.0583255896603
5527    0.0583144324069
5529    0.0583022153621
5536    0.0581997439044
5538    0.0581996780588
5540    0.0581996771176
5542    0.0581996668926
5568    0.0553145072941
5570    0.0553089074681
5572    0.05530890724
5574    0.0553088985828
5576    0.0553088985773
5578    0.0553070590042
5580    0.0552921870109
5582    0.0552772862478
5584    0.0552772862218
5586    0.0552772828241
5588    0.0552750272735
5590    0.0552743729902
5592    0.0552596369911
5594    0.0552467058911
5596    0.0552467056358
5598    0.0552466902624
5600    0.0552466902524
5602    0.055240162341
5628    0.0547108085902
5654    0.0542104057675
5656    0.054210398432
5658    0.0542082290976
5660    0.054208228989
5662    0.0542081968482
5664    0.0541976115454
5666    0.0541817908002
5668    0.0541817805255
5670    0.054181780425
5672    0.0541817804065
5674    0.0541817794261
5676    0.0541812946186
5678    0.0541800221382
5680    0.0541681103847
5682    0.0541562126389
5684    0.054156212571
5686    0.0541452978891
5688    0.0541333177634
5692    0.0540827620209
5694    0.0540826852161
5696    0.0540826850059
5698    0.0540826790478
5724    0.0514499693184
5726    0.0514447769501
5728    0.0514447767287
5730    0.0514447681778
5732    0.0514447681721
5734    0.0514429774568
5736    0.0514283053734
5738    0.0514136131139
5740    0.0514136130891
5742    0.0514136096468
5744    0.0514114196949
5746    0.0514107819895
5748    0.0513962502555
5750    0.0513836503081
5752    0.0513836500946
5754    0.051383626264
5756    0.0513836262549
5758    0.0513782327383
5775    0.0510981152259
5784    0.0509617392094
5786    0.0509617319201
5788    0.0509596361545
5790    0.0509596360523
5792    0.0509596009973
5794    0.0509494171125
5796    0.0509337351812
5798    0.0509337273473
5800    0.0509337272721
5802    0.0509337272537
5804    0.0509337265005
5806    0.050933324907
5808    0.0509321065586
5810    0.0509205200636
5812    0.0509089237386
5814    0.0509089236699
5816    0.0508982386293
5818    0.0508864816634
5820    0.0508699531323
5822    0.0508698644092
5824    0.0508698643924
5826    0.0508698605946
5852    0.0484875347462
5854    0.048482711646
5856    0.0484827114305
5858    0.0484827029907
5860    0.0484827029855
5862    0.0484809593622
5864    0.0484664845704
5866    0.0484519971247
5868    0.0484519971004
5870    0.0484519936496
5872    0.0484498667331
5874    0.0484492451503
5876    0.048434914514
5878    0.048422638003
5880    0.0484226377989
5882    0.0484226036225
5884    0.0484226036144
5886    0.0484177094846
5888    0.0484012842875
5890    0.048384793399
5892    0.0483847861583
5894    0.0483827608274
5896    0.0483827607526
5898    0.048382723069
5900    0.0483729207984
5902    0.0483573758281
5904    0.0483573698244
5906    0.0483573697684
5908    0.0483573697506
5910    0.0483573691708
5912    0.0483570361851
5914    0.0483558642671
5916    0.0483445941044
5918    0.0483332916143
5920    0.0483332915457
5922    0.0483228245671
5924    0.0483112790811
5926    0.0482953424475
5928    0.0482952411766
5930    0.0482952411563
5932    0.0482952374354
5958    0.0461567326039
5960    0.0461522412634
5962    0.0461522410535
5964    0.0461522327289
5966    0.0461522327237
5968    0.0461505345087
5970    0.0461362544536
5972    0.0461219682776
5974    0.0461219682539
5976    0.046121964898
5978    0.0461198985781
5980    0.046119292681
5982    0.0461051600828
5984    0.046093199188
5986    0.0460931989751
5988    0.0460931655021
5990    0.0460931654929
5992    0.0460883654077
5994    0.0460720778008
5996    0.0460557216041
5998    0.0460557144198
6000    0.0460537565838
6002    0.0460537565278
6004    0.0460537164977
6006    0.046044278063
6008    0.0460288682268
6010    0.0460288636026
6012    0.0460288635625
6014    0.0460288635448
6016    0.0460288630975
6018    0.0460285867342
6020    0.0460274550482
6022    0.0460164925703
6024    0.0460054765518
6026    0.046005476482
6028    0.0459952176736
6030    0.0459838734444
6032    0.0459687918883
6034    0.0459686777281
6036    0.0459686777112
6038    0.0459686739698
6064    0.0440638111819
6066    0.0440596179951
6068    0.0440596177896
6070    0.0440596095833
6072    0.0440596095787
6074    0.0440579551673
6076    0.0440438673653
6078    0.0440297790658
6080    0.0440297790429
6082    0.0440297758126
6084    0.0440277677712
6086    0.0440271771373
6088    0.0440132396132
6090    0.0440015856519
6092    0.0440015854331
6094    0.0440015526248
6096    0.0440015526158
6098    0.0439968441201
6100    0.0439806926804
6102    0.0439644698081
6104    0.0439644626861
6106    0.0439625695559
6108    0.0439625695125
6110    0.0439625274187
6112    0.0439534360525
6114    0.0439381596066
6116    0.0439381560307
6118    0.0439381560029
6120    0.0439381559862
6122    0.0439381556415
6124    0.0439379260529
6126    0.0439368295881
6128    0.0439261663822
6130    0.0439154296546
6132    0.043915429584
6134    0.0439053703936
6136    0.0438942193673
6138    0.0438801699663
6140    0.0438800427735
6142    0.0438800427592
6144    0.0438800391329
6170    0.0421955296792
6172    0.0421916047027
6174    0.0421916045018
6176    0.0421915964162
6178    0.0421915964114
6180    0.0421899842702
6182    0.042176086275
6184    0.0421621925649
6186    0.0421621925427
6188    0.0421621894242
6190    0.0421602374521
6192    0.0421596616698
6194    0.0421459163172
6196    0.0421345612501
6198    0.0421345610273
6200    0.042134528847
6202    0.0421345288389
6204    0.0421299095629
6206    0.0421138929067
6208    0.0420978020381
6210    0.0420977949835
6212    0.0420959639033
6214    0.0420959638696
6216    0.0420959199877
6218    0.0420871598614
6220    0.042072015145
6222    0.042072012368
6224    0.0420720123498
6226    0.0420720123331
6228    0.0420720120667
6230    0.0420718211533
6232    0.0420707558432
6234    0.0420603837299
6236    0.0420499192936
6238    0.0420499192222
6240    0.0420400524165
6242    0.0420290886255
6244    0.0420161782772
6246    0.0420160380954
6248    0.0420160380846
6250    0.042016034685
6276    0.0405362979532
6278    0.0405326145154
6280    0.040532614318
6282    0.0405326063543
6284    0.0405326063499
6286    0.0405310350117
6288    0.0405173244113
6290    0.0405036221047
6292    0.040503622083
6294    0.0405036190542
6296    0.0405017210437
6298    0.0405011597124
6300    0.0404876036889
6302    0.0404765397845
6304    0.0404765395604
6306    0.040476507973
6308    0.0404765079658
6310    0.0404719756212
6312    0.0404560924062
6314    0.0404401322639
6316    0.0404401252812
6318    0.0404383537171
6320    0.0404383536892
6322    0.0404383082868
6324    0.0404298644426
6326    0.0404148498695
6328    0.0404148477057
6330    0.0404148476943
6332    0.040414847678
6334    0.0404148474718
6336    0.0404146885641
6338    0.040413651095
6340    0.0404035621182
6342    0.0403933631482
6344    0.0403933630763
6346    0.0403836826669
6348    0.0403729020065
6350    0.0403611787064
6352    0.0403610257609
6354    0.0403610257526
6356    0.0403610226394
6382    0.0390690362818
6384    0.0390655706605
6386    0.0390655704669
6388    0.0390655626263
6390    0.039065562622
6392    0.0390640306837
6394    0.0390505051001
6396    0.0390369911061
6398    0.039036991085
6400    0.0390369881267
6402    0.0390351420688
6404    0.0390345947999
6406    0.0390212253226
6408    0.0390104450893
6410    0.0390104448648
6412    0.0390104138374
6414    0.0390104138311
6416    0.0390059662075
6418    0.0389902151288
6420    0.0389743844736
6422    0.0389743775657
6424    0.038972663099
6426    0.0389726630751
6428    0.0389726164074
6430    0.0389644746954
6432    0.0389495887467
6434    0.0389495870554
6436    0.0389495870489
6438    0.0389495870335
6440    0.0389495868738
6442    0.0389494544752
6444    0.0389484421326
6446    0.038938628557
6448    0.0389286883987
6450    0.0389286883259
6452    0.0389191894602
6454    0.0389085894143
6456    0.0388980536755
6458    0.0388978883631
6460    0.0388978883574
6462    0.038897885553
6488    0.0377759731737
6490    0.0377727043154
6492    0.0377727041257
6494    0.0377726964091
6496    0.0377726964051
6498    0.0377712025251
6500    0.0377578596134
6502    0.0377445309308
6504    0.0377445309103
6506    0.037744528007
6508    0.0377427319845
6510    0.0377421984017
6512    0.0377290127453
6514    0.0377185089028
6516    0.0377185086793
6518    0.0377184781802
6520    0.037718478174
6522    0.0377141131341
6524    0.0376984929222
6526    0.0376827905523
6528    0.0376827837223
6530    0.0376811240431
6532    0.0376811240228
6534    0.0376810763308
6536    0.0376732233561
6538    0.0376584645771
6540    0.0376584632507
6542    0.0376584632477
6544    0.0376584632324
6546    0.0376584631089
6548    0.0376583526841
6550    0.0376573632346
6552    0.0376478175361
6554    0.0376381297015
6556    0.0376381296279
6558    0.0376288084583
6560    0.0376183877979
6562    0.0376090039983
6564    0.0376088268694
6566    0.0376088268655
6568    0.0376088243698
6594    0.0366393261741
6596    0.0366362354346
6598    0.0366362352479
6600    0.0366362276553
6602    0.0366362276514
6604    0.0366347705452
6606    0.036621607991
6608    0.0366084617021
6610    0.0366084616822
6612    0.0366084588229
6614    0.0366067110057
6616    0.0366061907418
6618    0.0365931862347
6620    0.0365829517006
6622    0.0365829514791
6624    0.036582921479
6626    0.0365829214736
6628    0.0365786369512
6630    0.0365631463709
6632    0.0365475711177
6634    0.0365475643673
6636    0.0365459572691
6638    0.0365459572505
6640    0.0365459087595
6642    0.0365383318296
6644    0.03652369882
6646    0.0365236977778
6648    0.0365236977769
6650    0.0365236977621
6652    0.0365236976662
6654    0.0365236054698
6656    0.0365226370632
6658    0.0365133519252
6660    0.036503910088
6662    0.0365039100136
