13    3.75029632183
32    3.62651401148
34    3.62651221007
36    3.62650551385
38    3.62650471725
64    3.50961103064
66    3.5096110306
92    3.50556618353
118    3.38480940136
144    3.27316553147
170    3.15103872974
190    3.14937181072
192    3.1493601084
218    3.14263266779
225    3.14247493026
227    3.14246353839
250    3.01910004818
252    3.01910004818
254    3.01909267419
271    2.89487276849
286    2.77145111894
312    2.66809702916
314    2.66809663661
316    2.66809641739
318    2.66809129347
344    2.65406937725
346    2.65406937051
372    2.61275927775
374    2.61275927775
400    2.58656912696
426    2.46290301657
452    2.45951316652
465    2.33573650777
467    2.3357321592
469    2.33572905619
495    2.33218360709
497    2.33217777618
499    2.33217618625
525    2.23150015322
527    2.23150015322
553    2.21605684557
579    2.13947250222
605    2.04380180421
631    2.0036788892
657    1.97762485231
683    1.96832456081
709    1.95164961008
735    1.92593640462
761    1.92259332574
787    1.79823865182
789    1.79823865182
793    1.79818084426
802    1.67352934177
812    1.54990040732
825    1.42564347793
827    1.4256434697
829    1.42564346771
831    1.42564006855
833    1.42563571126
835    1.42563571089
861    1.30280796903
863    1.30280796903
866    1.30277685282
892    1.26980841201
911    1.14676179503
913    1.146761241
939    1.12306368723
965    1.10640582723
967    1.1063988168
969    1.10639167133
995    1.09526478001
1021    0.971809572143
1023    0.971809572142
1026    0.97177728345
1049    0.847936996268
1075    0.727451919172
1101    0.630713360336
1103    0.630712373231
1105    0.63071170235
1121    0.629735548717
1147    0.611641569423
1149    0.611641560059
1175    0.497195973721
1177    0.497192185796
1203    0.489904795516
1205    0.489904202802
1207    0.489896872391
1209    0.489896746995
1211    0.489892196007
1213    0.489892140204
1215    0.489891428455
1217    0.489891421216
1219    0.489886073462
1221    0.489885655526
1233    0.489584477258
1235    0.489580472634
1237    0.489573447933
1239    0.489567468113
1241    0.489555310127
1243    0.489552293067
1245    0.489545056052
1247    0.489542615622
1249    0.489542615575
1251    0.489540926155
1253    0.489540045226
1255    0.489537433845
1281    0.48754023187
1283    0.487540206289
1285    0.48754019189
1287    0.48753883256
1295    0.487406303978
1297    0.487406151829
1323    0.47036497068
1325    0.470364970506
1351    0.460569479234
1353    0.460567950822
1379    0.456639335203
1381    0.456633671976
1383    0.456632836165
1385    0.456632238539
1411    0.452632116633
1413    0.452629465293
1415    0.452629426679
1441    0.451358411093
1443    0.451358410806
1453    0.451176427898
1477    0.45057130155
1503    0.447573423155
1529    0.430341453604
1552    0.429824216577
1554    0.429809778795
1568    0.429505344319
1594    0.419913583931
1604    0.419749610682
1606    0.41974011733
1608    0.419740117216
1610    0.419737694029
1612    0.419737665038
1614    0.419736541537
1616    0.419736482751
1618    0.419736477766
1620    0.419736476548
1622    0.419736107873
1624    0.419736081667
1626    0.419736081343
1628    0.419732637529
1630    0.419732637508
1632    0.419727866412
1658    0.41285658226
1660    0.412850130673
1662    0.412848352361
1688    0.408255051718
1714    0.405389324765
1716    0.405388443942
1718    0.405382433476
1744    0.403610689538
1746    0.403605267488
1748    0.403605267488
1751    0.403574897577
1753    0.403572806688
1755    0.403561637156
1781    0.400051012151
1783    0.400051010463
1785    0.400051009315
1787    0.400041651113
1807    0.399485787456
1809    0.399485606817
1817    0.399344240914
1819    0.399339390725
1827    0.399192403657
1829    0.399192299325
1831    0.399189471122
1833    0.39918946831
1835    0.399187711239
1837    0.399187710087
1839    0.399187366911
1841    0.399187356904
1843    0.39918304698
1845    0.39918304662
1847    0.399170842389
1849    0.399168395155
1851    0.399164203032
1853    0.399160634122
1855    0.399150921424
1857    0.399149097485
1859    0.399144339394
1861    0.399143212927
1863    0.399143212898
1865    0.399142430558
1867    0.399141732202
1869    0.399141032318
1874    0.399074201516
1876    0.399074164882
1878    0.399074144253
1880    0.399073781757
1882    0.399059970094
1884    0.399059808448
1910    0.393475985398
1912    0.393475984226
1938    0.390349132435
1940    0.390348548812
1966    0.386359585395
1968    0.386358541519
1970    0.38635846222
1972    0.386358405644
1998    0.382398070487
2000    0.382397578816
2002    0.382397346005
2004    0.382393886058
2006    0.382393885855
2008    0.382382909468
2010    0.382380878378
2015    0.382312498734
2041    0.376327575314
2043    0.376317349301
2045    0.376307517152
2047    0.376296826404
2073    0.373178990965
2075    0.373163646248
2077    0.373157966012
2079    0.373157965893
2081    0.373157662254
2083    0.373157640933
2085    0.373157513874
2087    0.373157501362
2089    0.3731574946
2091    0.373157492947
2093    0.373157451211
2095    0.373157445638
2097    0.373157445212
2099    0.373155614947
2101    0.37315561494
2103    0.373152551991
2129    0.372267693965
2131    0.372263708976
2133    0.372262667214
2159    0.371557102465
2177    0.371251578368
2179    0.371251578214
2181    0.371245271617
2183    0.371230196826
2185    0.371229156664
2187    0.371229156664
2189    0.371219948263
2191    0.371218599531
2193    0.371210788759
2195    0.371196358087
2197    0.371196322186
2199    0.371196297789
2201    0.371189796364
2203    0.371176297132
2205    0.371176048896
2207    0.37117263798
2209    0.371169124042
2211    0.371156566409
2213    0.371156531222
2215    0.37115543922
2217    0.371155437766
2219    0.371154759002
2221    0.371154758259
2223    0.371154593876
2225    0.371154583798
2227    0.371150938062
2229    0.371150695675
2231    0.371140786529
2233    0.371139286285
2235    0.371136690188
2237    0.371134479968
2239    0.371126722612
2241    0.371125620064
2243    0.371122331744
2245    0.371121811267
2247    0.371121811248
2249    0.371121448348
2251    0.371120767801
2253    0.371120581595
2255    0.371105034514
2257    0.371104996555
2259    0.371104975176
2261    0.371104878695
2263    0.371090443139
2265    0.371090279466
2291    0.36948033231
2293    0.36948032923
2319    0.368612713087
2321    0.368612319888
2347    0.36480641673
2349    0.364806179585
2351    0.364806176127
2353    0.364806173665
2379    0.361113992567
2381    0.361113879168
2383    0.361112993423
2385    0.361110305473
2387    0.361110305378
2389    0.361100665248
2391    0.361098204762
2393    0.361084317777
2419    0.359146082246
2421    0.359136222427
2423    0.359126740862
2425    0.359117294923
2451    0.358151464394
2453    0.358137189281
2455    0.358133373414
2457    0.358133373312
2459    0.358133370858
2461    0.358133349926
2463    0.358133335001
2465    0.358133332224
2467    0.358133325375
2469    0.358133323701
2471    0.358133318791
2473    0.358133317555
2475    0.358133317127
2477    0.358132428118
2479    0.358132428116
2481    0.358130477789
2483    0.358121186021
2485    0.35811859581
2487    0.358117863225
2489    0.358103273454
2491    0.358088957589
2493    0.358088830673
2495    0.358082482541
2497    0.358068465394
2499    0.35806822902
2501    0.35806822902
2503    0.358061567883
2505    0.358060351675
2507    0.358054937711
2509    0.358042249284
2511    0.358042192202
2513    0.35804215341
2515    0.358037646584
2517    0.358025788581
2519    0.35802550436
2521    0.358023067706
2523    0.358020552406
2525    0.358009819437
2527    0.358009797905
2529    0.358009375636
2531    0.358009371339
2533    0.358009108715
2535    0.358009106634
2537    0.35800904468
2539    0.358009034533
2541    0.358005922807
2543    0.358005226397
2545    0.357997174532
2547    0.357996252024
2549    0.357994574462
2551    0.357993146229
2553    0.357986954911
2555    0.357986289116
2557    0.357983895847
2559    0.357983655401
2561    0.357983655389
2563    0.35798348686
2565    0.357982824115
2567    0.357982774683
2569    0.35796774737
2571    0.357967706653
2573    0.357967683719
2575    0.357967658047
2577    0.357953703621
2579    0.357953536228
2595    0.357672606796
2597    0.357672601364
2599    0.357659415117
2601    0.357658974042
2627    0.354129244498
2629    0.354129187581
2631    0.354129129716
2633    0.35412908861
2659    0.350774585535
2661    0.350774557335
2663    0.350772937328
2665    0.350770837747
2667    0.350770837703
2669    0.350762293271
2671    0.350759744808
2673    0.350747281273
2699    0.350126254719
2701    0.350117098775
2703    0.350108293519
2705    0.350100030028
2707    0.350085454455
2709    0.350072593017
2711    0.350069708844
2713    0.350069708768
2715    0.350069586817
2717    0.350069565901
2719    0.350069564239
2721    0.350069563584
2723    0.350069556739
2725    0.350069555065
2727    0.350069554516
2729    0.350069554225
2731    0.350069553798
2733    0.350069168336
2735    0.350069168335
2737    0.350067917429
2739    0.350059440893
2741    0.350057635656
2743    0.350056908434
2745    0.35004332479
2747    0.350029996268
2749    0.350029669186
2751    0.350023281324
2753    0.350010247813
2755    0.350010240856
2757    0.350010240856
2759    0.350005229097
2761    0.350004069776
2763    0.35000031541
2765    0.349989159088
2767    0.349989090907
2769    0.349989044569
2771    0.349985919138
2773    0.349975503383
2775    0.349975201575
2777    0.349973499055
2779    0.349971696997
2781    0.34996247895
2783    0.349962460843
2785    0.349962297245
2787    0.349962291817
2789    0.349962189988
2791    0.349962187384
2793    0.349962174621
2795    0.349962164408
2797    0.349959483902
2799    0.349958313852
2801    0.349951765721
2803    0.349951196522
2805    0.34995005991
2807    0.349949092219
2809    0.349944155202
2811    0.349943753859
2813    0.3499419203
2815    0.349941809322
2817    0.349941809314
2819    0.349941730965
2821    0.349941087964
2823    0.349941074869
2825    0.349927486508
2827    0.349927442054
2829    0.349927417014
2831    0.34992741018
2833    0.349914792305
2835    0.349914619913
2837    0.34990093575
2839    0.349900928134
2841    0.349891739489
2843    0.349891108597
2869    0.346739469884
2871    0.346739454597
2873    0.346739346962
2875    0.34673927064
2901    0.343799141692
2903    0.343799133582
2905    0.343796821276
2907    0.343795199326
2909    0.343795199306
2911    0.34378760683
2913    0.343785285105
2915    0.343774212461
2921    0.34369341288
2923    0.343685403775
2925    0.343677701329
2927    0.343670588188
2929    0.343657948497
2931    0.343646441077
2933    0.343644095967
2935    0.343644095916
2937    0.343643837881
2939    0.343643816968
2941    0.343643816822
2943    0.343643816656
2945    0.343643809814
2947    0.343643808141
2949    0.343643808092
2951    0.343643808018
2953    0.343643807591
2955    0.343643661867
2957    0.343643661867
2959    0.343642830311
2961    0.343635101609
2963    0.343633710851
2965    0.343632988962
2967    0.343620339908
2969    0.343607928518
2971    0.343607427943
2973    0.343601001917
2975    0.343588883254
2977    0.343588834604
2979    0.343588834604
2981    0.343584912512
2983    0.343583777234
2985    0.34358117254
2987    0.343571363894
2989    0.343571290584
2991    0.343571240759
2993    0.343569072416
2995    0.343559924263
2997    0.343559614055
2999    0.343558457873
3001    0.343557165633
3003    0.343549208791
3005    0.343549191624
3007    0.343549128062
3009    0.343549122287
3011    0.343549082676
3013    0.343549079915
3015    0.343549079889
3017    0.34354906961
3019    0.343546738837
3021    0.343545151184
3023    0.34353982093
3025    0.343539468314
3027    0.343538658366
3029    0.343537968786
3031    0.343534036087
3033    0.343533794794
3035    0.343532320379
3037    0.343532269242
3039    0.343532269237
3041    0.343532232765
3043    0.343531598912
3045    0.343531595453
3047    0.343519549408
3049    0.343519503053
3051    0.343519476943
3053    0.343519475121
3055    0.343508290642
3057    0.343508115303
3059    0.343496190041
3061    0.343496180372
3063    0.343490215141
3065    0.343489280661
3091    0.340774483111
3093    0.340774478149
3095    0.340774347919
3097    0.340774255724
3123    0.338282718694
3125    0.338282715773
3127    0.338279790611
3129    0.338278554147
3131    0.338278554138
3133    0.338271789568
3135    0.338269986768
3137    0.338260191547
3139    0.338245379065
3141    0.338238425181
3143    0.338231737545
3145    0.338225628035
3147    0.338213548455
3149    0.338203242701
3151    0.338201263109
3153    0.338201263075
3155    0.33820087959
3157    0.338200858681
3159    0.338200858675
3161    0.338200858628
3163    0.338200851788
3165    0.338200850115
3167    0.338200850113
3169    0.338200850092
3171    0.338200849666
3173    0.338200807999
3175    0.338200807999
3177    0.338200232747
3179    0.338193190236
3181    0.338192027655
3183    0.338191310976
3185    0.338179530309
3187    0.338167971076
3189    0.33816734209
3191    0.338160879171
3193    0.338149611248
3195    0.338149408781
3197    0.338149408781
3199    0.338146220935
3201    0.33814509515
3203    0.338143287154
3205    0.338134663931
3207    0.338134588499
3209    0.338134537229
3211    0.3381330322
3213    0.3381249981
3215    0.3381246839
3217    0.338123927718
3219    0.338123000172
3221    0.33811609615
3223    0.338116079237
3225    0.338116054432
3227    0.338116048563
3229    0.338116033078
3231    0.338116030275
3233    0.338116018688
3235    0.338116008343
3237    0.338113962471
3239    0.338112034663
3241    0.338107691081
3243    0.338107471584
3245    0.33810686413
3247    0.338106346948
3249    0.338103218028
3251    0.338103073498
3253    0.33810183514
3255    0.338101811638
3257    0.338101811635
3259    0.338101794626
3261    0.338101162895
3263    0.338101161986
3265    0.338090465246
3267    0.338090418426
3269    0.338090392053
3271    0.338090391565
3273    0.338080461124
3275    0.338080284477
3277    0.338070015552
3279    0.338070004128
3281    0.338066473611
3283    0.338065149721
3309    0.335798825162
3311    0.335798823091
3313    0.335798691198
3315    0.335798597953
3341    0.333747509586
3343    0.333747508212
3345    0.33374405559
3347    0.333743128071
3349    0.333743128067
3351    0.333737084598
3353    0.333735744712
3355    0.333727079834
3357    0.333712851459
3359    0.333706808052
3361    0.333700996025
3363    0.333695754581
3365    0.333684210717
3367    0.333674960047
3369    0.333673241255
3371    0.333673241233
3373    0.333672744127
3375    0.333672723223
3377    0.333672723223
3379    0.333672723208
3381    0.333672716369
3383    0.333672714697
3385    0.333672714697
3387    0.33367271469
3389    0.333672714264
3391    0.333672709058
3393    0.333672709058
3395    0.333672293772
3397    0.333665880867
3399    0.333664847663
3401    0.333664135995
3403    0.333653162326
3405    0.333642394998
3407    0.333641676964
3409    0.333635178163
3411    0.333624701251
3413    0.33362431305
3415    0.33362431305
3417    0.33362162933
3419    0.333620506624
3421    0.333619250901
3423    0.333611670276
3425    0.333611594139
3427    0.333611542387
3429    0.333610497208
3431    0.33360344211
3433    0.333603126006
3435    0.333602656334
3437    0.333601989874
3439    0.333595967161
3441    0.333595950308
3443    0.33359594056
3445    0.333595934672
3447    0.33359592857
3449    0.333595925759
3451    0.33359588706
3453    0.333595876648
3455    0.333594063909
3457    0.333591871384
3459    0.333588327489
3461    0.333588190059
3463    0.333587711453
3465    0.33358730397
3467    0.33358481796
3469    0.333584731831
3471    0.333583652033
3473    0.333583641274
3475    0.333583641272
3477    0.333583633319
3479    0.333583001606
3481    0.333583001368
3483    0.333573496659
3485    0.333573449829
3487    0.33357342345
3489    0.333573423318
3491    0.333564600743
3493    0.333564423343
3495    0.333555655376
3497    0.333555642598
3499    0.333553814746
3501    0.333552047525
3527    0.331709714663
3529    0.331709713552
3531    0.33170959206
3533    0.331709506267
3559    0.330061437867
3561    0.330061437052
3563    0.330057541381
3565    0.330056859287
3567    0.330056859285
3569    0.330051444764
3571    0.330050471528
3573    0.330042800129
3575    0.330029134157
3577    0.330023876758
3579    0.330018820641
3581    0.330014329572
3583    0.330003298195
3585    0.329994975144
3587    0.329993444986
3589    0.329993444971
3591    0.329992850261
3593    0.329992829361
3595    0.32999282936
3597    0.329992829355
3599    0.329992822517
3601    0.329992820844
3603    0.329992820844
3605    0.329992820842
3607    0.329992820415
3609    0.329992819743
3611    0.329992819743
3613    0.329992506514
3615    0.329986671186
3617    0.329985712536
3619    0.329985005627
3621    0.329974781989
3623    0.32996475066
3625    0.329963972646
3627    0.32995743876
3629    0.329947697257
3631    0.329947129284
3633    0.329947129284
3635    0.329944797724
3637    0.329943675361
3639    0.329942802614
3641    0.329936138858
3643    0.329936062653
3645    0.329936010854
3647    0.329935284578
3649    0.329929089713
3651    0.329928772688
3653    0.329928502013
3655    0.329928022628
3657    0.329922739766
3659    0.329922722922
3661    0.329922719049
3663    0.32992271316
3665    0.329922710726
3667    0.329922707916
3669    0.329922632794
3671    0.329922622316
3673    0.329921001215
3675    0.329918608769
3677    0.329915713345
3679    0.329915626688
3681    0.329915232147
3683    0.329914896233
3685    0.329912924117
3687    0.329912873147
3689    0.329911901913
3691    0.329911897014
3693    0.329911897013
3695    0.32991189328
3697    0.329911261017
3699    0.329911260956
3701    0.329902817352
3703    0.329902770652
3705    0.329902744346
3707    0.32990274431
3709    0.329894907909
3711    0.329894729967
3713    0.329887278228
3715    0.329887264534
3717    0.329886510132
3719    0.329884277464
3745    0.32841914166
3747    0.328419140943
3749    0.328419035357
3751    0.328418960867
3777    0.327120712599
3779    0.327120712036
3781    0.327116453644
3783    0.32711596437
3785    0.327115964368
3787    0.32711109919
3789    0.32711041261
3791    0.32710361482
3793    0.327090490326
3795    0.327085911872
3797    0.327081508701
3799    0.327077665854
3801    0.327067124814
3803    0.327059618434
3805    0.327058226354
3807    0.327058226344
3809    0.327057550499
3811    0.327057529603
3813    0.327057529601
3815    0.3270575296
3817    0.327057522762
3819    0.32705752109
3821    0.327057521089
3823    0.327057521088
3825    0.327057520662
3827    0.327057510891
3829    0.327057510891
3831    0.327057264229
3833    0.327051958591
3835    0.327051043015
3837    0.327050340571
3839    0.327040814088
3841    0.327031466862
3843    0.327030648873
3845    0.327024080533
3847    0.32701502271
3849    0.327014296606
3851    0.327014296606
3853    0.327012214882
3855    0.327011091799
3857    0.32701048473
3859    0.327004627186
3861    0.327004551186
3863    0.327004499524
3865    0.327003994487
3867    0.326998555414
3869    0.326998237941
3871    0.326998099244
3873    0.326997754024
3875    0.32699309409
3877    0.326993077244
3879    0.326993075679
3881    0.326993069794
3883    0.326993068804
3885    0.326993065997
3887    0.326992949542
3889    0.326992938995
3891    0.326991476139
3893    0.326988936041
3895    0.326986566795
3897    0.326986511681
3899    0.326986173263
3901    0.326985885133
3903    0.326984323466
3905    0.326984293589
3907    0.326983397949
3909    0.326983395737
3911    0.326983395736
3913    0.326983393974
3915    0.326982761072
3917    0.326982761057
3919    0.32697526674
3921    0.326975220213
3923    0.326975194003
3925    0.326975193992
3927    0.326968239828
3929    0.326968061448
3931    0.326961733566
3933    0.326961719376
3935    0.326961532475
3937    0.326958839771
3963    0.325814208506
3965    0.325814207991
3967    0.325814119736
3969    0.325814057521
3995    0.324807526874
3997    0.324807526452
3999    0.324802979547
4001    0.324802639648
4003    0.324802639647
4005    0.324798254992
4007    0.324797788805
4009    0.324791759608
4011    0.3247791564
4013    0.324775164765
4015    0.324771325941
4017    0.324768042678
4019    0.324757970823
4021    0.324751184452
4023    0.324749894494
4025    0.324749894488
4027    0.324749152674
4029    0.324749131782
4031    0.324749131781
4033    0.32474913178
4035    0.324749124943
4037    0.324749123271
4039    0.32474912327
4041    0.32474912327
4043    0.324749122844
4045    0.324749099415
4047    0.324749099415
4049    0.324748897108
4051    0.32474407706
4053    0.324743186065
4055    0.324742487765
4057    0.324733609343
4059    0.324724898042
4061    0.324724053388
4063    0.32471745109
4065    0.324709028842
4067    0.324708170723
4069    0.324708170723
4071    0.324706268659
4073    0.324705144542
4075    0.324704721868
4077    0.324699573151
4079    0.324699497461
4081    0.324699446008
4083    0.324699094523
4085    0.324694319416
4087    0.324694001729
4089    0.324693944121
4091    0.324693695215
4093    0.324689561343
4095    0.324689544494
4097    0.324689543844
4099    0.324689537964
4101    0.324689537549
4103    0.324689534744
4105    0.324689375094
4107    0.324689364477
4109    0.32468803287
4111    0.324685385795
4113    0.324683443804
4115    0.324683408386
4117    0.324683108219
4119    0.324682852656
4121    0.324681618526
4123    0.324681601238
4125    0.324680759036
4127    0.324680758049
4129    0.324680758048
4131    0.324680757209
4133    0.324680123726
4135    0.324680123723
4137    0.324673480835
4139    0.32467343449
4141    0.324673408383
4143    0.324673408379
4145    0.324667245484
4147    0.324667066733
4149    0.324661678764
4151    0.324661664451
4153    0.324661662517
4155    0.32465853635
4181    0.323776875533
4183    0.323776875146
4185    0.323776803388
4187    0.323776752835
4213    0.323006162666
4215    0.323006162342
4217    0.323001393692
4219    0.323001167404
4221    0.323001167404
4223    0.322997203712
4225    0.322996903242
4227    0.3229915506
4229    0.322979449172
4231    0.322975965052
4233    0.322972614311
4235    0.32296981374
4237    0.322960190854
4239    0.322954040187
4241    0.322952826432
4243    0.322952826428
4245    0.322952031822
4247    0.322952010933
4249    0.322952010932
4251    0.322952010931
4253    0.322952004096
4255    0.322952002424
4257    0.322952002423
4259    0.322952002423
4261    0.322952001997
4263    0.322951964597
4265    0.322951964597
4267    0.322951792436
4269    0.322947417358
4271    0.322946539943
4273    0.322945845448
4275    0.322937569501
4277    0.322929449386
4279    0.32292858679
4281    0.322921950924
4283    0.322914119529
4285    0.322913154694
4287    0.322913154694
4289    0.322911383351
4291    0.322910258214
4293    0.322909963586
4295    0.322905438015
4297    0.322905362665
4299    0.322905311443
4301    0.322905066583
4303    0.322900874716
4305    0.322900556939
4307    0.322900542187
4309    0.322900362493
4311    0.322896674241
4313    0.322896657389
4315    0.322896657108
4317    0.32289665123
4319    0.322896651049
4321    0.322896648246
4323    0.322896445601
4325    0.322896434914
4327    0.322895212637
4329    0.322892489534
4331    0.322890894763
4333    0.322890871713
4335    0.3228905981
4337    0.322890365144
4339    0.322889392118
4341    0.32288938229
4343    0.322888578403
4345    0.322888577969
4347    0.322888577969
4349    0.322888577564
4351    0.3228879436
4353    0.322887943599
4355    0.322882064813
4357    0.322882018652
4359    0.322881992649
4361    0.322881992648
4363    0.322876539841
4365    0.322876360774
4367    0.322871746826
4369    0.322871732697
4371    0.322871643979
4373    0.322868125369
4399    0.322196542251
4401    0.322196541957
4403    0.322196484783
4405    0.322196444525
4431    0.321612278486
4433    0.321612278235
4435    0.321607346547
4437    0.321607204546
4439    0.321607204546
4441    0.321603610214
4443    0.32160343054
4445    0.321598673763
4447    0.321587055266
4449    0.321584010371
4451    0.321581082037
4453    0.321578697478
4455    0.321569504218
4457    0.321563915653
4459    0.321562759191
4461    0.321562759188
4463    0.321561922842
4465    0.321561901956
4467    0.321561901955
4469    0.321561901955
4471    0.321561895119
4473    0.321561893448
4475    0.321561893448
4477    0.321561893448
4479    0.321561893021
4481    0.321561843117
4483    0.321561843117
4485    0.32156169181
4487    0.321557724283
4489    0.32155685389
4491    0.321556162848
4493    0.321548447045
4495    0.321540876573
4497    0.321540001728
4499    0.321533332598
4501    0.321526050483
4503    0.321525001221
4505    0.321525001221
4507    0.321523325963
4509    0.321522199956
4511    0.321521994304
4513    0.321518016502
4515    0.321517941492
4517    0.321517890499
4519    0.321517719724
4521    0.321514040139
4523    0.321513722344
4525    0.32151372211
4527    0.321513592207
4529    0.321510282601
4531    0.32151026575
4533    0.321510265622
4535    0.321510259746
4537    0.321510259662
4539    0.32151025686
4541    0.321510012774
4543    0.321510002015
4545    0.321508871192
4547    0.321506095271
4549    0.321504782938
4551    0.321504767712
4553    0.321504512835
4555    0.32150429583
4557    0.321503530705
4559    0.321503525255
4561    0.321502749232
4563    0.321502749047
4565    0.321502749047
4567    0.321502748848
4569    0.321502114515
4571    0.321502114515
4573    0.321496920886
4575    0.321496874908
4577    0.321496849007
4579    0.321496849006
4581    0.321492032895
4583    0.321491853563
4585    0.321487870021
4587    0.321487856314
4589    0.321487501161
4591    0.321483639543
4617    0.320976493234
4619    0.320976493011
4621    0.320976448146
4623    0.320976416567
4649    0.320536948887
4651    0.320536948694
4653    0.320531904583
4655    0.32053182293
4657    0.32053182293
4659    0.320528553198
4661    0.320528457601
4663    0.320524225918
4665    0.32051307213
4667    0.320510407625
4669    0.320507845116
4671    0.320505818766
4673    0.320497036618
4675    0.32049194582
4677    0.320490832719
4679    0.320490832717
4681    0.320489963693
4683    0.320489942811
4685    0.32048994281
4687    0.32048994281
4689    0.320489935976
4691    0.320489934304
4693    0.320489934304
4695    0.320489934304
4697    0.320489933878
4699    0.3204898735
4701    0.3204898735
4703    0.320489736842
4705    0.320486142401
4707    0.320485275152
4709    0.320484587204
4711    0.320477392231
4713    0.32047033282
4715    0.320469449463
4717    0.320462747304
4719    0.320455975833
4721    0.320454860797
4723    0.320454860797
4725    0.320453256797
4727    0.320452130118
4729    0.320451986338
4731    0.320448490008
4733    0.320448415323
4735    0.320448364551
4737    0.320448245284
4739    0.320445015618
4741    0.320444697855
4743    0.320444691504
4745    0.320444597463
4747    0.320441610599
