26 3.76913846876
52 3.75480908442
78 3.74047214499
104 3.7270552193
130 3.72540184139
154 3.6006323677
180 3.49167449726
182 3.49167126713
208 3.48128917095
210 3.48128854882
236 3.45600656292
253 3.3319885038
279 3.30985020077
281 3.30984763489
307 3.29302350521
333 3.16995212459
359 3.07305689885
362 3.07302016437
388 3.05486528423
390 3.05485074514
416 2.94961878497
435 2.82647444625
461 2.81440403619
463 2.81439821225
489 2.81300155499
515 2.7374406641
525 2.61358468362
551 2.5863582563
553 2.58635798516
579 2.57748694455
594 2.45343270062
612 2.32954841597
614 2.32954465827
616 2.32953655888
618 2.3295346249
644 2.24757025546
670 2.2392357257
696 2.21447053905
722 2.20674093479
748 2.19997682014
760 2.07598028992
780 1.9521692208
782 1.95216673331
784 1.95215698082
786 1.95215526106
812 1.85102862695
838 1.72817448693
864 1.71281014077
866 1.71280353646
892 1.71069101155
915 1.58718606787
930 1.46330687181
932 1.46330181721
934 1.46329522562
936 1.46329180631
962 1.45440323737
988 1.4501553355
1014 1.44224314998
1040 1.43827346111
1066 1.43093403978
1092 1.35330625907
1094 1.35330604846
1120 1.32624729544
1122 1.32624605775
1148 1.31776183922
1167 1.19361258388
1193 1.07105628173
1195 1.07105111702
1204 1.07075622646
1206 1.07075312401
1232 0.953290082581
1234 0.9532810775
1260 0.949746808008
1262 0.949738092226
1264 0.949725136947
1290 0.825455649386
1293 0.825422559639
1295 0.825411899325
1302 0.825293738881
1328 0.813430351054
1330 0.813421770285
1356 0.802874160238
1358 0.802870109568
1360 0.802865911314
1377 0.802289834746
1379 0.802289683699
1381 0.802278365732
1383 0.802278094372
1409 0.79306267437
1411 0.793062336398
1437 0.784700613407
1439 0.784696432639
1465 0.778751365344
1467 0.7787506004
1493 0.77513795101
1495 0.775130506734
1514 0.774610233548
1516 0.774600950756
1518 0.774598213679
1520 0.77458717784
1522 0.774574480079
1524 0.77457166324
1526 0.774556580693
1552 0.772566259383
1554 0.772566219508
1580 0.77144468238
1582 0.771442081171
1591 0.771286639812
1593 0.771285706186
1595 0.771285282866
1597 0.77128469447
1599 0.771282959858
1601 0.771282653503
1627 0.770006906569
1653 0.762473048528
1674 0.76190979863
1700 0.755120978373
1706 0.755028151
1708 0.755027991702
1710 0.755015568083
1712 0.755015112492
1714 0.7550102093
1716 0.755009162803
1718 0.755000209621
1720 0.754998574553
1727 0.754881300204
1729 0.754880826821
1731 0.754865930959
1733 0.754863912735
1735 0.754858246963
1737 0.754856613346
1739 0.754853152321
1741 0.754852045055
1767 0.747751937822
1793 0.743350895914
1819 0.736996036246
1845 0.73259648715
1871 0.726903545817
1897 0.724093917465
1899 0.724092195438
1924 0.723373180106
1926 0.723369562822
1928 0.723357058297
1930 0.723354137217
1932 0.723352209139
1934 0.723351067383
1936 0.72334966711
1938 0.723348975097
1940 0.723339633424
1966 0.72287506459
1968 0.722864609835
1994 0.722408641351
1996 0.722399040055
1998 0.72239099658
2000 0.72238532596
2002 0.722381376355
2004 0.722370034995
2030 0.713910672667
2032 0.713906652175
2058 0.706679684631
2060 0.70667899755
2062 0.706676245816
2064 0.706669347349
2066 0.706669312121
2068 0.706666462639
2070 0.706664888133
2096 0.704221933369
2098 0.704221453198
2124 0.70145900397
2126 0.701452265665
2152 0.699482016079
2154 0.69948199569
2157 0.699447782345
2159 0.699444062928
2161 0.699431117117
2163 0.699425402741
2165 0.699423728221
2167 0.699418043198
2169 0.699407637344
2171 0.69940731185
2173 0.699394611846
2175 0.699391610639
2177 0.69939136436
2179 0.699375838994
2181 0.699374491479
2183 0.699359612172
2185 0.699359497411
2187 0.699359129989
2189 0.699359031865
2191 0.699356919577
2193 0.699356868358
2195 0.699354081636
2221 0.692472000642
2223 0.692458246484
2249 0.686483952845
2253 0.686431026148
2255 0.686430880754
2257 0.686424970766
2259 0.686424759598
2261 0.686423054264
2263 0.686421735072
2265 0.686418702965
2267 0.686417777617
2269 0.686404521885
2271 0.686404337998
2273 0.686391990257
2275 0.686391368983
2277 0.686388864309
2279 0.686388299606
2281 0.686387174323
2283 0.686386790914
2309 0.681478371841
2335 0.677932436103
2361 0.67336121847
2387 0.669725026164
2413 0.665656047857
2419 0.665567417705
2421 0.665566028676
2423 0.665555869911
2425 0.665552297167
2427 0.665546517762
2429 0.665545607614
2431 0.665544395685
2433 0.665544175972
2435 0.665543318014
2437 0.665543190813
2439 0.665537326561
2465 0.6650017723
2467 0.664994335978
2493 0.664466476068
2495 0.664459136243
2497 0.664455617806
2499 0.664453465612
2501 0.664452225639
2503 0.664444041609
2529 0.658937676914
2531 0.658936076282
2557 0.654326322057
2559 0.6543263078
2561 0.654323799925
2563 0.654320428831
2565 0.654320203821
2567 0.654319695839
2569 0.654316837209
2588 0.653966631224
2590 0.653966594956
2616 0.652977759629
2618 0.652971677608
2644 0.652237143347
2646 0.652236622794
2648 0.652221934589
2650 0.652219885939
2652 0.652208561694
2654 0.652204695119
2656 0.652203784894
2658 0.652200622972
2660 0.652192184504
2662 0.652192177734
2664 0.652181555492
2666 0.65217922978
2668 0.652178632302
2670 0.65216465076
2672 0.652163636376
2674 0.652150250534
2676 0.652150241242
2678 0.652150225792
2680 0.652150206806
2682 0.652149018849
2684 0.652149008956
2686 0.652147063728
2712 0.64631796643
2714 0.646305357166
2740 0.641369139778
2744 0.641318115522
2746 0.641317420531
2748 0.641314448169
2750 0.641314270485
2752 0.641313733786
2754 0.641311898037
2756 0.641309926494
2758 0.641309370096
2760 0.641298350079
2762 0.64129829094
2764 0.641288012644
2766 0.641287817686
2768 0.641286611083
2770 0.64128639737
2772 0.641286323338
2774 0.641286177703
2800 0.638230356938
2826 0.63519231375
2852 0.632122171183
2878 0.6290216484
2904 0.626248840611
2906 0.626234477141
2908 0.626233139571
2910 0.62622573698
2912 0.626222204681
2914 0.626219305291
2916 0.626218967142
2918 0.626218200845
2920 0.626218171124
2922 0.6262176464
2924 0.626217631718
2926 0.626214050901
2952 0.625599455198
2954 0.625594055113
2980 0.624986355871
2982 0.624980497578
2984 0.624978862558
2986 0.624978120157
2988 0.624977868604
2990 0.624971723043
3016 0.621601635442
3018 0.621601142128
3044 0.618788731187
3046 0.618788014971
3048 0.618785326149
3050 0.618783115853
3052 0.61878276052
3054 0.618782696881
3056 0.618778929951
3058 0.618776172124
3060 0.618776020294
3070 0.61861421472
3072 0.618610013844
3083 0.618428282348
3085 0.618427080583
3087 0.6184140465
3089 0.618412820115
3091 0.618402918323
3093 0.618400062912
3095 0.618399631506
3097 0.618397682829
3099 0.618390801054
3101 0.618390749312
3103 0.618381800598
3105 0.618380031133
3107 0.61837927939
3109 0.618366669619
3111 0.618365751885
3113 0.61835369322
3115 0.618353693196
3117 0.618353665277
3119 0.618353660155
3121 0.618352900018
3123 0.618352897371
3125 0.618351411889
3151 0.613684770735
3153 0.613673183707
3179 0.609799948887
3181 0.60978333005
3183 0.609781971561
3185 0.609780364294
3187 0.609780187539
3189 0.60978005691
3191 0.609777666927
3193 0.609776446743
3195 0.609776096796
3197 0.609766893079
3199 0.609766880946
3201 0.609758287563
3203 0.609758226147
3205 0.609757467068
3207 0.609757376769
3209 0.609757211833
3211 0.60975714994
3237 0.607987766979
3263 0.605315397236
3289 0.6033123395
3315 0.600614428493
3341 0.598743833768
3343 0.598731053027
3345 0.598729758295
3347 0.598724601591
3349 0.598721103887
3351 0.59872005489
3353 0.598719896298
3355 0.598719408168
3357 0.598719407483
3359 0.598719087275
3361 0.598719087256
3363 0.598716992107
3389 0.598015525929
3391 0.598011510206
3417 0.597316381428
3419 0.597311483414
3421 0.597310634094
3423 0.597310424236
3425 0.597310420802
3427 0.597305546317
3453 0.59532390377
3455 0.59532381855
3481 0.593650997367
3483 0.593649079247
3485 0.593646031237
3487 0.59364407315
3489 0.593643677133
3491 0.59364365725
3493 0.59363933899
3495 0.593638345866
3497 0.593637738871
3499 0.59362392692
3501 0.593620860802
3503 0.593604583017
3505 0.593602803266
3507 0.593591234208
3509 0.593590423529
3511 0.593581769399
3513 0.593579481343
3515 0.593579324135
3517 0.593577989192
3519 0.593572344163
3521 0.593572164308
3523 0.59356456976
3525 0.593563252129
3527 0.593562440853
3529 0.5935510499
3531 0.593550160382
3533 0.593539281727
3535 0.593539280831
3537 0.593539161167
3539 0.593539159013
3541 0.593538612639
3543 0.593538611544
3545 0.593536933562
3571 0.589968672763
3573 0.589956861689
3599 0.58703939657
3601 0.587022956916
3603 0.587020921323
3605 0.587019976302
3607 0.587019798881
3609 0.5870197845
3611 0.587016903402
3613 0.58701620049
3615 0.587015968791
3617 0.587008244937
3619 0.587008244717
3621 0.587001026584
3623 0.587001008019
3625 0.587000317338
3627 0.587000274393
3629 0.586999404618
3631 0.586999374967
3657 0.586023705166
3683 0.583657672209
3709 0.582352296899
3735 0.57999017967
3761 0.578711743227
3763 0.578700393031
3765 0.578699133651
3767 0.578695761024
3769 0.578692292564
3771 0.578692156475
3773 0.578692061382
3775 0.578691747342
3777 0.578691745234
3779 0.57869155023
3781 0.578691547318
3783 0.578690401597
3809 0.577894891426
3811 0.577891824743
3837 0.577102514874
3839 0.577098221961
3841 0.577097698146
3843 0.577097663372
3845 0.577097587204
3847 0.577093483338
3873 0.575958388554
3875 0.575958388541
3901 0.574975900253
3903 0.574972756481
3905 0.574969269159
3907 0.574967450894
3909 0.57496707536
3911 0.574967067445
3913 0.574962474178
3915 0.574961615319
3917 0.574960581926
3919 0.574947275648
3921 0.574944793311
3923 0.574929080437
3925 0.574926882959
3927 0.574916611133
3929 0.574916018962
3931 0.574908458981
3933 0.574906498334
3935 0.57490647003
3937 0.574905461084
3939 0.574900802395
3941 0.574900501012
3943 0.574894007126
3945 0.574893051748
3947 0.574892215836
3949 0.574881908542
3951 0.57488102582
3953 0.574871197073
3955 0.57487119521
3957 0.57487099099
3959 0.574870989629
3961 0.57487055165
3963 0.574870550972
3965 0.574868608909
3991 0.572233827966
3993 0.572221936878
4019 0.57009003953
4021 0.570074197231
4023 0.570071540042
4025 0.570070932558
4027 0.570070759
4029 0.570070757531
4031 0.57006749564
4033 0.570067133675
4035 0.570066971444
4037 0.570060456803
4039 0.570060453943
4041 0.570054361193
4043 0.570054356346
4045 0.570053530534
4047 0.570053507579
4049 0.570051782634
4051 0.570051766667
4077 0.569531483978
4103 0.567451718789
4129 0.566586110187
4155 0.564525313441
4181 0.563629064851
4183 0.563618986658
4185 0.563617755765
4187 0.563615732817
4189 0.563612288338
4191 0.563612222305
4193 0.563612152285
4195 0.563611947482
4197 0.563611940852
4199 0.563611822222
4201 0.56361181528
4203 0.563611256057
4229 0.562715719476
4231 0.562713309004
4257 0.561824486363
4259 0.561820550424
4261 0.561820150626
4263 0.561820150625
4265 0.561819857178
4267 0.561816203285
4293 0.561177789647
4295 0.561177753165
4321 0.56060312079
4323 0.560598937811
4325 0.560595003299
4327 0.560593321183
4329 0.560592992619
4331 0.560592991289
4333 0.560588300801
4335 0.560587565395
4337 0.560586238406
4339 0.560573417925
4341 0.560571236617
4343 0.560556065526
4345 0.560553587042
4347 0.560544463723
4349 0.560543992285
4351 0.560537391607
4353 0.560535626669
4355 0.560535625642
4357 0.560534797218
4359 0.560530928112
4361 0.560530533263
4363 0.560524937939
4365 0.560524268575
4367 0.560523420248
4369 0.560514077318
4371 0.560513194591
4373 0.560504300741
4375 0.560504298413
4377 0.56050403467
4379 0.560504033561
4381 0.560503651624
4383 0.560503651082
4385 0.560501421291
4411 0.558605770382
4413 0.558593949149
4439 0.557070009993
4441 0.557055039301
4443 0.557051865359
4445 0.557051439152
4447 0.557051273954
4449 0.557051253521
4451 0.55704773493
4453 0.557047582052
4455 0.557047461714
4457 0.557041937988
4459 0.557041927515
4461 0.55703675814
4463 0.557036757339
4465 0.55703565919
4467 0.557035645508
4469 0.557033160607
4471 0.557033151034
4473 0.557021521942
4499 0.55523725137
4525 0.554584885728
4551 0.552806518055
4577 0.552108272202
4579 0.552099361497
4581 0.552098152585
4583 0.552097099814
4585 0.552093673958
4587 0.55209294572
4589 0.552092886376
4591 0.552092750314
4593 0.552092740538
4595 0.55209266829
4597 0.55209265861
4599 0.552092438363
4625 0.551092713791
4627 0.551090760877
4653 0.550099173514
4655 0.550095416203
4657 0.55009504101
4659 0.550095024583
4661 0.550094440666
4663 0.550091030674
4665 0.550075482249
4667 0.550075437625
4680 0.549861959345
4682 0.549857640274
4684 0.549853241578
4686 0.549851716266
4688 0.549851501219
4690 0.549851500549
4692 0.549847127812
4694 0.549846504381
4696 0.54984499243
4698 0.549832637343
4700 0.549830616042
4702 0.549815964322
4704 0.549813305085
4706 0.549805198548
4708 0.549804796772
4710 0.549799036926
4712 0.549797392569
4714 0.549797349344
4716 0.549796624014
4718 0.549793389333
4720 0.549792928453
4722 0.549788069902
4724 0.54978762194
4726 0.549786765572
4728 0.549778281643
4730 0.549777396831
4732 0.549769336141
4734 0.549769333618
4736 0.549769032845
4738 0.549769031822
4740 0.549768678397
4742 0.549768677905
4744 0.549766180836
4770 0.54842771457
4772 0.548416106725
4798 0.547343536918
4800 0.547329594707
4802 0.547326033889
4804 0.547325710178
4806 0.547325556394
4808 0.54732551108
4810 0.54732185362
4812 0.547321812185
4814 0.547321717759
4816 0.547317008432
4818 0.547316989595
4820 0.547312579942
4822 0.547312579938
4824 0.547311085749
4826 0.547311077296
4828 0.547308547843
4830 0.547308541922
4832 0.547300864002
4858 0.545800988226
4884 0.545299401784
4910 0.543785124049
4936 0.543234478236
4938 0.543226522735
4940 0.543225329624
4942 0.543224882768
4944 0.543221469991
4946 0.543219513003
4948 0.543219458329
4950 0.543219365669
4952 0.543219354134
4954 0.543219309914
4956 0.54321929859
4958 0.543219247193
4984 0.542113682254
4986 0.542112050831
5012 0.541017218695
5014 0.541013508288
5016 0.541013096613
5018 0.541013048031
5020 0.541012127141
5022 0.541008705899
5024 0.540995373952
5026 0.540995330429
5028 0.540978902811
5030 0.540974643372
5032 0.540969944382
5034 0.540968563222
5036 0.540968409586
5038 0.540968402183
5040 0.540964314821
5042 0.540963791982
5044 0.540962167381
5046 0.540950257855
5048 0.540948322873
5050 0.540934169081
5052 0.540931397874
5054 0.540924191599
5056 0.540923831512
5058 0.540918808472
5060 0.540917240601
5062 0.540917109308
5064 0.540916443956
5066 0.540913720968
5068 0.540913215365
5070 0.540908963595
5072 0.540908682474
5074 0.540907819791
5076 0.54090010181
5078 0.540899214393
5080 0.540891896887
5082 0.540891894284
5084 0.540891572406
5086 0.540891571412
5088 0.540891231447
5090 0.540891230977
5092 0.540888520762
5118 0.53995603061
5120 0.539944763129
5146 0.539197892878
5148 0.53918504872
5150 0.539181234532
5152 0.539180971605
5154 0.539180830839
5156 0.539180763147
5158 0.539177068024
5160 0.539177066675
5162 0.539176988641
5164 0.539172950671
5166 0.539172924385
5168 0.539169141638
5170 0.539169141224
5172 0.539167324227
5174 0.539167318332
5176 0.539164697341
5178 0.539164693218
5180 0.53915952216
5206 0.537921833832
5208 0.537905593728
5234 0.536635238184
5260 0.536145291288
5262 0.536138164877
5264 0.536136981908
5266 0.536136866529
5268 0.536133461496
5270 0.536129842988
5272 0.536129790284
5274 0.536129725135
5276 0.536129712693
5278 0.536129685323
5280 0.536129673012
5282 0.536129672822
5308 0.534919809085
5310 0.534918404985
5336 0.533723270968
5338 0.533719508354
5340 0.533719012131
5342 0.533718929036
5344 0.533717633219
5346 0.533714154205
5348 0.533701099982
5350 0.533701062311
5352 0.533684947713
5354 0.533680740338
5356 0.533675882893
5358 0.53367462596
5360 0.533674503734
5362 0.533674483958
5364 0.533670576389
5366 0.533670143191
5368 0.53366845044
5370 0.533656967327
5372 0.53365507895
5374 0.533641402568
5376 0.533638564981
5378 0.533632155877
5380 0.533631821538
5382 0.53362744393
5384 0.533625926135
5386 0.533625678141
5388 0.533625047882
5390 0.533622739172
5392 0.533622203956
5394 0.53361845408
5396 0.533618293891
5398 0.533617425722
5400 0.533610391372
5402 0.533609501326
5404 0.53360284733
5406 0.533602844693
5408 0.5336025118
5410 0.533602510815
5412 0.533602175938
5414 0.533602175478
5416 0.533599326163
5442 0.532955766472
5444 0.532944943234
5470 0.532428567445
5472 0.532416830104
5474 0.532412885019
5476 0.532412659695
5478 0.53241253244
5480 0.532412446816
5482 0.532408794728
5484 0.53240878224
5486 0.532408714769
5488 0.532405231934
5490 0.532405199599
5492 0.532401935701
5494 0.532401934403
5496 0.532399888891
5498 0.532399884808
5500 0.532397473902
5502 0.532397471064
5504 0.532392721067
5530 0.531407136743
5532 0.531392233523
5558 0.530339362306
5572 0.530114326734
5574 0.530107860264
5576 0.530106682124
5578 0.530106679399
5580 0.530103276711
5582 0.530097753925
5584 0.53009770192
5586 0.530097654273
5588 0.530097641385
5590 0.530097624101
5592 0.530097611153
5594 0.530097580774
5620 0.528788744985
5622 0.528787502367
5648 0.527498943943
5650 0.527495054493
5652 0.527494429125
5654 0.527494313722
5656 0.52749260722
5658 0.527489076245
5660 0.527476294778
5662 0.527476261948
5664 0.527460454723
5666 0.52745629283
5668 0.527451363262
5670 0.527450213543
5672 0.527450108296
5674 0.52745007215
5676 0.527446285107
5678 0.527445931172
5680 0.527444196699
5682 0.527433121628
5684 0.527431258064
5686 0.527418039518
5688 0.527415165223
5690 0.527409462122
5692 0.527409144166
5694 0.527405331755
5696 0.527403848019
5698 0.527403467168
5700 0.527402857276
5702 0.527400885284
5704 0.5274003307
5706 0.527396997771
5708 0.527396920049
5710 0.527396046908
5712 0.527389623326
5714 0.527388730791
5716 0.527382669725
5718 0.527382667071
5720 0.527382329078
5722 0.527382328092
5724 0.527381993687
5726 0.527381993234
5728 0.527379085559
5743 0.527130713634
5745 0.527120611423
5747 0.527104315763
5749 0.527093736586
5751 0.527089686501
5753 0.52708949069
5755 0.527089393832
5757 0.527089291414
5759 0.527085943556
5761 0.527085884063
5763 0.527085823485
5765 0.527082801117
5767 0.527082764119
5769 0.527079930983
5771 0.52707992872
5773 0.52707778213
5775 0.527077779162
5777 0.527075464677
5779 0.527075462631
5781 0.527070399579
5807 0.526300890905
5809 0.526286130505
5835 0.525422008235
5837 0.525405177025
5839 0.52539921989
5841 0.525398041839
5843 0.525398004288
5845 0.525394598877
5847 0.525387079066
5849 0.525387027147
5851 0.525386990659
5853 0.525386977563
5855 0.525386966293
5857 0.525386952886
5859 0.525386836641
5885 0.523988527479
5887 0.52398739989
5913 0.522616488843
5915 0.522612417928
5917 0.522611619145
5919 0.522611474897
5921 0.522609323112
5923 0.522605745395
5925 0.522593231566
5927 0.522593202761
5929 0.522577697201
5931 0.522573575043
5933 0.522568624776
5935 0.522567567738
5937 0.522567472103
5939 0.522567416886
5941 0.522563716587
5943 0.522563432162
5945 0.522561671404
5947 0.522550986772
5949 0.522549135942
5951 0.52253635651
5953 0.522533464625
5955 0.522528386895
5957 0.522528079697
5959 0.522524762026
5961 0.522523302564
5963 0.522522781619
5965 0.522522183249
5967 0.522520486018
5969 0.522519918852
5971 0.522516933783
5973 0.522516906456
5975 0.522516028742
5977 0.522510151355
5979 0.522509256507
5981 0.522503725786
5983 0.522503723126
5985 0.52250338977
5987 0.522503388779
5989 0.522503046762
5991 0.522503046311
5993 0.522500504357
5995 0.522483831292
5997 0.522474798157
5999 0.522458711913
6001 0.52244918158
6003 0.522445204449
6005 0.522445028421
6007 0.522444955263
6009 0.522444839808
6011 0.522441753133
6013 0.522441622424
6015 0.522441566369
6017 0.522438927182
6019 0.522438886708
6021 0.522436412344
6023 0.522436409174
6025 0.522434230706
6027 0.522434228462
6029 0.522431953186
6031 0.522431951655
6033 0.522425983863
6059 0.521835423736
6061 0.521819903468
6087 0.521115450182
6089 0.521098681977
6091 0.521093086353
6093 0.521091904241
6095 0.521091747572
6097 0.521088334802
6099 0.521078867022
6101 0.521078814888
6103 0.521078785505
6105 0.521078772319
6107 0.521078764626
6109 0.52107875085
6111 0.521078511997
6137 0.519604503233
6139 0.519603457728
6165 0.518165398154
6167 0.518161108872
6169 0.518160092245
6171 0.518159922807
6173 0.518157293667
6175 0.518153673912
6177 0.518141422633
6179 0.518141397185
6181 0.518126187688
6183 0.518122100271
6185 0.518117159578
6187 0.518116182806
6189 0.518116092846
6191 0.518116016873
6193 0.518112383887
6195 0.518112159849
6197 0.518110381782
6199 0.518100070835
6201 0.518098226043
6203 0.518085867908
6205 0.518082970719
6207 0.518078447088
6209 0.518078147217
6211 0.518075262453
6213 0.518073821284
6215 0.518073159277
6217 0.518072567094
6219 0.518071094982
6221 0.518070519671
6223 0.51806782608
6225 0.518067822565
6227 0.518066940623
6229 0.518061552203
6231 0.518060655236
6233 0.518055599365
6235 0.518055596701
6237 0.518055267567
6239 0.518055266571
6241 0.518054916968
6243 0.518054916521
6245 0.518052874742
6247 0.518036408777
6249 0.518028321068
6251 0.518012443528
6253 0.518003846338
6255 0.518000065228
6257 0.517999901287
6259 0.51799983792
6261 0.517999713539
6263 0.517996825815
6265 0.517996608457
6267 0.517996555366
6269 0.517994236094
6271 0.517994193087
6273 0.517992018509
6275 0.517992014762
6277 0.51798982309
6279 0.517989821201
6281 0.517987567251
6283 0.51798756598
6285 0.517980676424
6303 0.517680940353
6305 0.517664904367
6331 0.517072040994
6333 0.517055398839
6335 0.517049977237
6337 0.517048784799
6339 0.517048529075
6341 0.517045100323
6343 0.517034179141
6345 0.517034126639
6347 0.517034101739
6349 0.517034088522
6351 0.517034082953
6353 0.517034068852
6355 0.517033685182
6381 0.515501733174
6383 0.515500746401
6409 0.514014398873
6411 0.514009870819
6413 0.514008592426
6415 0.514008401413
6417 0.514005267702
6419 0.514001610129
6421 0.513989616326
6423 0.513989593693
6425 0.513974674715
6427 0.513970617686
6429 0.513965704234
6431 0.513964797103
6433 0.513964710646
6435 0.513964613019
6437 0.513961036067
6439 0.513960863904
6441 0.513959073759
6443 0.513949120519
6445 0.513947278065
6447 0.513935324216
6449 0.513932429615
6451 0.513928397062
6453 0.513928102402
6455 0.513925596273
6457 0.513924169746
6459 0.513923370008
6461 0.513922780805
6463 0.513921493894
6465 0.513920913327
6467 0.513918464999
6469 0.513918463418
6471 0.513917577569
6473 0.51391262733
6475 0.513911728428
6477 0.513907098145
6479 0.513907095476
6481 0.51390676736
6483 0.513906766358
6485 0.513906411932
6487 0.513906411488
6489 0.513904786964
6491 0.513888528472
6493 0.513881277425
6495 0.513865607617
6497 0.513857841351
6499 0.513854280307
6501 0.513854123848
6503 0.513854066562
6505 0.513853936168
6507 0.513851223464
6509 0.513850910574
6511 0.513850859402
6513 0.513848808106
6515 0.513848763291
6517 0.513846840034
6519 0.513846835944
6521 0.513844641252
6523 0.51384463954
6525 0.513842391332
6527 0.513842390197
6529 0.51383482042
6531 0.513820272898
6533 0.513804081653
6559 0.513274049778
6561 0.513257580311
6563 0.513252152955
6565 0.513250943651
6567 0.513250686832
6569 0.513247232237
6571 0.513235602295
6573 0.513235549343
6575 0.513235527206
6577 0.51323551399
6579 0.513235509677
6581 0.51323549527
6583 0.513234956145
6609 0.511666099222
6611 0.511665154793
6637 0.510152165089
6639 0.510147393474
6641 0.510145811129
6643 0.510145602167
6645 0.510141944047
6647 0.510138252433
6649 0.510126511072
6651 0.510126490807
6653 0.510111856869
6655 0.510107826425
6657 0.510102950455
6659 0.510102103853
6661 0.510102019673
6663 0.510101900095
6665 0.510098372573
6667 0.510098244358
6669 0.510096445218
6671 0.510086834447
6673 0.510084992314
6675 0.510073426499
6677 0.510070539576
6679 0.51006694237
6681 0.510066651605
6683 0.510064476488
6685 0.510063062388
6687 0.510062131088
6689 0.510061542971
6691 0.51006040905
6693 0.510059825106
6695 0.51005758401
6697 0.510057566507
6699 0.510056677048
6701 0.510052119886
6703 0.510051219223
6705 0.510046970764
6707 0.510046968091
6709 0.510046639189
6711 0.510046638181
6713 0.510046280616
6715 0.510046280176
6717 0.510045001924
6719 0.510028950985
6721 0.510022440887
6723 0.510006977685
6725 0.509999951982
6727 0.509996608036
6729 0.509996456237
6731 0.509996403828
6733 0.509996269426
6735 0.509993718496
6737 0.509993306024
6739 0.509993256065
6741 0.509991429992
6743 0.509991383904
6745 0.509989672045
6747 0.509989667757
6749 0.509987473984
6751 0.509987472357
6753 0.509985217455
6755 0.509985216393
6757 0.509977380696
6759 0.509964878302
6761 0.509948528716
6787 0.509475312859
6789 0.509459017376
6791 0.509453563512
6793 0.509452336507
6795 0.509452083582
6797 0.509448602122
6799 0.509436317363
6801 0.509436263928
6803 0.509436243424
6805 0.509436230219
6807 0.509436226639
6809 0.509436211932
6811 0.509435516126
6837 0.507852999905
6839 0.507852086618
6865 0.506335686429
6867 0.506330681048
6869 0.506328755817
6871 0.506328532626
6873 0.506324339896
6875 0.506320617627
6877 0.506309123744
6879 0.506309105482
6881 0.5062947512
6883 0.506290744029
6885 0.506285911429
6887 0.506285117525
6889 0.506285034919
6891 0.506284893547
6893 0.506281411545
6895 0.506281319905
6897 0.506279513621
6899 0.506270230807
6901 0.506268387927
6903 0.506257194632
6905 0.506254318695
6907 0.506251107555
6909 0.506250819864
6911 0.506248933982
6913 0.506247530986
6915 0.506246476064
6917 0.506245887947
6919 0.50624488093
6921 0.506244294837
6923 0.506242229555
6925 0.506242181713
6927 0.506241288925
6929 0.506237084751
6931 0.506236182497
6933 0.50623227696
6935 0.506232274281
6937 0.506231943609
6939 0.506231942596
6941 0.506231582919
6943 0.506231582483
6945 0.506230589841
6947 0.506214746333
6949 0.506208892919
6951 0.506193635104
6953 0.506187270042
6955 0.50618413335
6957 0.506183984462
6959 0.506183936387
6961 0.506183799335
6963 0.506181400185
6965 0.506180887589
6967 0.506180838362
6969 0.506179202218
6971 0.506179155249
6973 0.50617762181
6975 0.506177617406
6977 0.506175422874
6979 0.506175421288
6981 0.506173160569
6983 0.50617315955
6985 0.506165065237
6987 0.506154368243
6989 0.50613786034
6995 0.50605289751
6997 0.506036792428
6999 0.506031173009
7001 0.506029926486
7003 0.506029706965
7005 0.506026195517
7007 0.506014026272
7009 0.506013972325
7011 0.506013952713
7013 0.506013939527
7015 0.506013936365
7017 0.50601392136
7019 0.506013075278
7045 0.504440998266
7047 0.504440108843
7073 0.502943711184
7075 0.502938494913
7077 0.502936192742
7079 0.502935959163
7081 0.502931232887
7083 0.502927482983
7085 0.502916231652
7087 0.50291621509
7089 0.502902135127
7091 0.502898148324
7093 0.502893362428
7095 0.50289261448
7097 0.502892533039
7099 0.502892370367
7101 0.502888931519
7103 0.5028888696
7105 0.502887057321
7107 0.502878088604
7109 0.50287624444
7111 0.502865408812
7113 0.502862546028
7115 0.502859677361
7117 0.502859392224
7119 0.50285775893
7121 0.502856366256
7123 0.502855196645
7125 0.502854607943
7127 0.502853706624
7129 0.50285311919
7131 0.502851203656
7133 0.502851113987
7135 0.502850218131
7137 0.502846331276
7139 0.502845427582
7141 0.502841830349
7143 0.502841827665
7145 0.502841494713
7147 0.502841493695
7149 0.502841132538
7151 0.502841132104
7153 0.50284037332
7155 0.502824736886
7157 0.502819465912
7159 0.50280441212
7161 0.502798636944
7163 0.502795696263
7165 0.502795549191
7167 0.502795505102
7169 0.502795366313
7171 0.502793110157
7173 0.502792499391
7175 0.502792450567
7177 0.502790975123
7179 0.502790927556
7181 0.502789545209
7183 0.502789540743
7185 0.502787348439
7187 0.502787346865
7189 0.502785078651
7191 0.502785077655
7193 0.502777061927
7195 0.502766673598
7197 0.502750299841
7199 0.502733534258
7201 0.50271762045
7203 0.502711818691
7205 0.50271055234
7207 0.502710366541
7209 0.502706824475
7211 0.502694894056
7213 0.502694839589
7215 0.502694820403
7217 0.502694807237
7219 0.502694804307
7221 0.502694789001
7223 0.502693805035
7249 0.50115566611
7251 0.501154796292
7277 0.499700580197
7279 0.499695186985
7281 0.499692480285
7283 0.499692240248
7285 0.499686993608
7287 0.499683218778
7289 0.499672205162
7291 0.499672190051
7293 0.499658379181
7295 0.499654410215
7297 0.499649672873
7299 0.499648965059
7301 0.499648884547
7303 0.499648701306
7305 0.49964530415
7307 0.499645265589
7309 0.499643448062
7311 0.499634780243
7313 0.499632934561
7315 0.499622442422
7317 0.499619594236
7319 0.499617029486
7321 0.499616746575
7323 0.49961533374
7325 0.499613950946
7327 0.499612676019
7329 0.499612086454
7331 0.49961127353
7333 0.499610685298
7335 0.49960889781
7337 0.499608757313
7339 0.499607858638
7341 0.499604257346
7343 0.49960335236
7345 0.499600032614
7347 0.499600029923
7349 0.499599694463
7351 0.499599693439
7353 0.499599331193
7355 0.499599330763
7357 0.499598761782
7359 0.499583331914
7361 0.499578577952
7363 0.499563726754
7365 0.499558478807
7367 0.499555722971
7369 0.499555577033
7371 0.499555536643
7373 0.499555396728
7375 0.499553275438
7377 0.499552570174
7379 0.49955252153
7381 0.499551182511
7383 0.499551134546
7385 0.499549880585
7387 0.49954987608
7389 0.499547684381
7391 0.499547682807
7393 0.499545408718
7395 0.499545407738
7397 0.499537531712
7399 0.49952719183
7401 0.499511005578
7403 0.499494317871
7405 0.499478592837
7407 0.49947261871
7409 0.499471332502
7411 0.499471175498
7413 0.499467602685
7415 0.499455890698
7417 0.499455835705
7419 0.499455816682
7421 0.499455803537
7423 0.499455800734
7425 0.499455785122
7427 0.49945468004
7453 0.497971991774
7455 0.497971139623
7481 0.496578783633
7483 0.496573255983
7485 0.496570125018
7487 0.496569882443
7489 0.496564140678
7491 0.496560343339
7493 0.496549562681
7495 0.496549548813
7497 0.496536001895
7499 0.496532048556
7501 0.496527360748
7503 0.496526688033
7505 0.496526608306
7507 0.496526405401
7509 0.49652304899
7511 0.496523027884
7513 0.496521205625
7515 0.496512826118
7517 0.496510978853
7519 0.496500816649
7521 0.496497984041
7523 0.496495689097
7525 0.496495408202
7527 0.496494187662
7529 0.496492814513
7531 0.496491443685
7533 0.496490853167
7535 0.496490114466
7537 0.496489525806
7539 0.496487848221
7541 0.496487650007
7543 0.496486748744
7545 0.496483404722
7547 0.496482498581
7549 0.49647942886
7551 0.496479426164
7553 0.496479088129
7555 0.4964790871
7557 0.496478724011
7559 0.496478723585
7561 0.496478306994
7563 0.496463083019
7565 0.496458788369
7567 0.496444138254
7569 0.496439362
7571 0.496436780305
7573 0.496436635077
7575 0.496436598126
7577 0.496436457496
7579 0.49643446342
7581 0.49643366847
7583 0.496433619857
7585 0.496432397038
7587 0.496432348814
7589 0.496431204311
7591 0.496431199779
7593 0.496429007146
7595 0.496429005567
7597 0.496426727103
7599 0.496426726134
7601 0.496418987142
7603 0.496408696302
7605 0.496392694905
7607 0.496376085204
7609 0.49636054648
7611 0.496354409576
7613 0.496353103469
7615 0.49635297103
7617 0.496349367334
7619 0.496337855187
7621 0.496337799661
7623 0.496337780692
7625 0.496337767568
7627 0.496337764846
7629 0.496337748923
7631 0.496336542287
7657 0.494927689756
7659 0.494926855099
7685 0.493612576096
7687 0.493606962239
7689 0.493603396178
7691 0.49360315483
7693 0.493596954334
7695 0.49359313665
7697 0.493582584265
7699 0.493582571467
7701 0.493569283446
7703 0.493565343803
7705 0.493560705999
7707 0.493560064011
7709 0.493559984985
7711 0.493559763426
7713 0.493556447114
7715 0.493556437987
7717 0.493554611381
7719 0.493546508176
7721 0.49354465936
7723 0.493534814126
7725 0.493531997775
7727 0.493529942453
7729 0.493529663438
7731 0.493528610509
7733 0.49352724689
7735 0.493525789358
7737 0.493525197909
7739 0.493524521773
7741 0.493523932947
7743 0.493522350043
7745 0.493522089002
7747 0.49352118537
7749 0.493518073379
7751 0.493517166213
7753 0.493514322027
7755 0.493514319326
7757 0.493513978743
7759 0.493513977709
7761 0.493513613936
7763 0.493513613513
7765 0.493513317626
7767 0.493498298715
7769 0.493494412465
7771 0.49347996184
7773 0.493475608023
7775 0.493473190298
7777 0.493473045521
7779 0.493473011768
7781 0.493472870702
7783 0.493470996604
7785 0.493470117474
7787 0.493470068791
7789 0.493468945265
7791 0.49346889688
7793 0.493467846007
7795 0.493467841454
7797 0.493465647149
7799 0.493465645561
7801 0.493463363625
7803 0.493463362665
7805 0.493455758097
7807 0.493445516826
7809 0.493429697682
7811 0.493413166073
7813 0.49339781123
7815 0.493391520735
7817 0.493390194673
7819 0.493390083176
7821 0.493386448446
7823 0.493375119178
7825 0.493375063115
7827 0.493375044206
7829 0.493375031101
7831 0.493375028453
7833 0.493375012215
7835 0.493373724895
7861 0.492053188053
7863 0.492052372003
7889 0.49082835382
7891 0.490822704808
7893 0.490818702325
7895 0.490818465677
7897 0.490811852378
7899 0.490808016282
7901 0.490797687564
7903 0.49079767569
7905 0.490784641597
7907 0.490780713962
7909 0.490776126328
7911 0.49077551127
7913 0.490775432892
7915 0.490775193755
7917 0.490771917062
7919 0.490771914845
7921 0.490770084196
7923 0.490762245836
7925 0.49076039555
7927 0.490750854884
7929 0.49074805527
7931 0.490746212858
7933 0.490745935633
7935 0.490745028694
7937 0.490743674564
7939 0.490742139125
7941 0.490741546829
7943 0.490740923634
7945 0.49074033483
7947 0.490738833787
7949 0.490738506307
7951 0.490737600511
7953 0.490734698021
7955 0.49073378995
7957 0.49073114944
7959 0.490731146733
7961 0.490730803682
7963 0.490730802642
7965 0.490730438293
7967 0.490730437874
7969 0.490730235935
7971 0.490715421118
7973 0.490711898318
7975 0.490697645517
7977 0.490693670416
7979 0.490691407033
7981 0.490691262551
7983 0.490691231768
7985 0.490691090454
7987 0.490689329488
7989 0.490688372055
7991 0.490688323239
7993 0.490687284829
7995 0.490687236348
7997 0.490686265827
7999 0.490686261258
8001 0.490684064973
8003 0.490684063374
8005 0.490681778549
8007 0.490681777598
8009 0.490674304899
8011 0.490664113665
8013 0.490648474218
8015 0.490632020744
8017 0.490616847391
8019 0.490610412079
8021 0.490609065997
8023 0.490608972335
8025 0.490605306413
8027 0.490594144534
8029 0.490594087928
8031 0.490594069167
8033 0.490594056082
8035 0.490594053529
8037 0.490594036972
8039 0.490592689838
8065 0.489370678619
8067 0.489369883175
8093 0.488244109245
8095 0.488238476193
8097 0.48823404558
8099 0.488233816673
8101 0.488226843924
8103 0.488222991144
8105 0.488212881566
8107 0.488212870494
8109 0.488200085444
8111 0.488196168345
8113 0.488191630868
8115 0.488191039427
8117 0.488190961663
8119 0.488190706055
8121 0.488187468598
8123 0.488187468598
8125 0.488185634167
8127 0.488178049716
8129 0.488176198069
8131 0.488166950107
8133 0.488164167578
8135 0.488162514429
8137 0.48816223893
8139 0.488161459046
8141 0.488160114403
8143 0.488158509344
8145 0.488157916322
8147 0.488157338088
8149 0.488156749452
8151 0.488155319436
8153 0.488154923159
8155 0.488154015393
8157 0.488151302271
8159 0.488150393408
8161 0.488147937044
8163 0.488147934332
8165 0.488147588918
8167 0.488147587872
8169 0.488147223022
8171 0.488147222606
8173 0.488147092106
8175 0.488132480279
8177 0.48812928122
8179 0.488115224512
8181 0.488111589293
8183 0.488109471139
8185 0.488109326862
8187 0.488109298837
8189 0.488109157405
8191 0.48810750309
8193 0.48810647336
8195 0.488106424371
8197 0.488105459149
8199 0.488105410614
8201 0.488104509272
8203 0.488104504687
8205 0.488102306346
8207 0.488102304735
8209 0.488100017428
8211 0.488100016484
8213 0.488092673153
8215 0.488082532366
8217 0.488067070107
8219 0.488050694774
8221 0.488035700552
8223 0.488029128781
8225 0.488027762605
8227 0.488027684115
8229 0.488023986835
8231 0.488012978187
8233 0.48801292103
8235 0.488012902556
8237 0.488012889491
8239 0.48801288707
8241 0.488012870188
8243 0.48801148305
8269 0.486893965796
8271 0.48689319348
8297 0.485869636365
8299 0.485864068051
8301 0.485859226815
8303 0.485859008167
8305 0.485851734371
8307 0.485847866454
8309 0.485837971566
8311 0.485837961194
8313 0.485825420389
8315 0.485821512542
8317 0.485817025099
8319 0.485816454382
8321 0.485816377211
8323 0.485816106241
8325 0.485812907694
8327 0.485812905573
8329 0.48581106759
8331 0.48580372661
8333 0.485801873727
8335 0.485792907117
8337 0.48579014193
8339 0.485788657105
8341 0.485788383291
8343 0.485787713885
8345 0.485786378749
8347 0.485784711788
8349 0.485784118176
8351 0.485783578261
8353 0.485782989907
8355 0.485781621731
8357 0.485781155346
8359 0.485780245789
8361 0.485777704028
8363 0.485776794479
8365 0.485774504799
8367 0.485774502081
8369 0.485774154424
8371 0.485774153373
8373 0.485773788075
8375 0.485773787662
8377 0.485773709738
8379 0.485759299677
8381 0.485756389259
8383 0.485742526854
8385 0.485739196999
8387 0.485737215458
8389 0.485737071338
8391 0.485737045872
8393 0.485736904412
8395 0.485735350617
8397 0.485734254552
8399 0.48573420537
8401 0.485733303266
8403 0.485733254708
8405 0.485732413109
8407 0.48573240851
8409 0.485730208161
8411 0.485730206538
8413 0.485727917062
8415 0.485727916125
8417 0.485720699714
8419 0.485710609734
8421 0.485695322197
8423 0.485679024978
8425 0.485664207566
8427 0.485657507279
8429 0.48565612092
8431 0.485656055324
8433 0.485652326509
8435 0.48564145814
8437 0.485641400429
8439 0.485641382404
8441 0.485641369358
8443 0.485641367112
8445 0.485641349902
8447 0.48563994074
8473 0.48462899342
8475 0.484628246974
8501 0.483707326543
8503 0.483701867493
8505 0.483696641507
8507 0.483696435054
8509 0.483688921269
8511 0.4836850396
8513 0.483675355034
8515 0.483675345275
8517 0.483663044003
8519 0.483659144288
8521 0.483654706689
8523 0.483654154162
8525 0.483654077569
8527 0.48365379233
8529 0.483650632395
8531 0.483650624146
8533 0.483648782825
8535 0.48364167535
8537 0.483639821361
8539 0.483631125239
8541 0.483628377588
8543 0.483627042542
8545 0.483626770381
8547 0.483626196947
8549 0.483624871348
8551 0.483623149604
8553 0.483622555544
8555 0.483622048399
8557 0.483621460421
8559 0.48362014627
8561 0.48361960933
8563 0.483618698152
8565 0.48361631163
8567 0.483615401495
8569 0.48361326287
8571 0.483613260148
8573 0.483612910372
8575 0.483612909315
8577 0.483612543611
8579 0.483612543202
8581 0.483612502121
8583 0.483598292495
8585 0.483595639668
8587 0.483581969728
8589 0.483578914527
8591 0.483577061455
8593 0.483576917469
8595 0.483576894372
8597 0.483576752951
8599 0.483575293873
8601 0.483574137271
8603 0.483574087883
8605 0.483573240374
8607 0.483573191806
8609 0.48357240196
8611 0.483572397348
8613 0.483570195106
8615 0.483570193469
8617 0.483567902084
8619 0.483567901153
8621 0.483560809266
8623 0.483550770403
8625 0.483535655167
8627 0.483519436007
8629 0.483504793119
8631 0.483497971845
8633 0.483496565209
8635 0.483496510555
8637 0.483492750022
8639 0.483482010077
8641 0.483481951803
8643 0.483481934393
8645 0.483481921366
8647 0.483481919336
8649 0.483481901793
8651 0.483480486278
8677 0.482574861218
8679 0.482574143345
8705 0.481753349215
8707 0.481748038344
8709 0.481742460629
8711 0.481742267724
8713 0.481734575423
8715 0.481730681244
8717 0.48172120271
8719 0.48172119349
8721 0.481709127125
8723 0.481705234567
8725 0.481700846582
8727 0.481700310022
8729 0.481700233993
8731 0.481699935549
8733 0.481696813944
8735 0.481696795873
8737 0.481694951415
8739 0.481688067929
8741 0.481686212967
8743 0.481677776934
8745 0.481675046968
8747 0.481673845273
8749 0.48167357474
8751 0.481673084591
8753 0.481671768561
8755 0.481669998555
8757 0.481669404189
8759 0.481668925159
8761 0.481668337636
8763 0.481667070844
8765 0.481666463612
8767 0.481665550973
8769 0.481663305242
8771 0.481662394612
8773 0.481660393044
8775 0.481660390317
8777 0.481660038545
8779 0.481660037482
8781 0.481659671406
8783 0.481659671
8785 0.48165965371
8787 0.48164564309
8789 0.481643220373
8791 0.48162974101
8793 0.481626933125
8795 0.481625200826
8797 0.481625056967
8799 0.481625036063
8801 0.481624894727
8803 0.481623524877
8805 0.481622313292
8807 0.481622263697
8809 0.481621463538
8811 0.481621414972
8813 0.48162067009
8815 0.481620665465
8817 0.48161846148
8819 0.48161845983
8821 0.481616166766
8823 0.481616165842
8825 0.48160919613
8827 0.481599208653
8829 0.481584263343
8831 0.481568122158
8833 0.481553651545
8835 0.481546716412
8837 0.481545289394
8839 0.481545244012
8841 0.481541451572
8843 0.481530829188
8845 0.481530770347
8847 0.481530753698
8849 0.481530740691
8851 0.481530738907
8853 0.481530721026
8855 0.481529312312
8881 0.480725120675
8883 0.480724433838
8909 0.479999013032
8911 0.479993882834
8913 0.479987992104
8915 0.479987813545
8917 0.479980002681
8919 0.479976097105
8921 0.479966820394
8923 0.479966811652
8925 0.479954975653
8927 0.479951089405
8929 0.479946750774
8931 0.479946228227
8933 0.479946152754
8935 0.479945842127
8937 0.479942758578
8939 0.479942727283
8941 0.479940879881
8943 0.479934211295
8945 0.479932355493
8947 0.479924169595
8949 0.479921457427
8951 0.479920374523
8953 0.479920105598
8955 0.479919687639
8957 0.47991838121
8959 0.479916568878
8961 0.479915974341
8963 0.479915519507
8965 0.479914932511
8967 0.479913707371
8969 0.47991303069
8971 0.479912116738
8973 0.479909998836
8975 0.4799090878
8977 0.479907210737
8979 0.479907208004
8981 0.479906854357
8983 0.479906853287
8985 0.479906486867
8987 0.479906486464
8989 0.479906482212
8991 0.479892669075
8993 0.479890452126
8995 0.479877161415
8997 0.479874576484
8999 0.479872957688
9001 0.479872813958
9003 0.479872795081
9005 0.479872653866
9007 0.479871368054
9009 0.479870106739
9011 0.479870056939
9013 0.479869297959
9015 0.479869249398
9017 0.479868543696
9019 0.479868539058
9021 0.479866333498
9023 0.479866331835
9025 0.479864037307
9027 0.47986403639
9029 0.479857186555
9031 0.479847250693
9033 0.479832472974
9035 0.479816409656
9037 0.479802109104
9039 0.479795066845
9041 0.479793619334
9043 0.479793581795
9045 0.47978975725
9047 0.47977924247
9049 0.479779183056
9051 0.479779167288
9053 0.479779154301
9055 0.479779152782
9057 0.47977913456
9059 0.479777743278
9085 0.479069159321
9087 0.479068505591
9113 0.478432135723
9115 0.47842721196
9117 0.478421051038
9119 0.478420887128
9121 0.478413014575
9123 0.478409098604
9125 0.478400019585
9127 0.478400011266
9129 0.478388401178
9131 0.478384520504
9133 0.47838023095
9135 0.478379720694
9137 0.478379645768
9139 0.478379323933
9141 0.478376278169
9143 0.478376230519
9145 0.47837438036
9147 0.478367917991
9149 0.478366061482
9151 0.478358116188
9153 0.478355421906
9155 0.478354444887
9157 0.478354177553
9159 0.47835382209
9161 0.478352525289
9163 0.478350676009
9165 0.47835008143
9167 0.47834964748
9169 0.478349061075
9171 0.478347872694
9173 0.478347127872
9175 0.478346212749
9177 0.478344211036
9179 0.478343299674
9181 0.478341535849
9183 0.478341533111
9185 0.478341177705
9187 0.478341176629
9189 0.47834080989
9191 0.47834080949
9193 0.478340809477
9195 0.478327192223
9197 0.478325159465
9199 0.478312055446
9201 0.478309671746
9203 0.478308159587
9205 0.478308015994
9207 0.478307998987
9209 0.47830785792
9211 0.478306651241
9213 0.478305345122
9215 0.478305295123
9217 0.478304572048
9219 0.478304523492
9221 0.478303852022
9223 0.478303847372
9225 0.478301640416
9227 0.47830163874
9229 0.478299342953
9231 0.478299342042
9233 0.478292609833
9235 0.47828272578
9237 0.478268113361
9239 0.478252127782
9241 0.47823799511
9243 0.47823085208
9245 0.478229383953
9247 0.478229353038
9249 0.478225496185
9251 0.478215079875
9253 0.478215019881
9255 0.47821500508
9257 0.478214992113
9259 0.478214990863
9261 0.478214972294
9263 0.47821360671
9289 0.477593525457
9291 0.477592906421
9317 0.477038299857
9319 0.477033601655
9321 0.477027215886
9323 0.477027066517
9325 0.477019184903
9327 0.477015259437
9329 0.477006374059
9331 0.477006366117
9333 0.476994977568
9335 0.476991101831
9337 0.476986861061
9339 0.476986361576
9341 0.47698628719
9343 0.47698595507
9345 0.476982946821
9347 0.476982879946
9349 0.476981027209
9351 0.476974762763
9353 0.476972905677
9355 0.476965191861
9357 0.476962515529
9359 0.47696163295
9361 0.47696136719
9363 0.476961065756
9365 0.476959778605
9367 0.476957897229
9369 0.476957302729
9371 0.476956886856
9373 0.476956301099
9375 0.476955145267
9377 0.476954333984
9379 0.476953417821
9381 0.476951521832
9383 0.476950610223
9385 0.476948949514
9387 0.47694894677
9389 0.476948589714
9391 0.476948588632
9393 0.476948221596
9395 0.476948221199
9397 0.4769482183
9399 0.476934795254
9401 0.476932927546
9403 0.476920008228
9405 0.47691780637
9407 0.476916394364
9409 0.47691625092
9411 0.476916235638
9413 0.47691609474
9415 0.476914962555
9417 0.476913616212
9419 0.476913566022
9421 0.476912874328
9423 0.476912825776
9425 0.476912184299
9427 0.476912179636
9429 0.476909971467
9431 0.476909969777
9433 0.476907672931
9435 0.476907672027
9437 0.476901055238
9439 0.476891223153
9441 0.476876773783
9443 0.476860865795
9445 0.476846898856
9447 0.476839661043
9449 0.476838172173
9451 0.476838146839
9453 0.47683425747
9455 0.476823931246
9457 0.476823870667
9459 0.47682385688
9461 0.476823843932
9463 0.476823842943
9465 0.476823824024
9467 0.476822490287
9493 0.476283096195
9495 0.476282512903
9521 0.475801921884
9523 0.475797462143
9525 0.475790897898
9527 0.47579076263
9529 0.47578291957
9531 0.475778985421
9533 0.475770289709
9535 0.475770282105
9537 0.475759110804
9539 0.475755239454
9541 0.475751047167
9543 0.475750557109
9545 0.475750483257
9547 0.475750141719
9549 0.475747170713
9551 0.475747081979
9553 0.475745226842
9555 0.475739152391
9557 0.475737294856
9559 0.475729803776
9561 0.475727145441
9563 0.475726347149
9565 0.475726082951
9567 0.475725828153
9569 0.475724550669
9571 0.475722641558
9573 0.47572204725
9575 0.475721647064
9577 0.475721062011
9579 0.475719935099
9581 0.475719059323
9583 0.475718142242
9585 0.475716342561
9587 0.475715430775
9589 0.475713864079
9591 0.475713861331
9593 0.475713502729
9595 0.475713501641
9597 0.475713134326
9599 0.475713133932
9601 0.475713122439
9603 0.475699891862
9605 0.475698172211
9607 0.475685435579
9609 0.475683398241
9611 0.47568208027
9613 0.475681936986
9615 0.475681923292
9617 0.475681782579
9619 0.475680720508
9621 0.475679338175
9623 0.475679287802
9625 0.475678623602
9627 0.475678575051
9629 0.475677959922
9631 0.475677955246
9633 0.475675746047
9635 0.475675744343
9637 0.475673446634
9639 0.475673445737
9641 0.475666942209
9643 0.475657162222
9645 0.475642873691
9647 0.475627043129
9649 0.475613239812
9651 0.475605912849
9653 0.475604403102
9655 0.475604382457
9657 0.475600460359
9659 0.475590216522
9661 0.475590155351
9663 0.475590142597
9665 0.47559012967
9667 0.475590128921
9669 0.475590109646
9671 0.475588812089
9697 0.475122039208
9699 0.475121492165
9701 0.47510497642
9703 0.475100883904
9705 0.475094106908
9707 0.475093989981
9709 0.475086514562
