26    3.87455403133
52    3.77948271693
54    3.77947760071
80    3.76053270851
82    3.76052933976
108    3.65662228717
110    3.65662228679
136    3.64374247473
162    3.63724198819
188    3.51738299194
214    3.43232964615
240    3.42523502282
266    3.41812807037
283    3.41707268077
309    3.39362984731
335    3.38636613671
361    3.30546737419
363    3.30546737419
389    3.28068359311
406    3.1565090973
432    3.15371982248
458    3.11499549844
460    3.11499367781
462    3.11499266428
488    3.11201597955
514    3.08546154407
516    3.08546152599
542    2.98499341908
544    2.98499341908
570    2.96872336142
582    2.84426725867
608    2.7456967881
634    2.6231345973
636    2.62313432003
638    2.62313421167
664    2.60712258485
673    2.6068851575
675    2.60688461933
701    2.57160880944
703    2.57160880944
729    2.54695189535
740    2.42247185625
765    2.29903193064
773    2.17462675492
775    2.1746261958
777    2.17462598786
779    2.17461881104
781    2.17461752185
783    2.17461744615
794    2.05032262328
796    2.05032262328
798    2.05032057489
824    2.01963827268
841    1.89609918287
855    1.77214489828
881    1.7488737969
907    1.73223081265
909    1.73222337934
911    1.73222317916
937    1.72091317367
957    1.59738885332
959    1.59738885332
961    1.59738131806
983    1.47354467661
1009    1.38825465205
1035    1.26595581439
1037    1.26595571701
1039    1.2659556536
1065    1.24271293938
1072    1.24254316576
1074    1.24254297438
1100    1.24061714268
1102    1.24061714268
1128    1.23905390465
1154    1.14247106081
1180    1.13603114322
1193    1.01269607681
1219    0.994725399798
1245    0.991605844472
1271    0.985484616955
1273    0.98548416639
1292    0.984997804004
1308    0.860745947154
1310    0.860745943767
1312    0.860741073795
1314    0.860729665689
1340    0.858100381697
1342    0.858094946645
1358    0.857744429662
1360    0.857741186065
1384    0.856792600505
1386    0.856792540686
1390    0.856747842798
1416    0.850688104787
1418    0.850679285876
1444    0.84608132107
1470    0.840163511896
1496    0.834761569081
1498    0.834750865065
1520    0.834157966058
1546    0.828876608279
1572    0.822801746833
1574    0.822801746496
1600    0.8208563653
1602    0.820853851728
1628    0.81772782089
1654    0.801331294303
1656    0.801331112639
1658    0.801331011446
1684    0.798041933605
1710    0.788564692344
1712    0.788562068309
1738    0.786111027014
1740    0.786111021685
1755    0.785789119596
1757    0.785787283686
1783    0.783338145282
1786    0.783308231273
1788    0.783307672246
1790    0.783307451083
1803    0.783052702414
1805    0.783042109776
1807    0.783041594323
1833    0.768377764787
1835    0.76837776422
1861    0.757354505203
1863    0.757354340582
1865    0.757353863195
1867    0.75735378135
1869    0.757353780012
1871    0.757353779508
1873    0.757353444896
1875    0.757353428214
1877    0.757353428047
1879    0.757353358036
1881    0.757353358031
1883    0.757353355814
1909    0.751279068416
1911    0.751272777432
1913    0.751272720218
1939    0.746281944124
1965    0.743113732971
1967    0.743112910867
1969    0.743100528182
1995    0.741107578252
1997    0.741105282364
1999    0.741105282276
2001    0.741105255524
2003    0.741104023086
2029    0.735317990408
2031    0.735304583962
2033    0.735304369331
2035    0.735304229581
2061    0.7338874292
2063    0.733876847181
2065    0.733876104313
2091    0.732334700843
2093    0.732334700833
2119    0.731069336283
2121    0.731065813974
2147    0.724749817605
2149    0.724749603857
2151    0.724736331359
2153    0.72472391267
2179    0.719064521974
2181    0.719063788423
2185    0.719020274889
2187    0.719017921073
2189    0.719017918045
2191    0.719016495469
2193    0.719002135398
2195    0.718990152927
2197    0.718984328148
2199    0.718973091064
2201    0.718969758369
2203    0.718959190445
2205    0.71895917072
2207    0.718946978197
2233    0.715633708143
2235    0.715625389424
2238    0.715596968102
2264    0.71190196212
2290    0.708722044649
2292    0.708713783443
2294    0.708712218434
2320    0.70556447592
2336    0.705255760512
2338    0.705255758899
2351    0.705032777362
2353    0.70503013298
2379    0.701574176726
2405    0.696369420191
2407    0.696368739552
2409    0.696368362469
2435    0.692798357161
2461    0.689921412904
2463    0.689916570202
2465    0.689907035778
2467    0.68990702666
2469    0.689897958628
2471    0.689895622297
2473    0.689882326877
2475    0.689870711814
2477    0.689870373023
2479    0.68987023888
2481    0.68985788057
2483    0.689848599347
2485    0.689848185385
2511    0.684947040237
2513    0.684947039266
2539    0.680502930575
2541    0.680502873476
2543    0.680502592536
2545    0.68050258912
2547    0.680502584953
2549    0.680502583383
2551    0.68050238733
2553    0.68050238663
2555    0.680502386021
2557    0.68050235882
2559    0.680502358818
2561    0.680502358677
2587    0.679862766085
2589    0.679859174614
2591    0.679859074013
2617    0.678960478359
2643    0.678402208132
2645    0.678402202798
2647    0.678388992757
2657    0.678250151417
2659    0.678249063826
2661    0.678249063707
2663    0.678248796517
2665    0.678247662134
2677    0.678042480084
2679    0.678032425789
2681    0.678032241542
2683    0.678032121556
2685    0.678018854824
2687    0.678010945593
2689    0.678010321685
2715    0.676763276579
2717    0.676763276492
2743    0.675749131573
2745    0.675747604548
2771    0.670060292483
2773    0.670059939655
2775    0.670049297392
2777    0.670039327343
2803    0.665070396605
2805    0.665069789502
2807    0.665055484522
2809    0.665054850093
2811    0.665054847288
2813    0.665054419522
2839    0.664659274554
2841    0.664647937706
2843    0.664640862692
2845    0.664630215643
2847    0.664625834804
2849    0.664616314206
2851    0.664616312651
2853    0.664605310484
2879    0.66311792508
2881    0.66311019849
2883    0.663102843677
2909    0.661151812714
2935    0.65952878436
2937    0.659523160866
2939    0.659523131431
2965    0.657847173128
2967    0.657839965505
2969    0.657839961781
2975    0.657760746548
2977    0.657756633175
3003    0.654099572176
3029    0.652521824525
3031    0.652521096408
3033    0.652520694778
3059    0.648825396578
3085    0.64796066607
3087    0.647954423189
3089    0.647947294727
3091    0.647947285209
3093    0.647941177201
3095    0.647938716961
3097    0.647926947429
3099    0.647918183648
3101    0.647917878211
3103    0.647917757226
3105    0.647906821674
3107    0.647899813317
3109    0.647899413027
3135    0.646525719411
3137    0.646525718198
3163    0.644686300395
3165    0.644686256719
3167    0.644685344986
3169    0.644685344841
3171    0.644685338073
3173    0.644685335523
3175    0.64468469894
3177    0.64468469891
3179    0.64468469795
3181    0.644684685245
3183    0.644684685244
3185    0.644684683451
3187    0.644682511975
3189    0.644680224158
3191    0.644678723457
3193    0.644664698787
3195    0.644650929707
3197    0.644650763153
3199    0.644642196643
3201    0.644628744559
3203    0.644627892177
3205    0.644627892071
3207    0.644627485026
3209    0.644626159699
3211    0.644613588445
3213    0.644606048598
3215    0.644605926696
3217    0.644605847301
3219    0.644593943019
3221    0.644588004853
3223    0.64458745875
3249    0.643545536616
3251    0.643545536328
3277    0.642725938043
3279    0.642725017245
3305    0.637830459198
3307    0.637830015965
3309    0.637820061306
3311    0.637810725473
3337    0.633628860991
3339    0.633628311357
3342    0.633600097265
3344    0.633599933686
3346    0.633599931057
3348    0.633599795877
3374    0.633163770435
3376    0.63315298546
3378    0.633144474478
3380    0.633134330549
3382    0.633128698045
3384    0.633120235977
3386    0.63312023427
3388    0.633110383823
3414    0.632590066698
3416    0.632583096212
3418    0.632578639027
3444    0.631638003915
3470    0.63086900421
3472    0.630865398738
3474    0.630864303194
3500    0.629995727452
3502    0.629989771918
3504    0.629989765337
3510    0.629910738019
3512    0.629904753021
3538    0.626204149778
3562    0.625770507546
3564    0.625769871952
3566    0.625769522686
3592    0.62211779611
3594    0.622103492913
3596    0.622096522383
3598    0.622090603275
3600    0.622090594472
3602    0.622085739971
3604    0.622083287447
3606    0.622073014181
3608    0.622066821756
3610    0.622066519215
3612    0.622066399348
3614    0.622056858456
3616    0.622051906298
3618    0.622051506605
3624    0.621976973866
3626    0.621976972552
3652    0.620952524542
3654    0.620952485321
3656    0.620951865051
3658    0.620951865044
3660    0.620951857112
3662    0.620951854123
3664    0.620951421072
3666    0.62095142107
3668    0.620951419952
3670    0.620951412982
3672    0.620951412982
3674    0.620951409413
3676    0.620949535588
3678    0.62094796876
3680    0.620944982922
3682    0.620931757987
3684    0.620918774096
3686    0.620918403402
3688    0.620911767435
3690    0.620899126259
3692    0.620898379625
3694    0.620898379533
3696    0.620897907501
3698    0.620896473952
3700    0.620885189953
3702    0.620879492485
3704    0.620879393913
3706    0.62087932971
3708    0.620868646989
3710    0.62086415512
3712    0.620863640705
3738    0.61995221439
3740    0.619952213766
3766    0.619274993809
3768    0.619274581706
3794    0.615219475595
3796    0.615218982377
3798    0.615210330842
3800    0.615202209861
3826    0.611802919389
3828    0.611802392582
3830    0.61178880542
3832    0.611788767074
3834    0.61178876458
3836    0.611788718246
3862    0.611308230805
3864    0.611297917226
3866    0.611287768121
3868    0.611278052801
3870    0.611270943638
3872    0.611263546475
3874    0.611263536766
3876    0.611254827926
3878    0.611249028593
3880    0.611243348778
3882    0.611239784655
3908    0.610749787392
3929    0.610436726421
3931    0.610434302939
3933    0.610432319844
3959    0.609911028906
3961    0.609905901425
3963    0.60990589134
3969    0.609829530895
3971    0.609821722928
3997    0.606255068521
3999    0.606240797624
4001    0.606240285981
4003    0.606240005763
4029    0.602805867064
4031    0.602791627983
4033    0.602783977173
4035    0.602778818751
4037    0.602778811074
4039    0.602774627723
4041    0.602772204962
4043    0.602763293159
4045    0.602759122985
4047    0.602758818175
4049    0.602758697389
4051    0.602750425322
4053    0.602747092478
4055    0.602746691408
4057    0.60274237692
4059    0.60274237554
4085    0.602146611344
4087    0.602146573419
4089    0.602146203557
4091    0.602146203556
4093    0.602146195238
4095    0.602146192104
4097    0.602145933901
4099    0.602145933901
4101    0.602145932733
4103    0.602145927299
4105    0.602145927299
4107    0.602145922999
4109    0.602144322459
4111    0.602143114923
4113    0.60213921366
4115    0.602126742222
4117    0.602114498123
4119    0.602113969394
4121    0.60210818667
4123    0.602096305233
4125    0.602095621146
4127    0.602095621066
4129    0.60209510543
4131    0.602093618564
4133    0.602083489417
4135    0.602079144023
4137    0.602079055135
4139    0.602078997235
4141    0.60206941013
4143    0.602065981019
4145    0.6020654798
4171    0.60122799353
4173    0.601227992475
4199    0.600649925251
4201    0.600649663095
4227    0.597393818956
4229    0.597393294394
4231    0.597385160479
4233    0.597377519708
4259    0.594690155156
4261    0.594689637803
4263    0.594676496208
4265    0.594676489011
4267    0.594676486634
4269    0.594676468638
4295    0.594147786235
4297    0.594137874634
4299    0.594125868769
4301    0.594116517966
4303    0.594107685165
4305    0.594101345668
4307    0.594101328633
4309    0.594093751847
4311    0.594092426568
4313    0.594087842446
4315    0.594084736051
4317    0.594073702278
4319    0.594062758207
4321    0.594061141185
4323    0.594059094153
4349    0.593642625566
4351    0.593637962236
4353    0.593637948177
4357    0.59359319066
4359    0.593583872235
4385    0.59030450596
4387    0.590290261664
4389    0.590289788252
4391    0.590289529749
4417    0.587198551643
4419    0.587184325871
4421    0.587175958333
4423    0.587171462232
4425    0.587171455534
4427    0.5871678538
4429    0.587165448284
4431    0.587157716393
4433    0.587154928553
4435    0.587154624421
4437    0.587154503889
4439    0.587147331367
4441    0.587145105329
4443    0.587144704509
4445    0.587144077145
4447    0.587144075719
4457    0.587002320735
4459    0.587002284085
4461    0.587002088543
4463    0.587002088543
4465    0.587002079854
4467    0.587002076579
4469    0.587001940101
4471    0.587001940101
4473    0.587001938882
4475    0.58700193391
4477    0.58700193391
4479    0.587001929354
4481    0.587000574707
4483    0.586999555874
4485    0.586995157518
4487    0.586983393571
4489    0.5869718441
4491    0.586971209084
4493    0.586965821989
4495    0.586954651928
4497    0.586954005301
4499    0.586954005231
4501    0.586953461072
4503    0.586951945955
4505    0.586942852884
4507    0.586939503889
4509    0.586939419392
4511    0.586939364349
4513    0.586930760034
4515    0.586928115004
4517    0.586927619314
4543    0.586123905694
4545    0.586123904166
4571    0.585611073987
4573    0.585610895638
4599    0.583057209385
4601    0.583056667207
4603    0.583049052309
4605    0.583041894729
4631    0.580959742188
4633    0.580959225839
4635    0.580946791346
4637    0.580946790681
4639    0.580946788411
4641    0.580946780135
4667    0.58036604465
4669    0.580356475325
4671    0.580342378
4673    0.580333336857
4675    0.580322511371
4677    0.580317166667
4679    0.580317146488
4681    0.580310647689
4683    0.580310148058
4685    0.580306633764
4687    0.580303541051
4689    0.580295284744
4691    0.580287095995
4693    0.580286035534
4695    0.580283977998
4697    0.580269840641
4699    0.580264616093
4701    0.580264597942
4705    0.580220447886
4707    0.580209860257
4733    0.57731623296
4735    0.577301983884
4737    0.577301533017
4739    0.577301287468
4765    0.574625590192
4767    0.574611363593
4769    0.57460240797
4771    0.57459848863
4773    0.574598482782
4775    0.574595384935
4777    0.574592998035
4779    0.574586288885
4781    0.574584473374
4783    0.574584169606
4785    0.574584049206
4787    0.57457782965
4789    0.574576381766
4791    0.574575981317
4793    0.574575803774
4795    0.574575802339
4797    0.57456164282
4799    0.574561606802
4801    0.574561509576
4803    0.574561509576
4805    0.574561500711
4807    0.57456149737
4809    0.574561429533
4811    0.574561429533
4813    0.57456142829
4815    0.574561423459
4817    0.574561423459
4819    0.574561418822
4821    0.574560282772
4823    0.574559366923
4825    0.574554710194
4827    0.574543609532
4829    0.574532711282
4831    0.574532009064
4833    0.574526810787
4835    0.574516306701
4837    0.574515682622
4839    0.574515682562
4841    0.574515120044
4843    0.574513587962
4845    0.574505424471
4847    0.574502815196
4849    0.574502732929
4851    0.574502679335
4853    0.574494956712
4855    0.574492894369
4857    0.574492401024
4883    0.573695780892
4885    0.573695778903
4911    0.573222453389
4913    0.573222324315
4939    0.571251577659
4941    0.571251025568
4943    0.571243931797
4945    0.57123726072
4971    0.569645513417
4973    0.569644993928
4975    0.569633430948
4977    0.569633430917
4979    0.569633428748
4981    0.569633424126
5007    0.568996699341
5009    0.568987421708
5035    0.568533890382
5037    0.568524713055
5063    0.568109842454
5065    0.5681053197
5067    0.568105299475
5069    0.568099746316
5071    0.568099301202
5073    0.568096621271
5075    0.568093351956
5077    0.568085315467
5079    0.568077344754
5081    0.568076681136
5083    0.568074742023
5085    0.568060899058
5087    0.56805483817
5089    0.568054816061
5092    0.568025957728
5094    0.568014325709
5120    0.565553360029
5122    0.565539109163
5124    0.565538682238
5126    0.565538450245
5152    0.563300196827
5154    0.563285986246
5156    0.563276632858
5158    0.56327321584
5160    0.563273210733
5162    0.563270549271
5164    0.563268176814
5166    0.563262354342
5168    0.563261186335
5170    0.563260883974
5172    0.563260764122
5174    0.563255370624
5176    0.563254440688
5178    0.563254041304
5180    0.563253896664
5182    0.563253895236
5184    0.563240049065
5186    0.563240013205
5188    0.56323996457
5190    0.56323996457
5192    0.563239955671
5194    0.563239952316
5196    0.563239918392
5198    0.563239918392
5200    0.563239917145
5202    0.563239912357
5204    0.563239912357
5206    0.563239907696
5208    0.563238964342
5210    0.563238106199
5212    0.563233316691
5214    0.563222837565
5216    0.563212549545
5218    0.563211806226
5220    0.563206700163
5222    0.563196819626
5224    0.563196209098
5226    0.563196209046
5228    0.563195634858
5230    0.563194090905
5232    0.563186761555
5234    0.563184707462
5236    0.56318462653
5238    0.563184573804
5240    0.563177642291
5242    0.56317601767
5244    0.5631755254
5270    0.56236986511
5272    0.562369862712
5298    0.561916747729
5300    0.561916650334
5326    0.560410711496
5328    0.560410153784
5330    0.560403580143
5332    0.560397395664
5358    0.559189716701
5360    0.559189192132
5362    0.559178584102
5364    0.559178583604
5366    0.559178581533
5368    0.559178578426
5394    0.558349999504
5396    0.558340928446
5422    0.557688286057
5424    0.557678944793
5450    0.557050374924
5452    0.557046512049
5454    0.557046491776
5456    0.557041721301
5458    0.557041327983
5460    0.557039264735
5462    0.55703582382
5464    0.557028004916
5466    0.557020250019
5468    0.557019849719
5470    0.557018018382
5472    0.557004467126
5474    0.556996945369
5476    0.556996919675
5478    0.55698256452
5480    0.556970132626
5506    0.554941840672
5508    0.554927617583
5510    0.55492721877
5512    0.554927002454
5538    0.553107703523
5540    0.553093547685
5542    0.553083999984
5544    0.553081020459
5546    0.553081015997
5548    0.553078732248
5550    0.553076371399
5552    0.553071317717
5554    0.55307056549
5556    0.553070265319
5558    0.553070146326
5560    0.553065468922
5562    0.553064871381
5564    0.553064473604
5566    0.553064358309
5568    0.553064356886
5570    0.553050815612
5572    0.553050779828
5574    0.553050755306
5576    0.553050755306
5578    0.553050746395
5580    0.553050743036
5582    0.553050725934
5584    0.553050725934
5586    0.553050724686
5588    0.55305071991
5590    0.55305071991
5592    0.553050715245
5594    0.553049940548
5596    0.553049115344
5598    0.553044257203
5600    0.553034360368
5602    0.553024644046
5604    0.553023876163
5606    0.553018816566
5608    0.553009519888
5610    0.553008917442
5612    0.553008917396
5614    0.553008335881
5616    0.553006782394
5618    0.553000201566
5620    0.552998570092
5622    0.552998490128
5624    0.552998438031
5626    0.552992216378
5628    0.552990925249
5630    0.552990433596
5656    0.552167648023
5658    0.552167645292
5684    0.55172027274
5686    0.551720198168
5712    0.550574601188
5714    0.550574040177
5716    0.550567979844
5718    0.550562276344
5744    0.549648415379
5746    0.549647884963
5748    0.549638253739
5750    0.549638252765
5752    0.549638250786
5754    0.549638248365
5780    0.548562815539
5782    0.548553826044
5808    0.547633695079
5810    0.547624114755
5836    0.546703884127
5838    0.546700540733
5840    0.546700520412
5842    0.546696389431
5844    0.546696044983
5846    0.546694439817
5848    0.546690841967
5850    0.546683237849
5852    0.546675695991
5854    0.54667546671
5856    0.546673727196
5858    0.546660464418
5860    0.546650864834
5862    0.54665083605
5864    0.546636622644
5866    0.546623649703
5892    0.544994399926
5894    0.544980251309
5896    0.544979883492
5898    0.544979684288
5924    0.543534849215
5926    0.543520799297
5928    0.543511247572
5930    0.543508649079
5932    0.543508645178
5934    0.543506688149
5936    0.543504339048
5938    0.54349995202
5940    0.543499466943
5942    0.543499169044
5944    0.543499050944
5946    0.543494994357
5948    0.543494610208
5950    0.543494214238
5952    0.543494124698
5954    0.543494123281
5956    0.543480878418
5958    0.543480842688
5960    0.543480830195
5962    0.543480830195
5964    0.543480821281
5966    0.54348081792
5968    0.543480809207
5970    0.543480809207
5972    0.54348080796
5974    0.543480803187
5976    0.543480803187
5978    0.543480798522
5980    0.543480170425
5982    0.543479364337
5984    0.543474470163
5986    0.543465118908
5988    0.543455938237
5990    0.543455156029
5992    0.543450121314
5994    0.543441371436
5996    0.543440773741
5998    0.543440773701
6000    0.543440187661
6002    0.543438625779
6004    0.543432716688
6006    0.543431412343
6008    0.543431333206
6010    0.543431281644
6012    0.543425696986
6014    0.543424664211
6016    0.543424173061
6042    0.542582187507
6044    0.542582184527
6070    0.54212967651
6072    0.542129620166
6098    0.541258214986
6100    0.541257651856
6102    0.541252091165
6104    0.541246856393
6130    0.540554369257
6132    0.54055383287
6134    0.540545157269
6136    0.540545155979
6138    0.54054515409
6140    0.540545152
6166    0.539164121787
6168    0.539155078132
6194    0.537891951041
6196    0.537882101465
6222    0.536585270891
6224    0.536582324699
6226    0.536582304332
6228    0.53657868581
6230    0.536578386442
6232    0.53657712344
6234    0.536573399882
6236    0.536566004144
6238    0.536558668969
6240    0.536558547385
6242    0.536556875294
6244    0.536543893591
6246    0.536532099528
6248    0.536532068133
6250    0.536518286267
6252    0.536505028452
6278    0.535223142913
6280    0.535209123684
6282    0.535208787642
6284    0.535208605869
6310    0.534082184143
6312    0.534068295747
6314    0.534058902906
6316    0.534056636264
6318    0.534056632853
6320    0.534054958222
6322    0.534052621398
6324    0.534048812521
6326    0.534048499221
6328    0.534048203574
6330    0.534048086359
6332    0.534044568026
6334    0.534044320926
6336    0.534043926895
6338    0.53404385957
6340    0.534043858159
6342    0.534030901285
6344    0.534030865597
6346    0.534030859148
6348    0.534030859149
6350    0.534030850233
6352    0.534030846871
6354    0.534030842371
6356    0.534030842371
6358    0.534030841124
6360    0.534030836355
6362    0.534030836355
6364    0.534030831692
6366    0.534030330075
6368    0.534029535323
6370    0.534024621908
6372    0.534015781945
6374    0.534007103258
6376    0.534006313024
6378    0.534001293244
6380    0.533993055571
6382    0.53399246061
6384    0.533992460575
6386    0.533991871824
6388    0.533990302193
6390    0.53398499597
6392    0.533983949416
6394    0.533983871051
6396    0.53398381999
6398    0.533978806974
6400    0.533977977959
6402    0.533977487337
6428    0.533118560278
6430    0.533118557139
6456    0.532652757189
6458    0.532652716302
6484    0.531987575284
6486    0.53198701056
6488    0.53198192929
6490    0.531977144677
6516    0.531449957567
6518    0.531449415428
6520    0.531441646642
6522    0.531441645165
6524    0.531441643362
6526    0.531441641441
6552    0.529704536071
6554    0.529695280556
6580    0.528020700351
6582    0.528010612337
6608    0.526262851406
6610    0.526260196376
6612    0.526260175964
6614    0.52625695705
6616    0.526256699039
6618    0.526255693162
6620    0.526251876587
6622    0.526244682838
6624    0.526237548006
6626    0.526237491087
6628    0.526235863558
6630    0.526223155583
6632    0.526209169596
6634    0.526209136049
6636    0.526195994698
6638    0.526182688093
6664    0.525190416843
6666    0.525176583074
6668    0.525176277898
6670    0.525176112979
6696    0.524310511963
6698    0.524296839179
6700    0.524287735191
6702    0.524285757562
6704    0.524285754578
6706    0.524284323835
6708    0.524281999805
6710    0.524278692377
6712    0.524278489629
6714    0.524278196204
6716    0.524278079861
6718    0.52427502823
6720    0.524274869189
6722    0.524274477206
6724    0.524274428654
6726    0.524274427249
6728    0.524261750066
6730    0.524261714414
6732    0.52426171103
6734    0.524261711029
6736    0.524261702114
6738    0.524261698753
6740    0.524261696389
6742    0.524261696388
6744    0.524261695141
6746    0.524261690375
6748    0.524261690375
6750    0.524261685715
6752    0.524261292292
6754    0.524260504518
6756    0.524255580809
6758    0.524247220133
6760    0.524239012006
6762    0.52423821764
6764    0.524233208487
6766    0.524225450723
6768    0.524224857292
6770    0.524224857262
6772    0.524224266975
6774    0.524222690073
6776    0.524217924939
6778    0.5242170851
6780    0.524217007486
6782    0.524216956911
6784    0.524212456911
6786    0.52421179142
6788    0.524211301397
6814    0.523340650378
6816    0.523340647165
6842    0.522855540478
6844    0.522855512815
6870    0.522344614642
6872    0.522344048491
6874    0.522339421025
6876    0.52233506281
6902    0.521930787699
6904    0.521930240199
6906    0.521923313599
6908    0.521923312018
6910    0.521923310299
6912    0.521923308466
6938    0.519808679574
6940    0.519799016947
6966    0.517676269034
6968    0.517666044919
6994    0.515432494771
6996    0.515430041332
6998    0.515430020879
7000    0.515427102987
7002    0.515426882699
7004    0.5154260713
7006    0.515422193191
7008    0.515415195107
7010    0.515408254344
7012    0.51540823321
7014    0.515406629825
7016    0.515394188322
7021    0.515334267705
7023    0.515334232217
7025    0.515323310056
7027    0.515310156829
7053    0.51454721357
7055    0.514533617068
7057    0.514533340956
7059    0.514533191858
7085    0.513871382145
7087    0.513857972689
7089    0.513849255545
7091    0.513847529615
7093    0.513847527004
7095    0.513846306696
7097    0.513843995913
7099    0.513841123454
7101    0.513840991932
7103    0.513840700702
7105    0.513840585221
7107    0.513837938276
7109    0.513837835844
7111    0.513837446005
7113    0.513837412916
7115    0.513837411517
7117    0.513825005888
7119    0.513824970268
7121    0.513824968454
7123    0.513824968454
7125    0.513824959541
7127    0.51382495618
7129    0.51382495491
7131    0.51382495491
7133    0.513824953663
7135    0.5138249489
7137    0.5138249489
7139    0.513824944242
7141    0.513824642433
7143    0.513823859243
7145    0.513818930306
7147    0.513811019044
7149    0.513803252145
7151    0.513802456092
7153    0.513797455989
7155    0.513790147977
7157    0.513789555375
7159    0.513789555349
7161    0.513788964302
7163    0.513787380585
7165    0.513783101113
7167    0.513782429546
7169    0.513782352666
7171    0.513782302566
7173    0.513778262986
7175    0.513777730718
7177    0.51377724137
7203    0.512901932641
7205    0.512901929434
7231    0.512393261904
7233    0.512393245157
7257    0.512040311566
7259    0.512039744725
7261    0.51203557247
7263    0.51203164232
7265    0.512018619784
7267    0.512018061973
7269    0.512011991422
7271    0.512011989786
7273    0.51201198815
7275    0.512011986364
7301    0.509553822976
7303    0.50954350308
7329    0.506998353571
7331    0.506988163751
7357    0.504306342952
7359    0.50430402051
7361    0.50430400002
7363    0.504301301153
7365    0.504301113554
7367    0.504300450273
7369    0.504296597863
7371    0.504289779013
7373    0.504283016019
7375    0.504283011602
7377    0.504281377884
7379    0.504269182615
7383    0.50422404722
7385    0.504224010206
7387    0.50421468345
7389    0.504201853455
7415    0.503621459477
7417    0.503608145262
7419    0.503607895189
7421    0.503607760232
7447    0.503106553795
7449    0.503093448644
7451    0.503085183018
7453    0.503083676282
7455    0.503083673995
7457    0.503082635073
7459    0.503080337924
7461    0.503077842793
7463    0.503077757222
7465    0.50307746816
7467    0.50307735353
7469    0.503075057504
7471    0.503074991482
7473    0.503074603873
7475    0.503074583082
7477    0.50307458169
7479    0.503062439613
7481    0.50306240402
7483    0.503062403025
7485    0.503062403025
7487    0.503062394114
7489    0.503062390754
7491    0.503062390054
7493    0.503062390054
7495    0.503062388807
7497    0.503062384048
7499    0.503062384048
7501    0.503062379392
7503    0.503062154195
7505    0.503061374322
7507    0.503056443281
7509    0.503048953513
7511    0.503041600428
7513    0.503040804263
7515    0.503035812921
7517    0.503028926466
7519    0.503028334303
7521    0.50302833428
7523    0.503027742985
7525    0.503026152703
7527    0.503022309149
7529    0.503021784381
7531    0.503021708257
7533    0.503021658647
7535    0.503018032281
7537    0.503017616348
7539    0.503017127811
7565    0.502163296632
7567    0.50216329359
7593    0.501617120013
7595    0.501617116302
7598    0.501588086815
7600    0.501587526395
7602    0.501583993544
7604    0.501580665521
7606    0.501567603504
7608    0.501567035322
7610    0.50156169849
7612    0.501561696827
7614    0.501561695272
7616    0.501561693511
7642    0.498869466301
7644    0.49885817324
7670    0.496000833779
7672    0.495990894475
7698    0.492989349935
7700    0.492987110939
7702    0.492987090417
7704    0.492984549067
7706    0.492984391494
7708    0.49298384179
7710    0.492980014301
7712    0.492973372577
7714    0.492966785258
7716    0.492966785258
7718    0.492965121843
7720    0.492953170919
7724    0.49290758691
7726    0.492907548666
7728    0.492899702338
7730    0.492887322966
7756    0.492448537545
7758    0.492435543175
7760    0.49243531646
7762    0.492435194168
7777    0.492224977284
7779    0.492212267686
7781    0.492204602584
7783    0.492203286727
7785    0.492203284724
7787    0.492202401979
7789    0.492200118785
7791    0.492197951013
7793    0.492197895135
7795    0.492197608217
7797    0.492197494427
7799    0.492195502712
7801    0.492195460125
7803    0.492195074817
7805    0.492195063323
7807    0.492195061938
7809    0.492183175581
7811    0.492183140014
7813    0.492183139451
7815    0.492183139451
7817    0.492183130544
7819    0.492183127185
7821    0.492183126786
7823    0.492183126786
7825    0.49218312554
7827    0.492183120785
7829    0.492183120785
7831    0.492183116131
7833    0.492182953995
7835    0.492182176829
7837    0.492177245827
7839    0.492170151466
7841    0.492163186582
7843    0.492162391356
7845    0.492157409096
7847    0.492150917844
7849    0.492150325919
7851    0.492150325899
7853    0.492149734706
7855    0.492148138412
7857    0.492144686132
7859    0.492144284824
7861    0.492144209428
7863    0.492144160289
7865    0.492140904773
7867    0.49214058676
7869    0.492140099082
7895    0.491327226694
7897    0.491327224005
7923    0.490736150345
7925    0.490736143367
7928    0.490707059397
7930    0.490706499087
7932    0.490703487386
7934    0.490700650153
7936    0.49068755833
7938    0.490686984624
7940    0.490682262237
7942    0.490682260559
7944    0.490682259083
7946    0.490682257336
7972    0.48793612202
7974    0.487923483819
8000    0.484941506316
8002    0.48493204327
8028    0.481814410778
8030    0.481812233981
8032    0.481812213433
8034    0.481809792065
8036    0.481809661325
8038    0.481809199362
8040    0.481805439981
8042    0.48179896894
8044    0.481792550906
8046    0.481792547656
8048    0.481790826721
8050    0.481779112967
8054    0.481735407308
8056    0.481735368188
8058    0.481728854842
8060    0.481716966872
8063    0.481687877221
8065    0.481675398148
8067    0.481675233841
8069    0.48167514521
8071    0.481660774826
8073    0.48164863561
8075    0.481641653762
8077    0.481640504081
8079    0.481640502327
8081    0.481639753842
8083    0.481637484871
8085    0.481635601143
8087    0.481635564491
8089    0.481635279692
8091    0.481635166734
8093    0.481633438932
8095    0.481633411439
8097    0.481633028498
8099    0.48163302346
8101    0.481633022081
8103    0.481621383781
8105    0.481621348238
8107    0.481621347909
8109    0.481621347909
8111    0.481621339006
8113    0.481621335647
8115    0.481621335413
8117    0.481621335413
8119    0.481621334167
8121    0.481621329417
8123    0.481621329417
8125    0.481621324764
8127    0.481621213475
8129    0.48162043878
8131    0.481615509447
8133    0.481608786107
8135    0.481602185479
8137    0.481601391929
8139    0.481596419336
8141    0.481590298642
8143    0.481589706873
8145    0.481589706856
8147    0.481589116006
8149    0.481587514623
8151    0.481584413552
8153    0.48158410972
8155    0.481584034962
8157    0.481583986236
8159    0.48158106355
8161    0.481580822896
8163    0.481580336016
8189    0.480811901645
8191    0.480811899289
8217    0.480179057872
8219    0.480179013639
8223    0.480135438349
8225    0.480134875345
8227    0.48013228217
8229    0.480129839081
8231    0.48011678711
8233    0.480116210383
8235    0.480112005445
8237    0.48011200376
8239    0.480112002359
8241    0.480112000622
8267    0.477522920013
8269    0.477508551772
8295    0.474622660161
8297    0.474613871801
8323    0.47160643229
8325    0.471604321951
8327    0.471604301384
8329    0.471601986713
8331    0.47160187962
8333    0.471601485822
8335    0.471597873963
8337    0.471591565979
8339    0.471585309667
8341    0.471585298653
8343    0.471583465687
8345    0.471571980936
8347    0.471558955763
8349    0.471558916744
8351    0.47155296184
8353    0.471541575315
8355    0.471527180536
8357    0.471515263032
8359    0.471515123783
8361    0.471515048668
8363    0.471500786779
8365    0.471489196917
8367    0.471482712902
8369    0.471481707877
8371    0.471481706341
8373    0.471481073092
8375    0.471478818562
8377    0.471477181325
8379    0.471477157151
8381    0.47147687445
8383    0.471476762316
8385    0.471475263405
8387    0.471475245641
8389    0.471474865122
8391    0.471474863862
8393    0.47147486249
8395    0.47146346479
8397    0.471463429271
8399    0.471463429072
8401    0.471463429072
8403    0.471463420173
8405    0.471463416816
8407    0.471463416672
8409    0.471463416672
8411    0.471463415426
8413    0.47146341068
8415    0.47146341068
8417    0.471463406029
8419    0.4714633346
8421    0.471462562358
8423    0.471457636047
8425    0.471451260945
8427    0.471445002207
8429    0.471444210878
8431    0.471439248655
8433    0.471433475488
8435    0.47143288386
8437    0.471432883845
8439    0.471432293515
8441    0.471430687942
8443    0.471427902126
8445    0.471427674697
8447    0.471427600496
8449    0.47142755213
8451    0.471424928155
8453    0.471424748164
8455    0.471424262031
8481    0.470702601645
8483    0.470702599595
8509    0.470032264734
8511    0.470032163972
8514    0.470003144935
8516    0.470002578766
8518    0.470000337919
8520    0.469998226664
8522    0.469985146062
8524    0.469984567066
8526    0.469980800584
8528    0.469980798894
8530    0.469980797566
8532    0.469980795836
8558    0.467730049943
8563    0.467669717519
8589    0.465067227666
8591    0.465060933205
8617    0.462348509669
8619    0.462346516302
8621    0.462346495873
8623    0.462344322082
8625    0.462344236575
8627    0.462343895384
8629    0.462340381617
8631    0.462334238452
8633    0.462328145609
8635    0.462328124596
8637    0.462326210047
8639    0.462314957226
8641    0.462302761325
8643    0.46230272244
8645    0.462297281648
8647    0.462286499027
8649    0.462272214861
8651    0.46226083363
8653    0.462260705363
8655    0.46226063617
8657    0.462246484235
8659    0.462235418659
8661    0.462229358858
8663    0.462228479779
8665    0.462228478432
8667    0.462227943972
8669    0.462225704058
8671    0.462224280743
8673    0.462224264694
8675    0.462223984067
8677    0.462223872748
8679    0.462222572358
8681    0.462222560871
8683    0.462222182823
8685    0.462222182823
8687    0.462222181458
8689    0.462211017084
8691    0.462210981586
8693    0.462210981462
8695    0.462210981461
8697    0.462210972566
8699    0.462210969211
8701    0.462210969118
8703    0.462210969118
8705    0.462210967874
8707    0.462210963132
8709    0.462210963132
8711    0.462210958482
8713    0.46221091705
8715    0.46221014736
8717    0.462205225257
8719    0.462199177088
8721    0.462193239323
8723    0.46219245064
8725    0.462187499508
8727    0.462182052326
8729    0.462181460867
8731    0.462181460854
8733    0.462180871171
8735    0.462179262277
8737    0.462176759446
8739    0.462176591748
8741    0.462176518032
8743    0.462176469979
8745    0.462174114094
8747    0.462173981543
8749    0.462173496112
8775    0.461501626024
8777    0.461501624272
8803    0.460797817511
8805    0.460797644894
8808    0.460768574452
8810    0.460768004843
8812    0.46076605523
8814    0.460764218281
8816    0.460751104035
8818    0.460750523394
8820    0.460747129895
8822    0.460747128203
8824    0.460747126943
8826    0.460747125219
8852    0.458934071185
8856    0.458888677269
8882    0.456688376085
8884    0.456683721916
8910    0.454373882467
8912    0.45437202326
8914    0.454372002918
8916    0.454369973156
8918    0.454369906463
8920    0.454369606948
8922    0.454366182288
8924    0.454360199013
8926    0.454354264751
8928    0.454354232719
8930    0.454352240803
8932    0.454341214078
8934    0.454329788151
8936    0.454329749403
8938    0.454324781032
8940    0.454314610379
8942    0.454300438277
8944    0.45428956896
8946    0.454289447515
8948    0.454289382002
8950    0.454275341226
8952    0.454264775945
8954    0.454259102741
8956    0.454258333336
8958    0.454258332156
8960    0.454257882273
8962    0.454255657111
8964    0.454254419474
8966    0.454254408733
8968    0.454254130157
8970    0.454254019644
8972    0.454252891444
8974    0.45425288401
8976    0.454252508474
8978    0.454252507371
8980    0.454252506013
8982    0.454241567885
8984    0.454241532408
8986    0.454241532327
8988    0.454241532327
8990    0.454241523436
8992    0.454241520081
8994    0.45424152002
8996    0.45424152002
8998    0.454241518776
9000    0.454241514038
9002    0.454241514038
9004    0.45424150939
9006    0.454241489123
9008    0.454240722149
9010    0.454235805327
9012    0.454230064174
9014    0.454224427828
9016    0.45422364214
9018    0.454218702808
9020    0.454213561465
9022    0.454212970226
9024    0.454212970215
9026    0.454212381278
9028    0.454210769969
9030    0.454208521164
9032    0.454208399472
9034    0.454208326161
9036    0.45420827837
9038    0.454206163096
9040    0.454206067086
9042    0.454205582297
9068    0.453585122703
9070    0.453585121231
9096    0.452852749274
9098    0.452852497618
9102    0.452808898547
9104    0.452808325317
9106    0.452806611228
9108    0.452804996114
9110    0.452791901484
9112    0.452791319758
9114    0.452788245709
9116    0.452788244015
9118    0.452788242823
9120    0.452788241103
9146    0.451431683735
9151    0.451371133774
9177    0.44960538882
9179    0.449602499712
9205    0.447721114002
9207    0.447719423313
9209    0.44771940311
9211    0.447717542358
9213    0.447717491856
9215    0.44771722514
9217    0.447713881406
9219    0.447708053285
9221    0.447702272904
9223    0.447702229845
9225    0.447700164729
9227    0.447689358465
9229    0.447678647683
9231    0.447678609077
9233    0.447674074731
9235    0.447664494272
9237    0.447650435455
9239    0.447640054762
9241    0.447639938748
9243    0.447639876164
9245    0.447625947582
9247    0.447615859705
9249    0.447610546864
9251    0.447609872987
9253    0.447609871951
9255    0.447609494375
9257    0.447607284072
9259    0.447606207621
9261    0.447606200363
9263    0.447605923816
9265    0.447605814103
9267    0.447604835261
9269    0.447604830448
9271    0.44760445746
9273    0.447604453041
9275    0.44760445169
9277    0.447593732949
9279    0.447593697491
9281    0.447593697437
9283    0.447593697437
9285    0.44759368855
9287    0.447593685197
9289    0.447593685155
9291    0.447593685155
9293    0.447593683911
9295    0.447593679177
9297    0.447593679177
9299    0.447593674531
9301    0.447593667541
9303    0.44759290348
9305    0.447587992937
9307    0.447582540188
9309    0.447577186988
9311    0.447576404594
9313    0.447571477756
9315    0.447566623424
9317    0.447566032467
9319    0.447566032457
9321    0.447565444346
9323    0.447563831548
9325    0.447561810784
9327    0.447561723937
9329    0.447561650952
9331    0.447561603369
9333    0.44755970405
9335    0.447559635708
9337    0.447559151496
9363    0.446990384569
9365    0.446990383351
9391    0.446234998656
9393    0.446234669991
9396    0.446205583019
9398    0.446205006821
9400    0.446203496114
9402    0.446202072577
9404    0.446188922591
9406    0.446188339623
9408    0.446185541015
9410    0.446185539321
9412    0.446185538194
9414    0.446185536477
9440    0.44523495889
9444    0.445189946045
9470    0.443830888363
9472    0.44382905949
9498    0.442345399212
9500    0.442343884164
9502    0.442343864046
9504    0.442342174103
9506    0.4423421373
9508    0.442341896925
9510    0.44233862666
9512    0.442332949098
9514    0.442327318044
9516    0.442327264333
9518    0.442325130106
9520    0.442314538813
9522    0.442304492473
9524    0.442304454013
9526    0.442300318337
9528    0.442291298751
9530    0.442277354275
9532    0.442267439976
9534    0.442267328815
9536    0.442267268848
9538    0.442253453359
9540    0.442243821056
9542    0.442238846498
9544    0.442238255847
9546    0.442238254938
9548    0.442237939079
9550    0.442235743717
9552    0.442234807212
9554    0.442234802252
9556    0.442234527712
9558    0.442234418792
9560    0.442233569511
9562    0.442233566394
9564    0.442233195985
9566    0.442233186182
9568    0.442233184838
9570    0.442222678848
9572    0.44222264341
9574    0.442222643372
9576    0.442222643372
9578    0.442222634489
9580    0.442222631138
9582    0.442222631107
9584    0.442222631107
9586    0.442222629864
9588    0.442222625134
9590    0.442222625134
9592    0.442222620488
9594    0.442222619749
9596    0.442221858814
9598    0.442216955494
9600    0.442211773758
9602    0.442206686631
9604    0.442205907798
9606    0.442200994127
9608    0.442196409207
9610    0.442195818601
9612    0.442195818593
9614    0.442195231375
9616    0.442193617971
9618    0.442191801934
9620    0.442191741188
9622    0.442191668456
9624    0.442191621036
9626    0.442189915551
9628    0.442189867922
9630    0.442189384229
9656    0.44167302111
9658    0.441673020132
9684    0.440899581306
9686    0.440899171213
9690    0.440855468193
9692    0.440854888927
9694    0.440853543462
9696    0.440852275577
9698    0.440839117315
9700    0.440838533536
9702    0.440835973764
9704    0.440835972069
9706    0.440835971004
9708    0.44083596929
9734    0.440210779076
9738    0.440165725858
9764    0.439150200516
9766    0.439149181687
9792    0.438002905275
9794    0.438001572337
9796    0.438001552305
9798    0.438000038133
9800    0.438000012672
9802    0.437999793383
9804    0.437996589788
9806    0.437991058371
9808    0.437985572262
9810    0.43798550867
9812    0.437983309328
9814    0.43797292771
9816    0.437963498921
9818    0.43796346061
9820    0.43795969105
9822    0.43795120201
9824    0.43793737281
9826    0.437927903712
9828    0.437927797074
9830    0.437927739549
9832    0.437914037946
9834    0.437904840415
9836    0.437900184057
9838    0.437899665935
9840    0.437899665138
9842    0.437899401866
9844    0.437897221507
9846    0.437896406529
9848    0.437896403093
9850    0.437896130543
9852    0.437896022408
9854    0.437895285525
9856    0.437895283506
9858    0.437894915703
9860    0.437894898585
9862    0.437894897248
9864    0.437884597608
9866    0.437884562189
9868    0.437884562162
9870    0.437884562162
9872    0.437884553284
9874    0.437884549933
9876    0.437884549911
9878    0.437884549911
9880    0.437884548668
9882    0.437884543942
9884    0.437884543941
9886    0.437884539298
9888    0.437884538571
9890    0.437883780979
9892    0.437878885783
9894    0.437873958812
9896    0.437869121806
9898    0.437868346778
9900    0.437863446929
9902    0.437859114976
9904    0.437858524793
9906    0.437858524786
9908    0.437857938518
9910    0.437856325422
9912    0.437854693195
9914    0.437854651494
9916    0.437854578936
9918    0.437854531627
9920    0.43785300013
9922    0.437852967595
9924    0.437852484352
9950    0.437387300414
9952    0.437387299647
9978    0.436601420323
9980    0.436600936779
9984    0.436557217493
9986    0.436556635553
9988    0.436555430216
9990    0.43655429433
9992    0.436541111544
9994    0.436540526958
9996    0.436538176019
9998    0.436538174325
10000    0.436538173319
10002    0.436538171609
10021    0.436263942083
10024    0.43623411736
10050    0.435471517326
10052    0.435470902235
10078    0.434577440885
10080    0.434576285267
10082    0.434576265269
10084    0.434574923292
10086    0.434574906935
10088    0.434574704795
10090    0.434571561666
10092    0.434566172117
10094    0.434560826713
10096    0.434560754068
10098    0.434558493493
10100    0.4345483164
10102    0.43453946178
10104    0.434539423623
10106    0.434535990199
10108    0.434528002229
10110    0.43451428911
10112    0.434505245001
10114    0.43450514264
10116    0.434505087422
10118    0.434491500388
10120    0.434482717797
10122    0.434478360874
10124    0.434477905976
10126    0.434477905276
10128    0.434477686722
10130    0.434475521413
10132    0.434474811985
10134    0.434474809568
10136    0.434474538988
10138    0.434474431632
10140    0.434473792264
10142    0.434473790958
10144    0.434473425782
10146    0.434473399551
10148    0.434473398221
10150    0.434463298747
10152    0.434463263346
10154    0.434463263327
10156    0.434463263327
10158    0.434463254453
10160    0.434463251103
10162    0.434463251086
10164    0.434463251086
10166    0.434463249844
10168    0.434463245121
10170    0.434463245121
10172    0.434463240478
10174    0.434463234245
10176    0.434462480212
10178    0.434457594007
10180    0.434452906612
10182    0.434448304815
10184    0.434447533817
10186    0.434442648424
10188    0.434438554058
10190    0.434437964372
10192    0.434437964365
10194    0.434437379101
10196    0.434435767161
10198    0.434434299974
10200    0.434434271917
10202    0.434434199466
10204    0.434434152223
10206    0.434432776905
10208    0.434432755161
10210    0.434432272312
10236    0.434016946633
10238    0.434016946052
10264    0.433223730352
10266    0.4332231772
10271    0.433164933483
10273    0.433164348912
10275    0.433163258067
10277    0.433162230029
10279    0.43314906534
10281    0.433148480219
10283    0.433146313438
10285    0.433146311744
10287    0.433146310795
10289    0.433146309088
10291    0.433136480383
10294    0.433107331566
10320    0.432511267414
10322    0.432510928491
10348    0.431789898551
10350    0.431788916114
10352    0.431788896147
10354    0.431787725446
10356    0.431787716074
10358    0.431787527785
10360    0.431784439453
10362    0.43177918766
10364    0.431773978882
10366    0.431773898174
10368    0.431771580127
10370    0.431761602588
10372    0.431753281997
10374    0.431753243997
10376    0.431750119107
10378    0.431742604079
10380    0.43172900775
10382    0.431720369363
10384    0.431720271064
10386    0.431720218039
10388    0.431706746168
10390    0.431698359616
10392    0.431694284453
10394    0.431693884687
10396    0.431693884072
10398    0.431693703464
10400    0.431691553239
10402    0.431690935501
10404    0.43169093377
10406    0.431690665143
10408    0.431690558561
10410    0.431690003799
10412    0.431690002955
10414    0.431689640426
10416    0.431689603407
10418    0.431689602084
10420    0.431679696816
10422    0.431679661433
10424    0.431679661419
10426    0.431679661419
10428    0.431679652548
10430    0.4316796492
10432    0.431679649188
10434    0.431679649188
10436    0.431679647946
10438    0.431679643227
10440    0.431679643227
10442    0.431679638585
10444    0.431679621983
10446    0.431678871719
10448    0.431673995337
10450    0.431669533322
10452    0.431665152795
10454    0.43166438604
10456    0.431659515715
10458    0.431655644562
10460    0.431655055443
10462    0.431655055437
10464    0.431654471223
10466    0.431652861262
10468    0.431651542273
10470    0.43165152373
10472    0.431651451318
10474    0.4316514041
10476    0.431650168981
10478    0.431650154742
10480    0.43164967223
10490    0.431516948357
10492    0.431516947926
10518    0.430719837988
10520    0.430719219074
10522    0.430704934847
10524    0.430704348951
10526    0.430703378744
10528    0.430702464379
10530    0.430689459566
10532    0.430688873155
10534    0.430686878334
10536    0.43068687664
10538    0.430686875747
10540    0.430686874042
10542    0.430680511099
10545    0.430652239286
10571    0.43019146396
10573    0.430191314104
10599    0.42961228067
10601    0.429611450836
10603    0.429611430905
10605    0.429610412896
10607    0.429610408501
10609    0.429610231449
10611    0.429607192727
10613    0.429602074708
10615    0.429596998604
10617    0.429596910814
10619    0.429594538917
10621    0.429584756094
10623    0.429576932369
10625    0.429576894528
10627    0.42957405275
10629    0.429566983964
10631    0.429553505014
10633    0.429545253962
10635    0.429545159527
10637    0.429545108585
10639    0.429531752367
10641    0.429523743826
10643    0.429519933723
10645    0.429519582049
10647    0.429519581508
10649    0.429519433017
10651    0.429517297896
10653    0.429516759821
10655    0.429516758557
10657    0.429516491868
10659    0.429516386052
10661    0.429515904701
10663    0.429515904157
10665    0.429515544291
10667    0.42951549493
10669    0.429515493614
10671    0.429505776789
10673    0.429505741423
10675    0.429505741414
10677    0.429505741414
10679    0.429505732546
10681    0.4295057292
10683    0.42950572919
10685    0.42950572919
10687    0.429505727949
10689    0.429505723233
10691    0.429505723233
10693    0.429505718593
10695    0.429505687358
10697    0.429504941064
10699    0.429500075306
10701    0.429495825389
10703    0.429491653094
10705    0.429490890779
10707    0.429486036107
10709    0.429482374716
10711    0.429481786232
10713    0.429481786227
10715    0.429481203109
10717    0.429479606714
10719    0.429478420809
10721    0.429478403888
10723    0.429478329562
10725    0.429478281093
10727    0.429477171829
10729    0.429477158885
10731    0.429476673514
10733    0.429462331361
10735    0.429462331053
10761    0.428662106586
10763    0.428661403133
10765    0.42864743847
10767    0.428646850994
10769    0.428645985955
10771    0.428645170694
10773    0.428632463309
10775    0.428631876041
10777    0.428630035019
10779    0.428630033326
10781    0.428630032486
10783    0.428630030783
10785    0.42862616759
10787    0.428612160579
10789    0.428597782452
10791    0.428597678644
10817    0.428087244394
10819    0.428086549228
10821    0.428086529299
10823    0.428085651586
10825    0.428085650265
10827    0.428085482494
10829    0.428082488633
10831    0.428077500519
10833    0.428072553255
10835    0.428072459226
10837    0.428070036958
10839    0.428060444133
10841    0.42805308285
10843    0.428053045172
10845    0.428050463089
10847    0.428043815249
10849    0.428030454146
10851    0.428022572883
10853    0.428022482124
10855    0.428022433166
10857    0.42800919298
10859    0.428001545247
10861    0.42799798442
10863    0.427997674711
10865    0.427997674236
10867    0.427997552854
10869    0.427995432844
10871    0.427994963998
10873    0.427994963054
10875    0.427994698285
10877    0.427994593231
10879    0.427994175578
10881    0.42799417523
10883    0.427993818038
10885    0.427993754894
10887    0.427993753585
10889    0.427984219627
10891    0.427984184279
10893    0.427984184272
10895    0.427984184272
10897    0.427984175409
10899    0.427984172064
10901    0.427984172055
10903    0.427984172055
10905    0.427984170815
10907    0.427984166102
10909    0.427984166102
10911    0.427984161463
10913    0.427984111878
10915    0.427983369749
10917    0.427978515376
10919    0.427974465128
10921    0.42797048886
10923    0.42796973117
10925    0.427964892705
10927    0.427961428487
10929    0.427960840705
10931    0.4279608407
10933    0.427960258716
10935    0.4279586745
10937    0.427957608092
10939    0.427957589825
10941    0.427957513844
10943    0.427957464296
10945    0.427956468005
10947    0.427956454035
10949    0.42795596632
10951    0.427941787624
10953    0.427941787411
10979    0.427140315805
10981    0.427139533449
10983    0.427125867014
10985    0.427125277913
10987    0.427124501635
10989    0.427123770018
10991    0.427111339195
10993    0.42711075131
10995    0.427109044092
10997    0.427109042399
10999    0.42710904161
11001    0.427109039909
11003    0.427106185014
11005    0.427092720789
11007    0.427080377322
11009    0.427080310778
11035    0.426630976868
11037    0.426630396038
11039    0.426630376118
11041    0.426629619065
11043    0.426629619017
11045    0.426629458833
11047    0.426626505491
11049    0.426621643562
11051    0.426616821446
11053    0.426616722048
11055    0.426614252752
11057    0.426604845374
11059    0.426597914677
11061    0.426597877163
11063    0.426595533222
11065    0.426589282395
11067    0.426576039559
11069    0.42656851137
11071    0.426568424111
11073    0.426568377042
11075    0.426555253231
11077    0.426547949925
11079    0.426544623465
11081    0.426544350393
11083    0.426544349975
11085    0.426544251403
11087    0.426542146504
11089    0.426541737831
11091    0.42654173711
11093    0.426541474248
11095    0.426541369949
11097    0.426541007573
11099    0.426541007351
11101    0.426540652844
11103    0.426540574583
11105    0.426540573281
11107    0.426531216837
11109    0.426531181506
11111    0.426531181502
11113    0.426531181502
11115    0.426531172642
11117    0.426531169299
11119    0.426531169293
11121    0.426531169293
11123    0.426531168053
11125    0.426531163343
11127    0.426531163343
11129    0.426531158705
11131    0.426531087548
11133    0.42653034977
11135    0.426525507528
11137    0.426521645327
11139    0.426517853678
11141    0.426517100792
11143    0.426512279085
11145    0.426509000271
11147    0.426508413254
11149    0.42650841325
11151    0.42650783244
11153    0.426506254725
11155    0.426505295626
11157    0.426505276107
11159    0.426505199517
11161    0.42650514957
11163    0.426504254698
11165    0.426504239776
11167    0.426503751494
11169    0.42648978147
11171    0.426489781328
11197    0.425688943396
11199    0.425688088159
11201    0.425674698951
11203    0.425674108306
11205    0.425673407264
11207    0.425672746545
11209    0.42566057183
11211    0.425659983465
11213    0.425658393193
11215    0.425658391501
11217    0.425658390761
11219    0.425658389062
11221    0.425656347604
11223    0.425643413808
11225    0.425632853759
11227    0.425632815923
11251    0.425280849961
11253    0.42528036631
11255    0.425280346404
11257    0.425279693917
11259    0.425279693436
11261    0.425279539475
11263    0.42527662267
11265    0.425271883315
11267    0.425267182767
11269    0.425267078787
11271    0.425264565656
11273    0.425255339288
11275    0.425248809648
11277    0.425248772303
11279    0.425246646649
11281    0.425240770184
11283    0.425227645931
11285    0.425220454859
11287    0.425220370932
11289    0.425220325661
11291    0.425207318471
11293    0.425200343955
11295    0.425197237772
11297    0.425196996696
11299    0.425196996328
11301    0.42519691688
11303    0.425194827086
11305    0.425194470725
11307    0.425194470161
11309    0.425194209192
11311    0.425194105642
11313    0.425193791235
11315    0.425193791096
11317    0.42519343928
11319    0.425193344672
11321    0.425193343377
11323    0.425184159267
11325    0.425184123954
11327    0.42518412395
11329    0.42518412395
11331    0.425184115094
11333    0.425184111752
11335    0.425184111748
11337    0.425184111747
11339    0.425184110508
11341    0.425184105801
11343    0.425184105801
11345    0.425184101164
11347    0.425184005663
11349    0.425183272414
11351    0.425178443016
11353    0.425174757983
11355    0.42517114027
11357    0.425170392353
11359    0.425165587926
11361    0.425162483494
11363    0.425161897304
11365    0.4251618973
11367    0.425161317701
11369    0.425159744209
11371    0.425158881487
11373    0.425158860818
11375    0.425158784064
11377    0.425158734009
11379    0.425157930192
11381    0.425157914399
11383    0.425157426324
11385    0.42514370854
11387    0.425143708451
11413    0.424345377849
11415    0.424344455861
11417    0.424331323254
11419    0.424330731193
11421    0.424330094198
11423    0.424329493834
11425    0.424317555215
11427    0.424316966456
11429    0.424315478871
11431    0.42431547718
11433    0.424315476487
11435    0.424315474791
11437    0.424314012232
11439    0.424301620387
11441    0.42429245362
11443    0.424292437274
11445    0.424278064081
11447    0.424277664178
11449    0.424277644289
11451    0.4242770868
11453    0.424277084274
11455    0.424276935433
11457    0.424274051506
11459    0.424269431218
11461    0.424264848756
11463    0.424264740901
11465    0.424262186971
11467    0.424253137275
11469    0.424246981313
11471    0.424246944138
11473    0.424245018485
11475    0.424239494942
11477    0.424226489465
11479    0.424219620266
11481    0.424219539511
11483    0.424219495952
11485    0.424206605516
11487    0.424199944859
11489    0.424197045633
11491    0.424196832513
11493    0.42419683219
11495    0.424196768709
11497    0.424194694001
11499    0.424194383128
11501    0.424194382674
11503    0.424194123582
11505    0.424194020777
11507    0.424193747998
11509    0.424193747911
11511    0.424193398792
11513    0.424193286703
11515    0.424193285414
11517    0.424184268613
11519    0.424184233317
11521    0.424184233315
11523    0.424184233315
11525    0.424184224463
11527    0.424184221122
11529    0.424184221118
11531    0.424184221118
11533    0.424184219879
11535    0.424184215175
11537    0.424184215176
11539    0.42418421054
11541    0.424184088334
11543    0.42418335978
11545    0.424178543902
11547    0.424175025837
11549    0.424171572047
11551    0.424170829255
11553    0.424166042591
11555    0.424163102214
11557    0.424162516906
11559    0.424162516903
11561    0.424161938547
11563    0.424160368441
11565    0.424159592288
11567    0.424159570578
11569    0.424159493846
11571    0.424159443805
11573    0.424158721738
11575    0.42415870516
11577    0.424158217633
11579    0.424144793529
11581    0.424144793478
11607    0.423350817901
11609    0.423349835214
11611    0.423336939022
11613    0.423336345682
11615    0.423335763447
11617    0.423335214687
11619    0.423323492642
11621    0.423322903547
11623    0.423321506555
11625    0.423321504863
11627    0.423321504217
11629    0.423321502522
