26    3.85094171602
52    3.77178083009
78    3.74961103714
104    3.72320826998
130    3.70531757507
156    3.58765032565
158    3.58765032551
184    3.58329714546
210    3.45949040598
236    3.34250220154
262    3.2263906857
264    3.22638944544
266    3.22638854635
292    3.22236854879
318    3.21711722193
320    3.21711706586
346    3.12417720874
348    3.12417720874
374    3.10365753056
400    3.01748328541
423    2.89526240992
449    2.88524156371
475    2.86142401427
501    2.85553191152
503    2.85552888852
529    2.8454768858
555    2.84411787897
577    2.72082945574
579    2.72082945574
581    2.72081443536
607    2.71094225906
633    2.60747907903
659    2.56146490605
685    2.55216863555
711    2.54332122288
737    2.52900686638
763    2.49969280025
789    2.49114607138
815    2.4762338582
817    2.4762338582
843    2.4630958624
858    2.3386758394
884    2.26261083559
910    2.2364790798
912    2.23647510414
914    2.23647306124
940    2.20997932048
966    2.18886820704
968    2.18886732159
994    2.18727677171
996    2.18727677171
1022    2.18569998859
1048    2.06202260176
1074    1.96201904656
1083    1.83791730316
1085    1.83791099125
1087    1.83790631658
1113    1.82109688264
1115    1.82109526117
1117    1.82109318542
1134    1.69708898107
1136    1.69708898107
1138    1.69708086476
1164    1.62230475223
1166    1.62229999525
1192    1.55412480798
1218    1.52618227315
1244    1.51695969026
1246    1.51695776135
1272    1.48842836787
1298    1.48563798901
1324    1.36681956699
1326    1.36681956699
1348    1.36440352764
1374    1.36362644533
1400    1.36261594491
1426    1.26562433035
1452    1.26408275937
1478    1.26243646489
1504    1.26112288173
1530    1.24277405739
1556    1.24076288291
1569    1.11645384235
1571    1.11645230451
1573    1.11643916133
1599    1.10380197017
1625    1.09677860858
1651    1.08702500648
1677    1.08528132572
1703    1.07801733989
1705    1.07799944641
1707    1.07799576355
1711    1.07793525365
1713    1.07793359683
1715    1.07791665173
1724    1.07770018387
1726    1.07770009285
1728    1.07770002662
1730    1.07768514069
1732    1.07766964996
1734    1.07766964644
1760    1.07456467713
1762    1.07456467676
1788    1.07351878389
1792    1.07346225075
1794    1.07345961752
1820    1.06535397027
1822    1.06533549094
1824    1.06531800522
1826    1.06531772577
1852    1.05721511663
1854    1.05720283401
1856    1.05719942388
1858    1.05719942372
1860    1.05719536699
1886    1.04931289934
1912    1.04738620689
1938    1.03107116237
1964    1.02415178436
1990    1.01812580017
1998    1.01796738631
2024    1.00942994175
2050    1.00413416924
2076    0.99343096812
2078    0.993430966986
2104    0.985158483663
2106    0.985157975288
2132    0.976588879051
2158    0.960793192328
2160    0.960792967254
2162    0.960792850711
2188    0.958010831177
2214    0.946182623432
2216    0.946182367588
2242    0.944534773768
2244    0.944534773661
2270    0.942565136032
2272    0.942562825748
2298    0.939969627252
2300    0.939969546515
2302    0.939968373489
2304    0.939967503892
2315    0.939723794812
2317    0.939723772891
2319    0.939723462304
2321    0.939719540886
2323    0.939719540886
2325    0.939716666758
2351    0.938766272799
2353    0.938761050688
2379    0.92787959277
2381    0.927865417006
2383    0.92785186116
2385    0.927849721763
2411    0.923540450419
2413    0.923529350394
2415    0.923524460961
2417    0.923524460935
2419    0.92351023259
2445    0.922037291634
2471    0.920376619392
2497    0.917038777916
2523    0.914910862293
2549    0.912700846926
2575    0.910627936194
2587    0.910336007971
2613    0.907630195644
2615    0.907629755562
2617    0.907629090753
2619    0.907623287365
2645    0.903268690872
2658    0.902977272563
2684    0.899476844394
2686    0.899465733596
2712    0.896815393255
2714    0.896805214221
2716    0.896802979028
2718    0.896788740183
2720    0.896787740877
2722    0.896774637523
2724    0.896759842998
2726    0.896759838247
2728    0.896759834789
2730    0.896748332865
2732    0.896735151289
2734    0.896735138928
2736    0.896731637838
2738    0.896731637432
2740    0.896715097235
2742    0.896702033062
2744    0.896700492639
2770    0.889850830732
2772    0.889839053456
2774    0.889827919852
2776    0.889827872052
2802    0.883141808919
2804    0.883135961897
2806    0.88313479096
2808    0.883134790616
2810    0.883131389987
2836    0.879041487464
2838    0.879024540007
2864    0.87428442358
2890    0.870741388548
2916    0.867805629618
2918    0.867788080325
2944    0.865704879586
2970    0.863078980095
2996    0.854560738176
2998    0.854560732858
3024    0.848431860004
3026    0.848431859363
3052    0.847445774641
3078    0.838997728993
3080    0.838997675271
3082    0.838997647363
3087    0.83892084525
3113    0.832850356767
3115    0.832849888809
3141    0.831295347033
3143    0.83129534639
3169    0.829463836722
3171    0.829463101761
3173    0.829448665944
3175    0.829448660369
3177    0.829448309733
3179    0.829448049738
3181    0.829434606016
3183    0.829434604175
3185    0.829434560832
3187    0.82943337171
3189    0.829433371709
3191    0.829432333061
3193    0.829420145077
3195    0.829414806422
3221    0.827789318274
3223    0.827779726587
3225    0.827770555258
3227    0.827768385921
3249    0.82720682748
3251    0.827198874148
3253    0.827195638676
3255    0.827195638534
3257    0.827185474853
3283    0.825425815236
3309    0.82294416182
3313    0.822886856864
3339    0.820232467202
3365    0.8175595475
3391    0.814610169686
3393    0.814602298836
3419    0.811439245198
3421    0.811439125284
3423    0.811438972635
3425    0.811435938835
3451    0.810078305152
3453    0.81006566679
3479    0.808867567636
3481    0.808860715304
3507    0.807911209089
3509    0.80790335503
3511    0.807902001423
3513    0.807890370435
3515    0.807889652885
3517    0.80787952702
3519    0.807867786601
3521    0.80786778259
3523    0.807867779669
3525    0.807858895401
3527    0.807848433085
3529    0.807848389585
3531    0.807845540164
3533    0.807845539756
3535    0.807830382105
3537    0.807820941035
3539    0.807819965382
3565    0.802410598923
3567    0.802403526262
3569    0.802396845238
3571    0.802396845067
3597    0.797189844326
3599    0.797187751353
3601    0.797187433102
3603    0.797187432641
3605    0.797183830372
3631    0.795591482032
3634    0.795555242145
3660    0.794230887147
3686    0.792673682451
3712    0.791412647796
3714    0.791397758991
3726    0.791170913429
3752    0.789940655393
3778    0.783853295803
3780    0.783853286682
3806    0.779345374986
3808    0.779345239703
3812    0.779287323353
3838    0.775041908913
3840    0.775041861873
3842    0.775041837389
3844    0.775023860352
3870    0.772028029743
3872    0.772027285719
3898    0.770388900748
3900    0.770388899094
3926    0.768604205957
3928    0.76860389476
3930    0.768593048785
3932    0.768593048414
3934    0.768592936198
3936    0.76859285298
3938    0.76858275297
3940    0.768582752744
3942    0.76858275242
3944    0.768582417695
3946    0.768582417695
3948    0.768582022037
3950    0.768573272048
3952    0.768567861462
3954    0.768551101372
3956    0.768543446876
3958    0.768536127716
3960    0.768533941769
3962    0.7685171312
3964    0.76851053766
3966    0.76850850301
3968    0.768508502662
3970    0.768502433105
3996    0.766500904977
4022    0.763215039833
4024    0.763202701086
4050    0.760319059012
4076    0.757519284298
4102    0.753817579943
4104    0.75381529488
4130    0.750668042824
4132    0.75066742278
4134    0.750667393681
4136    0.750665318994
4138    0.750647807928
4140    0.75063743669
4163    0.750165220616
4165    0.750159958334
4180    0.749877852608
4182    0.749871898751
4184    0.749871076892
4186    0.749861652979
4188    0.749861064489
4190    0.749853235936
4192    0.74984391482
4194    0.749843897166
4196    0.749843884309
4198    0.749837019614
4200    0.74982871233
4202    0.749828644639
4204    0.749826344209
4206    0.7498263438
4208    0.749812428336
4210    0.749805639038
4212    0.749804967648
4238    0.745760475351
4240    0.745756493882
4242    0.745752735087
4244    0.745752719796
4270    0.741871783675
4272    0.741871413837
4274    0.741871395667
4276    0.741871395125
4278    0.741867612634
4304    0.741319887409
4306    0.741301626439
4324    0.74091825523
4350    0.740248146585
4376    0.739710823842
4378    0.739697593218
4380    0.739688359588
4406    0.739098606765
4432    0.735091932093
4434    0.73509192124
4460    0.731863982447
4462    0.731863613198
4466    0.731807412564
4492    0.7297125037
4494    0.729712471833
4496    0.729712455227
4498    0.72969503935
4524    0.728225476465
4526    0.728224550168
4552    0.726518933294
4554    0.726518930116
4580    0.724738130094
4582    0.724737974906
4584    0.724730204163
4586    0.724730204148
4588    0.724730165855
4590    0.724730137454
4592    0.72472290163
4594    0.724722901577
4596    0.724722894415
4598    0.724722812789
4600    0.724722812789
4602    0.724722648933
4604    0.724715296792
4606    0.724709833616
4608    0.724694132583
4610    0.724687756407
4612    0.724681659494
4614    0.724679457226
4616    0.724663678471
4618    0.724658215009
4620    0.724656909595
4622    0.724656908957
4624    0.724653849242
4650    0.722762630163
4676    0.718974524455
4678    0.718966742835
4704    0.716342272574
4730    0.713887810461
4756    0.709827999398
4758    0.709827959494
4784    0.707208291507
4786    0.707207339416
4788    0.70720733585
4790    0.707205640125
4792    0.707196813032
4794    0.707187876174
4796    0.707173616696
4798    0.707169106281
4800    0.707151495193
4802    0.707147045029
4804    0.707146544754
4806    0.707138927239
4808    0.707138400757
4810    0.70713234657
4812    0.707124944008
4814    0.707124915385
4816    0.707124894538
4818    0.707119589332
4820    0.707112991508
4822    0.707112908865
4824    0.707111069722
4826    0.707111069311
4828    0.70709827262
4830    0.707093355213
4832    0.707092855466
4858    0.704195372986
4860    0.704193290819
4862    0.704191325962
4864    0.704191279577
4890    0.701389345597
4892    0.701389336686
4894    0.701389288839
4896    0.701389288258
4898    0.701385371411
4900    0.701378136478
4902    0.701360613585
4904    0.701342879077
4906    0.70132818502
4908    0.701313616809
4910    0.701301956319
4912    0.701292260488
4926    0.701040013651
4952    0.698560375819
4954    0.698560364503
4980    0.696304151943
4982    0.696303553586
4984    0.696285087188
5010    0.695244962167
5012    0.695244940855
5014    0.69524492974
5016    0.695227056645
5042    0.694497493467
5044    0.694496451358
5070    0.692764918205
5072    0.692764913063
5098    0.69097778084
5100    0.690977688047
5102    0.690972458774
5104    0.690972458773
5106    0.690972444071
5108    0.690972433165
5110    0.690967563691
5112    0.690967563665
5114    0.69096754434
5116    0.690967530332
5118    0.690967530332
5120    0.690967454358
5122    0.690961273789
5124    0.690955759546
5126    0.690940960627
5128    0.690935650255
5130    0.690930572417
5132    0.69092835339
5134    0.6909134543
5136    0.690908929935
5138    0.690908048878
5140    0.690908047917
5142    0.69090692875
5168    0.689455195907
5194    0.685651441277
5196    0.685646952254
5222    0.683656072734
5248    0.681854464571
5274    0.677926485836
5276    0.677925508826
5302    0.676086213297
5304    0.676085102147
5306    0.676085102112
5308    0.676083580188
5310    0.676075254091
5312    0.676067113465
5314    0.676053466491
5316    0.67604951388
5318    0.676032567548
5320    0.676029264339
5322    0.676028958975
5324    0.676022778695
5326    0.676022282599
5328    0.676017599592
5330    0.676011719304
5332    0.676011683993
5334    0.676011658274
5336    0.676007557797
5338    0.676002316601
5340    0.676002225473
5342    0.676000772225
5344    0.676000771813
5346    0.675988984112
5348    0.675985349798
5350    0.675984951587
5376    0.673975554967
5378    0.673974561094
5380    0.673973623515
5382    0.673973546408
5408    0.671993926377
5410    0.671993479657
5412    0.671993211004
5414    0.671993210409
5416    0.671989261292
5418    0.671983093634
5420    0.671967414316
5422    0.671949266665
5424    0.671936202288
5426    0.671923250052
5428    0.671913030002
5430    0.67190294241
5432    0.67188449936
5458    0.670411832151
5460    0.670411821165
5486    0.668845055343
5488    0.668844274861
5490    0.668825728682
5511    0.668404071932
5513    0.668404061565
5515    0.668404056156
5517    0.6683861581
5519    0.668367939801
5521    0.668366962124
5547    0.666691288291
5549    0.66669128112
5575    0.664888384004
5577    0.664888318336
5579    0.664885111197
5581    0.664885111192
5583    0.664885104399
5585    0.664885099361
5587    0.664882112039
5589    0.66488211202
5591    0.664882084165
5593    0.664882083638
5595    0.664882083638
5597    0.66488204325
5599    0.664876845066
5601    0.664871281377
5603    0.664857261136
5605    0.66485283941
5607    0.66484861127
5609    0.664846375197
5611    0.664832236123
5613    0.664828491972
5615    0.66482784513
5617    0.664827843883
5619    0.664827675839
5645    0.663924747361
5671    0.660526810894
5673    0.660524336521
5699    0.659243421792
5725    0.658113193245
5751    0.654674364315
5753    0.654670595993
5779    0.653551753821
5781    0.653550574762
5783    0.653550574473
5785    0.65354914775
5787    0.653541295831
5789    0.653533874782
5791    0.653520812288
5793    0.653517354099
5795    0.653501044174
5797    0.653498612536
5799    0.65349842559
5801    0.65349339119
5803    0.653492909874
5805    0.653489286831
5807    0.653484614872
5809    0.65348457592
5811    0.653484547549
5813    0.653481377986
5815    0.653477213778
5817    0.65347711804
5819    0.653475985749
5821    0.653475985336
5823    0.653465108701
5825    0.653462334785
5827    0.653461999471
5853    0.652102508364
5855    0.652102090575
5857    0.652101696541
5859    0.65210159369
5885    0.650721921077
5887    0.650720650082
5889    0.650720075119
5891    0.650720074536
5893    0.65071613551
5895    0.650709981928
5897    0.65069600396
5899    0.650677462962
5901    0.650664439946
5903    0.650651528698
5905    0.650642624836
5907    0.650632222747
5909    0.650613845345
5935    0.649770004234
5937    0.649769994022
5963    0.648677422472
5965    0.648676563158
5967    0.648658382721
5970    0.648621333372
5972    0.6486213304
5974    0.648621328849
5976    0.648603849722
5978    0.648585722541
5980    0.648584821311
6006    0.647013282215
6008    0.647013273094
6034    0.645210842722
6036    0.6452107897
6038    0.645209060839
6040    0.64520906083
6042    0.645209056867
6044    0.645209053926
6046    0.645207442247
6048    0.64520744223
6050    0.645207409709
6052    0.645207408735
6054    0.645207408735
6056    0.645207383912
6058    0.645203009815
6060    0.645197398301
6062    0.64518407367
6064    0.645180392809
6066    0.645176873074
6068    0.64517461976
6070    0.645161160474
6072    0.645158064308
6074    0.645157533682
6076    0.645157532238
6078    0.645157501446
6082    0.645101762482
6108    0.642286536463
6110    0.6422845918
6136    0.641499444496
6162    0.640817730572
6188    0.637987011865
6190    0.637981354317
6216    0.637318366032
6218    0.637317155487
6220    0.637317155101
6222    0.637315790438
6224    0.637308387413
6226    0.637301617113
6228    0.637289112593
6230    0.637286092395
6232    0.637270392024
6234    0.637268619697
6236    0.637268504878
6238    0.637264386073
6240    0.63726391165
6242    0.637261108191
6244    0.637257395648
6246    0.637257354873
6248    0.637257325172
6250    0.637254875068
6252    0.637251566074
6254    0.637251467901
6256    0.637250600599
6258    0.637250600186
6260    0.63724054708
6262    0.637238340306
6264    0.637238045657
6290    0.636335811224
6292    0.636335668397
6294    0.636335533714
6296    0.636335410537
6322    0.635381068158
6324    0.635378855428
6326    0.635377956397
6328    0.635377955845
6330    0.635374061663
6332    0.635367990892
6334    0.635355535706
6337    0.635318565348
6339    0.635305681721
6341    0.635292908672
6343    0.635285170126
6345    0.635274971396
6347    0.635256758147
6359    0.635040316332
6361    0.63504030721
6387    0.634203632931
6389    0.634202771583
6391    0.6341855515
6393    0.634166992315
6395    0.634166991123
6397    0.634166990501
6399    0.634150436232
6401    0.634132150576
6403    0.634131296715
6429    0.632683958405
6431    0.632683947341
6457    0.630908931446
6459    0.630908884635
6461    0.630908130726
6463    0.630908130716
6465    0.630908127812
6467    0.630908125658
6469    0.630907421395
6471    0.630907421378
6473    0.630907386772
6475    0.630907382963
6477    0.630907382963
6479    0.630907365525
6481    0.630903682992
6483    0.630898025226
6485    0.630885345956
6487    0.63088228266
6489    0.630879353439
6491    0.63087708274
6493    0.630864255126
6495    0.630861696898
6497    0.630861212764
6499    0.630861211223
6501    0.630860725572
6503    0.630852054992
6529    0.628635997669
6531    0.628634308756
6533    0.628616241567
6535    0.628598278856
6561    0.626318397183
6563    0.626312837905
6579    0.626022408754
6581    0.626021174627
6583    0.626021174513
6585    0.626019858765
6587    0.626012880743
6589    0.626006699304
6591    0.625994727609
6593    0.625992095126
6595    0.625976978784
6597    0.625975702463
6599    0.625975631699
6601    0.625972246182
6603    0.625971774646
6605    0.625969605017
6607    0.625966654419
6609    0.625966612823
6611    0.625966582523
6613    0.625964688518
6615    0.625962058763
6617    0.625961959346
6619    0.625961308813
6621    0.625961308399
6623    0.625952000423
6625    0.62595016096
6627    0.625949893639
6653    0.625360537377
6655    0.625360505717
6657    0.625360475865
6659    0.625360336983
6685    0.624702062475
6687    0.624698947327
6689    0.624697742774
6691    0.624697742265
6693    0.624693922514
6695    0.624688066075
6697    0.624676971342
6699    0.624659086649
6701    0.624646452801
6703    0.624633927417
6705    0.62462722103
6707    0.624617326242
6709    0.624599397035
6711    0.62458570344
6713    0.624585695466
6739    0.623908541964
6741    0.623907705848
6743    0.623891636624
6746    0.623854426352
6748    0.623854425566
6750    0.623854425156
6752    0.623838972548
6754    0.623820756009
6756    0.623819935542
6782    0.622509021873
6784    0.622509008924
6810    0.620786269441
6812    0.620786225817
6814    0.620786019431
6816    0.620786019419
6818    0.620786016895
6820    0.620786015022
6822    0.620785820993
6824    0.620785820978
6826    0.620785785756
6828    0.620785779571
6830    0.620785779571
6832    0.620785765922
6834    0.620782663962
6836    0.620776961458
6838    0.620764896594
6840    0.62076234799
6842    0.620759910922
6844    0.620757622738
6846    0.62074539755
6848    0.620743285675
6850    0.620742811142
6852    0.620742809577
6854    0.620741461232
6856    0.620735743417
6882    0.618963479023
6884    0.618961713798
6886    0.618947963639
6888    0.618934295986
6914    0.617136263441
6916    0.617130901705
6918    0.617115259624
6920    0.617114021032
6922    0.617114021007
6924    0.617112739503
6926    0.617106163939
6928    0.617100515709
6930    0.617089053035
6932    0.617086763486
6934    0.617072206988
6936    0.617071301331
6938    0.617071257554
6940    0.617068460797
6942    0.61706799014
6944    0.617066310771
6946    0.617063965424
6948    0.617063923537
6950    0.617063893025
6952    0.617062428896
6954    0.617060338721
6956    0.617060238696
6958    0.617059763445
6960    0.617059763032
6962    0.61705112996
6964    0.617049522145
6966    0.617049273835
6968    0.617033190245
6970    0.617033169681
6972    0.617033150292
6974    0.617032995362
7000    0.616498242509
7002    0.616494757675
7004    0.616493275246
7006    0.616493274805
7008    0.61648973451
7010    0.616484110887
7012    0.616474279232
7014    0.616457024377
7016    0.616444699126
7018    0.616432479731
7020    0.616426717879
7022    0.616417312274
7024    0.61639973216
7026    0.616389712824
7028    0.616389705882
7054    0.615842310713
7056    0.615841506303
7058    0.615826516071
7061    0.615789412673
7063    0.615789412065
7065    0.615789411747
7067    0.615774995509
7069    0.615756826638
7071    0.61575603545
7097    0.614589057366
7099    0.614589042678
7125    0.612938631963
7127    0.612938590083
7129    0.612938584485
7131    0.612938584473
7133    0.612938582045
7135    0.612938580243
7137    0.612938574593
7139    0.612938574578
7141    0.612938539484
7143    0.612938531776
7145    0.612938531776
7147    0.612938520221
7149    0.612935905843
7151    0.612930160074
7153    0.612918689734
7155    0.612916570003
7157    0.612914543028
7159    0.612912237298
7161    0.612900596095
7163    0.612898854379
7165    0.612898339199
7167    0.612898337683
7169    0.612895933792
7171    0.612891950823
7197    0.611489617123
7199    0.61148770883
7201    0.611476417349
7203    0.611465195342
7229    0.610065338325
7231    0.610060249738
7233    0.610047063231
7235    0.610045832399
7237    0.610045832394
7239    0.610044575953
7241    0.610038381487
7243    0.610033216324
7245    0.61002224001
7247    0.610020253472
7249    0.610006233737
7251    0.610005602785
7253    0.610005575595
7255    0.610003252798
7257    0.610002782046
7259    0.61000148193
7261    0.609999617426
7263    0.609999575516
7265    0.609999544988
7267    0.609998413175
7269    0.609996751689
7271    0.609996651394
7273    0.609996315731
7275    0.609996315317
7277    0.6099882938
7279    0.609986758445
7281    0.609986526572
7283    0.609974003554
7285    0.609973989464
7287    0.609973976179
7289    0.609973809591
7291    0.609955429952
7293    0.609951968228
7295    0.609950257809
7297    0.609950257439
7299    0.609947118181
7301    0.60994172892
7303    0.609933059202
7305    0.609916415336
7307    0.609904402874
7309    0.609892493622
7311    0.609887587589
7313    0.609878654268
7315    0.609861428536
7317    0.609854226358
7319    0.609854220336
7323    0.609798316966
7325    0.609797540734
7327    0.609783699481
7330    0.609746659819
7332    0.609746659405
7334    0.609746659189
7336    0.609733346415
7338    0.609715204552
7340    0.60971444245
7366    0.608693106185
7368    0.608693089958
7394    0.607130248497
7396    0.607130207696
7398    0.607130135664
7400    0.607130135651
7402    0.607130133203
7404    0.607130131387
7406    0.607130066304
7408    0.607130066289
7410    0.607130031642
7412    0.607130023092
7414    0.607130023092
7416    0.607130012781
7418    0.607127808022
7420    0.607122020359
7422    0.607111130344
7424    0.607109367876
7426    0.607107682524
7428    0.607105359195
7430    0.607094289044
7432    0.607092854091
7434    0.607092250213
7436    0.6070922488
7438    0.607088755641
7440    0.607086176004
7466    0.605995914714
7468    0.605993863948
7470    0.605984676747
7472    0.605975547206
7498    0.604902932353
7500    0.604898088258
7502    0.604886970716
7504    0.604885752866
7506    0.604885752866
7508    0.604884517206
7510    0.604878683577
7512    0.604873956263
7514    0.60486344469
7516    0.604861725579
7518    0.604848220528
7520    0.60484779106
7522    0.604847774098
7524    0.604845833911
7526    0.604845362627
7528    0.604844355918
7530    0.604842873466
7532    0.604842831663
7534    0.604842801212
7536    0.6048419263
7538    0.604840605436
7540    0.604840505049
7542    0.604840278421
7544    0.604840278009
7546    0.604832811278
7548    0.604831254878
7550    0.604831037815
7552    0.604818710169
7554    0.604818694133
7556    0.604818679014
7558    0.604818501405
7560    0.604800359909
7562    0.604796918175
7564    0.604795057501
7566    0.604795057189
7568    0.604792200318
7570    0.6047871005
7572    0.604779445197
7574    0.604763504537
7576    0.604751894496
7578    0.604740384266
7580    0.604736213455
7582    0.604727809766
7584    0.60471104938
7586    0.604704146584
7588    0.604704141495
7590    0.604685861729
7592    0.604685115844
7594    0.604672345678
7597    0.604635333654
7599    0.604635333345
7601    0.604635333184
7603    0.604623049135
7605    0.604604917024
7607    0.604604181467
7633    0.603725035686
7635    0.603725018157
7661    0.602260119569
7663    0.602260079575
7665    0.602259749834
7667    0.602259749821
7669    0.602259747317
7671    0.602259745458
7673    0.602259443702
7675    0.602259443686
7677    0.602259409575
7679    0.602259400631
7681    0.602259400631
7683    0.602259391119
7685    0.602257530607
7687    0.602251702352
7689    0.602241381688
7691    0.602239916748
7693    0.602238515899
7695    0.602236174938
7697    0.602225666014
7699    0.602224485105
7701    0.602223749061
7703    0.602223747785
7705    0.602219235707
7707    0.602217711664
7733    0.601381796373
7735    0.601379607326
7737    0.601372174865
7739    0.601364789783
7765    0.600553322642
7767    0.600548695149
7769    0.600539295872
7771    0.600538093109
7773    0.600538093109
7775    0.600536876119
7777    0.600531384145
7779    0.600527053911
7781    0.600516986519
7783    0.60051550313
7785    0.600502491723
7787    0.600502208087
7789    0.600502197457
7791    0.60050056706
7793    0.600500095083
7795    0.600499315396
7797    0.600498136545
7799    0.600498094906
7801    0.600498064573
7803    0.600497388267
7805    0.600496338085
7807    0.600496237698
7809    0.600496094022
7811    0.60049609361
7813    0.600489130696
7815    0.60048755501
7817    0.600487347623
7819    0.600475213218
7821    0.60047519532
7823    0.600475178443
7825    0.600474993136
7827    0.600457087362
7829    0.600453662863
7831    0.600451711553
7833    0.600451711292
7835    0.600449060354
7837    0.600444242332
7839    0.600437473642
7841    0.600422213646
7843    0.600411000307
7845    0.600399883423
7847    0.600396343775
7849    0.600388447481
7851    0.600372147793
7853    0.600365358953
7855    0.600365354658
7857    0.600347276982
7859    0.600346561132
7861    0.600334778068
7864    0.600297768741
7866    0.600297768505
7868    0.600297768382
7870    0.600286432463
7872    0.600268298312
7874    0.600267587683
7900    0.599522991991
7902    0.599522973414
7928    0.598161851986
7930    0.598161812723
7932    0.598161103212
7934    0.598161103199
7936    0.598161100642
7938    0.598161098744
7940    0.598160447281
7942    0.598160447264
7944    0.59816041366
7946    0.598160404595
7948    0.598160404595
7950    0.598160395642
7952    0.598158824537
7954    0.598152956897
7956    0.59814319499
7958    0.59814197775
7960    0.598140813759
7962    0.598138455138
7964    0.59812849792
7966    0.598127527227
7968    0.598126619484
7970    0.598126618358
7972    0.598121217985
7974    0.598120428165
8000    0.597486424631
8002    0.5974841041
8004    0.597478106778
8006    0.597472148158
8032    0.59686442312
8034    0.596859986162
8036    0.596851999934
8038    0.596850812993
8040    0.596850812993
8042    0.596849613531
8044    0.596844445016
8046    0.596840475063
8048    0.596830832241
8050    0.596829556326
8052    0.596817018445
8054    0.596816838534
8056    0.59681683184
8058    0.596815453062
8060    0.596814980369
8062    0.596814376361
8064    0.596813438793
8066    0.596813397336
8068    0.596813367136
8070    0.59681284437
8072    0.59681200931
8074    0.596811908969
8076    0.596811826053
8078    0.596811825642
8080    0.596805320711
8082    0.59680372736
8084    0.596803526288
8086    0.596791582898
8088    0.596791563229
8090    0.596791544684
8092    0.596791354059
8094    0.596773681487
8096    0.596770271785
8098    0.596768273391
8100    0.596768273171
8102    0.596765777956
8104    0.596761229156
8106    0.596755236003
8108    0.596740625271
8110    0.596729795056
8112    0.596719058053
8114    0.596716059828
8116    0.596708643074
8118    0.596692789739
8120    0.596686114447
8122    0.596686110819
8124    0.596668233395
8126    0.596667546285
8128    0.596656672991
8131    0.596619655327
8133    0.596619655151
8135    0.596619655059
8137    0.596609193052
8139    0.596591051865
8141    0.596590364958
8167    0.595969622374
8169    0.595969602999
8195    0.594714159593
8197    0.59471412108
8199    0.594712969743
8201    0.594712969729
8203    0.594712967144
8205    0.594712965225
8207    0.594711906604
8209    0.594711906588
8211    0.594711873408
8213    0.594711864384
8215    0.594711864384
8217    0.594711855855
8219    0.594710528145
8221    0.594704622233
8223    0.594695407247
8225    0.594694396158
8227    0.594693429295
8229    0.594691052983
8231    0.594681636658
8233    0.594680839763
8235    0.594679725718
8237    0.594679724746
8239    0.594673593972
8241    0.594673265734
8254    0.594445189312
8256    0.594442762011
8258    0.594437628841
8260    0.594432529006
8276    0.594142400945
8278    0.594138079031
8280    0.59413078108
8282    0.59412960999
8284    0.594129609989
8286    0.59412842728
8288    0.594123564951
8290    0.594119922039
8292    0.59411068506
8294    0.594109591458
8296    0.594097507831
8298    0.594097399963
8300    0.594097395727
8302    0.594096221985
8304    0.594095748621
8306    0.594095280575
8308    0.594094534785
8310    0.59409449351
8312    0.594094463443
8314    0.594094059375
8316    0.594093395299
8318    0.594093295028
8320    0.594093254059
8322    0.594093253649
8324    0.594087165432
8326    0.594085555905
8328    0.594085358917
8330    0.594073604218
8332    0.594073582877
8334    0.594073562756
8336    0.594073368492
8338    0.594055926493
8340    0.594052529424
8342    0.594050514785
8344    0.594050514601
8346    0.594048141588
8348    0.594043849867
8350    0.594038535605
8352    0.594024544191
8354    0.594014083935
8356    0.594003713757
8358    0.594001179564
8360    0.593994215911
8362    0.593978795001
8364    0.593972232776
8366    0.593972229709
8368    0.593954550657
8370    0.593953890805
8372    0.593943856041
8375    0.593906834054
8377    0.593906833928
8379    0.593906833861
8381    0.593897177397
8383    0.593879031536
8385    0.59387836727
8411    0.593387253853
8413    0.59338723393
8439    0.592234610742
8441    0.592234573097
8443    0.592232989171
8445    0.592232989157
8447    0.592232986596
8449    0.592232984695
8451    0.592231527359
8453    0.592231527342
8455    0.592231494422
8457    0.592231485532
8459    0.592231485532
8461    0.592231477351
8463    0.592230354392
8465    0.592224411218
8467    0.592215799474
8469    0.592214959797
8471    0.592214156844
8473    0.592211762807
8475    0.592202944198
8477    0.592202290828
8479    0.592200948106
8481    0.592200947323
8483    0.592194795106
8485    0.592194625531
8487    0.59217783041
8489    0.592175329051
8491    0.592170559998
8493    0.592165821977
8495    0.592147528887
8497    0.592143265959
8499    0.592136144301
8501    0.592134988936
8503    0.592134988935
8505    0.592133822448
8507    0.592129249924
8509    0.59212590403
8511    0.592117055033
8513    0.592116121345
8515    0.592104473549
8517    0.592104414051
8519    0.592104411357
8521    0.592103405271
8523    0.592102931307
8525    0.592102568503
8527    0.592101975161
8529    0.59210193406
8531    0.592101904118
8533    0.592101591814
8535    0.592101063652
8537    0.59210096346
8539    0.592100948557
8541    0.592100948147
8543    0.59209523947
8545    0.592093615125
8547    0.592093420734
8549    0.592081852367
8551    0.592081829456
8553    0.592081807854
8555    0.592081611121
8557    0.59206439704
8559    0.592061010693
8561    0.592059001157
8563    0.592059001002
8565    0.592056727492
8567    0.592052681139
8569    0.592047961649
8571    0.592034561037
8573    0.592024458011
8575    0.592014442032
8577    0.59201230515
8579    0.592005769532
8581    0.591990767571
8583    0.591984317884
8585    0.591984315288
8587    0.59196683274
8589    0.591966198488
8591    0.591956936662
8594    0.591919985635
8596    0.59191998555
8598    0.591919985506
8600    0.591911071633
8602    0.591892958471
8604    0.591892315753
8606    0.591875348634
8608    0.591875328567
8634    0.59078637648
8636    0.590786341334
8638    0.590784866428
8640    0.590784866414
8642    0.59078486434
8644    0.5907848628
8646    0.590783506199
8648    0.590783506181
8650    0.590783472046
8652    0.590783463342
8654    0.590783463342
8656    0.590783455465
8658    0.590782504792
8660    0.590776525277
8662    0.590768546944
8664    0.590767849731
8666    0.590767183007
8668    0.590764771207
8670    0.590756581295
8672    0.590756046317
8674    0.590754479895
8676    0.590754479301
8678    0.590748836749
8680    0.590748691695
8682    0.590732120852
8684    0.590729566806
8686    0.590724929224
8688    0.590720321835
8690    0.590702260087
8692    0.590698051832
8694    0.590691101993
8696    0.590689962231
8698    0.59068996223
8700    0.590688811621
8702    0.590684513362
8704    0.590681437351
8706    0.590672959299
8708    0.590672165595
8710    0.59066093601
8712    0.590660907337
8714    0.590660905614
8716    0.590660037104
8718    0.590659562625
8720    0.590659281295
8722    0.590658809153
8724    0.590658768212
8726    0.590658738388
8728    0.590658497024
8730    0.590658076912
8732    0.590657976803
8734    0.590657974628
8736    0.590657974219
8738    0.590652611565
8740    0.59065097364
8742    0.590650780844
8744    0.590639396428
8746    0.590639372045
8748    0.590639349056
8750    0.590639150662
8752    0.590622161827
8754    0.590618784516
8756    0.590616794578
8758    0.590616794447
8760    0.59061460485
8762    0.590610792579
8764    0.590606594595
8766    0.590593757626
8768    0.590583999519
8770    0.590574325532
8772    0.590572528452
8774    0.590566397098
8776    0.590551801048
8778    0.590545463321
8780    0.590545461121
8782    0.590528173219
8784    0.590527558692
8786    0.590519009413
8788    0.590501112353
8790    0.590501112335
8792    0.590501112326
8794    0.59049288573
8796    0.59047523424
8798    0.590474612188
8800    0.590459151521
8802    0.590459131418
8828    0.589432911663
8830    0.589432878002
8832    0.589431502072
8834    0.589431502057
8836    0.589431500241
8838    0.589431498892
8840    0.589430233714
8842    0.589430233697
8844    0.589430198906
8846    0.589430190416
8848    0.589430190416
8850    0.589430182817
8852    0.589429377184
8854    0.589423362197
8856    0.589415969931
8858    0.58941539115
8860    0.589414837678
8862    0.589412408086
8864    0.589404800802
8866    0.589404363393
8868    0.58940259655
8870    0.589402596098
8872    0.589397376156
8874    0.589397253454
8876    0.589380904395
8878    0.589378300253
8880    0.589373790552
8882    0.58936931023
8884    0.589351477466
8886    0.589347319939
8888    0.589340537579
8890    0.589339413232
8892    0.589339413231
8894    0.589338278217
8896    0.589334239487
8898    0.589331408831
8900    0.589323285482
8902    0.58932261404
8904    0.589311785827
8906    0.589311775114
8908    0.589311774006
8910    0.589311018806
8912    0.589310543895
8914    0.589310325655
8916    0.589309949881
8918    0.589309909089
8920    0.589309879372
8922    0.58930969285
8924    0.589309358645
8926    0.589309258621
8928    0.589309258036
8930    0.589309257628
8932    0.58930421076
8934    0.589302560383
8936    0.589302368505
8938    0.589291165669
8940    0.589291139912
8942    0.589291115628
8944    0.589290916125
8946    0.589274149889
8948    0.589270780134
8950    0.589268819439
8952    0.58926881933
8954    0.589266702787
8956    0.589263113728
8958    0.589259373405
8960    0.589247074227
8962    0.589237649154
8964    0.589228305369
8966    0.589226798538
8968    0.589221048921
8970    0.589206846186
8972    0.589200619808
8974    0.589200617943
8976    0.589183522869
8978    0.589182930816
8980    0.589175041021
8982    0.589157581381
8984    0.58915758138
8986    0.589157581379
8988    0.589149988427
8990    0.589132768599
8992    0.589132165054
8994    0.589118155021
8996    0.589118134953
9022    0.58815338083
9024    0.58815334811
9026    0.588152063264
9028    0.588152063249
9030    0.58815206158
9032    0.588152060341
9034    0.588150879272
9036    0.588150879254
9038    0.588150844112
9040    0.588150835851
9042    0.588150835851
9044    0.588150828515
9046    0.588150145061
9048    0.588144095397
9050    0.588137245523
9052    0.588136765173
9054    0.588136305827
9056    0.58813385841
9058    0.588126791196
9060    0.588126434115
9062    0.588124490914
9064    0.58812449057
9066    0.588119623294
9068    0.588119520843
9070    0.58810339099
9072    0.588100739226
9074    0.588096353912
9076    0.588091997184
9078    0.588074390956
9080    0.588070280529
9082    0.588063661422
9084    0.588062552274
9086    0.588062552273
9088    0.588061432598
