23    3.75064205956
32    3.62666270627
34    3.62665825326
36    3.62665533513
38    3.62665234375
64    3.50544152842
66    3.50544152837
78    3.50494797108
104    3.41034579377
130    3.29622296759
140    3.17281351376
166    3.15390313654
192    3.15030535401
218    3.14542729588
220    3.14542693406
243    3.14477978571
257    3.02076131296
259    3.02076131296
261    3.02075660997
287    2.89757597661
313    2.78220298506
332    2.65899673163
334    2.6589897986
336    2.65898458603
362    2.65428298218
364    2.65427600358
366    2.65427309468
392    2.55257741993
394    2.55257741993
420    2.53791242469
435    2.41361701251
461    2.35285679809
463    2.35284604787
465    2.35284536679
467    2.35284503267
493    2.32398926966
495    2.32397848262
497    2.32397837998
512    2.1997611942
514    2.1997611942
516    2.19975389783
537    2.07588318547
546    1.95217225124
572    1.84478869947
574    1.84478780416
576    1.84478722925
578    1.84478611049
604    1.83376791573
606    1.83376788013
628    1.71019286443
630    1.71019286443
632    1.71018830307
658    1.58762802315
684    1.57917765635
710    1.48769112768
718    1.4874992804
720    1.48748959599
746    1.47896964576
772    1.45864933847
774    1.45864620969
800    1.42844631824
802    1.42844631824
828    1.40393834245
846    1.2798215087
872    1.203586663
898    1.16643968734
900    1.16643563993
902    1.16643328547
928    1.13961769419
954    1.11352643247
956    1.11352503459
982    0.991359909717
984    0.991359909717
1002    0.990056252384
1028    0.899345680776
1054    0.790458737052
1080    0.67013554433
1106    0.64942817986
1132    0.64497725252
1158    0.636110002566
1174    0.635227608476
1200    0.634273764832
1202    0.634271763799
1204    0.634271750006
1206    0.634264038147
1208    0.634263018126
1210    0.634260923145
1212    0.63425936938
1214    0.634258777434
1216    0.634257718495
1218    0.634255567453
1220    0.634250509082
1224    0.634199707912
1226    0.634199145262
1236    0.634004719851
1238    0.63400467797
1240    0.633993667325
1242    0.633983332882
1244    0.633976412994
1246    0.633974196415
1248    0.633962894798
1250    0.633962310489
1252    0.63396231045
1254    0.633962257218
1256    0.633959172375
1262    0.633872458739
1264    0.633862816398
1266    0.63386098798
1268    0.633859607357
1270    0.633847812239
1272    0.633841836937
1274    0.633840978117
1300    0.632433248703
1302    0.63243324826
1322    0.631876206878
1324    0.631874712237
1350    0.619547039974
1352    0.619541113829
1354    0.619540906244
1356    0.619540803986
1382    0.61444582555
1384    0.614439871028
1386    0.614438643644
1388    0.614437143891
1390    0.614437143891
1392    0.614435899365
1394    0.614435386102
1396    0.614435112717
1418    0.613639674939
1420    0.613639653654
1422    0.613639639934
1424    0.613639572438
1426    0.61362763455
1428    0.613627616384
1430    0.613621377655
1432    0.61362137753
1434    0.613617504271
1436    0.613606914567
1462    0.605313335678
1488    0.601704499245
1490    0.601702966263
1492    0.601701756057
1518    0.593732048158
1541    0.593095067172
1543    0.593095030085
1569    0.578387691501
1571    0.578387687969
1597    0.566763967907
1599    0.56676372033
1625    0.558787052791
1651    0.541931600391
1653    0.541931114194
1655    0.54193082974
1681    0.539506512084
1707    0.529556329486
1709    0.529555460609
1711    0.529543194234
1713    0.529543192251
1715    0.529530045285
1717    0.529527602168
1738    0.528730884725
1740    0.528717439231
1742    0.52870519735
1744    0.528693668521
1746    0.528685529627
1748    0.528677921027
1750    0.528664711174
1752    0.528662713614
1754    0.528662701701
1756    0.528654932123
1758    0.528654741949
1760    0.528654567717
1762    0.52865397294
1764    0.52865392274
1766    0.52865351763
1768    0.528653503983
1770    0.528650679778
1772    0.528639465344
1774    0.528639264611
1776    0.52862889961
1778    0.528628317071
1780    0.528619322992
1782    0.528610880698
1784    0.528605613888
1786    0.528604213624
1788    0.528594846102
1790    0.52859449346
1792    0.52859449343
1794    0.528594364028
1796    0.52859321747
1798    0.528582822054
1800    0.528579160103
1802    0.528578578764
1804    0.528578139693
1806    0.528568942196
1808    0.528566674027
1810    0.528566441343
1812    0.528565846921
1814    0.528565846517
1818    0.528520165701
1820    0.52851854979
1846    0.526451864392
1848    0.526445884293
1850    0.526445617114
1852    0.526445485573
1878    0.52561357726
1880    0.52560757185
1882    0.525606137302
1884    0.525605796324
1886    0.525605796324
1888    0.525605368625
1890    0.525605116114
1892    0.525605099665
1894    0.52559399785
1896    0.525593997525
1898    0.525593997315
1900    0.525593993391
1902    0.52558385535
1904    0.525583807812
1906    0.525581244783
1908    0.525581244337
1910    0.525576935878
1912    0.525570976214
1938    0.51816958988
1940    0.518164060803
1942    0.518163979129
1944    0.518163914833
1970    0.511401228785
1972    0.511395820903
1974    0.511394306604
2000    0.506607487053
2002    0.506607477281
2028    0.502159140196
2030    0.502158980452
2054    0.501609285417
2080    0.495924847297
2082    0.495924677915
2084    0.495924578582
2086    0.495911286918
2112    0.492736248943
2114    0.492735007964
2116    0.492727633172
2118    0.492727630689
2120    0.492721235078
2122    0.492719577573
2124    0.492707918713
2126    0.492698328375
2128    0.49268843564
2130    0.492679119011
2132    0.492672304832
2134    0.492667315029
2136    0.492656388735
2138    0.492654388693
2140    0.49265437847
2142    0.492646547541
2144    0.492646534701
2146    0.492646520413
2148    0.492646266035
2150    0.492646261641
2152    0.492646088363
2154    0.492646041016
2156    0.492644561515
2158    0.49263527074
2160    0.492635246033
2162    0.492626788166
2164    0.492625898843
2166    0.49261851167
2168    0.492611577476
2170    0.492607588534
2172    0.492606401419
2174    0.49259858567
2176    0.492598314386
2178    0.492598314363
2180    0.492598144037
2182    0.492597685102
2184    0.492589575268
2186    0.4925881227
2188    0.492587947754
2190    0.492587815611
2192    0.492580635057
2194    0.492579736982
2196    0.49257968736
2198    0.492579311648
2200    0.492579311466
2202    0.492565244514
2204    0.492563143617
2215    0.492397820323
2217    0.492391784557
2219    0.492391639364
2221    0.492391567872
2223    0.492378010772
2225    0.492371953766
2227    0.49237072626
2229    0.492370665987
2231    0.492370665987
2233    0.492370496336
2235    0.492370304268
2237    0.492370303295
2239    0.492360747098
2241    0.492360745891
2243    0.492360745113
2245    0.4923607449
2247    0.492352017026
2249    0.49235195297
2251    0.492351192996
2253    0.492351192149
2255    0.492346135246
2257    0.492341293462
2283    0.486347361775
2285    0.486345167943
2287    0.486345104883
2289    0.486345055358
2315    0.481088332583
2317    0.481086120731
2319    0.481082352033
2345    0.47969266463
2347    0.479692652378
2373    0.477945142055
2375    0.477944498961
2377    0.477934528258
2403    0.476177768229
2405    0.476177663868
2407    0.476177602606
2409    0.476167905887
2435    0.475204128356
2437    0.475202656091
2439    0.475197857007
2441    0.475197854771
2443    0.47519470731
2445    0.475193786636
2447    0.475183756968
2449    0.475176874171
2451    0.475168848888
2453    0.475161290921
2455    0.475155671504
2457    0.475152439063
2459    0.475143351678
2461    0.475141344676
2463    0.47514133596
2465    0.475133442605
2467    0.475133437997
2469    0.475133436809
2471    0.475133311015
2473    0.475133310562
2475    0.475133224825
2477    0.475132984792
2479    0.475132208002
2481    0.475124353844
2483    0.47512434398
2485    0.475117419865
2487    0.475116412263
2489    0.475110309868
2491    0.475104581545
2493    0.475101579204
2495    0.475100451918
2497    0.475093887985
2499    0.475093651164
2501    0.475093651148
2503    0.475093458985
2505    0.475093252885
2507    0.475086921581
2509    0.475086355837
2511    0.475086306265
2513    0.47508626882
2515    0.475080659673
2517    0.475080311012
2519    0.475080305375
2521    0.475080061146
2523    0.475080061095
2525    0.475066981184
2527    0.475064633272
2529    0.475051523242
2531    0.475045433588
2533    0.475045335866
2535    0.475045287746
2537    0.475032634672
2539    0.47502652653
2541    0.475025374145
2543    0.475025369807
2545    0.475025369807
2547    0.475025288458
2549    0.475025118391
2551    0.475025118333
2553    0.475016820707
2555    0.475016817518
2557    0.475016815462
2559    0.475016815453
2561    0.47500923631
2563    0.475009164414
2565    0.475009090074
2567    0.47500908886
2569    0.475003223657
2571    0.474998546083
2597    0.470508815627
2599    0.470507819511
2601    0.470507513889
2603    0.470507274305
2629    0.466690463364
2631    0.46668942513
2633    0.466683593809
2644    0.466527766642
2646    0.46652775442
2672    0.46564007031
2674    0.465638993724
2676    0.465630597689
2702    0.465101623855
2704    0.465101569655
2706    0.465101537826
2708    0.465093419191
2712    0.465050612688
2714    0.465049238989
2716    0.465045862356
2718    0.465045860579
2720    0.465044021142
2722    0.465043572003
2724    0.465035040804
2726    0.465030066217
2728    0.465023529458
2730    0.465017373321
2732    0.465012825072
2734    0.465010763987
2736    0.465003162767
2738    0.465001145107
2740    0.465001137725
2742    0.464993181337
2744    0.464993152608
2746    0.464993152517
2748    0.464993079214
2750    0.464993079148
2752    0.464993029148
2754    0.464992522947
2756    0.464992114141
2758    0.464985344456
2760    0.464985238801
2762    0.464979550639
2764    0.464978496664
2766    0.464973424463
2768    0.464968663098
2770    0.464966420058
2772    0.46496530825
2774    0.464959758175
2776    0.46495953638
2778    0.464959536368
2780    0.464959333119
2782    0.464959225949
2784    0.464954281052
2786    0.464954060519
2788    0.464954048032
2790    0.4649540386
2792    0.464949655433
2794    0.464949520231
2796    0.464949520154
2798    0.464949394321
2800    0.464949394308
2802    0.46493728908
2804    0.464934879673
2806    0.464922641158
2808    0.464916498112
2810    0.464916411141
2812    0.464916368314
2814    0.464904559335
2816    0.46489840005
2818    0.464897268109
2820    0.464897267204
2822    0.464897267204
2824    0.464897219056
2826    0.464897057156
2828    0.464897057152
2830    0.464889827573
2832    0.464889823307
2834    0.464889820556
2836    0.464889820556
2838    0.464883216494
2840    0.464883140973
2842    0.464883092711
2844    0.46488309123
2846    0.464876531586
2848    0.464871523974
2874    0.461700748546
2876    0.461700035533
2878    0.461699544323
2880    0.46169915978
2906    0.4590622583
2908    0.459061507573
2910    0.459054112105
2912    0.4590495131
2914    0.459049501432
2940    0.458548077474
2942    0.458546754544
2944    0.458539445825
2946    0.458525777884
2948    0.458525759575
2950    0.458525748823
2952    0.45851875154
2954    0.458505444673
2956    0.4585042236
2958    0.458501728595
2960    0.458501727307
2962    0.458500478506
2964    0.458500306432
2966    0.458493092679
2968    0.458489467946
2970    0.45848412068
2972    0.458479084766
2974    0.458475451842
2976    0.45847416451
2978    0.458467768467
2980    0.458465737031
2982    0.458465730818
2984    0.458457710902
2986    0.458457659623
2988    0.458457659619
2990    0.458457609582
2992    0.458457609564
2994    0.458457575409
2996    0.458456780573
2998    0.458456564867
3000    0.458450622282
3002    0.458450348223
3004    0.458445657855
3006    0.458444582325
3008    0.458440338794
3010    0.458436355252
3012    0.458434694206
3014    0.458433584645
3016    0.45842885888
3018    0.458428643543
3020    0.458428643534
3022    0.458428434758
3024    0.458428369317
3026    0.458424506215
3028    0.458424419731
3030    0.45842441733
3032    0.458424415516
3034    0.458420989552
3036    0.458420936976
3038    0.458420933804
3040    0.458420882877
3042    0.458420882873
3044    0.458409653406
3046    0.458407236367
3048    0.458395811902
3050    0.458389615361
3052    0.45838953147
3054    0.458389490161
3056    0.458378469412
3058    0.45837225876
3060    0.45837113435
3062    0.458371127649
3064    0.458371127649
3066    0.458371093135
3068    0.458370934037
3070    0.458370934036
3072    0.458364639067
3074    0.458364634332
3076    0.458364631278
3078    0.458364631278
3080    0.458358880639
3082    0.45835880337
3084    0.458358416427
3086    0.4583584148
3088    0.45835136499
3090    0.458345734073
3116    0.456198061253
3118    0.456197448888
3120    0.456196891435
3122    0.456196455463
3148    0.454436250299
3150    0.454435607948
3152    0.454427186511
3154    0.454426325631
3156    0.45442631467
3158    0.454412201018
3160    0.454410810159
3162    0.454404178241
3164    0.454391125569
3166    0.454391116218
3168    0.454391110726
3170    0.454384759411
3172    0.454372054135
3174    0.454370905499
3176    0.454369052276
3178    0.454369051341
3180    0.454368213623
3182    0.454368177748
3184    0.45436206617
3186    0.454359400294
3188    0.454355006024
3190    0.454350867611
3192    0.454347976952
3194    0.454347194674
3196    0.454341779293
3198    0.454339731419
3200    0.454339726223
3202    0.454331642281
3204    0.454331575531
3206    0.454331575531
3208    0.4543315366
3210    0.454331536592
3212    0.454331510003
3214    0.454330433124
3216    0.454330318977
3218    0.454325013405
3220    0.454324526339
3222    0.454320643025
3224    0.454319554749
3226    0.454315980032
3228    0.454312624278
3230    0.454311407135
3232    0.454310296043
3234    0.4543062431
3236    0.45430603034
3238    0.454306030333
3240    0.45430581882
3242    0.45430577236
3244    0.454302753859
3246    0.454302719631
3248    0.454302719445
3250    0.454302719305
3252    0.454300041031
3254    0.454300020498
3256    0.454300013569
3258    0.454300002289
3260    0.454300002288
3262    0.454289560667
3264    0.454287149563
3266    0.454276485371
3268    0.454270235018
3270    0.454270152414
3272    0.454270111738
3274    0.454259827062
3276    0.454253564705
3278    0.454252444826
3280    0.454252432656
3282    0.454252432656
3284    0.454252404057
3286    0.454252245624
3288    0.454252245624
3290    0.454246781351
3292    0.454246776439
3294    0.454246773272
3296    0.454246773272
3298    0.454241781285
3300    0.454241703091
3302    0.454240804446
3304    0.454240802777
3306    0.45423348636
3308    0.454227113492
3334    0.452813104414
3336    0.452812493597
3338    0.45281195214
3340    0.452811528978
3366    0.451663054514
3368    0.451662422193
3370    0.451653394114
3372    0.451652641491
3374    0.451652631624
3376    0.451638918585
3378    0.451637529934
3380    0.451631512022
3382    0.451619045986
3384    0.451619039336
3386    0.45161903543
3388    0.451613270468
3390    0.451601138283
3392    0.451600031268
3394    0.451598646487
3396    0.451598645807
3398    0.451598092338
3400    0.451598092247
3402    0.451592903722
3404    0.451590922196
3406    0.451587293455
3408    0.451583875995
3410    0.451581586017
3412    0.451581128164
3414    0.451576513557
3416    0.451574446966
3418    0.451574442648
3420    0.451566294188
3422    0.451566217883
3424    0.451566217878
3426    0.451566184568
3428    0.451566184563
3430    0.451566161803
3432    0.451564824808
3434    0.451564764211
3436    0.451559953843
3438    0.451559229498
3440    0.451556000314
3442    0.451554902839
3444    0.451551869851
3446    0.451549022604
3448    0.451548142049
3450    0.451547028561
3452    0.451543527013
3454    0.451543315076
3456    0.451543315071
3458    0.451543102211
3460    0.451543064951
3462    0.451540706117
3464    0.451540692377
3466    0.451540692338
3468    0.451540692309
3470    0.451538598249
3472    0.451538590177
3474    0.451538580488
3476    0.451538580469
3478    0.451538580468
3480    0.451528848561
3482    0.451526446962
3484    0.451516492825
3486    0.451510188285
3488    0.451510106533
3490    0.451510066279
3492    0.451500468997
3494    0.451494154558
3496    0.451493038614
3498    0.451493022623
3500    0.451493022623
3502    0.451492996566
3504    0.451492837956
3506    0.451492837956
3508    0.4514881147
3510    0.451488109739
3512    0.45148810654
3514    0.45148810654
3516    0.451483791388
3518    0.451483712637
3520    0.451482250931
3522    0.451482249299
3524    0.451474864642
3526    0.451467696937
3552    0.450553934204
3554    0.45055333848
3556    0.450552861808
3558    0.450552489463
3584    0.449814071113
3586    0.449813461348
3588    0.449804147382
3590    0.44980349311
3592    0.449803484226
3594    0.449790156018
3596    0.449788794
3598    0.449783333371
3600    0.449771426643
3602    0.449771421076
3604    0.449771417807
3606    0.449766185177
3608    0.449754599169
3610    0.449753522984
3612    0.449752481161
3614    0.449752480665
3616    0.4497521221
3618    0.449752087781
3620    0.449747673142
3622    0.449746182666
3624    0.449743170552
3626    0.449740333812
3628    0.449738528782
3630    0.449738274739
3632    0.449734316362
3634    0.44973222909
3636    0.449732225527
3638    0.449724012039
3640    0.449723930107
3642    0.449723930099
3644    0.44972389975
3646    0.449723899747
3648    0.449723879006
3650    0.449722310763
3652    0.449722278481
3654    0.449717856475
3656    0.449716885105
3658    0.449714187288
3660    0.449713082405
3662    0.449710489839
3664    0.449708056009
3666    0.449707428849
3668    0.449706312982
3670    0.449703265179
3672    0.449703053299
3674    0.449703053295
3676    0.449702839787
3678    0.449702807184
3680    0.449700963698
3682    0.449700958063
3684    0.449700957765
3686    0.449700957541
3688    0.449699320055
3690    0.44969931685
3692    0.449699305407
3694    0.449699294013
3696    0.449699294013
3698    0.449690202316
3700    0.449687811328
3702    0.449678520333
3704    0.449672161201
3706    0.449672080195
3708    0.449672040309
3710    0.449663084953
3712    0.449656718031
3714    0.449655606006
3716    0.449655587486
3718    0.449655587486
3720    0.449655562371
3722    0.449655403272
3724    0.449655403272
3726    0.449651338799
3728    0.449651333843
3730    0.449651330648
3732    0.449651330647
3734    0.449647617281
3736    0.449647538145
3738    0.449645535246
3740    0.4496455337
3742    0.449638235001
3744    0.449630300149
3770    0.449046850474
3772    0.449046280738
3774    0.449045883582
3776    0.449045573457
3802    0.448575136214
3804    0.448574558406
3806    0.44856516567
3808    0.448564600444
3810    0.448564592445
3812    0.448551633931
3814    0.448550306467
3816    0.448545351713
3818    0.448533978364
3820    0.448533973387
3822    0.448533970464
3824    0.44852922115
3826    0.448518155883
3828    0.448517106503
3830    0.448516316627
3832    0.448516316266
3834    0.448516089884
3836    0.448515974055
3838    0.448512208991
3840    0.448511072975
3842    0.448508558982
3844    0.448506191359
3846    0.448504776766
3848    0.448504646686
3850    0.44850122807
3852    0.448499118417
3854    0.448499115497
3856    0.448490836461
3858    0.448490751294
3860    0.448490751283
3862    0.448490722537
3864    0.448490722534
3866    0.448490702887
3868    0.448488934223
3870    0.448488916962
3872    0.448484802063
3874    0.448483584093
3876    0.448481318963
3878    0.44848020783
3880    0.448477974698
3882    0.448475878267
3884    0.448475440199
3886    0.448474322214
3888    0.448471649366
3890    0.448471437238
3892    0.448471437235
3894    0.44847122344
3896    0.448471193243
3898    0.448469752424
3900    0.448469750037
3902    0.448469749494
3904    0.448469749084
3906    0.448468468473
3908    0.448468467181
3910    0.448468454695
3912    0.448468414096
3914    0.448468414096
3916    0.448459900735
3918    0.448457520854
3920    0.44844884917
3922    0.448442435029
3924    0.448442354742
3926    0.448442315212
3928    0.448433959299
3930    0.448427539486
3932    0.448426431499
3934    0.448426411252
3936    0.448426411252
3938    0.448426386272
3940    0.448426226592
3942    0.448426226592
3944    0.448422744002
3946    0.448422739073
3948    0.448422735894
3950    0.448422735894
3952    0.44841955411
3954    0.448419474677
3956    0.448416992644
3958    0.448416991215
3960    0.448409886511
3962    0.4484012615
3977    0.448191636228
3979    0.448191108723
3981    0.448190831565
3983    0.448190615172
3986    0.448162323081
3988    0.448161807142
3990    0.448153059329
3992    0.448152574374
3994    0.448152567171
3996    0.448139963807
3998    0.448138673044
4000    0.448134177512
4002    0.448123312937
4004    0.448123308379
4006    0.448123305702
4008    0.448118995202
4010    0.44810842657
4012    0.448107402287
4014    0.448106798209
4016    0.448106797945
4018    0.448106659906
4020    0.448106432152
4022    0.448103212989
4024    0.448102334524
4026    0.448100224134
4028    0.448098236613
4030    0.448097135373
4032    0.448097076987
4034    0.448094104001
4036    0.448091970479
4038    0.448091968104
4040    0.448083622962
