26    3.60554155143
52    3.46229208394
78    3.39100593108
104    3.38824002566
106    3.38823952524
120    3.26465075988
146    3.23424197388
172    3.10208261584
198    2.99517530612
224    2.8762674094
249    2.87311798964
275    2.77892506132
301    2.74337464826
327    2.65517590902
353    2.65281565376
379    2.55374832437
405    2.52828799787
431    2.47538222234
457    2.42549205551
483    2.34087818676
509    2.21772271171
532    2.09380905135
558    2.06702745117
560    2.06701719903
586    2.04368033591
612    1.91245733959
621    1.78798416508
647    1.7775649272
649    1.77756455313
675    1.68627943664
701    1.66360159893
727    1.55477668753
753    1.43601794426
778    1.31219568814
804    1.29075441769
830    1.28971204358
856    1.27038595309
882    1.19120961802
908    0.8315891583
934    0.804484313318
960    0.793338435301
986    0.783479756621
1012    0.773703625046
1038    0.76432269777
1064    0.761293713325
1066    0.761293678959
1068    0.761290005266
1094    0.755009438683
1120    0.744090323404
1146    0.742673172775
1149    0.742638825978
1151    0.742638311502
1175    0.741761180329
1201    0.738666913794
1227    0.731608983948
1253    0.730485062126
1279    0.726731453747
1305    0.725346143862
1331    0.718206356472
1357    0.702554109882
1383    0.688236450539
1385    0.688231677073
1387    0.688231652522
1413    0.684145897853
1415    0.684136074143
1441    0.676299657511
1467    0.671882796788
1469    0.671882795098
1495    0.666068972305
1497    0.666068972303
1523    0.664581547482
1549    0.662864408563
1575    0.648176414773
1583    0.648007655114
1585    0.648006682512
1603    0.647541330688
1629    0.646560179773
1655    0.639724294214
1681    0.624244886901
1707    0.621091931198
1733    0.616190088945
1744    0.615970127572
1770    0.610768471318
1796    0.604463654844
1822    0.60277060092
1848    0.599965943759
1850    0.599965919821
1852    0.59996442745
1878    0.597303942031
1904    0.589003985807
1906    0.588998072567
1908    0.588996847736
1910    0.588996822139
1912    0.588993338304
1938    0.588063103529
1964    0.585745945005
1990    0.584945528889
1998    0.584801694391
2000    0.584788466883
2026    0.583533518321
2052    0.573278018017
2078    0.567703279632
2080    0.567703099498
2082    0.567703099498
2108    0.566865741588
2110    0.566857319635
2136    0.561253573982
2162    0.557287283528
2164    0.557287282923
2190    0.55355348297
2192    0.55355348297
2194    0.553545133846
2213    0.553100662955
2239    0.544820900296
2241    0.544818209309
2243    0.544818148495
2245    0.544812635362
2271    0.544005247758
2297    0.539268361713
2323    0.532573120151
2342    0.532097728852
2368    0.530405948725
2370    0.530397930381
2396    0.527409036532
2422    0.522910179817
2435    0.522648531429
2461    0.520324583813
2463    0.520324578982
2465    0.520323994291
2491    0.518907608987
2517    0.511785148825
2519    0.511783768711
2521    0.511783529235
2523    0.511783529179
2525    0.51178271141
2531    0.511690858134
2557    0.510686607723
2583    0.510145811865
2585    0.510137919303
2587    0.510131915412
2592    0.510060638196
2618    0.502198165511
2644    0.499039468703
2646    0.499039459744
2648    0.499039459406
2650    0.499025654036
2652    0.499019147263
2678    0.494552482206
2704    0.491119038977
2706    0.491119038537
2732    0.488632887698
2734    0.488632887697
2736    0.488629888613
2738    0.488613935955
2764    0.482687973671
2766    0.482687325382
2768    0.482687310867
2770    0.482685580189
2796    0.482101362336
2822    0.47866880602
2848    0.474684615053
2850    0.474669796559
2876    0.473924669695
2878    0.473917381274
2904    0.47201584882
2930    0.468721857592
2932    0.468709112719
2958    0.466891840956
2960    0.466891839954
2962    0.466891506407
2988    0.466047369862
3014    0.459746919703
3016    0.459745954756
3018    0.459745877952
3020    0.459745875742
3022    0.459745588206
3024    0.459729316378
3038    0.459459752554
3040    0.459444895606
3042    0.459441287734
3044    0.459438322408
3046    0.459428904486
3072    0.452992273003
3098    0.451067533164
3100    0.451067532953
3102    0.451067531169
3104    0.451059161112
3106    0.45105461938
3132    0.447540416082
3158    0.444648383995
3160    0.444648383727
3186    0.442924960729
3188    0.442924960728
3190    0.442923562273
3192    0.442908298236
3218    0.438153496621
3220    0.438153255248
3222    0.438153246387
3224    0.438152695895
3226    0.438138082688
3252    0.435577415513
3278    0.432962968269
3280    0.43294949579
3285    0.432878171876
3287    0.432871486185
3313    0.431563937483
3339    0.429171664845
3341    0.429163603741
3367    0.427801735755
3369    0.427801734977
3371    0.427801450974
3394    0.427348627252
3420    0.421673707335
3422    0.421672856141
3424    0.421672792889
3426    0.421672790165
3428    0.421672623885
3430    0.42165709821
3432    0.421640628333
3434    0.421629100367
3436    0.421627045258
3438    0.42162531001
3440    0.421619895257
3466    0.416200222851
3492    0.41500743756
3494    0.415007437434
3496    0.415007433032
3498    0.41500235746
3500    0.414999494681
3526    0.412272566166
3552    0.409882691071
3554    0.409882690819
3580    0.408673887001
3582    0.408673887
3584    0.40867327906
3586    0.408658400496
3612    0.404614518416
3614    0.404614404967
3616    0.404614399564
3618    0.404614222562
3620    0.404605572839
3646    0.402698816741
3672    0.400909237444
3674    0.400896672311
3676    0.40088020353
3678    0.400874050487
3704    0.399927776635
3730    0.398214434892
3732    0.398209220638
3758    0.397229829441
3760    0.397229828827
3762    0.397229601342
3764    0.397213287093
3790    0.392050413778
3792    0.392049659899
3794    0.392049592011
3796    0.392049590338
3798    0.392049434919
3800    0.392034685622
3802    0.392018789099
3804    0.39200920833
3806    0.392007785557
3808    0.392006811452
3810    0.39200360307
3836    0.387344478865
3862    0.386592178537
3864    0.386592178227
3866    0.386592170153
3868    0.386589079923
3870    0.386587466852
3896    0.384497731461
3922    0.382546293982
3924    0.382546293722
3950    0.381703324331
3952    0.381703324331
3954    0.381703064161
3956    0.381688521713
3982    0.378155436026
3984    0.378155371206
3986    0.378155362871
3988    0.37815530581
3990    0.378150710096
4016    0.376724131462
4042    0.375458727957
4044    0.375446961636
4046    0.375430782696
4048    0.375425106578
4074    0.374714771365
4100    0.373494665995
4102    0.373489739746
4128    0.372817074426
4130    0.372817073929
4132    0.372816894988
4134    0.372801305296
4160    0.368089004701
4162    0.368088337599
4164    0.368088255266
4166    0.368088254674
4168    0.368088109346
4170    0.368074104957
4172    0.368058728212
4174    0.368050144844
4176    0.368048965262
4178    0.368048419892
4180    0.368046474443
4206    0.363973831601
4225    0.363617091617
4227    0.36361709129
4229    0.363617078727
4231    0.363614993957
4233    0.363614205301
4259    0.362028510737
4285    0.360445609326
4287    0.360445609057
4313    0.359868264435
4315    0.359868264435
4317    0.35986815245
4319    0.359854002515
4345    0.35672940231
4347    0.35672936244
4349    0.35672934993
4351    0.356729331868
4353    0.356727228906
4379    0.355647686237
4405    0.354725184975
4407    0.354714154001
4409    0.354698132465
4411    0.354692884278
4437    0.354141861044
4463    0.353265098874
4465    0.353260452761
4476    0.353081731772
4478    0.353081731351
4480    0.353081699074
4482    0.353066827472
4508    0.348684346786
4510    0.348683762763
4512    0.348683656773
4514    0.34868365677
4516    0.348683520719
4518    0.348670204588
4520    0.34865535236
4522    0.348647136751
4524    0.3486459699
4526    0.348645657341
4528    0.348644298487
4554    0.345030516796
4556    0.345013741468
4558    0.345013741166
4560    0.34501372358
4562    0.345012039375
4564    0.345011729272
4590    0.34381641866
4616    0.342536049557
4618    0.342536049285
4620    0.342519170714
4622    0.342519170714
4624    0.342519156388
4626    0.342505513384
4652    0.3396353908
4654    0.339635366099
4656    0.339635348968
4658    0.339635344707
4660    0.33963460279
4686    0.338803683858
4712    0.33811005312
4714    0.338099700349
4716    0.33808382594
4718    0.338078962503
4730    0.337884345821
4756    0.337214047407
4758    0.337209699138
4760    0.337197319935
4762    0.337197319614
4764    0.337197315335
4766    0.337183045716
4792    0.333074538144
4794    0.333074029241
4796    0.333073890468
4798    0.333073890164
4800    0.333073762682
4802    0.333061089635
4804    0.333046784217
4806    0.333038490336
4808    0.333037242527
4810    0.333037055092
4812    0.333035860313
4838    0.329781524244
4840    0.329765211321
4842    0.329765211109
4844    0.32976518825
4846    0.329763897456
4848    0.329763818895
4874    0.328869531532
4900    0.3278321452
4902    0.327832144956
4904    0.327819305994
4906    0.327819305994
4908    0.327819302073
4910    0.327806302303
4936    0.32513702617
4938    0.325137009972
4940    0.325136987963
4942    0.325136986311
4944    0.325136849123
4970    0.324483711341
4996    0.323945722831
4998    0.323935996833
5000    0.323920319913
5002    0.32391580316
5004    0.323900110262
5030    0.323352177673
5032    0.323348120678
5034    0.323339984808
5036    0.323339984572
5038    0.323339981335
5040    0.32332625481
5066    0.319491557051
5068    0.319491113112
5070    0.319490932433
5072    0.319490931663
5074    0.319490812128
5076    0.319478750866
5078    0.319465002157
5080    0.319456177092
5082    0.319454841888
5084    0.319454721431
5086    0.319453753826
5112    0.316482937237
5114    0.316467006207
5116    0.316467006075
5118    0.31646697795
5120    0.316466016566
5122    0.316466013462
5148    0.315802647483
5174    0.314958292215
5176    0.314958291997
5178    0.314949249926
5180    0.314949249926
5182    0.314949247973
5184    0.314936903374
5210    0.312439803303
5212    0.312439792774
5214    0.312439765776
5216    0.312439765091
5218    0.312439763978
5244    0.311914582053
5246    0.311897530101
5248    0.311888381444
5250    0.311873268104
5252    0.311869064859
5254    0.311854827606
5277    0.311455379092
5279    0.311451589512
5281    0.311446688994
5283    0.311446688802
5285    0.311446686417
5287    0.311433469086
5313    0.307868213263
5315    0.307867825618
5317    0.307867594163
5319    0.307867592646
5321    0.307867480479
5323    0.307855999746
5325    0.30784280494
5327    0.307833109678
5329    0.307831679548
5331    0.307831595829
5333    0.307830841072
5359    0.305083405326
5361    0.305067762051
5363    0.305067761976
5365    0.305067728803
5367    0.305067023464
5369    0.305067008503
5395    0.304579721025
5421    0.303887686834
5423    0.303887686631
5425    0.303881784968
5427    0.303881784968
5429    0.30388178369
5431    0.303870069012
5457    0.301517801882
5459    0.301517794932
5461    0.301517772715
5463    0.301517772404
5465    0.301517722376
5491    0.301026922702
5493    0.301012312811
5495    0.301003700233
5497    0.300989127127
5499    0.300985207416
5501    0.300971929755
5503    0.300954827314
5505    0.300951285988
5507    0.300948671873
5509    0.3009486717
5511    0.300948669987
5513    0.300935933712
5539    0.297631824295
5541    0.297631485581
5543    0.297631194879
5545    0.29763119238
5547    0.297631087043
5549    0.297620155225
5551    0.297607499005
5553    0.29759668074
5555    0.297595147876
5557    0.29759508481
5559    0.297594503547
5585    0.295022077711
5587    0.295006642558
5589    0.29500664252
5591    0.295006604674
5593    0.29500609084
5595    0.295006023052
5597    0.294991816539
5623    0.294340864988
5625    0.294340864796
5627    0.294337370019
5629    0.294337370019
5631    0.294337369107
5633    0.294326253036
5659    0.292092612305
5661    0.292092607788
5663    0.292092587391
5665    0.29209258724
5667    0.29209242693
5693    0.291630183809
5695    0.291617647007
5697    0.291609532834
5699    0.291595477783
5701    0.291591815116
5703    0.29157863532
5705    0.291561637435
5707    0.291558326772
5709    0.291557180953
5711    0.291557180778
5713    0.291557179582
5715    0.291544897171
5741    0.288491715167
5743    0.288491419061
5745    0.288491061133
5747    0.288491057515
5749    0.288490958514
5751    0.288480544001
5753    0.288468401539
5755    0.288456285394
5757    0.288454680602
5759    0.288454629382
5761    0.288454181547
5787    0.286018501239
5789    0.286003253009
5791    0.286003252976
5793    0.286003214928
5795    0.28600271504
5797    0.286002602736
5799    0.285991547442
5825    0.285379055321
5827    0.285379055135
5829    0.285377267933
5831    0.285377267933
5833    0.285377267271
5835    0.285366718376
5861    0.283228239217
5863    0.283228236366
5865    0.283228215972
5867    0.283228215893
5869    0.283227897685
5871    0.283210661487
5873    0.283198212452
5875    0.283190562101
5877    0.283177033887
5879    0.283173604824
5881    0.283160515917
5883    0.283143619624
5885    0.283140522902
5887    0.283140186316
5889    0.283140186135
5891    0.283140185325
5893    0.283128329683
5919    0.280315434948
5921    0.280315175983
5923    0.280314743375
5925    0.280314738597
5927    0.280314645479
5929    0.280304717101
5931    0.280293057441
5933    0.280279543403
5935    0.280277850504
5937    0.280277806152
5939    0.280277456912
5965    0.277949122101
5967    0.27793401805
5969    0.277934018023
5971    0.2779339799
5973    0.277933493956
5975    0.277933331422
5977    0.277924872016
6003    0.277348373114
6005    0.277348372932
6007    0.277347669004
6009    0.277347669004
6011    0.277347668532
6013    0.277337657871
6039    0.275274459962
6041    0.275274458003
6043    0.27527444008
6045    0.275274440049
6047    0.275274111639
6049    0.275256993657
6051    0.275244631192
6053    0.275237413095
6055    0.275224390063
6057    0.275221173821
6059    0.275208170868
6061    0.27519137381
6063    0.275188475168
6065    0.275188452956
6067    0.275188452771
6069    0.275188452242
6071    0.275176996779
6097    0.272594138434
6099    0.27259391186
6101    0.272593397643
6103    0.272593391746
6105    0.272593304098
6107    0.272583831542
6109    0.272572620478
6111    0.272557682985
6113    0.272555887421
6115    0.272555847054
6117    0.272555569812
6143    0.270313318481
6145    0.270298323922
6147    0.2702983239
6149    0.270298285742
6151    0.270297813673
6153    0.270297597672
6155    0.270291221937
6181    0.269748401838
6183    0.26974840166
6185    0.269748257979
6187    0.269748257979
6189    0.269748257642
6191    0.269738758098
6217    0.267736665809
6219    0.267736664519
6221    0.267736648198
6223    0.267736648183
6225    0.267736309528
6227    0.267719307178
6229    0.267707030421
6231    0.26770021556
6233    0.267687677074
6235    0.267684655183
6237    0.267671734496
6239    0.267655034226
6241    0.267652318663
6243    0.267652269273
6245    0.267652269087
6247    0.267652268754
6249    0.267641187701
6275    0.265278699424
6277    0.265278501103
6279    0.265277898861
6281    0.265277891946
6283    0.265277809388
6285    0.265268763491
6287    0.265257965644
6289    0.265241650598
6291    0.265239739073
6293    0.265239701002
6295    0.265239476299
6321    0.263069246758
6323    0.263054332914
6325    0.263054332896
6327    0.263054294742
6329    0.26305383643
6331    0.263053565771
6333    0.263048802638
6359    0.262537492829
6361    0.262537492653
6363    0.262537491091
6365    0.262537491091
6367    0.262537490856
6369    0.262528476808
6395    0.260578811659
6397    0.260578810859
6399    0.260578795588
6401    0.260578795581
6403    0.260578446638
6405    0.260561557145
6407    0.26054936539
6409    0.260542927034
6411    0.260530853429
6413    0.260528009432
6415    0.260515168112
6417    0.260498561964
6419    0.260496015365
6421    0.260495729169
6423    0.260495728984
6425    0.260495728784
6427    0.260484997482
6453    0.258333602823
6455    0.258333429149
6457    0.258332732963
6459    0.258332725166
6461    0.258332647354
6463    0.258324000342
6465    0.258313580615
6469    0.258261325471
6471    0.2582592859
6473    0.258259243615
6475    0.258259045529
6501    0.256150483334
6503    0.256135622788
6505    0.256135622774
6507    0.25613558466
6509    0.256135139918
6511    0.256134815073
6513    0.256131232482
6539    0.255649404631
6541    0.255649404458
6543    0.255649233
6545    0.255649233
6547    0.25564923284
6549    0.255640680087
6575    0.253740173464
6577    0.253740173008
6579    0.253740158428
6581    0.253740158424
6583    0.253739799152
6585    0.253723019668
6587    0.253710912281
6589    0.253704825762
6591    0.253693198282
6593    0.253690517494
6595    0.253677753154
6597    0.253661238269
6599    0.25365884743
6601    0.253658220025
6603    0.253658219842
6605    0.253658219728
6607    0.253647814878
6633    0.251698250738
6635    0.251698098563
6637    0.251697303481
6639    0.251697294962
6641    0.251697221576
6643    0.251688947221
6645    0.251678868412
6654    0.251536042921
6656    0.251533865256
6658    0.251533806384
6660    0.251533603137
6686    0.249478897317
6688    0.249464061756
6690    0.249464061745
6692    0.249464023705
6694    0.249463592277
6696    0.249463215025
6698    0.24946041774
6717    0.249143143773
6719    0.249143143602
6721    0.249142591765
6723    0.249142591765
6725    0.24914259166
6727    0.249134477141
6753    0.247284730487
6755    0.247284730259
6757    0.247284716134
6759    0.247284716132
6761    0.247284346494
6763    0.247267674144
6765    0.247255650519
6767    0.24724989303
6769    0.247238693778
6771    0.247236163059
6773    0.247223473626
6775    0.247207047003
6777    0.247204799642
6779    0.247203804187
6781    0.247203804006
6783    0.247203803946
6785    0.247193703781
6811    0.245436337933
6813    0.24543620451
6815    0.245435306965
6817    0.245435297889
6819    0.245435228634
6821    0.245427302332
6823    0.245417523022
6833    0.245256792505
6835    0.245254468219
6837    0.245254402108
6839    0.245254204047
6865    0.243257172206
6867    0.243242356049
6869    0.24324235604
6871    0.243242318488
6873    0.243241899792
6875    0.24324148846
6877    0.243239027885
6879    0.243221781239
6881    0.243221781069
6883    0.243220730327
6885    0.243220730327
6887    0.243220730259
6889    0.243213031851
6915    0.241419602517
6917    0.241419602426
6919    0.241419588597
6921    0.241419588596
6923    0.241419208555
6925    0.241402640469
6927    0.241390700002
6929    0.241385250418
6931    0.241374462296
6933    0.241372069863
6935    0.241359453462
6937    0.241343111993
6939    0.241340996756
6941    0.241339658498
6943    0.241339658319
6945    0.241339658291
6947    0.241329842691
6973    0.239754401979
6975    0.239754284911
6977    0.239753280727
6979    0.239753271254
6981    0.239753205864
6983    0.239745604721
6985    0.239736091328
6994    0.239593548573
6996    0.239591068332
6998    0.239591006199
7000    0.239590828623
7026    0.237661192235
7028    0.237646411153
7030    0.237646411146
7032    0.237646383168
7034    0.237645976194
7036    0.237645564936
7038    0.237643136927
7040    0.237625935934
7042    0.237625935767
7044    0.237624346076
7046    0.237624346076
7048    0.237624346033
7050    0.237617042541
7076    0.23588827424
7078    0.23588827422
7080    0.23588826058
7082    0.23588826058
7084    0.235887870101
7086    0.235871403498
7088    0.235859545613
7090    0.235854384354
7092    0.235843991053
7094    0.235841726324
7096    0.235829181245
7098    0.235812921803
7100    0.23581092826
7102    0.23580930315
7104    0.235809302974
7106    0.235809302963
7108    0.23579975355
7134    0.234395216936
7136    0.234395114138
7138    0.234393998681
7140    0.234393988958
7142    0.234393927194
7144    0.234386630017
7146    0.234377357754
7154    0.23425310598
7156    0.234250458526
7158    0.234250403486
7160    0.234250250385
7186    0.232398017419
7188    0.232383254141
7190    0.232383254135
7192    0.232383231923
7194    0.232382836362
7196    0.23238242523
7198    0.232380029137
7200    0.232362873284
7202    0.23236287312
7204    0.23236076685
7206    0.23236076685
7208    0.232360766824
7210    0.232353837779
7236    0.230699559428
7238    0.230699559428
7240    0.230699545907
7242    0.230699545906
7244    0.230699144961
7246    0.230682777153
7248    0.230671001281
7250    0.230666110169
7252    0.230656096109
7254    0.230653949555
7256    0.230641474186
7258    0.230625293627
7260    0.230623412236
7262    0.230621570412
7264    0.230621570239
7266    0.230621570235
7268    0.230612270364
7294    0.229366912523
7296    0.229366822178
7298    0.22936559122
7300    0.229365581374
7302    0.229365523016
7304    0.229358510237
7306    0.229349458306
7313    0.229243881146
7315    0.229241055265
7317    0.229241007626
7319    0.229240878313
7345    0.227475226519
7347    0.227460465782
7349    0.227460465777
7351    0.227460447151
7353    0.227460062699
7355    0.22745965173
7357    0.227457286887
7359    0.227440175928
7361    0.227440175767
7363    0.227437620502
7365    0.227437620502
7367    0.227437620486
7369    0.22743104609
7395    0.225861296348
7397    0.225861296335
7399    0.225861282882
7401    0.225861282881
7403    0.225860871443
7405    0.225844599864
7407    0.225832905438
7409    0.225828267575
7411    0.225818617865
7413    0.22581658089
7415    0.225804173686
7417    0.225788068866
7419    0.225786290939
7421    0.225784304991
7423    0.225784304821
7425    0.22578430482
7427    0.225775239536
7453    0.224676801407
7455    0.224676721936
7457    0.224675371977
7459    0.224675362116
7461    0.224675306958
7463    0.224668560562
7465    0.224659710118
7470    0.224590001116
7472    0.224586985777
7474    0.224586947794
7476    0.224586844394
7502    0.222915656207
7504    0.22290088542
7506    0.222900885416
7508    0.222900869088
7510    0.222900495452
7512    0.222900084676
7514    0.222897750437
7516    0.222880684153
7518    0.222880683996
7520    0.222877775704
7522    0.222877775704
7524    0.222877775695
7526    0.222871536809
7552    0.221395444322
7554    0.221395444277
7556    0.22139543086
7558    0.221395430858
7560    0.221395008904
7562    0.221378831126
7564    0.221367217586
7566    0.221362817245
7568    0.22135351765
7570    0.221351582477
7572    0.221339241947
7574    0.221323209732
7576    0.221321527381
7578    0.221319464817
7580    0.22131946465
7582    0.22131946465
7584    0.221310620604
7610    0.220346555976
7612    0.220346486008
7614    0.220345014048
7616    0.22034500426
7618    0.220344952116
7620    0.220338455547
7622    0.220329790892
7625    0.220295234849
7627    0.220292019718
7629    0.220291990674
7631    0.220291910962
7657    0.218720029643
7659    0.218705238563
7661    0.21870523856
7663    0.218705223743
7665    0.218704860634
7667    0.218704450075
7669    0.218702145787
7671    0.218685123905
7673    0.218685123752
7675    0.21868197167
7677    0.21868197167
7679    0.218681971664
7681    0.218676049829
7707    0.217300969057
7709    0.217300968971
7711    0.217300955568
7713    0.217300955564
7715    0.217300523072
7717    0.217284436828
7719    0.217272903612
7721    0.217268726148
7723    0.217259763053
7725    0.217257922638
7727    0.217245647329
7729    0.217229684606
7731    0.21722809069
7733    0.217226009745
7735    0.21722600958
7737    0.21722600958
7739    0.217217374932
7765    0.216375126003
7767    0.216375064347
7769    0.216373468406
7771    0.21637345876
7773    0.216373409454
7775    0.216367147514
7777    0.216358654723
7779    0.216341614906
7781    0.216338191549
7783    0.216338167892
7785    0.216338104819
7811    0.214867846763
7813    0.214853026568
7815    0.214853026566
7817    0.214853012763
7819    0.214852659883
7821    0.214852249561
7823    0.21484997455
7825    0.214832996735
7827    0.214832996586
7829    0.214829710791
7831    0.214829710791
7833    0.214829710788
7835    0.214824088258
7861    0.213555043314
7863    0.213555043185
7865    0.213555029781
7867    0.213555029774
7869    0.213554586726
7871    0.213538589909
7873    0.213527136459
7875    0.213523168221
7877    0.213514528603
7879    0.213512776545
7881    0.213500565042
7883    0.213484668725
7885    0.21348315678
7887    0.213481104674
7889    0.213481104512
7891    0.21348110451
7893    0.213472668789
7919    0.212739931973
7921    0.212739877594
7923    0.212738157321
7925    0.212738147868
7927    0.212738101238
7929    0.212732059972
7931    0.212723724808
7933    0.212707139031
7935    0.212703501687
7937    0.21270348001
7939    0.212703426358
7965    0.211335906245
7967    0.211321048966
7969    0.211321048964
7971    0.211321035858
7973    0.211320692903
7975    0.211320282836
7977    0.211318036408
7979    0.211301102263
7981    0.211301102118
7983    0.211297784304
7985    0.211297784304
7987    0.211297784301
7989    0.211292444086
8015    0.210131884488
8017    0.210131884322
8019    0.210131870908
8021    0.210131870897
8023    0.210131417279
8025    0.210115507944
8027    0.210104133706
8029    0.210100361957
8031    0.210092033354
8033    0.210090363831
8035    0.210078214747
8037    0.21006238178
8039    0.210060945967
8041    0.210058958814
8043    0.210058958654
8045    0.210058958652
8047    0.210050712622
8073    0.20941566843
8075    0.209415620431
8077    0.209413777153
8079    0.20941376793
8081    0.209413723823
8083    0.209407890414
8085    0.209399698146
8087    0.209383777194
8089    0.209379922386
8091    0.209379901789
8093    0.209379854348
8119    0.208115021235
8121    0.208100120242
8123    0.20810012024
8125    0.208100107621
8127    0.208099774296
8129    0.208099364499
8131    0.208097145968
8133    0.208080255053
8135    0.208080254913
8137    0.208076992426
8139    0.208076992426
8141    0.208076992424
8143    0.20807191833
8169    0.207019749821
8171    0.207019749624
8173    0.207019736195
8175    0.207019736176
8177    0.207019271975
8179    0.207003448329
8181    0.206992152746
8183    0.206988565598
8185    0.206980536082
8187    0.206978943781
8189    0.206966855757
8191    0.206951083115
8193    0.206949718149
8195    0.206947821853
8197    0.206947821696
8199    0.206947821693
8201    0.206939757213
8227    0.206391250298
8229    0.206391207899
8231    0.206389243991
8233    0.206389235023
8235    0.206389193297
8237    0.206383555969
8239    0.206375493468
8241    0.206360384383
8243    0.206356310533
8245    0.206356290852
8247    0.206356248074
8273    0.205192770694
8275    0.205177821223
8277    0.205177821222
8279    0.205177808952
8281    0.205177484971
8283    0.205177075458
8285    0.205174884145
8287    0.205158035988
8289    0.205158035852
8291    0.20515489867
8293    0.20515489867
8295    0.205154898668
8297    0.205150075328
8323    0.204203902467
8325    0.204203902249
8327    0.2042038888
8329    0.204203888773
8331    0.20420341398
8333    0.204187674376
8335    0.204176456892
8337    0.204173043238
8339    0.204165301385
8341    0.204163781452
8343    0.204151753155
8345    0.204136037844
8347    0.204134738941
8349    0.204132950606
8351    0.204132950451
8353    0.204132950448
8355    0.204125060333
8378    0.203720833387
8380    0.203720795878
8382    0.203718714574
8384    0.203718705928
8386    0.20371866645
8388    0.203713212801
8390    0.203705269111
8392    0.20369107069
8394    0.203686777917
8396    0.203686759204
8398    0.203686720282
8424    0.20262206126
8426    0.202607060606
8428    0.202607060605
8430    0.202607048589
8432    0.202606733674
8434    0.202606324458
8436    0.202604159694
8438    0.202587353792
8440    0.20258735366
8442    0.202584393732
8444    0.202584393732
8446    0.202584393728
8448    0.202579806619
8474    0.201735312545
8476    0.201735312314
8478    0.201735298845
8480    0.201735298806
8482    0.201734813413
8484    0.201719156323
8486    0.201708016373
8488    0.201704765834
8490    0.2016973007
8492    0.201695848687
8494    0.201683878773
8496    0.201668217834
8498    0.201666980692
8500    0.20166529397
8502    0.201665293817
8504    0.201665293814
8506    0.201657570962
8508    0.20164039913
8510    0.201640365812
8512    0.201638171083
8514    0.201638163541
8516    0.201638126189
8518    0.201632839322
8520    0.201625005647
8522    0.20161177775
8524    0.201607267731
8526    0.201607250078
8528    0.20160721455
8554    0.200637785951
8556    0.200622733463
8558    0.200622733462
8560    0.200622721639
8562    0.20062241552
8564    0.200622006613
8566    0.200619867735
8568    0.200603103548
8570    0.200603103421
8572    0.200600355708
8574    0.200600355708
8576    0.200600355704
8578    0.200595991144
8604    0.1998473836
8606    0.199847383367
8608    0.199847369875
8610    0.199847369824
8612    0.199846873825
8614    0.199831297813
8616    0.199820234814
8618    0.199817137678
8620    0.199809938767
8622    0.199808550592
8624    0.199796637603
8626    0.199781028114
8628    0.199779849276
8630    0.199778184156
8632    0.199778184006
8634    0.199778184006
8636    0.199770620043
8638    0.199753552007
8640    0.199753522397
8642    0.199751218892
8644    0.199751212182
8646    0.199751176839
8648    0.199746049172
8650    0.199738318707
8652    0.199726089297
8654    0.19972136517
8656    0.199721348648
8658    0.199721316215
8684    0.198842678485
8686    0.198827575512
8688    0.198827575511
8690    0.198827563835
8692    0.198827266253
8694    0.198826857668
8696    0.198824744027
8698    0.198808021043
8700    0.19880802092
8702    0.198805505514
8704    0.198805505514
8706    0.198805505508
8708    0.198801350666
8734    0.198141819311
8736    0.198141819082
8738    0.198141805569
8740    0.198141805502
8742    0.198141298897
8744    0.198125802667
8746    0.198114816058
8748    0.198111863248
8750    0.198104920517
8752    0.198103592427
8754    0.198091735106
8756    0.198076174171
8758    0.198075050093
8760    0.19807340586
8762    0.198073405712
8764    0.198073405711
8766    0.198065997116
8768    0.198049032157
8770    0.198049005835
8772    0.198046598769
8774    0.198046592691
8776    0.198046559251
8778    0.198041583661
8780    0.198033951327
8782    0.198022722398
8784    0.198017788634
8786    0.198017773283
8788    0.19801774372
8814    0.197224811207
8816    0.197209660887
8818    0.197209660886
8820    0.197209649328
8822    0.197209360031
8824    0.197208951778
8826    0.197206862733
8828    0.197190180437
8830    0.197190180317
8832    0.197187905047
8834    0.197187905047
8836    0.197187905039
8838    0.197183947903
8864    0.196606082339
8866    0.19660608212
8868    0.196606068584
8870    0.196606068502
8872    0.196605551291
8874    0.196590133634
8876    0.19657922285
8878    0.196576405871
8880    0.196569709694
8882    0.196568438233
8884    0.196556635342
8886    0.196541120098
8888    0.196540047523
8890    0.196538423557
8892    0.196538423411
8894    0.19653842341
8896    0.196531166808
8898    0.196514304337
8900    0.196514280932
8902    0.196511775994
8904    0.196511770404
8906    0.196511738763
8908    0.196506908545
8910    0.196499370741
8912    0.196489123674
8914    0.196483985952
8916    0.19648397178
8918    0.196483944894
8944    0.195771189538
8946    0.195755996585
8948    0.195755996584
8950    0.195755985122
8952    0.195755703865
8954    0.195755295958
8956    0.195753230877
8958    0.195736588749
8960    0.195736588634
8962    0.195734551789
8964    0.195734551789
8966    0.195734551779
8968    0.195730781115
8994    0.195226931415
8996    0.19522693121
8998    0.195226917654
9000    0.195226917554
9002    0.195226389741
9004    0.195211049527
9006    0.195200213999
9008    0.195197524899
9010    0.195191066041
9012    0.195189848019
9014    0.195178098346
9016    0.195162625958
9018    0.195161601875
9020    0.195159997636
9022    0.195159997491
9024    0.19515999749
9026    0.195152889626
9028    0.195136129107
9030    0.195136108295
9032    0.195133511553
9034    0.195133506343
9036    0.195133476405
9038    0.195128785228
9040    0.195121339596
9042    0.195112039967
9044    0.19510670504
9046    0.195106692027
9048    0.195106667638
9074    0.194468306239
9076    0.19445307671
9078    0.19445307671
9080    0.19445306533
9082    0.194452791878
9084    0.194452384327
9086    0.194450342585
9088    0.194433740106
9090    0.194433739995
9092    0.194431932875
9094    0.194431932876
9096    0.194431932864
9098    0.194428338189
9108    0.194269802848
9110    0.194269802683
9112    0.194269789105
9114    0.194269789021
9116    0.194269250574
9118    0.194253986516
9120    0.194243225795
9122    0.194240657119
9124    0.194234426714
9126    0.194233259178
