26    3.78631099411
52    3.66965487269
78    3.64563161639
104    3.64157713416
130    3.63587025981
132    3.63585446843
134    3.63585446843
160    3.63507361803
172    3.51054700325
187    3.3865183882
199    3.26222540989
201    3.26222495943
203    3.26222478093
205    3.26221822
207    3.26221471621
209    3.26221464706
233    3.13893580627
235    3.13893580627
237    3.13892227679
263    3.02126372336
289    2.89932214691
315    2.83588116722
341    2.83171469916
344    2.83167998864
348    2.8316207067
374    2.80254153928
377    2.80250774039
403    2.71295275751
405    2.71295275751
431    2.69159145571
452    2.56756911254
478    2.54949115981
504    2.44867870538
506    2.44867639754
508    2.44867489928
534    2.43259672525
560    2.41667564527
562    2.41667563868
588    2.33782449806
590    2.33782449806
616    2.31178039996
642    2.28216097605
668    2.1670248396
683    2.04295764026
709    2.02096941886
735    2.00466475801
761    1.9994383707
763    1.99943792784
789    1.98791073068
799    1.86351575839
801    1.86351575839
803    1.86351058619
828    1.73972572081
836    1.6158128943
862    1.50126173136
864    1.50125905257
866    1.50125716043
868    1.5012533211
894    1.49502614592
896    1.49502535221
922    1.40290329256
924    1.40290329256
950    1.38272533911
976    1.30854550097
1002    1.18680311501
1028    1.15565194873
1054    1.12809138626
1080    1.11942196238
1082    1.11941929964
1108    1.09544406633
1134    1.09296949718
1146    0.967741693079
1148    0.967741693079
1150    0.967740525932
1168    0.843519935133
1182    0.719678717349
1202    0.595935934032
1204    0.595934089165
1206    0.595933003357
1208    0.595928783656
1210    0.595920663916
1212    0.595920030308
1238    0.472145450309
1240    0.472145430476
1242    0.472133105343
1268    0.470965432677
1270    0.470949769669
1280    0.470766738641
1282    0.470755062245
1284    0.470738967171
1310    0.470297782798
1312    0.470297777226
1338    0.469628649033
1340    0.469628583987
1342    0.469624687978
1344    0.469624653962
1346    0.46962464809
1348    0.469624645722
1350    0.469622586785
1352    0.469622572865
1354    0.469622571978
1356    0.469618689243
1358    0.469618689219
1360    0.469615267028
1362    0.469612815114
1364    0.469600973821
1390    0.456984774761
1392    0.456973914634
1394    0.456964332521
1396    0.456955737724
1422    0.451617434513
1424    0.451603408851
1450    0.447292986229
1452    0.447292985074
1478    0.445805839507
1480    0.445802408659
1506    0.432123206331
1532    0.430372407719
1534    0.430372383706
1536    0.430372368119
1562    0.419091217871
1567    0.419016625345
1569    0.419015255561
1595    0.412879756001
1597    0.412879754374
1623    0.410731907122
1649    0.403795835872
1654    0.403716480741
1656    0.403716370631
1682    0.398217804114
1708    0.394552033405
1710    0.394538181835
1712    0.394530861593
1738    0.392080573213
1740    0.392079562463
1742    0.392079562461
1744    0.392079265013
1746    0.392078416427
1748    0.392077510847
1750    0.392063098118
1752    0.392062558127
1754    0.392062175764
1756    0.392061962665
1758    0.392049138028
1760    0.392048969726
1786    0.389019975829
1788    0.389019975313
1811    0.388231348594
1833    0.387652463739
1835    0.387649766959
1861    0.371649968822
1863    0.371633584329
1865    0.371617958924
1867    0.371617864338
1893    0.360540577211
1895    0.360530703784
1897    0.360529490843
1899    0.360529490797
1901    0.360528435001
1903    0.360528122501
1905    0.360526063896
1907    0.360525218191
1909    0.360524981162
1911    0.360524841539
1913    0.360523861902
1915    0.360523327478
1917    0.360523245847
1919    0.360515152622
1921    0.360515133359
1923    0.36050855876
1925    0.360497953626
1927    0.360486884959
1929    0.360473093853
1931    0.360465002849
1933    0.360451212975
1959    0.359970058019
1961    0.359970039403
1987    0.359204251167
1989    0.359204240003
1991    0.359202853806
1993    0.359202847618
1995    0.359202847258
1997    0.359202847113
1999    0.359202112765
2001    0.359202110237
2003    0.359202110163
2005    0.359200272646
2007    0.359200272634
2009    0.359198500445
2011    0.359197801522
2013    0.359190665444
2039    0.356688467696
2041    0.356681026564
2043    0.35667445866
2045    0.35666939833
2071    0.355660748569
2073    0.35564945783
2075    0.35563666294
2077    0.355636658074
2092    0.355312621162
2094    0.35530995365
2120    0.346250966016
2122    0.346239766876
2124    0.346239435841
2126    0.346239221656
2152    0.339180757565
2154    0.339170191701
2156    0.339167327376
2168    0.338933991391
2170    0.338933989729
2181    0.338721491043
2207    0.337716240452
2209    0.337700623301
2211    0.337700460198
2237    0.336563962177
2263    0.335823509293
2265    0.335813551508
2267    0.3358033482
2290    0.335363786375
2292    0.335363640205
2294    0.335363640205
2296    0.335363608636
2298    0.335363354221
2300    0.335363302802
2302    0.335354505611
2304    0.335354359038
2306    0.335354255234
2308    0.335354243672
2310    0.335346412653
2312    0.335346386666
2314    0.33533992349
2316    0.33533992311
2318    0.335324864412
2320    0.335315363181
2322    0.335313486173
2348    0.328634866719
2350    0.328625684329
2352    0.328616933444
2354    0.328616927245
2380    0.324116451739
2382    0.32411201431
2384    0.324110986769
2386    0.324110986697
2388    0.324108685405
2390    0.324108659582
2392    0.324108169367
2394    0.324107836788
2396    0.324107804036
2398    0.324107784742
2400    0.324107551562
2402    0.324107341055
2404    0.324107329782
2406    0.32410316199
2408    0.324103143214
2410    0.32409961281
2412    0.324090855784
2414    0.32408312417
2416    0.324071343231
2418    0.324065928021
2420    0.324054079972
2446    0.323532067668
2448    0.323532033596
2474    0.322662324675
2476    0.322662317825
2478    0.322661748461
2480    0.322661747277
2482    0.322661746111
2484    0.32266174564
2486    0.322661443267
2488    0.322661442784
2490    0.32266144257
2492    0.322660590145
2494    0.32266059014
2496    0.32265965606
2498    0.322659576572
2500    0.322655285766
2517    0.322308613583
2519    0.322303742358
2521    0.322299442571
2523    0.322296493811
2525    0.322282059967
2527    0.322273534285
2529    0.322268298379
2531    0.322268290176
2535    0.322216527192
2537    0.322213423731
2563    0.316813573378
2565    0.316804158844
2567    0.316803683966
2569    0.316803377361
2595    0.31273975902
2597    0.312730881866
2599    0.312727089768
2601    0.312718808641
2603    0.312718807191
2605    0.312703012183
2607    0.312698841586
2609    0.312685141306
2611    0.31268395454
2613    0.312668442754
2615    0.312653186421
2617    0.312645453861
2619    0.312638514875
2621    0.312622716495
2623    0.312622692956
2625    0.312622692956
2627    0.312622691133
2629    0.312622609352
2631    0.312622606341
2633    0.31261567987
2635    0.312615640853
2637    0.31261561322
2639    0.312615612666
2641    0.312609444428
2643    0.312609443557
2645    0.31260400812
2647    0.312604007868
2649    0.312590469002
2651    0.312585098547
2653    0.312583717159
2679    0.310041359722
2681    0.310035944088
2683    0.310030784457
2685    0.310030775881
2711    0.30828155828
2713    0.308279560811
2715    0.30827823285
2717    0.308278232761
2719    0.308275412315
2721    0.308275411782
2723    0.308275292231
2725    0.308275161554
2727    0.308275155862
2729    0.308275152509
2731    0.308275095735
2733    0.30827501286
2735    0.308275010895
2737    0.308272880657
2739    0.308272862304
2741    0.308270951028
2743    0.308263725251
2745    0.308258506087
2747    0.308248417176
2749    0.308244968215
2751    0.30823475935
2777    0.307671938281
2779    0.307671888609
2805    0.306692584077
2807    0.306692577615
2809    0.306692300324
2811    0.30669230008
2813    0.306692298759
2815    0.306692298225
2817    0.30669215053
2819    0.306692150431
2821    0.306692150192
2823    0.306691766887
2825    0.306691766885
2827    0.30669126309
2829    0.306691239555
2831    0.306688673319
2833    0.306672384763
2835    0.306669207563
2837    0.30666640304
2839    0.306664706616
2841    0.306650712824
2843    0.30664421397
2845    0.306638434799
2847    0.306638425008
2850    0.306605444642
2852    0.306601579084
2878    0.303575706712
2880    0.303567379281
2882    0.303566925907
2884    0.303566633565
2910    0.301334735554
2912    0.301326903963
2914    0.301322648852
2916    0.301315369777
2918    0.301315368518
2920    0.301300893413
2922    0.301297146252
2924    0.301286020946
2926    0.301283720511
2928    0.301269042477
2930    0.30125460622
2932    0.301248677924
2934    0.301243244379
2936    0.301228306597
2938    0.301228301171
2940    0.301228301171
2942    0.301228301152
2944    0.301228269807
2946    0.301228269602
2948    0.301222815359
2950    0.301222804376
2952    0.301222796597
2954    0.301222796583
2956    0.30121793786
2958    0.301217936517
2960    0.301213379543
2962    0.301213379375
2964    0.301201187637
2966    0.301198009737
2968    0.301196950241
2994    0.300273867419
2996    0.300270428313
2998    0.300267152174
3000    0.300267102127
3026    0.299591508866
3028    0.299590600904
3030    0.299588881897
3032    0.299588881798
3034    0.299585943637
3036    0.299585943045
3038    0.299585913172
3040    0.299585861935
3042    0.299585860402
3044    0.299585859498
3046    0.299585845364
3048    0.29958581277
3050    0.299585812235
3052    0.299584735305
3054    0.299584717327
3056    0.29958367151
3058    0.299577712492
3060    0.299574355449
3062    0.299565690755
3064    0.299563650195
3066    0.299554825252
3092    0.298952475554
3094    0.298952411138
3120    0.297859866072
3122    0.297859859454
3124    0.297859699424
3126    0.297859699367
3128    0.297859698037
3130    0.2978596975
3132    0.297859611967
3134    0.297859611945
3136    0.297859611704
3138    0.297859447593
3140    0.297859447592
3142    0.297859167603
3144    0.297858912135
3146    0.297857373589
3148    0.29784161678
3150    0.29783950925
3152    0.297837648912
3154    0.297836678719
3156    0.297823185145
3158    0.297818076457
3160    0.297811450874
3162    0.297811440746
3164    0.297795647767
3166    0.297790974932
3192    0.29615287213
3194    0.296145541018
3196    0.2961451641
3198    0.296144921247
3224    0.294950020395
3226    0.294943146205
3228    0.294938699325
3230    0.294932308257
3232    0.294932307164
3234    0.294919028968
3236    0.294915679298
3238    0.294906619723
3240    0.29490359703
3242    0.294889708904
3244    0.294876049598
3246    0.294871527218
3248    0.294866793467
3250    0.294852667417
3252    0.294852665324
3254    0.294852665324
3256    0.294852664892
3258    0.294852649794
3260    0.29485264977
3262    0.294848355025
3264    0.294848351606
3266    0.294848349185
3268    0.294848349184
3270    0.294844522269
3272    0.294844517379
3274    0.29484071043
3276    0.294840710318
3278    0.294829714147
3280    0.294827705824
3282    0.29482686276
3284    0.294811230631
3286    0.294808558015
3288    0.294806012047
3290    0.294805903191
3300    0.294643232636
3302    0.294642624343
3304    0.294640537917
3306    0.294640537818
3308    0.29463790244
3310    0.29463790079
3312    0.294637893757
3314    0.294637873731
3316    0.294637873015
3318    0.294637872593
3320    0.294637869293
3322    0.294637856487
3324    0.294637856234
3326    0.294637320372
3328    0.294637302728
3330    0.294636722404
3332    0.294631809076
3334    0.29462979837
3336    0.294622331816
3338    0.294621258862
3340    0.29461360191
3366    0.29397452706
3368    0.29397444922
3394    0.292767595808
3396    0.292767588941
3398    0.292767482722
3400    0.292767482708
3402    0.292767481392
3404    0.29276748086
3406    0.29276742387
3408    0.292767423864
3410    0.292767423626
3412    0.292767358833
3414    0.292767358833
3416    0.292767197208
3418    0.292766590657
3420    0.292765662116
3422    0.292750510871
3424    0.292749085156
3426    0.292747826656
3428    0.292747276221
3430    0.292734344583
3432    0.292730204929
3434    0.2927225736
3436    0.29272256399
3438    0.292707504462
3440    0.292702125808
3466    0.291831402644
3468    0.291824981425
3470    0.291824680336
3472    0.291824486432
3498    0.291193262547
3500    0.291187258215
3502    0.291182760143
3504    0.291177155815
3506    0.291177154867
3508    0.291164962953
3510    0.291161981317
3512    0.291154581463
3514    0.291151142175
3516    0.291138000387
3518    0.291125075173
3520    0.291121645495
3522    0.291117250291
3524    0.291103889663
3526    0.29110388837
3528    0.29110388837
3530    0.291103887664
3532    0.291103878426
3534    0.291103878419
3536    0.291100497145
3538    0.291100495891
3540    0.291100495003
3542    0.291100494999
3544    0.291097481206
3546    0.291097473693
3548    0.291094305966
3550    0.291094305891
3552    0.291084371519
3554    0.291082781653
3556    0.291082097064
3558    0.291069513612
3560    0.29106730942
3562    0.291065209679
3564    0.29106504101
3566    0.291048932174
3568    0.291048505728
3570    0.291046252641
3572    0.291046252543
3574    0.291043808378
3576    0.291043806248
3578    0.291043804613
3580    0.291043796821
3582    0.291043796311
3584    0.291043796011
3586    0.291043795257
3588    0.291043790229
3590    0.291043790046
3592    0.291043529538
3594    0.291043512197
3596    0.291043184261
3598    0.291039132135
3600    0.291038056484
3602    0.29103159729
3604    0.291031141971
3606    0.291024470395
3632    0.29035322947
3634    0.290353139806
3660    0.289034024834
3662    0.289034017693
3664    0.289033940139
3666    0.289033940135
3668    0.289033938837
3670    0.289033938313
3672    0.289033896532
3674    0.28903389653
3676    0.289033896295
3678    0.289033874201
3680    0.2890338742
3682    0.289033776483
3684    0.289032794728
3686    0.289032229627
3688    0.289017733058
3690    0.289016746409
3692    0.289015875476
3694    0.289015566561
3696    0.289003236981
3698    0.288999783152
3700    0.288991538028
3702    0.288991529373
3704    0.2889774092
3706    0.288971479627
3724    0.288655161683
3726    0.288649578981
3728    0.288649361454
3730    0.288649221391
3732    0.288632632393
3734    0.288627462549
3736    0.288623292514
3738    0.288618384865
3740    0.288618384042
3742    0.288607178708
3744    0.288604535102
3746    0.288598470882
3748    0.288594800629
3750    0.288582363027
3752    0.288570130443
3754    0.288567547409
3756    0.288563319237
3758    0.288550680277
3760    0.288550679222
3762    0.288550679222
3764    0.288550678402
3766    0.288550671502
3768    0.288550671497
3770    0.288548009922
3772    0.288548009345
3774    0.288548008936
3776    0.288548008931
3778    0.288545635923
3780    0.288545626877
3782    0.288543003038
3784    0.288543002988
3786    0.288534012959
3788    0.288532708893
3790    0.288532131038
3792    0.288520081815
3794    0.288518215152
3796    0.288516436949
3798    0.288516215359
3800    0.288500689685
3802    0.288500400407
3804    0.288498101594
3806    0.288498101496
3808    0.288495759455
3810    0.288495757149
3812    0.288495756762
3814    0.288495753748
3816    0.288495753299
3818    0.288495753035
3820    0.288495752863
3822    0.288495750887
3824    0.288495750725
3826    0.288495628413
3828    0.288495611352
3830    0.288495421677
3832    0.288492077121
3834    0.288491606819
3836    0.288485994121
3838    0.288485877376
3840    0.288480036834
3866    0.287783054667
3868    0.287782955016
3894    0.286357138826
3896    0.286357131404
3898    0.286357071707
3900    0.286357071706
3902    0.286357070427
3904    0.286357069911
3906    0.286357037613
3908    0.286357037612
3910    0.28635703738
3912    0.286357031879
3914    0.286357031879
3916    0.28635696953
3918    0.286355635327
3920    0.286355287774
3922    0.286341581396
3924    0.286340880925
3926    0.286340262602
3928    0.286340091793
3930    0.286328483351
3932    0.286325522257
3934    0.286317778219
3936    0.2863177711
3938    0.28630472678
3940    0.286298442302
3942    0.286281992651
3944    0.286277210361
3946    0.286277064343
3948    0.286276970324
3950    0.286260743254
3952    0.286256316541
3954    0.286252414313
3956    0.286248123239
3958    0.286248122525
3960    0.286237813809
3962    0.286235479068
3964    0.286230491504
3966    0.286226693875
3968    0.286214920234
3970    0.286203340709
3972    0.28620141125
3974    0.286197265956
3976    0.286185307409
3978    0.286185306433
3980    0.286185306433
3982    0.28618530557
3984    0.286185299661
3986    0.286185299656
3988    0.286183205082
3990    0.286183204742
3992    0.286183204501
3994    0.286183204496
3996    0.286181336419
3998    0.286181326543
4000    0.286179164575
4002    0.286179164541
4004    0.286171015352
4006    0.286169945576
4008    0.286169438898
4010    0.286157899762
4012    0.286156314743
4014    0.286154804839
4016    0.286154540284
4018    0.286139574353
4020    0.286139386624
4022    0.28613709374
4024    0.286137093643
4026    0.286134818026
4028    0.286134815662
4030    0.286134815566
4032    0.286134814411
4034    0.286134813981
4036    0.286134813728
4038    0.286134813688
4040    0.286134812909
4042    0.286134812753
4044    0.286134758346
4046    0.286134741547
4048    0.286134628606
4050    0.286131864114
4052    0.286131733866
4054    0.286126832304
4056    0.286126831168
4058    0.28612169147
4084    0.285407226147
4086    0.285407118592
4112    0.283883891356
4114    0.283883883652
4116    0.283883836756
4118    0.283883836756
4120    0.283883835496
4122    0.283883834988
4124    0.283883809506
4126    0.283883809506
4128    0.283883809276
4130    0.2838838088
4132    0.2838838088
4134    0.283883766584
4136    0.283882122656
4138    0.283881906086
4140    0.283869003701
4142    0.28386849239
4144    0.283868041043
4146    0.283867948528
4148    0.283857070107
4150    0.283854468291
4152    0.283847559208
4154    0.283847553579
4156    0.283835546433
4158    0.283829138963
4160    0.283813046394
4162    0.283808950231
4164    0.283808830894
4166    0.283808754054
4168    0.283792883036
4170    0.283789092961
4172    0.283785332202
4174    0.283781586547
4176    0.283781585928
4178    0.283772092678
4180    0.283770039086
4182    0.283765920983
4184    0.283762051896
4186    0.283750904057
4188    0.283739940056
4190    0.283738512894
4192    0.283734408571
4194    0.283723091535
4196    0.283723090587
4198    0.283723090587
4200    0.283723089707
4202    0.283723084222
4204    0.283723084217
4206    0.283721436279
4208    0.283721436029
4210    0.283721435851
4212    0.283721435846
4214    0.283719965587
4216    0.283719955278
4218    0.283718184597
4220    0.283718184575
4222    0.283710784887
4224    0.28370990725
4226    0.283709448604
4228    0.283698396683
4230    0.283697047023
4232    0.283695761325
4234    0.283695463273
4236    0.283681034747
4238    0.283680920277
4240    0.283678654642
4242    0.283678654546
4244    0.28367643066
4246    0.283676428277
4248    0.283676428251
4250    0.283676427814
4252    0.283676427389
4254    0.283676427139
4256    0.28367642713
4258    0.28367642682
4260    0.283676426667
4262    0.283676404523
4264    0.28367638797
4266    0.283676318304
4268    0.283674028458
4270    0.28367402483
4272    0.283669720786
4274    0.283669657678
4276    0.283665109269
4302    0.282943033723
4304    0.28294292059
4330    0.281335241644
4332    0.281335233663
4334    0.281335196896
4336    0.281335196896
4338    0.281335195656
4340    0.281335195154
4342    0.281335175089
4344    0.281335175089
4346    0.281335174863
4348    0.281335174639
4350    0.281335174639
4352    0.281335144235
4354    0.281333238948
4356    0.281333101809
4358    0.281320957103
4360    0.28132057272
4362    0.281320233414
4364    0.281320184754
4366    0.281309991366
4368    0.281307655116
4370    0.281301494453
4372    0.281301489993
4374    0.281290430873
4376    0.28128402185
4378    0.281268280707
4380    0.281264772358
4382    0.281264664238
4384    0.281264594621
4386    0.281249073546
4388    0.281245828708
4390    0.281242157859
4392    0.281238894392
4394    0.281238893855
4396    0.281230142793
4398    0.281228344316
4400    0.281224929721
4402    0.281221019063
4404    0.281210460956
4406    0.281200076995
4408    0.281199033811
4410    0.281194949569
4412    0.281184237375
4414    0.281184236437
4416    0.281184236437
4418    0.281184235551
4420    0.281184230232
4422    0.281184230227
4424    0.281182934045
4426    0.28118293383
4428    0.281182933679
4430    0.281182933674
4432    0.281181776783
4434    0.28118176625
4436    0.281180326101
4438    0.281180326086
4440    0.281173595191
4442    0.281172875166
4444    0.281172449158
4446    0.281161862782
4448    0.281160710092
4450    0.281159612031
4452    0.281159288564
4454    0.281145376138
4456    0.281145312573
4458    0.281143082739
4460    0.281143082643
4462    0.281140904241
4464    0.281140901853
4466    0.281140901845
4468    0.281140901683
4470    0.28114090126
4472    0.281140901011
4474    0.281140901009
4476    0.281140900883
4478    0.28114090073
4480    0.281140893058
4482    0.281140876741
4484    0.281140831953
4486    0.28113892999
4488    0.281138882606
4490    0.281135081024
4492    0.28113481634
4494    0.281130767323
4520    0.280412161353
4522    0.280412045175
4548    0.278736178442
4550    0.278736170196
4552    0.278736141847
4554    0.278736141847
4556    0.278736140624
4558    0.27873614013
4560    0.278736124589
4562    0.278736124589
4564    0.278736124365
4566    0.278736122699
4568    0.278736122699
4570    0.278736099438
4572    0.278733979611
4574    0.278733891065
4576    0.278722460066
4578    0.278722162188
4580    0.278721899242
4582    0.278721874722
4584    0.278712324084
4586    0.278710186584
4588    0.278704696556
4590    0.278704693017
4592    0.278694500798
4594    0.278688141614
4596    0.278672745934
4598    0.27866974103
4600    0.278669638236
4602    0.278669572048
4604    0.278654394726
4606    0.27865161677
4608    0.27864801437
4610    0.278645176884
4612    0.278645176418
4614    0.278637101327
4616    0.278635533674
4618    0.278632689506
4620    0.278628753352
4622    0.278618750952
4624    0.278608913563
4626    0.278608162008
4628    0.278604087578
4630    0.278593945679
4632    0.278593944745
4634    0.278593944745
4636    0.278593943855
4638    0.278593938583
4640    0.278593938579
4642    0.278592919365
4644    0.278592919165
4646    0.278592919023
4648    0.278592919018
4650    0.278592008923
4652    0.278591998274
4654    0.278590836374
4656    0.278590836363
4658    0.278584702869
4660    0.278584112158
4662    0.278583708359
4664    0.278573566991
4666    0.278572579398
4668    0.278571638611
4670    0.278571296248
4672    0.278557879603
4674    0.278557849388
4676    0.278555658614
4678    0.278555658518
4680    0.278553522781
4682    0.278553520392
4684    0.278553520389
4686    0.278553520331
4688    0.278553519908
4690    0.278553519659
4692    0.278553519658
4694    0.278553519606
4696    0.278553519453
4698    0.278553517586
4700    0.278553501494
4702    0.278553471328
4704    0.278551886197
4706    0.278551661881
4708    0.278548283552
4710    0.278547710823
4712    0.278544084427
4738    0.277840656921
4740    0.277840540353
4766    0.276115390555
4768    0.276115382062
4770    0.276115360772
4772    0.276115360772
4774    0.276115359564
4776    0.276115359075
4778    0.276115347352
4780    0.276115347352
4782    0.27611534713
4784    0.276115343653
4786    0.276115343653
4788    0.276115324841
4790    0.276113032461
4792    0.276112973956
4794    0.276102215002
4796    0.276101977031
4798    0.276101766964
4800    0.276101755394
4802    0.27609280777
4804    0.27609082075
4806    0.276085931449
4808    0.276085928634
4810    0.276076529468
4812    0.276070241533
4814    0.276055185242
4816    0.276052611465
4818    0.276052511624
4820    0.276052447338
4822    0.276037607566
4824    0.276035229361
4826    0.276031686308
4828    0.276029224834
4830    0.27602922443
4832    0.276021765431
4834    0.276020406021
4836    0.276018025421
4838    0.276014072604
4840    0.276004593853
4842    0.275995271502
4844    0.275994739676
4846    0.275990670201
4848    0.275981066057
4850    0.275981065125
4852    0.275981065125
4854    0.275981064233
4856    0.275981058955
4858    0.275981058949
4860    0.275980257765
4862    0.275980257569
4864    0.27598025743
4866    0.275980257425
4868    0.275979541654
4870    0.275979530944
4872    0.27597860232
4874    0.275978602313
4876    0.275973003007
4878    0.2759725184
4880    0.275972129637
4882    0.275962413804
4884    0.275961564812
4886    0.275960756057
4888    0.27596039988
4890    0.275947459633
4892    0.275947449083
4894    0.275945298442
4896    0.275945298348
4898    0.275943203849
4900    0.275943201459
4902    0.275943201458
4904    0.275943201438
4906    0.275943201015
4908    0.275943200766
4910    0.275943200766
4912    0.275943200743
4914    0.27594320059
4916    0.275943200468
4918    0.275943184595
4920    0.275943163235
4922    0.275941837061
4924    0.275941336146
4926    0.275938315376
4928    0.275937358283
4930    0.275934090674
4956    0.27525748165
4958    0.275257367344
4984    0.273503564513
4986    0.273503555802
4988    0.27350354033
4990    0.27350354033
4992    0.273503539134
4994    0.27350353865
4996    0.273503530092
4998    0.273503530092
5000    0.273503529873
5002    0.273503524731
5004    0.273503524731
5006    0.273503508761
5008    0.27350107987
5010    0.273501040167
5012    0.273490913847
5014    0.273490718027
5016    0.273490545169
5018    0.273490540266
5020    0.273482158327
5022    0.273480286492
5024    0.273475935097
5026    0.273475932854
5028    0.273467259499
5030    0.273461051545
5032    0.273446328547
5034    0.27344412394
5036    0.273444026068
5038    0.27344396305
5040    0.273429454641
5042    0.273427418687
5044    0.27342393099
5046    0.273421801103
5048    0.273421800754
5050    0.273414903661
5052    0.273413731561
5054    0.273411728598
5056    0.273407764177
5058    0.273398778896
5060    0.273389941895
5062    0.273389573979
5064    0.273385507355
5066    0.273376410327
5068    0.273376409395
5070    0.273376409395
5072    0.273376408501
5074    0.273376403192
5076    0.273376403187
5078    0.273375773593
5080    0.273375773396
5082    0.273375773257
5084    0.273375773252
5086    0.273375210455
5088    0.273375199712
5090    0.273374465706
5092    0.273374465701
5094    0.273369344558
5096    0.273368947016
5098    0.273368568304
5100    0.273359259526
5102    0.273358527082
5104    0.273357829352
5106    0.273357463232
5108    0.273344980883
5110    0.273344979429
5112    0.273342869092
5114    0.273342868998
5116    0.273340814875
5118    0.273340812485
5120    0.273340812484
5122    0.273340812478
5124    0.273340812055
5126    0.273340811806
5128    0.273340811806
5130    0.273340811795
5132    0.273340811642
5134    0.273340811491
5136    0.273340795831
5138    0.27334077991
5140    0.273339665802
5142    0.273338819849
5144    0.273336102428
5146    0.27333471298
5148    0.273331751361
5174    0.272692791294
5176    0.272692681748
5202    0.270931506545
5204    0.27093149765
5206    0.27093148682
5208    0.27093148682
5210    0.27093148563
5212    0.270931485149
5214    0.270931479134
5216    0.270931479134
5218    0.270931478916
5220    0.270931472413
5222    0.270931472413
5224    0.270931458299
5226    0.270928922983
5228    0.270928895214
5230    0.27091936429
5232    0.270919198595
5234    0.270919052329
5236    0.270919050628
5238    0.270911199308
5240    0.270909416582
5242    0.270905546654
5244    0.270905544862
5246    0.270897536073
5248    0.270891411493
5250    0.270877015702
5252    0.270875127202
5254    0.270875030877
5256    0.270874968855
5258    0.270860785658
5260    0.270859042709
5262    0.270855608496
5264    0.270853770697
5266    0.270853770394
5268    0.270847386143
5270    0.270846381979
5272    0.270844687444
5274    0.270840714508
5276    0.27083219429
5278    0.2708238147
5280    0.270823567506
5282    0.270819503036
5284    0.270810884273
5286    0.270810883342
5288    0.270810883342
5290    0.270810882447
5292    0.270810877098
5294    0.270810877093
5296    0.270810382504
5298    0.270810382304
5300    0.270810382162
5302    0.270810382157
5304    0.270809939753
5306    0.270809928993
5308    0.270809356407
5310    0.270809356404
5312    0.270804663725
5314    0.270804337622
5316    0.270803965471
5318    0.270795046199
5320    0.270794411926
5322    0.270793807716
5324    0.270793434555
5326    0.270781392437
5328    0.270781392015
5330    0.270779321774
5332    0.27077932168
5334    0.270777307296
5336    0.270777304906
5338    0.270777304906
5340    0.270777304904
5342    0.270777304481
5344    0.270777304232
5346    0.270777304232
5348    0.270777304226
5350    0.270777304073
5352    0.270777303222
5354    0.270777287769
5356    0.270777275298
5358    0.270776335452
5360    0.270775105619
5362    0.270772647053
5364    0.270770804239
5366    0.270768105183
5392    0.270176122833
5394    0.270176020236
5420    0.268428289726
5422    0.268428280684
5424    0.268428273402
5426    0.268428273402
5428    0.268428272215
5430    0.268428271736
5432    0.268428267676
5434    0.268428267676
5436    0.268428267458
5438    0.268428259907
5440    0.268428259907
5442    0.268428247028
5444    0.268425629939
5446    0.268425609865
5448    0.268416639192
5450    0.268416495349
5452    0.268416368371
5454    0.268416368002
5456    0.268409014368
5458    0.268407301314
5460    0.268403862159
5462    0.268403860724
5464    0.2683964607
5466    0.268390420629
5468    0.268376345989
5470    0.268374728154
5472    0.26837463319
5474    0.268374572045
5476    0.268360707946
5478    0.268359215838
5480    0.268355834107
5482    0.268354253278
5484    0.268354253015
5486    0.26834833715
5488    0.268347483014
5490    0.26834604107
5492    0.268342061676
5494    0.268333979795
5496    0.268326031325
5498    0.268325871574
5500    0.268321809266
5502    0.26831364161
5504    0.268313640678
5506    0.268313640678
5508    0.268313639782
5510    0.268313634392
5512    0.268313634387
5514    0.268313245988
5516    0.268313245784
5518    0.26831324564
5520    0.268313245635
5522    0.26831289796
5524    0.268312887189
5526    0.268312447549
5528    0.268312447546
5530    0.268308139203
5532    0.268307871715
5534    0.26830750367
5536    0.268298957224
5538    0.268298405793
5540    0.268297880497
5542    0.268297502444
5544    0.268285883674
5546    0.268285878224
5548    0.268283847712
5550    0.268283847619
5552    0.268281872423
5554    0.268281870033
5556    0.268281870033
5558    0.268281870033
5560    0.26828186961
5562    0.26828186936
5564    0.268281869361
5566    0.268281869357
5568    0.268281869204
5570    0.26828186749
5572    0.268281852239
5574    0.268281842009
5576    0.268281046075
5578    0.268279421473
5580    0.26827718543
5582    0.268274893746
5584    0.268272421726
5610    0.267734687471
5612    0.26773459357
5638    0.266019631659
5640    0.266019622512
5642    0.266019617812
5644    0.266019617812
5646    0.266019616624
5648    0.266019616143
5650    0.266019613516
5652    0.266019613516
5654    0.266019613298
5656    0.266019604965
5658    0.266019604965
5660    0.266019592919
5662    0.266016913995
5664    0.266016898966
5666    0.266008455399
5668    0.266008327628
5670    0.266008214837
5672    0.266008214832
5674    0.266001327958
5676    0.265999669977
5678    0.265996616072
5680    0.265996614919
5682    0.265989772804
5684    0.265983817409
5686    0.265970057908
5688    0.265968671827
5690    0.265968578135
5692    0.265968517808
5694    0.265954966746
5696    0.265953689371
5698    0.265950359476
5700    0.265949004399
5702    0.265949004171
5704    0.265943516386
5706    0.265942795749
5708    0.26594156126
5710    0.26593757692
5712    0.26592990823
5714    0.265922366148
5716    0.265922268318
5718    0.265918208532
5720    0.265910466411
5722    0.26591046548
5724    0.26591046548
5726    0.265910464583
5728    0.265910459153
5730    0.265910459147
5732    0.265910154248
5734    0.265910154041
5736    0.265910153894
5738    0.265910153888
5740    0.26590988073
5742    0.265909869953
5744    0.265909538869
5746    0.265909538868
5748    0.265905575644
5750    0.265905356242
5752    0.265904990582
5754    0.265896801095
5756    0.265896319696
5758    0.265895861115
5760    0.265895479744
5762    0.265884268181
5764    0.265884253241
5766    0.26588226202
5768    0.265882261927
5770    0.265880325401
5772    0.265880323012
5774    0.265880323011
5776    0.265880323011
5778    0.265880322587
5780    0.265880322338
5782    0.265880322338
5784    0.265880322336
5786    0.265880322182
5788    0.265880319656
5790    0.265880304605
5792    0.265880295863
5794    0.265879619547
5796    0.26587761503
5798    0.265875571979
5800    0.265872859349
5802    0.265870585438
5828    0.265391955185
5830    0.265391871201
5856    0.263726669156
5858    0.263726659944
5860    0.263726657024
5862    0.263726657024
5864    0.263726655828
5866    0.263726655344
5868    0.263726653712
5870    0.263726653712
5872    0.263726653493
5874    0.26372664459
5876    0.26372664459
5878    0.263726633111
5880    0.26372390833
5882    0.263723896669
5884    0.263715948969
5886    0.263715833173
5888    0.263715730954
5890    0.263715730841
5892    0.263709281689
5894    0.263707667748
5896    0.263704958222
5898    0.263704957294
5900    0.263698626723
5902    0.26369275575
5904    0.263679305421
5906    0.263678117778
5908    0.263678025309
5910    0.26367796577
5912    0.263664721733
5914    0.263663628177
5916    0.263660349612
5918    0.263659192537
5920    0.26365919234
5922    0.26365409607
5924    0.263653493692
5926    0.263652430097
5928    0.263648442026
5930    0.263641162873
5932    0.263634003913
5934    0.263633948546
5936    0.263629891809
5938    0.263622551154
5940    0.263622550222
5942    0.263622550222
5944    0.263622549324
5946    0.263622543858
5948    0.263622543853
5950    0.263622304592
5952    0.263622304381
5954    0.263622304232
5956    0.263622304227
5958    0.263622089668
5960    0.263622078887
5962    0.263621835507
5964    0.263621835506
5966    0.263618182514
5968    0.26361800256
5970    0.263617638078
5972    0.263609790449
5974    0.263609368369
5976    0.263608966294
5978    0.263608582752
5980    0.263597762954
5982    0.26359773533
5984    0.263595782928
5986    0.263595782837
5988    0.263593884472
5990    0.263593882082
5992    0.263593882082
5994    0.263593882082
5996    0.263593881658
5998    0.263593881409
6000    0.26359388141
6002    0.263593881408
6004    0.263593881254
6006    0.263593878042
6008    0.263593863186
6010    0.263593855453
6012    0.263593279333
6014    0.263590932379
6016    0.263589058385
6018    0.263585973202
6020    0.263583873922
6023    0.263550254259
6025    0.263550208253
6051    0.261927917795
6053    0.261927909135
6055    0.261927906221
6057    0.261927906221
6059    0.261927904879
6061    0.261927904336
6063    0.261927902718
6065    0.261927902718
6067    0.261927902472
6069    0.26192789316
6071    0.26192789316
6073    0.261927882072
6075    0.261925124144
6077    0.26192511477
6079    0.261917633497
6081    0.261917526732
6083    0.261917432485
6085    0.261917432062
6087    0.261911393358
6089    0.261909815073
6091    0.261907413238
6093    0.261907412489
6095    0.261901551165
6097    0.261895764154
6099    0.261882617052
6101    0.261881599321
6103    0.261881508043
6105    0.261881449272
6107    0.261868506275
6109    0.261867570068
6111    0.261864342369
6113    0.261863358634
6115    0.261863358464
6117    0.261858620505
6119    0.261858122349
6121    0.26185719997
6123    0.261853209209
6125    0.261846297328
6127    0.26183949959
6129    0.261839471956
6131    0.261835418859
6133    0.261828456994
6135    0.261828456063
6137    0.261828456063
6139    0.261828455164
6141    0.261828449665
6143    0.26182844966
6145    0.261828261978
6147    0.261828261763
6149    0.261828261612
6151    0.261828261606
6153    0.261828093121
6155    0.261828082337
6157    0.261827908862
6159    0.261827908861
6161    0.261824535038
6163    0.261824387436
6165    0.261824023295
6167    0.261816503122
6169    0.261816131383
6171    0.261815777264
6173    0.261815392372
6175    0.261804949536
6177    0.261804907035
6179    0.261802992962
6181    0.261802992871
6183    0.261801132153
6185    0.261801129764
6187    0.261801129764
6189    0.261801129763
6191    0.26180112934
6193    0.261801129091
6195    0.261801129091
6197    0.261801129089
6199    0.261801128935
6201    0.261801125176
6203    0.261801110512
6205    0.261801103474
6207    0.261800626718
6209    0.261798711964
6211    0.261797019201
6213    0.261794399596
6215    0.26179248919
6217    0.261776569278
6219    0.261776544193
6245    0.260202480537
6247    0.26020247197
6249    0.26020246898
6251    0.26020246898
6253    0.260202467603
6255    0.260202467046
6257    0.260202465399
6259    0.260202465399
6261    0.260202465147
6263    0.260202455543
6265    0.260202455543
6267    0.260202444725
6269    0.260199663726
6271    0.260199655933
6273    0.260192613387
6275    0.260192513511
6277    0.260192425344
6279    0.260192424549
6281    0.260186770707
6283    0.260185221688
6285    0.26018309463
6287    0.260183094023
6289    0.260177663375
6291    0.260171959781
6293    0.260159110058
6295    0.260158237815
6297    0.260158147706
6299    0.260158089688
6301    0.260145441847
6303    0.260144640332
6305    0.260141463058
6307    0.260140630758
6309    0.26014063061
6311    0.260136220814
6313    0.260135813973
6315    0.26013500866
6317    0.260131016158
6319    0.260124450625
6321    0.260117993529
6323    0.260117982574
6325    0.260113933747
6327    0.260107329349
6329    0.260107328418
6331    0.260107328418
6333    0.260107327517
6335    0.26010732199
6337    0.260107321984
6339    0.260107174822
6341    0.260107174604
6343    0.260107174451
6345    0.260107174445
6347    0.260107042172
6349    0.260107031386
6351    0.260106912668
6353    0.260106912668
6355    0.260103790337
6357    0.260103669267
6359    0.260103304895
6361    0.260096098473
6363    0.260095769544
6365    0.260095456207
6367    0.260095070552
6369    0.260084990534
6371    0.26008493175
6373    0.260083055507
6375    0.260083055416
6377    0.260081231836
6379    0.260081229447
6381    0.260081229446
6383    0.260081229446
6385    0.260081229023
6387    0.260081228773
6389    0.260081228773
6391    0.260081228771
6393    0.260081228618
6395    0.260081224436
6397    0.260081209962
6399    0.260081203409
6401    0.26008081061
6403    0.2600792623
6405    0.260077730197
6407    0.260075513975
6409    0.260073771713
6411    0.260058811998
6413    0.260058797989
6439    0.25853819784
6441    0.258538189279
6443    0.258538186227
6445    0.258538186227
6447    0.258538184839
6449    0.258538184277
6451    0.25853818261
6453    0.258538182609
6455    0.258538182355
6457    0.258538172546
6459    0.258538172546
6461    0.258538161915
6463    0.258535365797
6465    0.258535359113
6467    0.258528729224
6469    0.258528634658
6471    0.258528551178
6473    0.258528550018
6475    0.258523257021
6477    0.258521732381
6479    0.258519850573
6481    0.25851985008
6483    0.258514814908
6485    0.258509194132
6487    0.258496636001
6489    0.25849588834
6491    0.25849579938
6493    0.258495742102
6495    0.258483383598
6497    0.258482697376
6499    0.258479570085
6501    0.258478869764
6503    0.258478869635
6505    0.258474760602
6507    0.258474433212
6509    0.258473725268
6511    0.258469731907
6513    0.258463493043
6515    0.258457357232
6517    0.258457354754
6519    0.258453310829
6521    0.258447043823
6523    0.258447042892
6525    0.258447042892
6527    0.25844704199
6529    0.258447036437
6531    0.258447036432
6533    0.258446921088
6535    0.258446920868
6537    0.258446920712
6539    0.258446920706
6541    0.258446816888
6543    0.258446806101
6545    0.258446729272
6547    0.258446729271
6549    0.258443833749
6551    0.258443734434
6553    0.258443369449
6555    0.258436463706
6557    0.258436171259
6559    0.258435892674
6561    0.258435506668
6563    0.258425775917
6565    0.258425700056
6567    0.258423861136
6569    0.258423861046
6571    0.258422074091
6573    0.258422071702
6575    0.258422071701
6577    0.258422071701
6579    0.258422071277
6581    0.258422071028
6583    0.258422071028
6585    0.258422071027
6587    0.258422070874
6589    0.258422066373
6591    0.258422052086
6593    0.258422045876
6595    0.258421723495
6597    0.258420463571
6599    0.258419073185
6601    0.258417181943
6603    0.258415588621
6605    0.258401669275
6607    0.258401661224
6633    0.256938898933
6635    0.256938890371
6637    0.256938887279
6639    0.256938887279
6641    0.256938885884
6643    0.256938885319
6645    0.256938883643
6647    0.256938883643
6649    0.256938883388
6651    0.256938873434
6653    0.256938873434
6655    0.256938862934
6657    0.25693605796
6659    0.256936052064
6661    0.256929810299
6663    0.25692971987
6665    0.256929640041
6667    0.256929638554
6669    0.256924683862
6671    0.256923179853
6673    0.256921516815
6675    0.256921516412
6677    0.256916844579
6679    0.256911305984
6681    0.256899033721
6683    0.256898392742
6685    0.256898304913
6687    0.256898248364
6689    0.256886173441
6691    0.256885585908
6693    0.256882508153
6695    0.256881922539
6697    0.256881922428
6699    0.256878089235
6701    0.256877830412
6703    0.256877203723
6705    0.256873210342
6707    0.256867279635
6709    0.2568614469
6711    0.2568614469
6713    0.256857408498
6715    0.256851459985
6717    0.256851459053
6719    0.256851459053
6721    0.25685145815
6723    0.256851452575
6725    0.25685145257
6727    0.256851362203
6729    0.25685136198
6731    0.256851361822
6733    0.256851361816
6735    0.256851280351
6737    0.256851269563
6739    0.256851223733
6741    0.256851223732
6743    0.256848532982
6745    0.2568484515
6747    0.256848085654
6749    0.256841468119
6751    0.256841206826
6753    0.256840957918
6755    0.256840571847
6757    0.256831177377
6759    0.256831084114
6761    0.256829282007
6763    0.256829281918
6765    0.256827531071
6767    0.256827528682
6769    0.256827528682
6771    0.256827528681
6773    0.256827528257
6775    0.256827528008
6777    0.256827528008
6779    0.256827528007
6781    0.256827527853
6783    0.256827523116
6785    0.256827509013
6787    0.256827503048
6789    0.25682723969
6791    0.256826207908
6793    0.256824942927
6795    0.256823315214
6797    0.256821854262
6799    0.256809032377
6801    0.256809027593
6827    0.255407599186
6829    0.255407590631
6831    0.255407587524
6833    0.255407587524
6835    0.255407586121
6837    0.255407585554
6839    0.255407583883
6841    0.255407583883
6843    0.255407583627
6845    0.255407573572
6847    0.255407573572
6849    0.255407563163
6851    0.255404754254
6853    0.255404748928
6855    0.255398872207
6857    0.255398785033
6859    0.25539870808
6861    0.255398706313
6863    0.255394068768
6865    0.255392582511
6867    0.255391114501
6869    0.25539111417
6871    0.255386776324
6873    0.255381319249
6875    0.255369327195
6877    0.255368777573
6879    0.255368690859
6881    0.255368635028
6883    0.255356838
6885    0.255356334941
6887    0.255353306264
6889    0.255352820032
6891    0.255352819936
6893    0.255349239905
6895    0.255349039674
6897    0.255348481024
6899    0.255344488424
6901    0.25533884846
6903    0.255333301675
6905    0.255333299847
6907    0.255329267572
6909    0.25532361976
6911    0.255323618828
6913    0.255323618828
6915    0.255323617924
6917    0.25532361233
6919    0.255323612325
6921    0.255323541557
6923    0.255323541332
6925    0.255323541173
6927    0.255323541167
6929    0.255323477255
6931    0.255323466467
6933    0.255323442447
6935    0.255323442447
6937    0.255320936774
6939    0.25532086991
6941    0.255320503053
6943    0.255314161815
6945    0.255313927181
6947    0.255313703669
6949    0.255313317725
6951    0.255304247084
6953    0.255304136453
6955    0.255302370643
6957    0.255302370555
6959    0.255300655298
6961    0.255300652909
6963    0.255300652908
6965    0.255300652907
6967    0.255300652484
6969    0.255300652235
6971    0.255300652235
6973    0.255300652233
6975    0.25530065208
6977    0.255300647169
6979    0.255300633247
6981    0.25530062746
6983    0.255300413528
6985    0.255299563276
6987    0.25529840963
6989    0.255296997114
6991    0.255295654204
6993    0.255283964195
6995    0.255283961246
7021    0.253946493295
7023    0.253946484755
7025    0.25394648166
7027    0.25394648166
7029    0.25394648025
7031    0.25394647968
7033    0.25394647803
7035    0.25394647803
7037    0.253946477772
7039    0.253946467648
7041    0.253946467648
7043    0.253946457303
7045    0.253943648324
7047    0.253943643412
7049    0.253938110024
7051    0.253938025442
7053    0.253937950776
7055    0.253937948778
7057    0.253933608526
7059    0.253932137808
7061    0.253930843546
7063    0.253930843274
7065    0.253926812596
7067    0.253921436355
7069    0.253909718919
7071    0.253909247535
7073    0.253909161919
7075    0.253909106795
7077    0.253897582049
7079    0.253897151295
7081    0.253894171232
7083    0.253893770791
7085    0.253893770707
7087    0.253890423186
7089    0.253890272416
7091    0.253889770931
7093    0.253885779882
7095    0.25388041428
7097    0.253875137334
7099    0.253875130667
7101    0.253871105104
7103    0.253865741241
7105    0.253865740309
7107    0.253865740309
7109    0.253865739404
7111    0.253865733794
7113    0.253865733788
7115    0.253865678393
7117    0.253865678166
7119    0.253865678005
7121    0.253865677999
7123    0.253865627869
7125    0.25386561708
7127    0.253865607155
7129    0.253865607154
7131    0.253863268943
7133    0.25386321406
7135    0.253862846108
7137    0.253856769788
7139    0.253856558017
7141    0.253856356285
7143    0.253855970596
7145    0.253847211839
7147    0.253847084141
7149    0.253845354112
7151    0.253845354024
7153    0.253843673833
7155    0.253843671444
7157    0.253843671444
7159    0.253843671443
7161    0.253843671019
7163    0.25384367077
7165    0.25384367077
7167    0.253843670769
7169    0.253843670615
7171    0.253843665578
7173    0.253843651836
7175    0.253843646176
7177    0.253843473583
7179    0.253842768678
7181    0.253841714203
7183    0.253840478731
7185    0.253839241449
7187    0.253828696109
7189    0.253828694217
7215    0.252556974555
7217    0.252556966038
7219    0.252556962981
7221    0.252556962981
7223    0.252556961564
7225    0.25255696099
7227    0.252556959374
7229    0.252556959374
7231    0.252556959115
7233    0.252556948943
7235    0.252556948943
7237    0.252556938643
7239    0.252554132624
7241    0.252554128017
7243    0.252548917544
7245    0.252548835048
7247    0.252548762222
7249    0.252548760034
7251    0.252544698446
7253    0.25254324156
7255    0.252542101981
7257    0.252542101757
7259    0.252538353734
7261    0.252533057621
7263    0.25252160928
7265    0.252521204905
7267    0.25252112037
7269    0.252521065943
7271    0.252509807934
7273    0.252509439071
7275    0.252506507148
7277    0.252506180454
7279    0.252506180382
7281    0.252503046553
7283    0.252502936901
7285    0.252502483608
7287    0.25249849485
7289    0.252493388202
7291    0.252488365937
7293    0.252488352412
7295    0.252484334123
7297    0.252479238436
7299    0.252479237504
7301    0.252479237504
7303    0.252479236598
7305    0.252479230973
7307    0.252479230968
7309    0.252479187626
7311    0.252479187397
7313    0.252479187235
7315    0.252479187229
7317    0.252479147916
7319    0.252479137127
7321    0.252479134845
7323    0.252479134845
7325    0.252476948324
7327    0.252476903256
7329    0.252476534176
7331    0.2524707119
7333    0.252470519778
7335    0.252470336762
7337    0.252469951406
7339    0.25246149307
7341    0.252461348803
7343    0.252459654033
7345    0.252459653946
7347    0.2524580083
7349    0.252458005911
7351    0.25245800591
7353    0.252458005909
7355    0.252458005485
7357    0.252458005236
7359    0.252458005236
7361    0.252458005234
7363    0.252458005081
7365    0.252457999953
7367    0.252457986387
7369    0.252457980822
7371    0.252457842739
7373    0.252457254996
7375    0.252456289152
7377    0.252455200475
7379    0.252454058036
7381    0.252444650134
7383    0.25244464887
7409    0.251239675455
7411    0.251239666968
7413    0.251239663974
7415    0.251239663974
7417    0.251239662549
7419    0.251239661972
7421    0.251239660403
7423    0.251239660403
7425    0.251239660142
7427    0.251239649937
7429    0.251239649937
7431    0.25123963967
7433    0.251236838991
7435    0.251236834609
7437    0.251231927849
7439    0.251231847052
7441    0.251231775726
7443    0.251231773386
7445    0.251227972979
7447    0.251226528615
7449    0.251225526642
7451    0.251225526456
7453    0.251222038673
7455    0.251216821967
7457    0.25120563727
7459    0.251205290287
7461    0.25120520682
7463    0.251205153079
7465    0.25119415634
7467    0.251193840452
7469    0.251190956189
7471    0.251190692577
7473    0.251190692514
7475    0.251187755219
7477    0.251187679073
7479    0.251187266544
7481    0.25118328079
7483    0.251178418598
7485    0.251173636758
7487    0.251173615094
7489    0.251169604621
7491    0.25116476226
7493    0.251164761328
7495    0.251164761328
7497    0.251164760421
7499    0.251164754785
7501    0.251164754779
7503    0.251164720883
7505    0.251164720652
7507    0.251164720488
7509    0.251164720482
7511    0.251164689656
7513    0.251164678867
7515    0.251164678867
7517    0.251164678866
7519    0.251162629899
7521    0.251162592875
7523    0.251162222664
7525    0.251156644032
7527    0.25115646883
7529    0.251156301933
7531    0.251155916955
7533    0.251147748039
7535    0.251147587839
7537    0.251145927805
7539    0.251145927718
7541    0.251144316091
7543    0.251144313701
7545    0.251144313701
7547    0.251144313699
7549    0.251144313276
7551    0.251144313027
7553    0.251144313027
7555    0.251144313025
7557    0.251144312872
7559    0.25114430768
7561    0.251144294288
7563    0.251144288792
7565    0.251144179443
7567    0.251143686815
7569    0.25114280044
7571    0.251141834474
7573    0.251140777479
7575    0.251132481771
7577    0.251132480892
7603    0.249994524818
7605    0.249994516367
7607    0.249994513458
7609    0.249994513458
7611    0.249994512025
7613    0.249994511444
7615    0.249994509933
7617    0.249994509933
7619    0.249994509671
7621    0.249994499444
7623    0.249994499444
7625    0.249994489199
7627    0.249991695724
7629    0.249991691509
7631    0.249987070407
7633    0.249986991012
7635    0.249986920924
7637    0.249986918462
7639    0.249983362834
7641    0.249981929979
7643    0.249981050322
7645    0.249981050167
7647    0.24997780212
7649    0.249972664082
7651    0.249961737651
7653    0.249961439831
7655    0.249961357415
7657    0.249961304351
7659    0.249950563487
7661    0.249950292944
7663    0.249947455854
7665    0.249947245887
7667    0.249947245833
7669    0.249944489421
7671    0.249944439844
7673    0.24994406191
7675    0.249940079847
7677    0.249935448472
7679    0.24993089364
7681    0.249930863114
7683    0.24992686098
7685    0.249922257958
7687    0.249922257026
7689    0.249922257026
7691    0.249922256117
7693    0.249922250471
7695    0.249922250465
7697    0.249922223969
7699    0.249922223737
7701    0.249922223572
7703    0.249922223566
7705    0.249922199396
7707    0.249922188608
7709    0.249922186464
7711    0.249922186464
7713    0.249920262369
7715    0.249920231934
7717    0.249919860613
7719    0.249914515677
7721    0.249914355077
7723    0.24991420209
7725    0.24991381751
7727    0.249905927448
7729    0.249905752045
7731    0.249904126224
7733    0.249904126138
7735    0.249902548003
7737    0.249902545613
7739    0.249902545613
7741    0.249902545611
7743    0.249902545188
7745    0.249902544939
7747    0.249902544939
7749    0.249902544937
7751    0.249902544783
7753    0.249902539546
7755    0.249902526327
7757    0.249902520882
7759    0.249902435374
7761    0.249902020529
7763    0.249901205636
7765    0.24990034311
7767    0.249899363342
7769    0.249892138867
7771    0.249892138235
7797    0.248820816795
7799    0.248820808386
7801    0.248820805582
7803    0.248820805582
7805    0.248820804141
7807    0.248820803557
7809    0.248820802114
7811    0.248820802114
7813    0.248820801849
7815    0.248820791608
7817    0.248820791608
7819    0.24882078138
7821    0.248817996572
7823    0.248817992481
7825    0.248813640061
7827    0.248813561839
7829    0.248813492786
7831    0.248813490227
7833    0.24881016399
7835    0.248808741864
7837    0.248807970841
7839    0.248807970711
7841    0.248804943634
7843    0.248799883512
7845    0.248789210044
7847    0.24878895434
7849    0.24878887296
7851    0.248788820564
7853    0.248778330258
7855    0.24877809853
7857    0.248775308119
7859    0.248775143456
7861    0.248775143409
7863    0.248772553592
7865    0.248772524277
7867    0.248772175797
7869    0.248768198088
7871    0.248763784697
7873    0.248759444252
7875    0.248759404553
7877    0.248755411257
7879    0.248751034404
7881    0.248751033471
7883    0.248751033471
7885    0.248751032562
7887    0.248751026907
7889    0.248751026901
7891    0.248751006197
7893    0.248751005964
7895    0.248751005798
7897    0.248751005792
7899    0.248750986843
7901    0.248750976055
7903    0.248750968147
7905    0.248750968147
7907    0.248749157536
7909    0.248749132498
7911    0.248748760103
7913    0.24874363934
7915    0.248743491366
7917    0.248743350407
7919    0.248742966228
7921    0.248735344874
7923    0.248735155057
7925    0.248733562922
7927    0.248733562837
7929    0.248732017668
7931    0.248732015279
7933    0.248732015279
7935    0.248732015278
7937    0.248732014855
7939    0.248732014605
7941    0.248732014605
7943    0.248732014603
7945    0.24873201445
7947    0.248732009181
7949    0.248731996132
7951    0.248731990727
