26 3.84872595976
52 3.75027058323
78 3.72990804291
104 3.71253598204
130 3.69609077495
156 3.57626510116
182 3.45829869344
201 3.45672988643
227 3.45335226
229 3.45333686463
255 3.33037014369
269 3.20655234385
272 3.20651578191
274 3.20651067662
276 3.20649714294
302 3.08339413387
328 3.08287998886
330 3.08286533053
356 3.08231165843
358 3.08230032574
384 3.08147267705
410 2.98678879534
436 2.98528532459
462 2.96578831493
488 2.96404648151
509 2.83991874502
535 2.76597734019
537 2.76597537986
563 2.73822167529
565 2.73822161228
590 2.61392580974
616 2.56228840974
618 2.5622859271
644 2.53302627958
646 2.53302617453
659 2.40937253013
673 2.28518553196
675 2.28517937694
677 2.28517347746
679 2.2851680985
705 2.16246620697
731 2.03961467177
735 2.03954909546
739 2.03948844854
741 2.03947589549
757 1.91546764549
783 1.79976790792
785 1.79976497074
811 1.79422767824
813 1.79422659526
839 1.78964079483
865 1.67388874828
891 1.6694575539
917 1.66370683922
943 1.65909293644
956 1.53474892173
975 1.4108173613
977 1.41081651873
979 1.41080760999
981 1.41080739115
995 1.28668202924
1007 1.1624599612
1009 1.16245457736
1011 1.16244737215
1013 1.1624446751
1025 1.03814275693
1051 0.919422923868
1053 0.91942156906
1078 0.916244630599
1080 0.91624428814
1094 0.792184422667
1109 0.66806568079
1111 0.668051668394
1113 0.668047113295
1115 0.668038757924
1141 0.545760035231
1155 0.544934512366
1157 0.544921755243
1183 0.53196959416
1209 0.528688174877
1235 0.518851871302
1253 0.518350852599
1279 0.510978953713
1281 0.510975964204
1284 0.510940745732
1286 0.51093119562
1288 0.510916822283
1290 0.5109048196
1292 0.510904224061
1294 0.510904208086
1296 0.510896614506
1298 0.510896607922
1300 0.510889475453
1302 0.510883678898
1328 0.510070647721
1330 0.510064153623
1356 0.509193293715
1358 0.509187637308
1384 0.507796338262
1410 0.504437207861
1436 0.502564292591
1452 0.502138135081
1478 0.499946852615
1480 0.499942312661
1506 0.490727224553
1508 0.490727223224
1534 0.48765441125
1536 0.487653522048
1538 0.487648728547
1564 0.472486298885
1566 0.472486295851
1592 0.464718221993
1594 0.464716469905
1596 0.464716468877
1598 0.464716449798
1600 0.464714817169
1602 0.464714808969
1604 0.464711432922
1606 0.464704145902
1608 0.464697697685
1610 0.464690043369
1612 0.46468513204
1614 0.464679237079
1616 0.464676192524
1621 0.464593124736
1623 0.464592920037
1625 0.464579512012
1627 0.464579470087
1653 0.460382460958
1659 0.460276917791
1685 0.455773306371
1687 0.455756220244
1713 0.451230492557
1715 0.451228947183
1717 0.451226630837
1719 0.451226628844
1721 0.451225190211
1723 0.451225176633
1725 0.451223715441
1727 0.451222645258
1729 0.451221985202
1731 0.451221522088
1733 0.451221190338
1735 0.451219987629
1738 0.451185387975
1740 0.451185381481
1742 0.451171394398
1744 0.451171392074
1746 0.451171265668
1748 0.451171124196
1750 0.451168122687
1752 0.451168021747
1754 0.451165866618
1756 0.451158274943
1758 0.451149354135
1760 0.451141997866
1786 0.445929394044
1791 0.445855934627
1817 0.441965319277
1819 0.441952305686
1845 0.439076288347
1847 0.439075040751
1849 0.439062466752
1851 0.439056030285
1853 0.439045051738
1855 0.43903633148
1857 0.439036324196
1859 0.439036321099
1861 0.439032247841
1863 0.4390322469
1865 0.439028089462
1867 0.439026191485
1893 0.437792363187
1895 0.437789159504
1921 0.436474945286
1923 0.436471499721
1949 0.434891365057
1951 0.434874656465
1977 0.432603352004
1979 0.432591840348
2005 0.429960655968
2007 0.429957575114
2033 0.428925762691
2035 0.428925646876
2042 0.42881087313
2044 0.428809563448
2046 0.428806199409
2072 0.424903215773
2074 0.424902930027
2100 0.422968560605
2102 0.422965302554
2104 0.422964195149
2106 0.422964189714
2108 0.422963553366
2110 0.422963551367
2112 0.422960795087
2114 0.422957787952
2116 0.422954057036
2118 0.422950383502
2120 0.422947540894
2122 0.422944710359
2124 0.422943414882
2126 0.422933592258
2128 0.422933592239
2130 0.422927858312
2132 0.422927841707
2158 0.419238313178
2160 0.419223018368
2186 0.415107966867
2188 0.415092076352
2214 0.411017500719
2216 0.411016735007
2218 0.411015846576
2220 0.411015803457
2222 0.411015251069
2224 0.411015168624
2226 0.411014961519
2228 0.411014761719
2230 0.411014685556
2232 0.411014599117
2234 0.411014560921
2236 0.411014081099
2238 0.411001872438
2240 0.411001839822
2242 0.410991247411
2244 0.410991200277
2246 0.41099075234
2248 0.410990718685
2250 0.410989715393
2252 0.410989682283
2254 0.410988777899
2256 0.410984872091
2258 0.410979678273
2260 0.410975394577
2286 0.409242898717
2289 0.409208145657
2315 0.407796905272
2317 0.407785937367
2343 0.406706279919
2345 0.406705890814
2347 0.406696267284
2349 0.40669191675
2351 0.406683527229
2353 0.406677088988
2355 0.406676688271
2357 0.406676687608
2359 0.406674297751
2361 0.406674297671
2363 0.406671624997
2365 0.406671171072
2391 0.404928119532
2393 0.40492633329
2419 0.403082995569
2421 0.403080370147
2447 0.401197095926
2449 0.40118497495
2475 0.398556748599
2477 0.3985502968
2503 0.395588709944
2505 0.395585911285
2507 0.395569125736
2509 0.395568990109
2511 0.395552896813
2513 0.395551550543
2515 0.395548237365
2541 0.394592821044
2543 0.394592470776
2559 0.39428217946
2561 0.39427873141
2563 0.394276490488
2565 0.394276488985
2567 0.394276146425
2569 0.39427614604
2571 0.394273748588
2573 0.394272578259
2575 0.394270417108
2577 0.394268615357
2579 0.394266968434
2581 0.394265579205
2583 0.394264781201
2585 0.394259902642
2587 0.394259871659
2589 0.394258505345
2591 0.394258436516
2617 0.391334934583
2619 0.391320710722
2645 0.387863709522
2647 0.387849600046
2673 0.384455234194
2675 0.384454643673
2677 0.384454302124
2679 0.384454222543
2681 0.384454009928
2683 0.384453895458
2685 0.384453860882
2687 0.38445382346
2689 0.384453816334
2691 0.384453800167
2693 0.384453796621
2695 0.384453452529
2697 0.384444192881
2699 0.384444130509
2701 0.384436106541
2703 0.384436037662
2705 0.384434963841
2707 0.384434956925
2709 0.384434413461
2711 0.384434400973
2713 0.384433816187
2715 0.384431874075
2717 0.384428813127
2719 0.384426287997
2742 0.38397885111
2744 0.383961930575
2770 0.383450591527
2772 0.383440847063
2784 0.383236458898
2786 0.383236409572
2788 0.38322904158
2790 0.383226096301
2792 0.383219683275
2794 0.383214852111
2796 0.383213886004
2798 0.38321388578
2800 0.383212340946
2802 0.383212340945
2804 0.383210447738
2806 0.383210419561
2832 0.380925695148
2834 0.380924538697
2860 0.37852909563
2862 0.378526629999
2888 0.376466438378
2890 0.376458383277
2916 0.373650111157
2918 0.373647481681
2944 0.37057538345
2946 0.370572633685
2948 0.370557051207
2950 0.370556911125
2952 0.37054197441
2954 0.3705406231
2956 0.370537086277
2958 0.370520522621
2960 0.37052026448
2962 0.370504179826
2964 0.370501029604
2966 0.370498204651
2968 0.37049820431
2970 0.370498007691
2972 0.370498007666
2974 0.370495930063
2976 0.370495519168
2978 0.370494266092
2980 0.370493355666
2982 0.370492400657
2984 0.370491698012
2986 0.370491066733
2988 0.370489079595
2990 0.370489018493
2992 0.370489016059
2994 0.370488917428
3020 0.368380102736
3022 0.368366836731
3048 0.365654391017
3050 0.365642331109
3076 0.362978999149
3078 0.362978454719
3080 0.362978323236
3082 0.362978230682
3084 0.362978148704
3086 0.362978023259
3088 0.362978015169
3090 0.362978008134
3092 0.362978007875
3094 0.362978004848
3096 0.362978004726
3098 0.362977692055
3100 0.362970667555
3102 0.362970595852
3104 0.362964516849
3106 0.362964441328
3108 0.36296308054
3110 0.362963079604
3112 0.362962669515
3114 0.362962663851
3116 0.362962177865
3118 0.362961260767
3120 0.36295942889
3122 0.362957917271
3124 0.362948967182
3126 0.362933153727
3128 0.362918805735
3130 0.362910301086
3132 0.362893546305
3134 0.362893535124
3136 0.362887891309
3138 0.362885890784
3140 0.362880986898
3142 0.36287729179
3144 0.362875837003
3146 0.362875836833
3148 0.362874738057
3150 0.362874738056
3152 0.362873274241
3154 0.362873226022
3180 0.360119862535
3182 0.360118994333
3208 0.357260186576
3210 0.357257514254
3236 0.355225359574
3238 0.355220572041
3264 0.352489047662
3266 0.352488576757
3292 0.349587451144
3294 0.349584716679
3296 0.349570388998
3298 0.349570249981
3300 0.349556519035
3302 0.349555177175
3304 0.349551402473
3306 0.349535694689
3308 0.349535491715
3310 0.349520243815
3312 0.34951726717
3314 0.349514292383
3316 0.349514292288
3318 0.349514135462
3320 0.34951413546
3322 0.349512181674
3324 0.349512063936
3326 0.349511336857
3328 0.349510858158
3330 0.349510304036
3332 0.349509934112
3334 0.349509365315
3336 0.349508780512
3338 0.349508704795
3340 0.349507870874
3342 0.349507759731
3368 0.348111239012
3370 0.34809887113
3396 0.346075610065
3398 0.346065607992
3424 0.344060829115
3426 0.344060298914
3428 0.344060248251
3430 0.3440601512
3432 0.344060119544
3434 0.344059990051
3436 0.34405998694
3438 0.344059985611
3440 0.344059985544
3442 0.344059984977
3444 0.344059984939
3446 0.344059679659
3448 0.344054349389
3450 0.344054275283
3452 0.344049669577
3454 0.34404959211
3456 0.344048124524
3458 0.344048124517
3460 0.344047759884
3462 0.344047756735
3464 0.344047305086
3466 0.344046906286
3468 0.344045788759
3470 0.344044866299
3472 0.344036354698
3474 0.344022141569
3476 0.344008333198
3478 0.344000968352
3480 0.343984787998
3482 0.343984657447
3484 0.343980332136
3486 0.343978942647
3488 0.343975191647
3490 0.343972277981
3492 0.343970460255
3494 0.34397046002
3496 0.34396960835
3498 0.34396960835
3500 0.343968391381
3502 0.343968103679
3528 0.340932876702
3530 0.340932145245
3556 0.337811971047
3558 0.337808871133
3584 0.336024181924
3586 0.336021736203
3612 0.333620765946
3614 0.333620721017
3640 0.331137861421
3642 0.331135130687
3644 0.331121957228
3646 0.331121820644
3648 0.331109198616
3650 0.331107869795
3652 0.331103956368
3654 0.331089060961
3656 0.331088887963
3658 0.331074433592
3660 0.331071561375
3662 0.331068585043
3664 0.331068585005
3666 0.331068442076
3668 0.331068442059
3670 0.331066554428
3672 0.331066534307
3674 0.331066112189
3676 0.331065847317
3678 0.331065525662
3680 0.331065320637
3682 0.331064778525
3684 0.331064697819
3686 0.331064615479
3688 0.331061753375
3690 0.331061637396
3716 0.3302075915
3718 0.330196112123
3744 0.328737246896
3746 0.328729143996
3772 0.327257400798
3774 0.327256877166
3776 0.327256857629
3778 0.327256758485
3780 0.32725674624
3782 0.327256614702
3784 0.327256612796
3786 0.327256612543
3788 0.327256612259
3790 0.327256612153
3792 0.327256612001
3794 0.327256308119
3796 0.327252262194
3798 0.32725218762
3800 0.327248698079
3802 0.327248619992
3804 0.327247118322
3806 0.327247118169
3808 0.327246771241
3810 0.327246769128
3812 0.327246330739
3814 0.32724618058
3816 0.327245482652
3818 0.327244906326
3820 0.32723681454
3822 0.3272240281
3824 0.327210739177
3826 0.327204371032
3828 0.327188744535
3830 0.327188430408
3832 0.327185113743
3834 0.327184124171
3836 0.327181254264
3838 0.327178886496
3840 0.327176817824
3842 0.327176817451
3844 0.327176108692
3846 0.327176108688
3848 0.32717503878
3850 0.327174384155
3876 0.324108798457
3878 0.324108138542
3904 0.320984987235
3906 0.32098134378
3932 0.31959425093
3934 0.319593240919
3960 0.317683890855
3962 0.317682858359
3988 0.315749440118
3990 0.315746714372
3992 0.315734602329
3994 0.315734467235
3996 0.315722864828
3998 0.315721546527
4000 0.315717555571
4002 0.315703430712
4004 0.315703274784
4006 0.315689572714
4008 0.315686765683
4010 0.315683834409
4012 0.315683834384
4014 0.315683697998
4016 0.315683697971
4018 0.315681858694
4020 0.315681858659
4022 0.315681613471
4024 0.315681457509
4026 0.315681270738
4028 0.315681149773
4030 0.315680621837
4032 0.315680620275
4034 0.315680534378
4036 0.315675318612
4038 0.315675200606
4061 0.315261372822
4063 0.315250898259
4089 0.314205411251
4091 0.314198959073
4117 0.313118540099
4119 0.313118022026
4121 0.313118014485
4123 0.313117913658
4125 0.313117908911
4127 0.313117775728
4129 0.313117774177
4131 0.313117774128
4133 0.313117773732
4135 0.313117773713
4137 0.313117773503
4139 0.313117469573
4141 0.313114397409
4143 0.313114322876
4145 0.313111679
4147 0.313111600678
4149 0.313110092441
4151 0.313110092014
4153 0.313109753313
4155 0.313109751674
4157 0.313109319379
4159 0.313109277372
4161 0.313108829088
4163 0.313108458747
4165 0.313100768723
4167 0.313089254538
4169 0.313076465517
4171 0.31307096828
4173 0.31305587568
4175 0.313055363667
4177 0.313052818913
4179 0.313052094564
4181 0.313049898282
4183 0.313047917709
4185 0.31304568278
4187 0.313045682226
4189 0.313045059197
4191 0.313045059178
4193 0.313044079498
4195 0.313042975578
4221 0.31018168462
4223 0.31018107245
4249 0.307286097809
4251 0.307281884664
4277 0.306329063408
4279 0.306328766269
4305 0.304943610112
4307 0.304940778639
4333 0.303556185429
4335 0.303553471649
4337 0.30354233546
4339 0.303542200064
4341 0.303531534999
4343 0.303530222393
4345 0.303526191066
4347 0.303512796867
4349 0.303512651085
4351 0.303499662135
4353 0.303496897777
4355 0.303494025483
4357 0.30349402546
4359 0.303493893371
4361 0.303493893341
4363 0.303492096624
4365 0.303492089226
4367 0.303491946741
4369 0.303491848124
4371 0.303491739653
4373 0.30349166299
4375 0.30349114554
4377 0.303491109247
4379 0.303491020528
4381 0.303483918142
4383 0.303483798727
4385 0.303472920305
4387 0.303463807509
4413 0.302671234856
4415 0.302666125452
4441 0.301830562863
4443 0.301830051683
4445 0.301830048769
4447 0.30182994582
4449 0.301829943974
4451 0.301829808811
4453 0.301829807375
4455 0.301829807365
4457 0.301829806926
4459 0.301829806922
4461 0.301829806691
4463 0.301829502444
4465 0.301827168705
4467 0.30182709434
4469 0.301825091226
4471 0.301825012793
4473 0.301823508363
4475 0.301823507717
4477 0.301823173893
4479 0.30182317249
4481 0.301822743887
4483 0.301822739211
4485 0.30182244172
4487 0.301822195836
4489 0.301814890158
4491 0.301804510925
4493 0.301792202915
4495 0.301787466053
4497 0.301772888044
4499 0.301772188789
4501 0.301770235029
4503 0.301769689111
4505 0.301768008018
4507 0.301766306101
4509 0.301763964537
4511 0.3017639638
4513 0.301763393815
4515 0.301763393775
4517 0.301762470878
4519 0.301760867467
4545 0.299259305799
4547 0.299258736635
4573 0.296738200826
4575 0.296733461016
4601 0.296156218169
4603 0.296156177066
4629 0.295228273745
4631 0.295223473702
4657 0.294298607247
4659 0.294295913009
4661 0.294285673856
4663 0.294285536457
4665 0.294275732969
4667 0.294274421447
4669 0.294270372163
4671 0.294257670741
4673 0.294257531261
4675 0.294245218276
4677 0.294242483623
4679 0.294239674009
4681 0.294239673985
4683 0.294239545465
4685 0.294239545434
4687 0.294237789151
4689 0.294237767228
4691 0.294237684388
4693 0.294237617099
4695 0.294237554095
4697 0.294237501661
4699 0.294236995065
4701 0.294236984308
4703 0.294236892203
4705 0.294229292845
4707 0.294229171386
4709 0.294222841561
4711 0.294214885576
4737 0.293620352629
4739 0.293616328487
4765 0.292973604046
4767 0.292973095966
4769 0.292973094837
4771 0.292972990983
4773 0.292972990262
4775 0.292972854123
4777 0.292972852725
4779 0.292972852723
4781 0.292972852269
4783 0.292972852268
4785 0.292972852028
4787 0.292972547491
4789 0.292970773853
4791 0.292970699681
4793 0.292969182103
4795 0.292969103614
4797 0.292967607034
4799 0.292967606238
4801 0.292967276078
4803 0.292967274801
4805 0.292966849152
4807 0.29296684801
4809 0.292966643197
4811 0.292966473829
4813 0.29295953574
4815 0.29295016943
4817 0.292938324231
4819 0.292934250664
4821 0.292920168634
4823 0.292919303745
4825 0.292917802674
4827 0.292917378623
4829 0.292916091672
4831 0.292914593058
4833 0.29291218532
4835 0.292912184442
4837 0.29291164819
4839 0.292911648132
4841 0.292910761852
4843 0.292908638145
4869 0.290828294703
4871 0.290827770577
4897 0.288734382573
4899 0.288729200793
4901 0.288716649234
4903 0.288716622634
4929 0.288081489126
4931 0.288076008154
4957 0.287441290066
4959 0.287438631471
4961 0.287429216652
4963 0.287429073632
4965 0.287420061851
4967 0.287418741123
4969 0.287414687412
4971 0.28740264285
4973 0.287402507488
4975 0.287390835275
4977 0.287388122871
4979 0.28738537646
4981 0.287385376435
4983 0.287385251217
4985 0.287385251186
4987 0.287383534331
4989 0.287383498247
4991 0.287383450053
4993 0.287383400543
4995 0.287383363945
4997 0.287383325276
4999 0.287382825137
5001 0.287382825117
5003 0.28738273092
5005 0.287374813249
5007 0.28737469086
5009 0.287371381463
5011 0.287364418443
5022 0.287186874292
5024 0.287183716276
5050 0.28665160178
5052 0.28665109805
5054 0.286651097611
5056 0.286650992469
5058 0.286650992186
5060 0.286650854756
5062 0.286650853371
5064 0.28665085337
5066 0.286650852911
5068 0.286650852911
5070 0.286650852668
5072 0.286650547932
5074 0.286649199242
5076 0.286649125264
5078 0.286647975615
5080 0.286647897102
5082 0.286646410074
5084 0.286646409178
5086 0.28664608223
5088 0.286646081023
5090 0.286645658163
5092 0.286645646009
5094 0.286645499263
5096 0.286645377849
5098 0.286638791208
5100 0.286630329337
5102 0.286618929386
5104 0.286615433862
5106 0.286601829837
5108 0.286600824279
5110 0.286599670124
5112 0.286599330603
5114 0.28659834527
5116 0.286596996859
5118 0.286594549855
5120 0.286594548898
5122 0.286594034677
5124 0.286594034612
5126 0.286593172581
5128 0.28659052347
5154 0.284898407034
5156 0.284897931874
5182 0.283194821089
5184 0.283189289591
5186 0.283182648553
5188 0.283182624925
5190 0.283165621123
5192 0.283160405107
5216 0.282732914946
5218 0.282730299331
5220 0.282721641792
5222 0.282721491947
5224 0.282713207453
5226 0.282711873653
5228 0.282707823729
5230 0.28269640198
5232 0.282696269476
5234 0.282685204687
5236 0.282682510274
5238 0.282679826602
5240 0.282679826574
5242 0.282679704534
5244 0.282679704505
5246 0.282678026404
5248 0.282677978776
5250 0.282677950718
5252 0.282677911671
5254 0.282677890411
5256 0.282677859851
5258 0.282677367321
5260 0.282677352835
5262 0.282677256172
5264 0.282669718799
5266 0.282669595037
5268 0.28266767801
5270 0.282661726508
5272 0.282647025667
5274 0.282644556924
5292 0.282336917544
5294 0.282336418007
5296 0.282336417835
5298 0.282336311432
5300 0.282336311319
5302 0.282336172629
5304 0.282336171248
5306 0.282336171248
5308 0.282336170787
5310 0.282336170787
5312 0.282336170544
5314 0.282335865705
5316 0.282334839522
5318 0.282334765731
5320 0.282333894902
5322 0.28233381639
5324 0.282332339729
5326 0.282332338765
5328 0.282332014851
5330 0.282332013686
5332 0.28233159364
5334 0.282331565604
5336 0.28233145599
5338 0.282331365255
5340 0.28232511455
5342 0.282317460692
5344 0.282306489092
5346 0.28230349678
5348 0.28229035346
5350 0.282289231661
5352 0.282288343497
5354 0.282288063521
5356 0.28228730906
5358 0.282286072906
5360 0.282283604337
5362 0.282283603356
5364 0.282283103946
5366 0.282283103885
5368 0.282282258437
5370 0.282279099309
5396 0.280902087355
5398 0.280901661809
5424 0.27952539474
5426 0.279519596686
5428 0.279515640793
5430 0.279515596366
5432 0.279503044378
5434 0.279498118074
5436 0.279483089924
5438 0.279480513524
5440 0.279472551846
5442 0.279472396091
5444 0.279464779884
5446 0.279463435868
5448 0.279459394787
5450 0.27944856361
5452 0.279448433226
5454 0.279437944295
5456 0.279435265487
5458 0.279432643775
5460 0.279432643745
5462 0.279432524804
5464 0.279432524775
5466 0.279430884856
5468 0.279430828535
5470 0.279430812184
5472 0.279430779499
5474 0.279430767149
5476 0.279430741523
5478 0.279430256685
5480 0.279430190146
5482 0.279430091013
5484 0.279423237483
5486 0.279423112283
5488 0.279421714817
5490 0.279416708399
5492 0.279403542796
5494 0.279401635724
5496 0.279384511244
5498 0.279384015173
5500 0.279384015105
5502 0.279383907647
5504 0.279383907601
5506 0.279383767859
5508 0.279383766478
5510 0.279383766478
5512 0.279383766017
5514 0.279383766017
5516 0.279383765774
5518 0.279383460922
5520 0.279382679581
5522 0.279382605973
5524 0.279381946439
5526 0.279381867948
5528 0.279380402114
5530 0.279380401103
5532 0.279380080143
5534 0.279380079002
5536 0.279379661852
5538 0.279379617655
5540 0.279379532291
5542 0.279379461598
5544 0.279373531933
5546 0.279366600366
5548 0.279356040872
5550 0.279353486113
5552 0.279340786856
5554 0.279339570898
5556 0.279338886789
5558 0.27933864939
5560 0.279338071689
5562 0.279336920323
5564 0.27933444177
5566 0.279334440807
5568 0.279333951694
5570 0.279333951643
5572 0.279333118001
5574 0.279329488205
5600 0.278206432919
5602 0.278206052763
5628 0.277095318557
5630 0.277089329931
5632 0.277086564863
5634 0.277086474572
5636 0.277075880178
5638 0.277071355363
5640 0.277058338167
5642 0.277055786398
5644 0.277048464147
5646 0.277048305378
5648 0.277041303247
5650 0.277039956087
5652 0.277035927035
5654 0.277025655897
5656 0.2770255272
5658 0.277015584236
5660 0.277012919744
5662 0.27701035911
5664 0.277010359079
5666 0.277010243171
5668 0.277010243142
5670 0.277008640857
5672 0.277008578262
5674 0.277008568722
5676 0.277008540009
5678 0.277008532837
5680 0.277008510293
5682 0.277008032485
5684 0.277007873326
5686 0.277007771974
5688 0.277001583697
5690 0.27700145727
5692 0.277000102727
5694 0.276995911946
5696 0.276982891502
5698 0.276981447708
5700 0.276964515371
5702 0.276964020103
5704 0.276964020076
5706 0.276963912446
5708 0.276963912428
5710 0.276963772362
5712 0.276963770981
5714 0.276963770981
5716 0.276963770521
5718 0.27696377052
5720 0.276963770277
5722 0.276963465491
5724 0.2769628701
5726 0.27696279667
5728 0.27696229726
5730 0.276962218808
5732 0.276960764103
5734 0.276960763059
5736 0.27696044501
5738 0.276960443884
5740 0.276960029718
5742 0.276959971035
5744 0.276959901836
5746 0.27695984451
5748 0.276954221584
5750 0.27694793609
5752 0.276937773096
5754 0.276935598298
5756 0.276923327115
5758 0.276922036074
5760 0.276921508595
5762 0.276921302074
5764 0.276920859729
5766 0.276919773037
5768 0.276917292071
5770 0.276917291148
5772 0.276916809488
5774 0.276916809449
5776 0.276915984631
5778 0.276911950637
5804 0.276008036137
5806 0.276007693876
5832 0.275121961329
5834 0.27511584334
5836 0.27511402236
5838 0.275113874825
5840 0.275104978964
5842 0.275100809613
5844 0.27508953121
5846 0.275086996496
5848 0.275080261879
5850 0.275080101671
5852 0.275073663847
5854 0.275072317348
5856 0.275068302393
5858 0.275058562359
5860 0.275058435091
5862 0.275049009772
5864 0.27504635894
5866 0.275043858465
5868 0.275043858432
5870 0.275043745497
5872 0.275043745469
5874 0.275042180268
5876 0.275042113258
5878 0.275042107681
5880 0.275042081503
5882 0.275042077338
5884 0.275042056763
5886 0.27504158247
5888 0.275041308554
5890 0.275041206156
5892 0.275035574646
5894 0.275035447957
5896 0.275034137047
5898 0.275030615644
5900 0.275017740473
5902 0.275016657692
5904 0.274999916028
5906 0.274999420869
5908 0.274999420857
5910 0.274999313321
5912 0.274999313313
5914 0.274999173173
5916 0.274999171793
5918 0.274999171793
5920 0.274999171332
5922 0.274999171332
5924 0.274999171089
5926 0.27499886644
5928 0.274998412329
5930 0.274998339072
5932 0.274997961003
5934 0.274997882606
5936 0.274996439246
5938 0.274996438178
5940 0.274996123008
5942 0.274996121891
5944 0.274995710789
5946 0.274995639929
5948 0.27499558172
5950 0.274995533483
5952 0.274990203548
5954 0.274984496305
5956 0.274974714772
5958 0.274972869433
5960 0.274961010903
5962 0.274959660795
5964 0.274959253614
5966 0.274959069784
5968 0.274958731105
5970 0.274957694205
5972 0.274955215772
5974 0.274955214907
5976 0.274954738889
5978 0.274954738862
5980 0.274953921006
5982 0.274949549837
6008 0.274229879603
6010 0.274229570057
6036 0.273530212195
6038 0.27352402514
6040 0.273522914409
6042 0.273522701429
6044 0.273515254044
6046 0.273511398197
6048 0.273501606743
6050 0.273499085156
6052 0.273492890611
6054 0.273492729813
6056 0.273486810586
6058 0.273485466811
6060 0.273481467351
6062 0.273472230982
6064 0.273472104985
6066 0.273463170462
6068 0.273460532999
6070 0.273458091743
6072 0.273458091709
6074 0.273457981688
6076 0.27345798166
6078 0.273456452986
6080 0.273456382917
6082 0.273456379651
6084 0.273456355116
6086 0.2734563527
6088 0.273456333401
6090 0.273455861124
6092 0.273455460184
6094 0.27345535724
6096 0.273450193428
6098 0.273450066874
6100 0.273448800032
6102 0.273445829031
6104 0.273433098987
6106 0.27343229611
6108 0.273415743543
6110 0.273415248378
6112 0.273415248373
6114 0.273415141006
6116 0.273415141003
6118 0.273415000892
6120 0.273414999512
6122 0.273414999512
6124 0.273414999052
6126 0.273414999052
6128 0.273414998809
6130 0.273414694357
6132 0.273414347638
6134 0.273414274549
6136 0.273413988427
6138 0.273413910098
6140 0.273412478244
6142 0.273412477157
6144 0.273412164839
6146 0.273412163728
6148 0.273411755757
6150 0.273411675039
6152 0.273411624433
6154 0.273411582486
6156 0.273406532327
6158 0.273401342972
6160 0.273391928411
6162 0.273390368268
6164 0.273378907524
6166 0.273377511534
6168 0.273377196808
6170 0.273377029856
6172 0.27337677058
6174 0.273375772369
6176 0.273373299708
6178 0.273373298908
6180 0.273372827375
6182 0.27337282736
6184 0.273372015308
6186 0.273367371829
6212 0.27279944301
6214 0.272799162277
6240 0.272251417572
6242 0.272245216927
6244 0.272244609399
6246 0.272244325599
6248 0.272238097141
6250 0.272234517129
6252 0.272225987113
6254 0.272223476628
6256 0.272217778471
6258 0.272217617545
6260 0.27221217493
6262 0.272210835014
6264 0.27220685204
6266 0.272198093318
6268 0.272197968494
6270 0.272189499306
6272 0.27218687513
6274 0.272184492137
6276 0.272184492102
6278 0.272184384935
6280 0.272184384907
6282 0.272182892192
6284 0.272182820029
6286 0.27218281811
6288 0.272182794652
6290 0.272182793251
6292 0.27218277479
6294 0.272182303869
6296 0.272181770711
6298 0.272181667433
6300 0.272176897896
6302 0.272176771635
6304 0.272175549054
6306 0.272173031553
6308 0.27216044626
6310 0.27215985908
6312 0.272143493947
6314 0.272142998827
6316 0.272142998825
6318 0.272142891647
6320 0.272142891646
6322 0.272142751617
6324 0.272142750237
6326 0.272142750237
6328 0.272142749777
6330 0.272142749777
6332 0.272142749534
6334 0.272142445332
6336 0.272142180286
6338 0.272142107363
6340 0.272141890908
6342 0.272141812658
6344 0.272140392428
6346 0.272140391326
6348 0.272140081836
6350 0.272140080728
6352 0.272139675941
6354 0.272139587431
6356 0.272139542165
6358 0.272139504641
6360 0.272134721559
6362 0.272129996346
6364 0.272120934802
6366 0.272119621082
6368 0.27210854379
6370 0.272107112633
6372 0.272106869013
6374 0.272106714754
6376 0.272106516304
6378 0.272105548437
6380 0.272103083677
6382 0.272103082946
6384 0.272102615153
6386 0.272102615146
6388 0.272101808182
6390 0.27209695327
6401 0.271919641334
6403 0.27191942621
6421 0.271612800826
6423 0.271606858756
6425 0.271606449225
6427 0.271606102977
6429 0.271600449146
6431 0.27159706766
6433 0.271589152313
6435 0.271586652124
6437 0.271581410222
6439 0.271581249463
6441 0.271576244887
6443 0.271574909696
6445 0.271570943945
6447 0.271562638175
6449 0.271562514462
6451 0.271554486451
6453 0.271551875589
6455 0.271549549887
6457 0.271549549852
6459 0.271549445481
6461 0.271549445453
6463 0.271547988119
6465 0.271547914531
6467 0.2715479134
6469 0.271547890654
6471 0.271547889843
6473 0.271547871935
6475 0.271547402061
6477 0.271546736459
6479 0.271546632939
6481 0.27154219689
6483 0.271542070983
6485 0.271540892644
6487 0.271538749608
6489 0.271526308465
6491 0.271525886262
6493 0.271509706786
6495 0.271509211803
6497 0.271509211802
6499 0.271509104817
6501 0.271509104816
6503 0.271508964907
6505 0.271508963527
6507 0.271508963527
6509 0.271508963067
6511 0.271508963067
6513 0.271508962824
6515 0.271508658918
6517 0.271508456024
6519 0.271508383262
6521 0.271508219588
6523 0.271508141426
6525 0.271506732902
6527 0.27150673179
6529 0.271506425101
6531 0.271506423994
6533 0.271506022434
6535 0.271505927861
6537 0.271505886399
6539 0.271505852026
