12 3.75029697053
24 3.62618924833
26 3.62618732593
28 3.62618166357
30 3.62618088285
49 3.50269979364
75 3.39301500321
77 3.3930122455
103 3.38368990502
105 3.38368907956
131 3.32831294567
157 3.20578747862
183 3.17696905688
187 3.17692592471
213 3.16306806942
230 3.03932070787
256 2.98556417232
258 2.98556315503
284 2.95629240541
286 2.95629240433
312 2.90020116715
338 2.81269793409
364 2.7822172775
390 2.76029232371
416 2.74698721392
442 2.62623192298
468 2.53268215571
485 2.53154534179
511 2.51247210062
513 2.51246582869
539 2.39132491668
554 2.26810912263
569 2.267300642
571 2.26729669186
573 2.26728766137
599 2.15041557029
614 2.02739155538
640 2.024171089
642 2.02416908556
644 2.02415867417
670 1.91908522074
696 1.88209351771
722 1.87045186439
748 1.84456485975
771 1.84365988091
787 1.72073355957
800 1.59680486358
802 1.59679598489
804 1.59679097399
806 1.59678207816
832 1.49052485246
858 1.36874046335
884 1.35813466986
891 1.35799883909
913 1.35713497421
939 1.27035050399
965 1.23344643637
991 1.21099143363
1017 1.1849172274
1043 1.18025224697
1069 1.11439295019
1095 1.08447266489
1121 1.05648309395
1147 1.03282966298
1173 1.02233164532
1199 1.00551783032
1225 0.928297745216
1251 0.915613548452
1277 0.88999161294
1303 0.87934200311
1329 0.755711482946
1355 0.692748559614
1357 0.692738158802
1383 0.663721537089
1385 0.663719043198
1411 0.542547116616
1436 0.539703837516
1438 0.539694600531
1440 0.539694268871
1442 0.539694221143
1444 0.539694090004
1446 0.539694069669
1448 0.539694015011
1450 0.539691831277
1462 0.539433015128
1464 0.539432654628
1466 0.539423491331
1468 0.539423423777
1494 0.53443978103
1496 0.534434877462
1522 0.531500360001
1524 0.531498616642
1550 0.530109649377
1552 0.530106581122
1578 0.516558792069
1580 0.516558723065
1606 0.510512632755
1608 0.510511488661
1634 0.505714406436
1660 0.501684661159
1686 0.499591024255
1712 0.498837178104
1738 0.497968761486
1740 0.497955092818
1766 0.495006315508
1768 0.495002431243
1787 0.494544182282
1789 0.494542839925
1791 0.494535658554
1793 0.494531655286
1795 0.494525516429
1797 0.494524813473
1799 0.494520921091
1801 0.494520904821
1803 0.49451686666
1805 0.494507639276
1807 0.494502649183
1809 0.494494590486
1811 0.494482864656
1837 0.4787094967
1839 0.478700140682
1865 0.468547521751
1867 0.468543649983
1869 0.468543556621
1871 0.468540553313
1873 0.468537140474
1875 0.468534146635
1877 0.468527331386
1879 0.468523780865
1883 0.468472131535
1885 0.468459828324
1887 0.468453880654
1889 0.468442596958
1915 0.467513376228
1941 0.452742981016
1944 0.452714966872
1970 0.443237795695
1972 0.443230787931
1998 0.439548371236
2024 0.425310033876
2050 0.424139296548
2076 0.413832455862
2092 0.413558064252
2118 0.404208497799
2144 0.396859168747
2170 0.389463779889
2196 0.387175134751
2222 0.381129733262
2225 0.381104883996
2251 0.369760699041
2253 0.369760365858
2279 0.365345602109
2281 0.365344789937
2283 0.365332790228
2285 0.365327356731
2287 0.365324894982
2289 0.365324868961
2291 0.365324860439
2293 0.365324851607
2295 0.365324848009
2297 0.365324844328
2299 0.365323866549
2301 0.365317957062
2303 0.36531790334
2305 0.365315121552
2307 0.36531512077
2310 0.365287311336
2312 0.365283709255
2338 0.364764723172
2340 0.364763847598
2346 0.364690675359
2348 0.364688422224
2374 0.362347448697
2376 0.36234715915
2402 0.361333134223
2404 0.361331374556
2406 0.361320085014
2409 0.361292577279
2413 0.361249487031
2415 0.361238797131
2419 0.361195461783
2421 0.361186924235
2423 0.361174789929
2425 0.361172806356
2427 0.361160881746
2429 0.361160410307
2431 0.361156234336
2433 0.361154796061
2435 0.361151212885
2437 0.361151147479
2439 0.361149073534
2441 0.361148997662
2443 0.361148446162
2445 0.361141385742
2447 0.361139583221
2449 0.36113342311
2451 0.36112693323
2477 0.355191523659
2479 0.35518718145
2505 0.351488062113
2507 0.351487240391
2509 0.351486360616
2511 0.351486018666
2513 0.351484461994
2515 0.351483534158
2517 0.351477667504
2519 0.351475483228
2521 0.351466020167
2523 0.351456193864
2525 0.351453080023
2527 0.351444057343
2529 0.35143617246
2555 0.345437005499
2557 0.345429612375
2583 0.341802467675
2585 0.341799856796
2591 0.341724786275
2617 0.335338146199
2619 0.33532846736
2645 0.330660879974
2647 0.330653245267
2673 0.325398339354
2699 0.324650406207
2725 0.320619536869
2731 0.320544878874
2757 0.317278723602
2759 0.317271767867
2785 0.315643301353
2787 0.31564329634
2813 0.3150067752
2815 0.315004597692
2817 0.314996796068
2819 0.314994232483
2821 0.314993558528
2823 0.314993556065
2825 0.314993554571
2827 0.3149935541
2829 0.314993553485
2831 0.31499355329
2833 0.314993005591
2835 0.31498848754
2837 0.31498848642
2839 0.314986759023
2841 0.314986725277
2843 0.314984221079
2845 0.314981714425
2847 0.314970561623
2849 0.314970158473
2851 0.314957426068
2853 0.314955112254
2872 0.314623468438
2874 0.314623182721
2876 0.314609786392
2878 0.314608110051
2880 0.314600221351
2882 0.314588439726
2884 0.314577353607
2886 0.314567976031
2888 0.314555837177
2890 0.314549560202
2892 0.314539000981
2894 0.314537967023
2896 0.31452754347
2898 0.314527437377
2900 0.314524987521
2902 0.31452436472
2904 0.31452225486
2906 0.314522252846
2908 0.314521175286
2910 0.314520811382
2912 0.314520798336
2914 0.314515281677
2916 0.314514468162
2918 0.314509659636
2920 0.314505826542
2946 0.312459092197
2948 0.312456937201
2974 0.311162802848
2976 0.311162740879
2978 0.311160113809
2980 0.311160108733
2982 0.311159284344
2984 0.311158897584
2986 0.311153587588
2988 0.31115232138
2990 0.3111457137
2992 0.311137872784
2994 0.311136159679
2996 0.311128950848
2998 0.311124497426
3024 0.308944229488
3026 0.308940051608
3052 0.307612085198
3054 0.30761123754
3056 0.307598791134
3082 0.304609785539
3084 0.304602003049
3110 0.302403546658
3112 0.302398398848
3138 0.299872815303
3143 0.299813823478
3169 0.297777850799
3171 0.297765004471
3197 0.296034125411
3199 0.29602817331
3201 0.296014971848
3203 0.296014937382
3205 0.296001317654
3207 0.295998953221
3209 0.295993059265
3211 0.295991485359
3213 0.295991238615
3215 0.295991238235
3217 0.295991237972
3219 0.295991237967
3221 0.295991237866
3223 0.295991237864
3225 0.295990860665
3227 0.29598706148
3229 0.295987057024
3231 0.295985748552
3233 0.295985679531
3235 0.295983594688
3237 0.295981894124
3239 0.295971613292
3241 0.295971461431
3243 0.295959639464
3245 0.295957129703
3247 0.295944276833
3249 0.295944056383
3251 0.295931562218
3253 0.29593001369
3255 0.295923092597
3257 0.29591265266
3259 0.295902694784
3261 0.295894481013
3263 0.295883497105
3265 0.295878721034
3267 0.295869522931
3269 0.295869010568
3271 0.295859889002
3273 0.295859886705
3275 0.2958584356
3277 0.29585809919
3279 0.295856844537
3281 0.295856804471
3283 0.295856265616
3285 0.295855510467
3287 0.295855472798
3289 0.295851067725
3291 0.295850595598
3293 0.295846760114
3295 0.295844252214
3321 0.295166200464
3323 0.29516501871
3348 0.294740554358
3350 0.294740532636
3352 0.294736553714
3354 0.29473652879
3356 0.294736028104
3358 0.294735806058
3360 0.294730904833
3362 0.294730233837
3364 0.294725570826
3366 0.294719270636
3368 0.294718388184
3370 0.294712588156
3372 0.29470987413
3398 0.293945547901
3400 0.293942957957
3426 0.29345776627
3428 0.29345753726
3430 0.293446421127
3456 0.292014036727
3458 0.292007758304
3484 0.2909450376
3486 0.29094154579
3512 0.289857427054
3517 0.289798030071
3543 0.288789084053
3545 0.288777865276
3571 0.287846246822
3573 0.287840592994
3575 0.287828369443
3577 0.287828309276
3579 0.287815659313
3581 0.287813136523
3583 0.287808579697
3585 0.287807626445
3587 0.287807570657
3589 0.287807570529
3591 0.287807570482
3593 0.287807570472
3595 0.287807570457
3597 0.287807570453
3599 0.287807264269
3601 0.287804058565
3603 0.287804045263
3605 0.287803064413
3607 0.287802973735
3609 0.287801251571
3611 0.287800066908
3613 0.287790581771
3615 0.287790541896
3617 0.287779554981
3619 0.28777694332
3621 0.28776495577
3623 0.287764761044
3625 0.287753106667
3627 0.287751614906
3629 0.287745551189
3631 0.287736292995
3633 0.287727346842
3635 0.287720152778
3637 0.287710208409
3639 0.287706446368
3641 0.2876984282
3643 0.287698193627
3645 0.287690204709
3647 0.287690177172
3649 0.287689307662
3651 0.287689082908
3653 0.287688327789
3655 0.287688249123
3657 0.287687995063
3659 0.287686820321
3661 0.287686702027
3663 0.287683105631
3665 0.287682764743
3667 0.287679637373
3669 0.287677813098
3671 0.287666532132
3673 0.287665654577
3675 0.287652437929
3677 0.287652374354
3679 0.287647567963
3681 0.287647502386
3683 0.287647217783
3685 0.287647051233
3687 0.287642788772
3689 0.287642482219
3691 0.287639147436
3693 0.2876340471
3695 0.287633637213
3697 0.287628935559
3699 0.287627124877
3701 0.287614101187
3703 0.287612044847
3707 0.287570139783
3709 0.287570007579
3711 0.287561081208
3737 0.286870975476
3739 0.286866263797
3765 0.286348023714
3767 0.286345700369
3792 0.285943145357
3796 0.285900046723
3822 0.28538802519
3824 0.285378114419
3850 0.284852686986
3852 0.284847268231
3854 0.284835948282
3856 0.284835863401
3858 0.284824112358
3860 0.284821464833
3862 0.284817856326
3864 0.284817289309
3866 0.284817288591
3868 0.284817288507
3870 0.284817288499
3872 0.284817288479
3874 0.284817288477
3876 0.284817288468
3878 0.284817013817
3880 0.284814299253
3882 0.284814279977
3884 0.284813553987
3886 0.28481345172
3888 0.284812042018
3890 0.284811186571
3892 0.284802428377
3894 0.284802425347
3896 0.284792205155
3898 0.284789556504
3900 0.284778374722
3902 0.284778191075
3904 0.284767318776
3906 0.284765855131
3908 0.2847605508
3910 0.284752334934
3912 0.284744296418
3914 0.28473799656
3916 0.284728988452
3918 0.284725923135
3920 0.284718929861
3922 0.284718835971
3924 0.284711834204
3926 0.284711724923
3928 0.284711196408
3930 0.284711019083
3932 0.284710557774
3934 0.284710454029
3936 0.284710345183
3938 0.284708764663
3940 0.284708595305
3942 0.284705593333
3944 0.284705303029
3946 0.284702696542
3948 0.284701117523
3950 0.284690317438
3952 0.284689604948
3954 0.284676901132
3956 0.28467678319
3958 0.284671676306
3960 0.284671584798
3962 0.28467137601
3964 0.284671231971
3966 0.284667281663
3968 0.28466717693
3970 0.28466477732
3972 0.284660614668
3974 0.284660461496
3976 0.284656619311
3978 0.284655080082
3980 0.284642774534
3982 0.284641002309
3984 0.284627508636
3986 0.284627437431
3988 0.284620098672
3997 0.284502317035
3999 0.284498375603
4007 0.284396240087
4009 0.284394313001
4011 0.284387564313
4013 0.284373999203
4015 0.284360708245
4017 0.284351496457
4043 0.283936781369
4045 0.283931578
4047 0.283921097016
4049 0.283920987632
4051 0.283910073654
4053 0.283907313998
4055 0.28390438612
4057 0.283904056954
4059 0.283904036923
