26    3.75152768547
49    3.62809375254
60    3.62752761521
62    3.62751780992
64    3.62750176993
90    3.62268764352
92    3.62268764352
118    3.61718994552
132    3.49270234103
158    3.48173560414
184    3.41084967597
186    3.41084263851
188    3.41083906731
214    3.40037777955
240    3.37167248383
242    3.37167114408
268    3.25123295681
270    3.25123295681
287    3.24970957153
313    3.13290419084
339    3.13068751223
350    3.00687713958
376    3.0017396844
380    3.00166983275
406    2.99939660484
408    2.999394955
410    2.99937572192
436    2.99334871715
438    2.99334871715
464    2.98752099814
484    2.86330493465
510    2.7447246797
536    2.62705999412
538    2.62704908639
540    2.62704203743
566    2.62313046135
592    2.61884224838
594    2.61883776436
620    2.56250449442
622    2.56250449442
648    2.53312183989
674    2.49967479105
700    2.39201645175
721    2.26806426776
747    2.24423203558
773    2.22735488897
799    2.21601795081
801    2.21601532541
827    2.2045591004
842    2.0803309052
844    2.0803309052
846    2.08032347794
872    1.97165986688
885    1.84814418629
908    1.72483348124
934    1.71328312542
956    1.71217876791
958    1.71217642323
960    1.71216855822
962    1.7121511582
986    1.58855224381
988    1.58855224381
990    1.58853968908
1016    1.52983696767
1042    1.45616630343
1068    1.40845008159
1094    1.38008167202
1120    1.36561274567
1146    1.33833751502
1172    1.31063604077
1198    1.303535319
1200    1.30352068904
1202    1.30352068904
1204    1.30350203969
1214    1.17882377663
1240    1.15197657181
1266    1.04386714261
1268    1.04386665105
1270    1.04386649178
1296    1.02237735053
1322    1.01062483712
1324    1.01062464275
1350    0.945250085701
1352    0.94525005301
1378    0.914169714239
1380    0.914158410008
1382    0.914153815043
1384    0.914143010747
1386    0.914139906029
1388    0.914131039196
1414    0.910230495892
1416    0.910230121224
1442    0.905656426116
1444    0.905655096097
1470    0.896656365337
1496    0.885698675843
1498    0.885698383943
1500    0.88569823424
1526    0.877409802964
1552    0.873204690162
1554    0.873204606317
1556    0.87319779256
1558    0.873197792536
1560    0.873177529547
1562    0.873167986413
1588    0.870717632554
1590    0.87071562289
1592    0.870700165745
1594    0.870686445195
1620    0.868265074676
1622    0.868264768557
1624    0.868250617431
1650    0.862693168659
1652    0.86269316864
1678    0.856266337381
1680    0.856265950759
1682    0.85625389168
1687    0.856162438415
1689    0.856160412482
1691    0.85615909807
1693    0.856148578721
1695    0.856131996569
1697    0.856130815978
1723    0.842006383884
1725    0.84200638335
1751    0.834347937626
1777    0.827598936548
1800    0.82634362927
1802    0.826342704437
1828    0.821168620136
1854    0.817801133193
1856    0.817783278112
1858    0.817781464811
1884    0.815569340188
1886    0.815566718493
1888    0.815566718489
1890    0.815565444125
1892    0.815560787944
1894    0.815558342628
1896    0.815554735178
1898    0.815539569342
1900    0.81552567592
1902    0.815525415303
1904    0.815524467704
1906    0.815511710024
1908    0.815505019846
1910    0.815505019796
1912    0.815503160093
1938    0.812673086956
1964    0.802342234224
1990    0.785748898225
2016    0.783927991365
2042    0.783028367649
2068    0.779515146265
2094    0.770641140434
2111    0.770234299062
2137    0.76946312907
2139    0.769463129066
2165    0.768154618983
2167    0.768152906296
2193    0.751429313445
2211    0.750677277489
2213    0.75067685121
2215    0.750676714015
2241    0.738433034861
2243    0.738415022602
2245    0.738413906988
2271    0.725999937939
2273    0.725999876842
2299    0.720397856602
2301    0.720391811427
2303    0.720390773922
2305    0.720384664279
2307    0.72038397985
2309    0.720378961066
2335    0.717122436037
2337    0.717121144736
2363    0.713230303787
2365    0.713230183282
2391    0.706138566304
2417    0.704537596833
2419    0.704537568978
2421    0.704537554637
2447    0.698190159907
2464    0.697748340353
2466    0.697748231082
2468    0.697744013661
2470    0.697744013561
2472    0.697725002366
2474    0.697719986619
2500    0.695114350467
2502    0.695113598495
2504    0.69510281421
2506    0.695093232081
2532    0.692540077227
2534    0.692540030243
2536    0.69252890945
2562    0.687648108617
2564    0.687648108578
2590    0.681750995139
2592    0.681750959033
2594    0.681744731209
2596    0.681727317786
2598    0.681726723093
2600    0.681726337094
2602    0.681720929415
2604    0.681705526811
2606    0.681705084733
2632    0.678558040976
2634    0.678558040399
2660    0.676429512275
2686    0.675484135302
2689    0.67544267218
2691    0.675442356005
2717    0.67445916545
2740    0.673909089543
2742    0.673894448903
2744    0.673890570108
2749    0.673806340858
2751    0.673805565333
2753    0.673805565331
2755    0.673805217088
2757    0.673802725079
2759    0.673801941645
2761    0.673799923627
2763    0.673788737075
2765    0.673778488477
2767    0.673778486326
2769    0.673778161249
2771    0.673768737047
2773    0.673765441693
2775    0.673765441605
2777    0.673765275626
2779    0.673757775207
2805    0.672359568273
2831    0.667109216108
2833    0.667093140039
2835    0.667077491867
2843    0.66691622583
2869    0.664285407337
2871    0.664265250087
2897    0.663370562965
2899    0.663370562824
2925    0.66143610531
2927    0.661433649517
2953    0.652571330629
2955    0.652560655426
2957    0.652560171925
2959    0.652560016882
2985    0.646411468776
2987    0.646401600871
2989    0.646400072198
3015    0.644406100007
3017    0.644406038879
3043    0.643414355166
3045    0.643411142352
3047    0.643411086162
3049    0.643407586979
3051    0.643407554982
3053    0.643404677926
3079    0.640634101205
3081    0.640631607745
3107    0.637284889395
3109    0.637284888957
3135    0.631923163225
3137    0.631903095319
3139    0.631903066944
3141    0.631903052291
3167    0.627210005457
3169    0.627190454104
3171    0.627190161218
3173    0.627187748336
3175    0.627187748144
3177    0.627170455246
3179    0.62716802214
3205    0.62445359104
3207    0.624453267472
3209    0.6244454851
3211    0.624438563882
3237    0.62180355848
3239    0.621803557415
3241    0.6217943414
3267    0.617736402777
3269    0.617736402722
3295    0.612550645379
3297    0.612550360589
3299    0.612547693573
3301    0.612532997447
3303    0.612532755246
3305    0.612532598011
3307    0.612530296707
3309    0.612517288244
3311    0.612517053686
3328    0.612095993066
3330    0.61209599268
3356    0.611313539603
3358    0.611305776816
3360    0.611287370996
3362    0.611286785475
3364    0.611267796359
3366    0.611249130897
3368    0.611236487672
3370    0.611233403159
3372    0.611213932156
3374    0.611213700404
3376    0.611213700403
3378    0.611213611057
3380    0.611212410689
3382    0.611212076523
3384    0.611210898709
3386    0.611202574808
3388    0.611194948649
3390    0.611194921174
3392    0.611194839031
3394    0.611187818833
3396    0.611185809737
3398    0.611185809638
3400    0.611185809473
3402    0.611176787718
3407    0.611089191734
3433    0.609566865125
3435    0.609551328121
3437    0.609536203634
3439    0.609519486337
3465    0.608785145111
3467    0.608766352851
3493    0.607917112034
3495    0.6079171112
3521    0.605612773335
3523    0.605609375874
3549    0.601368611445
3551    0.601361409772
3553    0.601360970241
3555    0.601360829552
3581    0.598504850046
3583    0.598498198219
3585    0.598496436985
3587    0.598479840777
3589    0.598479795601
3593    0.598415175089
3595    0.598413484446
3597    0.598413391902
3599    0.598411356791
3601    0.598411284152
3603    0.598409609269
3629    0.596016169648
3631    0.596012373442
3657    0.593103638367
3659    0.593103586
3685    0.589168876156
3687    0.589149724882
3689    0.58914969784
3691    0.589149683839
3717    0.585757129223
3719    0.585738467948
3721    0.585737972711
3723    0.585736704479
3725    0.585736704187
3727    0.585720661805
3729    0.585719639252
3755    0.582951007082
3757    0.582950862325
3759    0.582945054621
3761    0.582939884977
3787    0.580278585902
3789    0.580278578728
3791    0.580270579298
3817    0.577065915174
3819    0.57706591511
3845    0.572662952397
3847    0.572662488012
3849    0.572661685515
3851    0.572649829927
3853    0.572649693076
3855    0.572649604224
3857    0.572648920606
3859    0.572638422035
3861    0.572638258261
3863    0.572631548936
3865    0.572631548701
3867    0.57261132631
3869    0.572604288239
3871    0.572588493028
3873    0.572587594671
3875    0.572569729616
3877    0.572552169084
3879    0.572541600957
3881    0.572538990394
3883    0.572520651916
3885    0.572520579028
3887    0.572520579027
3889    0.572520558102
3891    0.572520079539
3893    0.572519885764
3895    0.572519159111
3897    0.572512908336
3899    0.572507181439
3901    0.572507112391
3903    0.572507104496
3905    0.572501828252
3907    0.572500415749
3909    0.572500415653
3911    0.572500369815
3913    0.572491245028
3915    0.572471961803
3919    0.572408004349
3921    0.572393787929
3923    0.572379949309
3925    0.572364485978
3927    0.572346509415
3929    0.572329260221
3955    0.571523102592
3957    0.571523100332
3983    0.569021925628
3985    0.569017832333
4011    0.567124459932
4013    0.567118377511
4015    0.567117983695
4017    0.56711785774
4043    0.565864415902
4045    0.565858813463
4047    0.565856934574
4049    0.565842810893
4051    0.565842767294
4053    0.565823291033
4055    0.565822414176
4057    0.565821954693
4059    0.565820748303
4061    0.565820413544
4063    0.565819419722
4089    0.563733908189
4091    0.563728815931
4117    0.561180646756
4119    0.561180452788
4145    0.558341568996
4147    0.558323249913
4149    0.558323226471
4151    0.558323214309
4177    0.555900345892
4179    0.555882502096
4181    0.555881812697
4183    0.555881231038
4185    0.555881230652
4187    0.555866118721
4189    0.555865799369
4215    0.553102233565
4217    0.55310216912
4219    0.553097694222
4221    0.553093707563
4247    0.550464073451
4249    0.550464046442
4251    0.550456839858
4277    0.548042520515
4279    0.548042520449
4305    0.544403649492
4307    0.544403093857
4309    0.544403011053
4311    0.544393741838
4313    0.544393643146
4315    0.544393579063
4317    0.544393512458
4319    0.544385300797
4321    0.544385165711
4323    0.544378934032
4325    0.544378933906
4327    0.544359511082
4329    0.544353143391
4331    0.544339571823
4333    0.544338429553
4335    0.54432161958
4337    0.544305096182
4339    0.544296273272
4341    0.544293947919
4343    0.544276672131
4345    0.544276647195
4347    0.544276647195
4349    0.544276643241
4351    0.544276518095
4353    0.544276374234
4355    0.544275893981
4357    0.544271153026
4359    0.544266809365
4361    0.544266715019
4363    0.544266712784
4365    0.544262708325
4367    0.544261644617
4369    0.544261644525
4371    0.544261522745
4373    0.544253425609
4375    0.544235502849
4377    0.544216528784
4379    0.54420362126
4381    0.54419105678
4383    0.544176814932
4385    0.544160513386
4387    0.544144649363
4413    0.543399490325
4415    0.543399485915
4441    0.54080020203
4443    0.540795669449
4469    0.539993343701
4471    0.539988213077
4473    0.539987858667
4475    0.539987745344
4488    0.539717561297
4490    0.539712863543
4492    0.539711025197
4494    0.539697977499
4496    0.5396979346
4498    0.539679684892
4500    0.539679239618
4502    0.539678367623
4504    0.539677635588
4506    0.539677011522
4508    0.5396764079
4534    0.537856065552
4536    0.53784973582
4562    0.535606494658
4564    0.535606119523
4590    0.533574333735
4592    0.533556787902
4594    0.533556768377
4596    0.533556758227
4622    0.531834328493
4624    0.531817248708
4626    0.531816387973
4628    0.531816180972
4630    0.531816180508
4632    0.531801787458
4634    0.531801747414
4660    0.529102108775
4662    0.52910207957
4664    0.529098530055
4666    0.529095365263
4692    0.526552672924
4694    0.526552625724
4696    0.526545952948
4722    0.524803882986
4724    0.524803882925
4750    0.521853538045
4752    0.521852945432
4754    0.521852907715
4756    0.521845659331
4758    0.521845575387
4760    0.521845520877
4762    0.521845483834
4764    0.521839059556
4766    0.52183893682
4768    0.521833154558
4770    0.521833154489
4772    0.521814496056
4774    0.52180874679
4776    0.521797070933
4778    0.521795749815
4780    0.521779930066
4782    0.521764380048
4784    0.521757024344
4786    0.521754873723
4788    0.521738595428
4790    0.521738585732
4792    0.521738585732
4794    0.521738585352
4796    0.521738580357
4798    0.521738455566
4800    0.521738114436
4802    0.521734479289
4804    0.521731148739
4806    0.521731041486
4808    0.521731021643
4810    0.521727949696
4812    0.521727101153
4814    0.521727101064
4816    0.521726903951
4818    0.521719754864
4820    0.521703097682
4822    0.52168602834
4824    0.521674282079
4826    0.521662848011
4828    0.52164973266
4830    0.52163518869
4832    0.521620564123
4858    0.520921155688
4860    0.520921148705
4886    0.518288833762
4888    0.518284111199
4890    0.518264952542
4892    0.518260681156
4894    0.518260397818
4896    0.518260307196
4898    0.518241479508
4900    0.518237581134
4902    0.518235853299
4904    0.51822380113
4906    0.518223758914
4908    0.518206653497
4910    0.518206434402
4912    0.518205211948
4914    0.518204755178
4916    0.518203887174
4918    0.518203510215
4944    0.51662053343
4946    0.516613046004
4972    0.514633821685
4974    0.514633261077
5000    0.513181289335
5002    0.513164473371
5004    0.513164457443
5006    0.513164449146
5032    0.511938880142
5034    0.511922522737
5036    0.511921520163
5038    0.511921481665
5040    0.511921481143
5042    0.511907675479
5044    0.511907665501
5070    0.509325466159
5072    0.509325451305
5074    0.50932256385
5076    0.509319987424
5102    0.506912312305
5104    0.506912250155
5106    0.506905956725
5132    0.50569878023
5134    0.505698780178
5160    0.503335536167
5162    0.503334931177
5164    0.503334618549
5166    0.503328949613
5168    0.503328872206
5170    0.503328821939
5172    0.503328537304
5174    0.50332351036
5176    0.503323393918
5178    0.503318034215
5180    0.503318034177
5182    0.503300106562
5184    0.503294926491
5186    0.503284868041
5188    0.503283419287
5190    0.503268528719
5192    0.503253892075
5194    0.50324776914
5196    0.503245726588
5198    0.503230384708
5200    0.503230380232
5202    0.503230380231
5204    0.503230380218
5206    0.503230352508
5208    0.503230234922
5210    0.503229975148
5212    0.503227154727
5214    0.503224570617
5216    0.50322445715
5218    0.503224415027
5220    0.503222030815
5222    0.503221318577
5224    0.503221318493
5226    0.50322105745
5228    0.503214737098
5230    0.503199253426
5232    0.503184166765
5234    0.503173451713
5236    0.503163021447
5238    0.503150945216
5240    0.50313821812
5242    0.503124703931
5268    0.502439894658
5270    0.502439885204
5296    0.499816311185
5298    0.499811672259
5300    0.499794279203
5302    0.499790734431
5304    0.499790466136
5306    0.499790380306
5308    0.499773295605
5310    0.499770061504
5312    0.499768393004
5314    0.499757262107
5316    0.499757220553
5318    0.499741183089
5320    0.499741080421
5322    0.499739602299
5324    0.499739307937
5326    0.499738262839
5328    0.499738019759
5354    0.498371616845
5356    0.498363058588
5382    0.496616251835
5384    0.49661552226
5410    0.495574666591
5412    0.495558547328
5414    0.495558534505
5416    0.49555852781
5442    0.494682418879
5444    0.494666750494
5446    0.49466563707
5448    0.494665636678
5450    0.494665636124
5452    0.494652344758
5454    0.494652224294
5480    0.492231647012
5482    0.492231637193
5484    0.492229238141
5486    0.492227096027
5512    0.489992061203
5514    0.489991990885
5516    0.489985989343
5542    0.489182079851
5544    0.489182079807
5570    0.487300713553
5572    0.487300106597
5574    0.487299434143
5576    0.487294999937
5578    0.48729492595
5580    0.487294877901
5582    0.487294273616
5584    0.487290339294
5586    0.487290226801
5588    0.487285264123
5590    0.487285264101
5592    0.487268035266
5594    0.487263378083
5596    0.4872547007
5598    0.487253161622
5600    0.487239142898
5602    0.487225363265
5604    0.487220275408
5606    0.487218299796
5608    0.487203837126
5610    0.487203834612
5612    0.487203834612
5614    0.487203834362
5616    0.487203701057
5618    0.487203585794
5620    0.487203375174
5622    0.487201158835
5624    0.48719912818
5626    0.487199011771
5628    0.487198949507
5630    0.487197075693
5632    0.487196451769
5634    0.487196451688
5636    0.487196140179
5638    0.487190544378
5640    0.487176149162
5642    0.487162971854
5644    0.487153173722
5646    0.487143635996
5648    0.487132518423
5650    0.48712152875
5652    0.48710901051
5678    0.486453592301
5680    0.48645358026
5706    0.483871727433
5708    0.48386721479
5710    0.483851574175
5712    0.48384863315
5714    0.483848373197
5716    0.48384829002
5718    0.483832933833
5720    0.483830251606
5722    0.48382863602
5724    0.483818357769
5726    0.48381831686
5728    0.483803276391
5730    0.483803231977
5732    0.483801595228
5734    0.483801398579
5736    0.483800244102
5738    0.483800081666
5764    0.482631835344
5766    0.48262229468
5792    0.481081978933
5794    0.481081107169
5820    0.480330328799
5822    0.480314880266
5824    0.480314870043
5826    0.480314864693
5852    0.479684091221
5854    0.479669084804
5856    0.479667889956
5858    0.479667850506
5860    0.479667849942
5862    0.479655040845
5864    0.479654737407
5890    0.477428138325
5892    0.477428129214
5894    0.477426101462
5896    0.477424289745
5922    0.475387417318
5924    0.475387344845
5926    0.475381590253
5934    0.475232777532
5936    0.475232777499
5962    0.473644723468
5964    0.473644114895
5966    0.473643431381
5968    0.473639962534
5970    0.47363989135
5972    0.47363984512
5974    0.473639230448
5976    0.473636150586
5978    0.473636041451
5980    0.473631451502
5982    0.47363145149
5984    0.473614890754
5986    0.473610713085
5988    0.473603215895
5990    0.473601612629
5992    0.473588411872
5994    0.473575436287
5996    0.473571216799
5998    0.473569282348
6000    0.473555645233
6002    0.473555643534
6004    0.473555643534
6006    0.473555643035
6008    0.473555360546
6010    0.473555245568
6012    0.4735550655
6014    0.473553300076
6016    0.473551682548
6018    0.47355156473
6020    0.473551486326
6022    0.473549993839
6024    0.47354942816
6026    0.473549428083
6028    0.473549078291
6030    0.473544117094
6032    0.473530731606
6034    0.47351936323
6036    0.473510382282
6038    0.473501640003
6040    0.47349140687
6042    0.473482050807
6044    0.473470427923
6070    0.472857575687
6072    0.472857561069
6098    0.470347825161
6100    0.470343440623
6102    0.470329508056
6104    0.470327068592
6106    0.470326816053
6108    0.470326735233
6110    0.470313062503
6112    0.47031083869
6114    0.470309274126
6116    0.470299785056
6118    0.470299744776
6120    0.470285635288
6122    0.470285618638
6124    0.470283910538
6126    0.470283774009
6128    0.470282570718
6130    0.47028245796
6156    0.46929415381
6158    0.469283718849
6184    0.467927461597
6186    0.467926477897
6202    0.467600033517
6204    0.467585271652
6206    0.46758526755
6208    0.467585265391
6210    0.467564675613
6212    0.467550421371
6214    0.467549310205
6216    0.46754919084
6218    0.467549190289
6220    0.467536858526
6222    0.467536334422
6248    0.465523439055
6250    0.465523409053
6252    0.465521683786
6254    0.465520141468
6280    0.463694822673
6282    0.463694772769
6284    0.463689265206
6286    0.463673565534
6288    0.46367356551
6314    0.462312229804
6316    0.462311622656
6318    0.462311024838
6320    0.462308310821
6322    0.462308241398
6324    0.462308196309
6326    0.462307656932
6328    0.462305245383
6330    0.462305138684
6332    0.462300898369
6334    0.462300898362
6336    0.46228497636
6338    0.462281237724
6340    0.462274749902
6342    0.462273100382
6344    0.462260667022
6346    0.462248445774
6348    0.462244954111
6350    0.462243044513
6352    0.462230182635
6354    0.462230181306
6356    0.462230181306
6358    0.46223018064
6360    0.462229730618
6362    0.462229615107
6364    0.462229454473
6366    0.462228028024
6368    0.46222672107
6370    0.462226602545
6372    0.462226511953
6374    0.462225306386
6376    0.462224779632
6378    0.462224779558
6380    0.462224401405
6382    0.462219997557
6384    0.462207548887
6386    0.462197864658
6388    0.46218961436
6390    0.46218158329
6392    0.46217216611
6394    0.462164318355
6396    0.462153502899
6422    0.461593897645
6424    0.461593880581
6450    0.459182565351
6452    0.45917830649
6454    0.459166008467
6456    0.459163985604
6458    0.459163740135
6460    0.459163661564
6462    0.45915159874
6464    0.459149755633
6466    0.459148240639
6468    0.459139482041
6470    0.459139442374
6472    0.459126202436
6474    0.459126197807
6476    0.459124473199
6478    0.459124374508
6480    0.459123160356
6482    0.459123078903
6508    0.458324169287
6510    0.458313151321
6536    0.457112521392
6538    0.457111505226
6543    0.457027826093
6545    0.457013832111
6547    0.457013830957
6549    0.457013830341
6551    0.456993299707
6553    0.456979785323
6555    0.456978747827
6557    0.456978531456
6559    0.456978530935
6561    0.456966687579
6563    0.456965937126
6589    0.455174587944
6591    0.455174537933
6593    0.455173054095
6595    0.455171726947
6621    0.453560511229
6623    0.453560473493
6625    0.453555204473
6627    0.45354363468
6629    0.453543634662
6655    0.452380000708
6657    0.452379397249
6659    0.452378875863
6661    0.452376752143
6663    0.4523766838
6665    0.452376639411
6667    0.452376167279
6669    0.452374278547
6671    0.452374173671
6673    0.452370261073
6675    0.452370261069
6677    0.45235494977
6679    0.452351612496
6681    0.452345988721
6683    0.452344305136
6685    0.45233259179
6687    0.4523210783
6689    0.452318196025
6691    0.452316300924
6693    0.452304167159
6695    0.452304166008
6697    0.452304166008
6699    0.452304165241
6701    0.4523035451
6703    0.452303428772
6705    0.452303280724
6707    0.452302110998
6709    0.452301039256
6711    0.452300920344
6713    0.452300820852
6715    0.45229983278
6717    0.452299332271
6719    0.452299332201
6721    0.452298933348
6723    0.452295020766
6725    0.452283441417
6727    0.452275296903
6729    0.452267702557
6731    0.452260309982
6733    0.452251645574
6735    0.452245164024
6737    0.452235079524
6739    0.452215347299
6741    0.452215328899
6767    0.449892082059
6769    0.449887949654
6771    0.449876307974
6773    0.449874631064
6775    0.449874391085
6777    0.449874314265
6779    0.449862899024
6781    0.449861371986
6783    0.449859902683
6785    0.449851820249
6787    0.449851781182
6789    0.449839353635
6791    0.449839353148
6793    0.449837689212
6795    0.449837615065
6797    0.449836443377
6799    0.449836382263
6825    0.449206960852
6827    0.449195501392
6853    0.448134967426
6855    0.448133970098
6859    0.448071147305
6861    0.448057880044
6863    0.448057879533
6865    0.448057879255
6867    0.448037268203
6869    0.44802445427
6871    0.448023467653
6873    0.448023151871
6875    0.448023151392
6877    0.448011814771
6879    0.448010851888
6905    0.446438771198
6907    0.44643871266
6909    0.446437422586
6911    0.446436268238
6937    0.445032919735
6939    0.445032885626
6941    0.44502784927
6943    0.445019587041
6945    0.445019587028
6971    0.44402731893
6973    0.444026719987
6975    0.444026266675
6977    0.44402460464
6979    0.444024537097
6981    0.444024493227
6983    0.444024081079
6985    0.444022601413
6987    0.44402249808
6989    0.444018892391
6991    0.444018892389
6993    0.444004164964
6995    0.444001194041
6997    0.443996310584
6999    0.443994601194
7001    0.443983563422
7003    0.443972714001
7005    0.443970341328
7007    0.443968454147
7009    0.443957004298
7011    0.443957003238
7013    0.443957003238
7015    0.443957002414
7017    0.443956218983
7019    0.443956101782
7021    0.443955961994
7023    0.443954988181
7025    0.443954095938
7027    0.443953976778
7029    0.443953870923
7031    0.443953048985
7033    0.443952566255
7035    0.443952566187
7037    0.443952152372
7039    0.443948709686
7041    0.443937937285
7043    0.443930388844
7045    0.443923427818
7047    0.443916651694
7049    0.443908681659
7051    0.443902734641
7053    0.443893348172
7055    0.443875018133
7057    0.443874998546
7083    0.44164850131
7085    0.441644486217
7087    0.441633500146
7089    0.441632110447
7091    0.441631876645
7093    0.441631801795
7095    0.441621032969
7097    0.44161976828
7099    0.441618344148
7101    0.441610887639
7103    0.441610849158
7105    0.441599180818
7107    0.441599180651
7109    0.441597641545
7111    0.441597583815
7113    0.441596498875
7115    0.441596451383
7117    0.441576192077
7119    0.441564685222
7145    0.440580363385
7147    0.440579396624
7149    0.440558935167
7151    0.440546363758
7153    0.44054636358
7155    0.44054636348
7157    0.440526100173
7159    0.440513957096
7161    0.440513013394
7163    0.440512604141
7165    0.440512603711
7167    0.440501793148
7169    0.440500640424
7195    0.439137772362
7197    0.439137710864
7199    0.43913657978
7201    0.439135567306
7227    0.437927451557
7229    0.437927418245
7231    0.437922614113
7233    0.437916943462
7235    0.437916943453
7261    0.437072467828
7263    0.437071873635
7265    0.437071480819
7267    0.437070179925
7269    0.437070113066
7271    0.437070069639
7273    0.43706971089
7275    0.437068551349
7277    0.43706844941
7279    0.437065130903
7281    0.437065130901
7283    0.437050961708
7285    0.437048324651
7287    0.437044076113
7289    0.437042346535
7291    0.437031942685
7293    0.437021716393
7295    0.437019769291
7297    0.437017885876
7299    0.437007078512
7301    0.437007077499
7303    0.437007077499
7305    0.437007076643
7307    0.437006141981
7309    0.437006023946
7311    0.437005889637
7313    0.437005066492
7315    0.437004312295
7317    0.437004192948
7319    0.437004082605
7321    0.437003388566
7323    0.437002917895
7325    0.43700291783
7327    0.437002493268
7329    0.4369994663
7331    0.436989442822
7333    0.436982468902
7335    0.436976080424
7337    0.436969861601
7339    0.436962531975
7341    0.436957096524
7343    0.436948346689
7345    0.436931532846
7347    0.436931512238
7373    0.434808587348
7375    0.434804686073
7377    0.434794349369
7379    0.43479319806
7381    0.434792970339
7383    0.434792897432
7385    0.434782768466
7387    0.434781721479
7389    0.434780341392
7391    0.434773464276
7393    0.43477342637
7395    0.434762467668
7397    0.434762465624
7399    0.434761687213
7401    0.434761642942
7403    0.434761086041
7405    0.434761049767
7407    0.434742883547
7409    0.434731358957
7435    0.433819551965
7437    0.433818625316
7439    0.433798474716
7441    0.433786566839
7443    0.433786566764
7445    0.433786566719
7447    0.433766620551
7449    0.433755117279
7451    0.433754210365
7453    0.43375371768
7455    0.433753717304
7457    0.433743448916
7459    0.4337421322
7485    0.432573086347
7487    0.432573024203
7489    0.432572026155
7491    0.432571132469
7517    0.431541525996
7519    0.431541492459
7521    0.431536921879
7523    0.431533229118
7525    0.431533229111
7551    0.430815681668
7553    0.430815092228
7555    0.430814753024
7557    0.430813734659
7559    0.430813668434
7561    0.430813625418
7563    0.430813314083
7565    0.430812405113
7567    0.430812304479
7569    0.430809254469
7571    0.430809254468
7573    0.430795619043
7575    0.430793285747
7577    0.430789582301
7579    0.430787836393
7581    0.430778027466
7583    0.430768385963
7585    0.430766793705
7587    0.430764911471
7589    0.430754707784
7591    0.430754706797
7593    0.430754706797
7595    0.430754705923
7597    0.4307536346
7599    0.430753515803
7601    0.430753385152
7603    0.430752678784
7605    0.430752031581
7607    0.430751912072
7609    0.430751798597
7611    0.430751203801
7613    0.43075074129
7615    0.430750741228
7617    0.430750308982
7619    0.430747650058
7621    0.430738321754
7623    0.430731898066
7625    0.430726028122
7627    0.430720314026
7629    0.430713575004
7631    0.430708625963
7633    0.430700457896
7635    0.430685233934
7637    0.430685212484
7663    0.428670849614
7665    0.428667059295
7667    0.42865736075
7669    0.428656407268
7671    0.428656185459
7673    0.428656114439
7675    0.428646613929
7677    0.428645747552
7679    0.428644410342
7681    0.42863806955
7683    0.428638032208
7685    0.428627736992
7687    0.428627732112
7689    0.428627326173
7691    0.42862729097
7693    0.428626994779
7695    0.428626966039
7697    0.428610760447
7699    0.428599231253
7725    0.427756321688
7727    0.427755436741
7729    0.427735569076
7731    0.427724296251
7733    0.427724296222
7735    0.427724296203
7737    0.427704640212
7739    0.427693749359
7741    0.427692876616
7743    0.427692311964
7745    0.427692311641
7747    0.427682595815
7749    0.427681141
7775    0.426687402889
7777    0.426687341021
7779    0.426686456142
7781    0.426685663561
7807    0.425815733762
7809    0.425815699622
7811    0.425811363416
7813    0.425809129885
7815    0.42580912988
7841    0.425200209011
7843    0.425199624237
7845    0.425199332391
7847    0.425198535085
7849    0.425198469469
7851    0.425198426847
7853    0.425198157489
7855    0.42519744469
7857    0.425197345295
7859    0.425194546091
7861    0.42519454609
7863    0.425181421052
7865    0.425179363636
7867    0.425176128658
7869    0.425174369108
7871    0.425165118554
7873    0.425156025911
7875    0.425154729
7877    0.42515284637
7879    0.42514320997
7881    0.425143208997
7883    0.425143208997
7885    0.425143208112
7887    0.425142015481
7889    0.425141895999
7891    0.425141767808
7893    0.425141152646
7895    0.425140589006
7897    0.425140469344
7899    0.425140353704
7901    0.425139836519
7903    0.425139379496
7905    0.425139379437
7907    0.42513894172
7909    0.425136608847
7911    0.425127925889
7913    0.425122025925
7915    0.425116626453
7917    0.425111370302
7919    0.425105175895
7921    0.425100686395
7923    0.425093050998
7925    0.425079451335
7927    0.425079429225
7953    0.423176848346
7955    0.423173166234
7957    0.423164090213
7959    0.423163300856
7961    0.423163084785
7963    0.423163015599
7965    0.423154127827
7967    0.42315341124
7969    0.423152115758
7971    0.423146271393
7973    0.423146234604
7975    0.423136559856
7977    0.423136551987
7979    0.423136332084
7981    0.423136303112
7983    0.423136138564
7985    0.423136114986
7987    0.423121731357
7989    0.423110210013
8015    0.422332446247
8017    0.422331602126
8019    0.422311992903
8021    0.422301329204
8023    0.422301329198
8025    0.422301329193
8027    0.422281939748
8029    0.422271636374
8031    0.422270796178
8033    0.422270170873
8035    0.422270170599
8037    0.422261010853
8039    0.422259442123
8065    0.421421187231
8067    0.421421125996
8069    0.421420338656
8071    0.421419633263
8097    0.420689989657
8099    0.420689954781
8101    0.420685852049
8103    0.420684645153
8105    0.420684645149
8112    0.42055787849
8114    0.42055729388
8116    0.420557065397
8118    0.420556441072
8120    0.42055637715
8122    0.420556335628
8124    0.420556122821
8126    0.420555563633
8128    0.42055546628
8130    0.420552901136
8132    0.420552901136
8134    0.420540264124
8136    0.420538456789
8138    0.42053562487
8140    0.420533853587
8142    0.42052512714
8144    0.420516549674
8146    0.420515498087
8148    0.420513614132
8150    0.420504510881
8152    0.420504509915
8154    0.420504509915
8156    0.420504509024
8158    0.420503210164
8160    0.420503090071
8162    0.420502963549
8164    0.42050242015
8166    0.420501922264
8168    0.420501802449
8170    0.420501685328
8172    0.420501229306
8174    0.420500775931
8176    0.420500775874
8178    0.420500334275
8180    0.420498290423
8182    0.420490206604
8184    0.420484802178
8186    0.420479830352
8188    0.420474990463
8190    0.420469298193
8192    0.420465240171
8194    0.420458093449
8196    0.420446115714
8198    0.42044609313
8224    0.418656859865
8226    0.418653283258
8228    0.418644810329
8230    0.418644157099
8232    0.418643946596
8234    0.41864387919
8236    0.418635584744
8238    0.418634992348
8240    0.418633737465
8242    0.418628352557
8244    0.418628316312
8246    0.418619221909
8248    0.418619211273
8250    0.418619086631
8252    0.418619062025
8254    0.418618965818
8256    0.41861894585
8258    0.418606243384
8260    0.418594741614
8286    0.417878308766
8288    0.417877503978
8290    0.417858131803
8292    0.417848052897
8294    0.417848052897
8296    0.417848052897
8298    0.417828909366
8300    0.417819170064
8302    0.417818360912
8304    0.417817685301
8306    0.417817685073
8308    0.417809077902
8310    0.417807402627
8336    0.417104846243
8338    0.417104791961
8340    0.417104098327
8342    0.417103476755
8368    0.416495277431
8370    0.41649523875
8372    0.416491384089
8374    0.4164903648
8376    0.416490364798
8378    0.416469725633
8380    0.416469142771
8382    0.416468968196
8384    0.416468479243
8386    0.416468416512
8388    0.416468375764
8390    0.416468211309
8392    0.416467772435
8394    0.41646767667
8396    0.416465329758
8398    0.416465329758
8400    0.416453159437
8402    0.416451578332
8404    0.416449093605
8406    0.416447311992
8408    0.41643907756
8410    0.416430983723
8412    0.416430135439
8414    0.416428249655
8416    0.416419647558
8418    0.416419646597
8420    0.416419646597
8422    0.416419645701
8424    0.41641825481
8426    0.416418134172
8428    0.41641800879
8430    0.416417522267
8432    0.416417076494
8434    0.416416956525
8436    0.416416838402
8438    0.416416430945
8440    0.416415979956
8442    0.416415979902
8444    0.416415535562
8446    0.416413748045
8448    0.416406220533
8450    0.416401282363
8452    0.416396699986
8454    0.416392239179
8456    0.416387009832
8458    0.416383354549
8460    0.416376657044
8462    0.416366265725
8464    0.416366242848
8490    0.414690430598
8492    0.414686956846
8494    0.414679064487
8496    0.41467852413
8498    0.414678319035
8500    0.414678253357
8502    0.414670529822
8504    0.414670040359
8506    0.414668824971
8508    0.414663865276
8510    0.414663829564
8512    0.414655278112
8514    0.414655265066
8516    0.414655190699
8518    0.414655169211
8520    0.414655109677
8522    0.414655092283
8524    0.414643931207
8526    0.414632460029
8552    0.413973543592
8554    0.41397277666
8556    0.413953623025
8558    0.413944105563
8560    0.413944105555
8562    0.413944105553
8564    0.413925190091
8566    0.4139159924
8568    0.413915213395
8570    0.41391449652
8572    0.413914496331
8574    0.413906431764
8576    0.413904668781
8602    0.413319003744
8604    0.413318953443
8606    0.413318341737
8608    0.41331779348
8610    0.413297511805
8612    0.413297469773
8614    0.413293976606
8616    0.413292990861
8618    0.41329299086
8620    0.413272507296
8622    0.413271927866
8624    0.413271794378
8626    0.413271411383
8628    0.413271349349
8630    0.413271309053
8632    0.413271181643
8634    0.413270837029
8636    0.413270742411
8638    0.413268598771
8640    0.413268598771
8642    0.413256874743
8644    0.413255497831
8646    0.413253312536
8648    0.413251521649
8650    0.413243749145
8652    0.413236109362
8654    0.413235429107
8656    0.413233541258
8658    0.413225410298
8660    0.41322540934
8662    0.41322540934
8664    0.413225408441
8666    0.413223938514
8668    0.413223817389
8670    0.413223692798
8672    0.413223251661
8674    0.41322284747
8676    0.413222727346
8678    0.413222608558
8680    0.413222239939
8682    0.41322179047
8684    0.413221790418
8686    0.41322134416
8688    0.413219784068
8690    0.413212773141
8692    0.413208271343
8694    0.41320404427
8696    0.413199929312
8698    0.413195126671
8700    0.413191845166
8702    0.413185561404
8704    0.413176692145
8706    0.413176669149
8732    0.411613030281
8734    0.411609656778
8736    0.411602320011
8738    0.411601873219
8740    0.411601673372
8742    0.411601609372
8744    0.411594431956
8746    0.411594027774
8748    0.411592850801
8750    0.411588284576
8752    0.411588249389
8754    0.411580205991
8756    0.411580190917
8758    0.411580144034
8760    0.411580124818
8762    0.411580085717
8764    0.411580070195
8766    0.411570314009
8768    0.411558883685
8794    0.41095371615
8796    0.410952985261
8798    0.410934034187
8800    0.410925117395
8802    0.410925117365
8804    0.410925117354
8806    0.410906414569
8808    0.410897796449
8810    0.410897046335
8812    0.410896211685
8814    0.410896211538
8816    0.41088878481
8818    0.41088693533
8827    0.410718148433
8829    0.410718100802
8831    0.410717614951
8833    0.410717179472
8835    0.410697548959
8837    0.410697505067
8839    0.4106943498
8841    0.410693397194
8843    0.410693397193
8845    0.410673067899
8847    0.410672492528
8849    0.410672390372
8851    0.410672090325
8853    0.410672028783
8855    0.410671988806
8857    0.410671889815
8859    0.410671619073
8861    0.410671525401
8863    0.410669570909
8865    0.410669570909
8867    0.410658273711
8869    0.410657080648
8871    0.410655153928
8873    0.410653354599
8875    0.410646015843
8877    0.410638802414
8879    0.410638260609
8881    0.410636370633
8883    0.410628682671
8885    0.410628681714
8887    0.410628681714
8889    0.410628680813
8891    0.410627143515
8893    0.410627021952
8895    0.410626897921
8897    0.410626493233
8899    0.410626122437
8901    0.410626002155
8903    0.410625882938
8905    0.410625545597
8907    0.410625097058
8909    0.410625097008
8911    0.410624649423
8913    0.410623291148
8915    0.410616759978
8917    0.410612664565
8919    0.410608762223
8921    0.410604963358
8923    0.410600553987
8925    0.410597617519
8927    0.410591715564
8929    0.41058427999
8931    0.410584257036
8957    0.409130419576
8959    0.409127143765
8961    0.409120335823
8963    0.409119966565
8965    0.409119771816
8967    0.409119709446
8969    0.409113051635
8971    0.409112718083
8973    0.40911157847
8975    0.409107376302
8977    0.409107341633
8979    0.409099773748
8981    0.409099756996
8983    0.409099725745
8985    0.409099708214
8987    0.40909968098
8989    0.409099666846
8991    0.409091184062
8993    0.409079804129
9015    0.408627809293
9017    0.408627112273
9019    0.408608355124
9021    0.408600046129
9023    0.408600046059
9025    0.40860004603
9027    0.408581546394
9029    0.408573514809
9031    0.408572792742
9033    0.40857178704
9035    0.408571786934
9037    0.408564998289
9039    0.408562980288
9041    0.408542293921
9043    0.408542247348
9045    0.408541871287
9047    0.408541534213
9049    0.408522036918
9051    0.408521992094
9053    0.408519119029
9055    0.408518199135
9057    0.408518199134
9059    0.408498022887
9061    0.408497451761
9063    0.408497373515
9065    0.408497138415
9067    0.408497077279
9069    0.408497037566
9071    0.408496960412
9073    0.408496747582
9075    0.408496654754
9077    0.408494876085
9079    0.408494876085
9081    0.408483987143
9083    0.408482959164
9085    0.408481256034
9087    0.408479448944
9089    0.408472517534
9091    0.408465704505
9093    0.408465276371
9095    0.408463384322
9097    0.40845611297
9099    0.408456112015
9101    0.408456112015
9103    0.408456111112
9105    0.408454516766
9107    0.408454394807
9109    0.408454271186
9111    0.408453895946
9113    0.408453552133
9115    0.408453431691
9117    0.408453312212
9119    0.408453000226
9121    0.408452552221
9123    0.408452552173
9125    0.408452103692
9127    0.408450924502
9129    0.408444838943
9131    0.408441120235
9133    0.408437515189
9135    0.408434005713
9137    0.408429958743
9139    0.408427339156
9141    0.408421790185
9143    0.408415680832
9145    0.408415658071
9171    0.407068317996
9173    0.407065137369
9175    0.407058830293
9177    0.407058525264
9179    0.407058335467
9181    0.407058274681
9183    0.407052108815
9185    0.407051833734
9187    0.407050730451
9189    0.407046865083
9191    0.407046830922
9193    0.407039708191
9195    0.407039689768
9197    0.40703966912
9199    0.407039653111
9201    0.407039634123
9203    0.407039621238
9205    0.407032075193
9207    0.407020779435
9209    0.407000058287
9211    0.406999391609
9213    0.406980842718
9215    0.406973116697
9217    0.406973116549
9219    0.406973116484
9221    0.406954828916
9223    0.406947359974
9225    0.406946665813
9227    0.406945476714
9229    0.406945476641
9231    0.406939259949
9233    0.406937064067
9235    0.406916520736
9237    0.406916474351
9239    0.406916176711
9241    0.406915909925
9243    0.406896546157
9245    0.406896500958
9247    0.406893852039
9249    0.406892964393
9251    0.406892964393
9253    0.406872939976
9255    0.406872373104
9257    0.406872313115
9259    0.406872128876
9261    0.406872068112
9263    0.40687202864
9265    0.406871968294
9267    0.406871800882
9269    0.406871708843
9271    0.406870093427
9273    0.406870093427
9275    0.406859595001
9277    0.406858714807
9279    0.406857205283
9281    0.406855391008
9283    0.406848842196
9285    0.406842405241
9287    0.406842070045
9289    0.40684017604
9291    0.406833296543
9293    0.406833295589
9295    0.406833295589
9297    0.406833294685
9299    0.406831652326
9301    0.406831530007
9303    0.406831406696
9305    0.406831055382
9307    0.40683073349
9309    0.406830612885
9311    0.406830493262
9313    0.406830201957
9315    0.406829754224
9317    0.406829754179
9319    0.406829305114
9321    0.406828284789
9323    0.406822613168
9325    0.406819242153
9327    0.406815909716
9329    0.406812665601
9331    0.406808952528
9333    0.406806622554
9335    0.406801400483
9337    0.406796495647
9339    0.40679647321
9365    0.405551581015
9367    0.40554849311
9369    0.40554265827
9371    0.405542406428
9373    0.405542221444
9375    0.405542162197
9377    0.40553645999
9379    0.405536233294
9381    0.405535165334
9383    0.405531611495
9385    0.405531577836
9387    0.405524871918
9389    0.405524850923
9391    0.405524840465
9393    0.405524826513
9395    0.405524815756
9397    0.405524804554
9399    0.405517300489
9401    0.405506190848
9403    0.405485573285
9405    0.405484937902
9407    0.405466595158
9409    0.405459411112
9411    0.405459410891
9413    0.405459410791
9415    0.405441333084
9417    0.405434387263
9419    0.405433719111
9421    0.405432365792
9423    0.405432365741
9425    0.405426634098
9427    0.405424295309
9429    0.405403895914
9431    0.405403849428
9433    0.405403608459
9435    0.405403392468
9437    0.405384162434
9439    0.405384117072
9441    0.405381648262
9443    0.405380792353
9445    0.405380792353
9447    0.405360918551
9449    0.405360355876
9451    0.405360309839
9453    0.405360165436
9455    0.40536010503
9457    0.405360065791
9459    0.405360018406
9461    0.405359886627
9463    0.40535979534
9465    0.405358331333
9467    0.405358331333
9469    0.40534820651
9471    0.405347458168
9473    0.405346116531
9475    0.40534429558
9477    0.405338106189
9479    0.405332022524
9481    0.40533176294
9483    0.405329867146
9485    0.405323356298
9487    0.405323355345
9489    0.405323355345
9491    0.405323354439
9493    0.405321671913
9495    0.405321549263
9497    0.405321426201
9499    0.405321094426
9501    0.405320790436
9503    0.405320669668
9505    0.405320549984
9507    0.405320275654
9509    0.405319828024
9511    0.40531982798
9513    0.405319378565
9515    0.405318499079
9517    0.405313212032
9519    0.405310160662
9521    0.405307078574
9523    0.405304078152
9525    0.405300672668
9527    0.405298606185
9529    0.405293687362
9531    0.405289855688
9533    0.405289833693
9559    0.404142775741
9561    0.404139778146
9563    0.404134386737
9565    0.404134178922
9567    0.404133998616
9569    0.404133940866
9571    0.404128673885
9573    0.404128487205
9575    0.404127453584
9577    0.404124187856
9579    0.404124154691
9581    0.404117839143
