12 3.7502848203
32 3.62662596404
34 3.62662541295
36 3.62661926082
38 3.62661904879
64 3.52268822424
90 3.40264612824
116 3.38974526282
133 3.38869902599
159 3.38723975023
185 3.26464576421
211 3.23748028446
213 3.23747096079
239 3.21570909037
241 3.21570518183
267 3.0962460148
293 3.09268400414
319 3.08909462175
345 3.08535610646
347 3.08534411534
373 2.96126375297
393 2.83810630268
395 2.838099884
397 2.83809320658
399 2.83808953017
425 2.72567049602
451 2.7239117185
477 2.71748309632
503 2.71564794267
515 2.71539046285
532 2.59164634822
558 2.47728755233
560 2.47728649682
586 2.47162159924
588 2.47162118639
603 2.34781923088
618 2.22394990948
620 2.22394059639
622 2.22393417999
624 2.22392758432
650 2.18946281267
676 2.06633626378
702 2.0413080962
704 2.04129993364
730 2.02449420351
741 1.9001896458
767 1.88268102025
769 1.88267904004
795 1.86671980658
797 1.86671799253
815 1.74162344512
840 1.61846737074
842 1.6184666404
844 1.61845915122
846 1.61845913589
863 1.49475702929
889 1.38127953208
891 1.38127838139
917 1.37465976628
919 1.37465952902
945 1.36256946877
971 1.25509366586
997 1.24047453779
1023 1.22959535271
1049 1.21633314828
1075 1.09805618513
1101 0.977178393735
1122 0.975271418501
1134 0.974809722906
1137 0.974780452301
1163 0.929805955797
1189 0.890196092354
1215 0.861561669852
1241 0.834139281602
1267 0.817955942181
1288 0.692477549281
1290 0.692473868224
1292 0.692472927301
1294 0.692472640808
1296 0.692470925399
1298 0.692470911841
1300 0.692468520299
1302 0.692468514809
1304 0.692466996928
1306 0.6924619207
1308 0.69244851052
1310 0.692446150254
1312 0.69243296685
1314 0.692423311731
1340 0.676065922393
1342 0.676064261507
1368 0.664551766822
1370 0.664551754573
1372 0.664540791174
1398 0.659741530995
1400 0.659734065352
1426 0.654988316309
1428 0.654983113717
1430 0.654979363176
1432 0.654978283127
1434 0.654976465043
1436 0.654975183279
1438 0.654974797779
1440 0.654970752429
1466 0.653239095565
1468 0.653228875801
1494 0.651522949028
1496 0.651511564521
1498 0.651510449228
1509 0.651277870991
1511 0.651277762683
1513 0.651266075835
1515 0.651265888569
1517 0.651265727658
1519 0.651265613755
1521 0.651263076469
1523 0.65126138646
1525 0.651259003899
1551 0.642277222929
1553 0.642273188648
1579 0.635404512397
1581 0.635403041512
1607 0.631238701204
1609 0.631238699922
1635 0.617000020577
1637 0.616999495889
1663 0.605510592813
1665 0.605508517794
1667 0.605506988461
1669 0.605505526039
1671 0.60550545393
1673 0.605504427996
1675 0.605503072953
1677 0.605500926475
1686 0.605346016722
1688 0.605345989313
1690 0.605338000658
1692 0.60533799803
1718 0.59761943764
1744 0.596475222838
1770 0.587750846816
1772 0.587746573348
1798 0.580138229399
1800 0.580137837959
1804 0.580087924998
1806 0.580079239751
1808 0.580068088484
1810 0.580056853067
1836 0.571666720418
1862 0.55543131189
1888 0.551271776914
1914 0.542337786161
1940 0.540426952693
1942 0.540423439272
1944 0.540423292623
1946 0.540422962231
1948 0.540422889616
1950 0.540422371493
1952 0.540422368826
1954 0.540421196419
1956 0.5404211954
1958 0.540420405867
1960 0.54041649245
1962 0.540405397574
1964 0.540403753005
1966 0.540392772874
1968 0.540387481758
1994 0.532832669546
1996 0.532832572097
2022 0.527776871516
2024 0.527775977802
2026 0.527769997138
2052 0.522754008055
2054 0.522750191026
2080 0.517926923258
2082 0.517924312621
2084 0.517922460213
2086 0.517922126179
2088 0.517921819733
2090 0.517921225437
2092 0.517921103438
2094 0.517918772697
2120 0.515944104206
2122 0.515935498639
2148 0.513998446162
2150 0.513987512523
2152 0.513987199345
2154 0.513976670652
2156 0.513976642552
2158 0.513967288737
2160 0.513967036593
2162 0.513965730857
2164 0.513963913373
2166 0.51396279263
2168 0.513954135364
2170 0.513952774942
2196 0.512437694369
2198 0.512434481061
2224 0.510753459135
2226 0.510753064959
2252 0.509759546346
2254 0.509758703379
2280 0.500866030319
2282 0.500865687361
2308 0.494198898919
2310 0.494195949287
2312 0.494194535057
2314 0.494193745128
2316 0.49419327742
2318 0.494192722403
2320 0.49418948238
2322 0.494188292017
2324 0.49418416334
2326 0.4941841535
2328 0.494183364332
2330 0.494183303288
2356 0.490961912282
2358 0.490956038925
2384 0.486612408626
2386 0.48661200739
2412 0.482837485619
2414 0.482837439883
2416 0.48282427278
2418 0.482817645429
2420 0.482810023393
2422 0.482800984068
2448 0.481982931096
2474 0.477442299595
2495 0.477080478236
2521 0.474663212455
2523 0.474651734726
2525 0.474649615605
2527 0.474649581057
2529 0.474648164171
2531 0.474648123251
2533 0.47464800119
2535 0.474647992311
2537 0.474647364211
2539 0.474647360754
2541 0.47464701845
2543 0.474643962314
2545 0.474634727048
2547 0.474633583526
2549 0.474624379039
2551 0.474620640316
2577 0.471444520438
2579 0.471444491132
2605 0.469343614432
2607 0.469341388103
2609 0.469338015271
2635 0.464390683155
2637 0.4643884601
2663 0.45976902494
2665 0.459767325956
2667 0.459766114309
2669 0.45976603766
2671 0.459766036342
2673 0.459765748569
2675 0.459764604379
2677 0.459763395835
2703 0.457560657578
2705 0.457553238496
2731 0.455406791011
2733 0.45539599081
2735 0.455395939095
2737 0.45538744928
2739 0.455387434001
2741 0.455379900778
2743 0.455379452572
2745 0.455377434484
2747 0.455376745435
2749 0.455376020607
2751 0.455366566758
2753 0.45536552692
2755 0.455357833198
2757 0.45535546848
2783 0.454774634098
2785 0.454774536028
2797 0.454608166493
2799 0.454605936864
2825 0.449723458566
2827 0.449723178564
2853 0.44621402356
2855 0.446210345279
2857 0.446208324905
2859 0.446207889663
2861 0.446207291963
2863 0.44620698593
2865 0.446202621625
2867 0.446201738303
2869 0.446200741423
2871 0.446200696753
2873 0.446200445752
2875 0.446200337555
2901 0.445159703705
2903 0.445156931389
2929 0.443173076478
2931 0.443172983287
2957 0.441365111403
2959 0.441365083929
2961 0.441354770314
2963 0.441349842108
2965 0.441345178845
2967 0.441338012694
2969 0.441330610168
2995 0.440096883879
2997 0.440086781991
3023 0.439425396554
3025 0.439416511642
3027 0.439414575777
3029 0.439414449664
3031 0.439412467498
3033 0.439412433251
3035 0.439412419793
3037 0.439412408725
3039 0.439412035984
3041 0.439412031667
3043 0.43941193126
3045 0.439409543809
3047 0.439401809789
3049 0.439401033284
3051 0.4393932676
3053 0.439390007277
3079 0.438099409283
3081 0.438099263992
3107 0.437235769623
3109 0.437232696769
3111 0.437230726908
3137 0.432633207978
3139 0.432631704962
3165 0.428461839614
3167 0.428460404341
3169 0.428459314189
3171 0.428459308092
3173 0.428459224059
3175 0.428459077395
3177 0.428456497355
3179 0.428455974137
3205 0.426059124413
3207 0.426052587842
3233 0.423737461018
3235 0.423726583992
3237 0.423726581382
3239 0.423719687044
3241 0.423719670846
3243 0.423713561118
3245 0.423712787401
3247 0.423710441695
3249 0.423710398943
3251 0.423709817828
3253 0.423703384108
3255 0.42370246978
3257 0.423701298999
3259 0.423699541416
3261 0.423686183787
3263 0.423686171971
3265 0.42367316367
3267 0.423669743666
3293 0.421175136835
3295 0.421174902258
3321 0.419421582038
3323 0.419417475588
3325 0.419414571998
3327 0.419414330437
3329 0.419413793015
3331 0.419413623143
3333 0.419408763048
3335 0.419408009717
3337 0.419407837829
3339 0.419407767447
3341 0.419405956978
3343 0.419405821854
3345 0.419395369278
3347 0.419393419157
3373 0.418360775719
3375 0.41836029868
3401 0.417353766451
3403 0.417353514784
3405 0.417346127883
3407 0.417342492996
3409 0.417339567198
3411 0.417333875353
3413 0.417328831731
3424 0.417175027886
3426 0.417166562915
3429 0.417139264383
3431 0.417131287408
3433 0.41712916355
3435 0.417129059736
3437 0.417127149779
3439 0.417127117194
3441 0.417127116203
3443 0.417127104507
3445 0.417126858238
3447 0.417126853678
3449 0.417126847276
3451 0.417124984755
3453 0.417118466932
3455 0.417117957112
3457 0.417111361795
3459 0.417108150093
3485 0.416585751179
3487 0.416585547548
3502 0.416371107365
3504 0.416367766731
3506 0.416366548637
3532 0.412332971477
3534 0.41233179005
3560 0.40877169156
3562 0.408770168918
3564 0.408768928003
3566 0.408768925086
3568 0.408768691781
3570 0.40876861215
3572 0.408764601725
3574 0.408764445588
3600 0.406226497898
3602 0.406220625749
3628 0.40379511737
3630 0.40378404096
3632 0.403783944966
3634 0.403778300844
3636 0.403778278647
3638 0.403773283709
3640 0.403772060005
3642 0.403769581659
3644 0.403768846776
3646 0.403768325109
3648 0.403764034931
3650 0.403763175052
3652 0.403762169181
3654 0.403760874605
3656 0.403748091489
3658 0.403748088772
3660 0.403735670263
3662 0.403731452066
3688 0.402503021893
3690 0.402502825426
3716 0.401649391458
3718 0.401645120308
3720 0.401641320264
3722 0.40164118628
3724 0.401640756879
3726 0.401640662697
3728 0.401635658416
3730 0.401634975096
3732 0.401634870232
3734 0.401634781877
3736 0.401632192201
3738 0.401632039782
3740 0.401630407855
3742 0.401628936869
3768 0.401106839934
3770 0.401105926179
3796 0.400542981756
3798 0.400542388022
3800 0.40053710779
3802 0.400534371094
3804 0.400532604669
3806 0.40052797968
3808 0.400523650109
3810 0.400510992268
3812 0.40050320038
3814 0.400490424637
3816 0.40048307152
3818 0.400480807074
3820 0.400480728633
3822 0.400478916224
3824 0.400478884101
3826 0.400478868448
3828 0.400478856563
3830 0.400478676436
3832 0.400478671808
3834 0.400478655157
3836 0.400477208842
3838 0.400471679539
3840 0.400471361615
3842 0.400465721757
3844 0.400462379095
3846 0.400449652849
3848 0.400449497506
3851 0.40042202995
3853 0.400418896552
3855 0.400418062954
3881 0.397062087328
3883 0.397060916122
3909 0.394170572586
3911 0.39416863841
3913 0.394167059688
3915 0.394167039594
3917 0.39416669909
3919 0.394166652279
3921 0.394161409722
3923 0.394161397069
3949 0.391550895863
3951 0.391545531736
3977 0.389080447399
3979 0.389069124826
3981 0.389068811681
3983 0.389064150602
3985 0.389064119727
3987 0.389060000904
3989 0.389058219952
3991 0.389055705551
3993 0.389054279549
3995 0.38905378318
3997 0.389050426227
3999 0.389049590488
4001 0.389048736343
4003 0.389047746642
4005 0.389035512425
4007 0.389035481822
4009 0.389023624183
4011 0.389018975855
4037 0.388424758563
4039 0.388424594758
4063 0.388054379945
4065 0.388050163529
4067 0.388045600027
4069 0.388045526388
4071 0.388045194042
4073 0.388045142333
4075 0.388040201315
4077 0.3880395525
4079 0.388039465342
4081 0.388039366883
4083 0.388036258901
4085 0.388036097517
4087 0.38803607095
4089 0.388034876648
4091 0.388023402206
4093 0.388022370429
4118 0.387643437191
4120 0.387642450029
4122 0.387638638171
4124 0.387636551111
4126 0.387635520975
4128 0.387631697786
4130 0.387627822463
4132 0.387615834868
4134 0.387608644603
4136 0.387596532092
4138 0.387589753184
4140 0.387587419787
4142 0.387587353212
4144 0.387585593706
4146 0.387585561731
4148 0.387585527552
4150 0.387585515598
4152 0.387585371823
4154 0.387585367175
4156 0.387585268946
4158 0.387584156467
4160 0.387579433271
4162 0.387579250961
4164 0.387574393902
4166 0.387570889725
4168 0.387558146314
4170 0.387558023187
4173 0.387530532403
4175 0.387527531246
4177 0.387526969372
4203 0.384847525521
4205 0.38484640205
4231 0.382587373137
4233 0.38258514012
4235 0.382583083406
4237 0.38258304359
4239 0.382582657598
4241 0.382582627317
4243 0.382576416006
4245 0.382576400017
4271 0.379970512051
4273 0.379965544651
4299 0.377536282713
4301 0.377524731725
4303 0.37752408984
4305 0.377520206553
4307 0.377520165998
4309 0.377516740044
4311 0.377514323269
4313 0.377511809959
4315 0.377509934911
4317 0.377509451712
4319 0.377506528808
4321 0.377505706388
4323 0.377504989201
4325 0.377504205659
4327 0.377492493934
4329 0.377492421264
4331 0.377481096415
4333 0.377476308699
4335 0.37746271807
4337 0.377462623261
4339 0.377449273314
4341 0.377445491012
4343 0.377440281025
4345 0.37744024436
4347 0.377440050772
4349 0.377440025091
4351 0.377435607912
4353 0.377434984147
4355 0.377434868009
4357 0.377434761935
4359 0.377431800664
4361 0.377431632641
4363 0.377431067295
4365 0.377429964943
4367 0.377422166937
4369 0.377421048068
4371 0.37740764301
4373 0.377406258974
4375 0.377403468722
4377 0.3774018498
4379 0.377401275217
4381 0.377398055713
4383 0.377394592228
4385 0.377383238821
4387 0.37737660204
4389 0.377365117469
4391 0.377358867037
4393 0.37735650297
4395 0.377356442318
4397 0.377354713541
4399 0.377354681624
4401 0.377354631751
4403 0.377354619763
4405 0.377354496819
4407 0.377354492164
4409 0.377354265633
4411 0.377353398985
4413 0.377349335433
4415 0.377349237844
4417 0.377345024488
4419 0.377341418956
4421 0.377328699588
4423 0.377328595578
4426 0.377301160659
4428 0.37729824566
4430 0.377297873802
4456 0.375227459485
4458 0.375226413311
4484 0.37351289148
4486 0.373510480111
4488 0.373507849891
4490 0.373507793811
4492 0.37350741179
4494 0.373507389997
4496 0.373500472285
4498 0.373500367474
4524 0.370975927575
4526 0.370971279156
4552 0.368648843748
4554 0.368637133593
4556 0.368636070137
4558 0.368632808055
4560 0.368632758306
4562 0.368629885465
4564 0.368626791863
4566 0.368624293962
4568 0.36862215932
4570 0.368621684793
4572 0.36861897173
4574 0.368618158744
4576 0.368617563633
4578 0.368616935501
4580 0.368605720212
4582 0.368605597857
4584 0.368594778864
4586 0.368590179301
4588 0.368576943795
4590 0.368576867916
4592 0.368563871022
4594 0.368560351363
4596 0.368554902134
4598 0.368554883838
4600 0.368554741064
4602 0.368554728296
4604 0.368550579557
4606 0.3685499738
4608 0.368549797196
4610 0.368549685651
4612 0.368546972184
4614 0.368546799678
4616 0.368546188269
4618 0.368545081694
4620 0.368537456783
4622 0.368536335417
4624 0.368523178996
4626 0.368521440202
4628 0.368519365935
4630 0.368518072499
4632 0.368517772448
4634 0.368514992227
4636 0.368511901762
4638 0.368501148425
4640 0.368495020916
4642 0.368484130925
4644 0.368478366856
4646 0.368475992243
4648 0.368475934731
4650 0.368474225571
4652 0.368474193681
4654 0.36847413202
4656 0.36847412001
4658 0.3684740094
4660 0.368474004745
4662 0.368473621374
4664 0.36847293695
4666 0.368469415181
4668 0.368469368318
4670 0.368465686321
4672 0.368462019421
4674 0.368449386284
4676 0.368449294083
4678 0.368435544563
4680 0.368432697227
4682 0.368432456677
4708 0.366872461633
4710 0.366871511138
4736 0.3656014937
4738 0.365599002749
4740 0.365595750211
4742 0.365595682669
4744 0.365595334968
4746 0.365595317502
4748 0.365587923616
4750 0.365587691064
4776 0.363212337805
4778 0.363207955922
4804 0.361051090038
4806 0.36103932638
4808 0.361037776176
4810 0.361035016381
4812 0.361034959141
4814 0.361032533294
4816 0.361028764127
4818 0.361026287327
4820 0.361024008265
4822 0.36102354068
4824 0.361020930744
4826 0.361020125845
4828 0.361019638475
4830 0.361019111428
4832 0.361008367422
4834 0.361008201047
4836 0.360997862252
4838 0.360993537062
4840 0.360980649712
4842 0.360980583434
4844 0.360967931912
4846 0.360964629899
4848 0.360959133701
4850 0.36095912453
4852 0.36095900296
4854 0.360958996596
4856 0.360955008812
4858 0.360954411295
4860 0.360954170219
4862 0.360954056242
4864 0.360951553633
4866 0.360951379512
4868 0.360950720562
4870 0.36094961005
4872 0.360942154019
4874 0.360941030437
4876 0.360928116778
4878 0.360926074915
4880 0.360924506515
4882 0.360923442801
4884 0.360923301668
4886 0.360920845527
4888 0.360918092558
4890 0.360907906971
4892 0.36090224807
4894 0.36089192106
4896 0.360886604545
4898 0.36088422991
4900 0.360884174177
4902 0.360882479055
4904 0.360882447181
4906 0.360882377066
4908 0.36088236504
4910 0.360882261917
4912 0.360882257263
4914 0.360881701782
4916 0.360881153815
4918 0.360878078703
4920 0.360878060223
4922 0.360874818547
4924 0.36087111556
4926 0.360858406666
4928 0.360858322116
4931 0.360830910248
4933 0.360828100533
4935 0.360827952747
4961 0.359673880929
4963 0.359673040875
4989 0.358747664268
4991 0.358745193036
4993 0.358741313076
4995 0.358741238521
4997 0.358740939083
4999 0.358740923655
5001 0.358733240563
5003 0.358732873693
5029 0.35655830213
5031 0.356554153348
5057 0.354604268309
5059 0.354592576896
5061 0.354590508912
5063 0.354588161012
5065 0.354588098808
5067 0.354586039292
5069 0.354581637471
5071 0.354579184162
5073 0.354576824934
5075 0.354576363592
5077 0.354573804195
5079 0.354573006967
5081 0.354572613835
5083 0.354572153921
5085 0.354561857167
5087 0.354561654646
5089 0.35455177165
5091 0.35454772484
5093 0.354535178099
5095 0.354535119132
5097 0.354522805077
5099 0.354519702098
5101 0.35451424528
5103 0.35451424065
5105 0.354514129034
5107 0.354514125849
5109 0.354510252246
5111 0.354509658839
5113 0.354509351908
5115 0.354509236825
5117 0.35450691421
5119 0.354506739703
5121 0.354506031841
5123 0.354504917591
5125 0.354497626218
5127 0.354496500678
5129 0.354483823962
5131 0.35448153092
5133 0.354480323088
5135 0.354479423889
5137 0.354479368779
5139 0.354477154841
5141 0.354474706892
5143 0.354465058473
5145 0.354459830792
5147 0.354450036861
5149 0.354445132155
5151 0.354442763024
5153 0.354442708393
5155 0.35444102453
5157 0.354440992666
5159 0.354440916574
5161 0.354440904533
5163 0.354440806039
5165 0.354440801389
5167 0.354440068056
5169 0.354439622293
5171 0.354436916831
5173 0.354436912097
5175 0.35443403674
5177 0.354430317338
5179 0.354417839459
5181 0.354417759741
5183 0.354404169169
5185 0.35440139637
5187 0.354401311477
5213 0.353559000709
5215 0.353558272773
5241 0.352892794389
5243 0.352890397273
5245 0.35288592044
5247 0.352885842459
5249 0.35288559413
5251 0.352885579382
5253 0.352877751584
5255 0.352877263348
5281 0.350935936156
5283 0.350932001104
5309 0.349211657313
5311 0.349200168618
5313 0.34919758801
5315 0.349195582795
5317 0.349195518527
5319 0.349193763577
5321 0.349188807967
5323 0.349186379244
5325 0.349183974459
5327 0.349183519048
5329 0.349180983814
5331 0.349180194182
5333 0.349179882716
5335 0.349179468149
5337 0.349169595822
5339 0.349169364828
5341 0.349159914488
5343 0.349156133536
5345 0.349143919698
5347 0.349143867146
5349 0.349131882631
5351 0.349128966045
5353 0.34912358622
5355 0.349123583859
5357 0.349123477582
5359 0.34912347598
5361 0.349119695592
5363 0.349119104526
5365 0.349118732221
5367 0.349118616605
5369 0.349116448112
5371 0.349116273735
5373 0.349115515693
5375 0.349114397845
5377 0.349107266923
5379 0.349106139661
5381 0.349093694143
5383 0.349091197507
5385 0.349090249099
5387 0.349089469361
5389 0.349089455126
5391 0.349087424416
5393 0.349085251825
5395 0.349076111657
5397 0.34907128082
5399 0.349061991677
5401 0.349057465875
5403 0.349055105187
5405 0.349055051314
5407 0.349053377355
5409 0.349053345498
5411 0.349053265161
5413 0.349053253106
5415 0.349053157516
5417 0.349053152868
5419 0.349052242643
5421 0.349051874702
5423 0.349049476361
5425 0.349049476207
5427 0.349046906816
5429 0.349043180576
5431 0.349030765719
5433 0.34903068945
5435 0.34901716203
5437 0.349014417525
5439 0.349014374592
5465 0.348405252221
5467 0.348404634615
5493 0.347930636735
5495 0.347928358073
5497 0.347923340326
5499 0.347923261595
5501 0.347923060881
5503 0.347923045942
5505 0.347915180845
5507 0.347914593351
5533 0.346219975568
5535 0.346216244819
5561 0.344730740189
5563 0.344719576688
5565 0.344716522124
5567 0.344714805815
5569 0.344714742351
5571 0.344713243962
5573 0.344707839961
5575 0.34470543638
5577 0.344703004432
5579 0.344702554794
5581 0.344700030416
5583 0.344699248425
5585 0.344699006993
5587 0.344698623466
5589 0.34468915395
5591 0.344688901078
5593 0.344679861481
5595 0.34467633117
5597 0.344664442528
5599 0.344664395803
5601 0.34465273297
5603 0.344649991847
5605 0.3446447048
5607 0.344644703578
5609 0.344644600664
5611 0.344644599853
5613 0.34464090288
5615 0.344640313382
5617 0.344639877484
5619 0.344639761578
5621 0.34463772545
5623 0.344637551415
5625 0.344636742025
5627 0.344635620672
5629 0.344628646028
5631 0.344627517262
5633 0.344615297291
5635 0.34461263854
5637 0.344611878631
5639 0.344611186764
5641 0.344611186154
5643 0.344609295661
5645 0.344607371362
5647 0.344598712109
5649 0.344594246515
5651 0.344585435404
5653 0.344581258228
5655 0.344578907585
5657 0.344578854296
5659 0.344577189611
5661 0.344577157757
5663 0.344577074359
5665 0.344577062291
5667 0.344576968541
5669 0.344576963896
5671 0.344575882318
5673 0.344575573814
5675 0.344573431644
5677 0.34457343043
5679 0.344571117613
5681 0.34456739298
5683 0.34455510056
5685 0.344555026627
5687 0.344541623494
5689 0.344538901829
5691 0.344538884821
5717 0.344101082365
5719 0.344100568505
5724 0.344045191736
5726 0.344043185485
5728 0.344037647363
5730 0.344037572043
5732 0.344037417771
5734 0.344037401212
5736 0.344029902635
5738 0.344029239836
5764 0.342578677125
5766 0.342575147664
5792 0.341316091539
5794 0.341305358596
5796 0.341301895814
5798 0.341300425721
5800 0.341300365563
5802 0.341299085622
5804 0.341293353963
5806 0.341290975835
5808 0.341288526504
5810 0.341288082537
5812 0.341285562322
5814 0.341284788052
5816 0.341284605935
5818 0.341284243863
5820 0.341275156697
5822 0.341274887272
5824 0.341266237659
5826 0.341262942914
5828 0.3412513718
5830 0.3412513304
5832 0.341239981467
5834 0.341237405667
5836 0.34123221751
5838 0.341232216864
5840 0.341232116438
5842 0.341232116023
5844 0.34122849753
5846 0.341227909251
5848 0.341227412406
5850 0.341227296315
5852 0.341225374182
5854 0.341225200572
5856 0.341224338765
5858 0.341223213963
5860 0.341216391464
5862 0.341215261391
5864 0.341203261396
5866 0.341200475558
5868 0.341199854003
5870 0.341199227535
5872 0.341199224736
5874 0.341197442736
5876 0.341195742051
5878 0.34118753786
5880 0.341183408452
5882 0.341175050056
5884 0.341171193642
5886 0.341168853953
5888 0.341168801158
5890 0.34116714548
5892 0.341167113628
5894 0.341167027967
5896 0.341167015888
5898 0.341166923311
5900 0.34116691867
5902 0.341165674279
5904 0.341165411538
5906 0.341163483882
5908 0.341163478357
5910 0.341161381544
5912 0.341157664039
5914 0.341145651159
5916 0.341145578871
5918 0.341132462873
5920 0.341129760664
5922 0.34112975709
5937 0.340928142379
5939 0.340927753809
5941 0.340915367728
5943 0.340913651936
5945 0.340907689412
5947 0.340907618724
5949 0.340907515842
5951 0.340907497115
5953 0.340900463963
5955 0.34089974726
5981 0.339678716806
5983 0.339675389162
6009 0.338625023056
6011 0.338614803825
6013 0.338611017038
6015 0.338609758428
6017 0.338609703515
6019 0.338608611008
6021 0.338602676822
6023 0.338600324336
6025 0.338597862883
6027 0.338597424513
6029 0.338594905155
6031 0.338594138694
6033 0.33859400604
6035 0.338593658899
6037 0.338584934758
6039 0.338584652929
6041 0.338576373678
6043 0.338573300126
6045 0.338562038993
6047 0.338562002459
6049 0.338550959791
6051 0.338548539763
6053 0.338543452354
6055 0.338543452003
6057 0.338543353667
6059 0.338543353451
6061 0.338539810644
6063 0.338539223416
6065 0.338538668821
6067 0.338538552588
6069 0.338536728899
6071 0.338536555743
6073 0.338535640542
6075 0.338534512328
6077 0.338527837911
6079 0.338526706712
6081 0.338514921256
6083 0.338512037298
6085 0.338511518331
6087 0.338510941062
6089 0.338510927476
6091 0.338509230343
6093 0.338507730792
6095 0.338499957246
6097 0.338496137325
6099 0.338488207711
6101 0.338484646443
6103 0.338482318262
6105 0.338482265913
6107 0.338480619162
6109 0.338480587311
6111 0.338480499929
6113 0.338480487838
6115 0.338480396012
6117 0.338480391376
6119 0.338478994552
6121 0.338478767333
6123 0.338477020014
6125 0.338477008488
6127 0.338475094241
6129 0.338471387423
6131 0.338459734149
6133 0.338459663075
6135 0.338446917079
6137 0.338444232265
6139 0.338444231749
6141 0.338430591506
6143 0.338430331817
6145 0.338418084827
6147 0.338416641955
6149 0.338410377417
6151 0.338410311695
6153 0.338410254466
6155 0.338410233273
6157 0.338403679812
6159 0.338402926063
6185 0.33738946828
6187 0.337386344217
6213 0.336521620308
6215 0.336511973984
6217 0.336507956791
6219 0.3365068807
6221 0.336506832324
6223 0.336505901381
6225 0.336499884899
6227 0.336497558176
6229 0.336495087506
6231 0.336494654669
6233 0.336492134599
6235 0.336491376027
6237 0.336491283797
6239 0.336490947091
6241 0.336482567711
6243 0.336482276646
6245 0.336474349195
6247 0.336471483243
6249 0.336460524656
6251 0.336460492561
6253 0.336449748655
6255 0.33644747537
6257 0.336442488693
6259 0.336442488496
6261 0.336442392055
6263 0.336442391942
6265 0.33643892297
6267 0.336438336702
6269 0.33643772786
6271 0.336437611507
6273 0.336435873045
6275 0.336435700351
6277 0.336434730873
6279 0.336433599264
6281 0.33642706894
6283 0.336425936783
6285 0.336414360547
6287 0.336411402066
6289 0.336410959935
6291 0.336410420037
6293 0.336410391536
6295 0.336408761524
6297 0.336407442645
6299 0.336400076667
6301 0.336396541693
6303 0.336389018234
6305 0.336385728555
6307 0.336383412246
6309 0.33638336032
6311 0.336381722511
6313 0.336381690659
6315 0.336381601927
6317 0.336381589825
6319 0.336381498479
6321 0.336381493847
6323 0.336379955962
6325 0.336379756538
6327 0.336378161407
6329 0.336378143187
6331 0.336376383841
6333 0.336372690064
6335 0.336361450068
6337 0.336361379938
6339 0.336349059843
6341 0.336346391174
6343 0.3363463781
6345 0.336332883716
6347 0.336332711919
6349 0.336320603923
6351 0.33631937349
6353 0.336312965387
6355 0.336312903499
6357 0.336312868466
6359 0.336312845175
6361 0.336306629621
6363 0.33630585076
6389 0.335474415837
6391 0.335471496681
6417 0.334767376313
6419 0.334758339018
6421 0.334754186173
6423 0.334753267924
6425 0.334753226754
6427 0.334752435342
6429 0.334746445059
6431 0.334744144171
6433 0.334741665969
6435 0.334741238607
6437 0.334738717146
6439 0.334737966533
6441 0.334737906447
6443 0.334737577052
6445 0.334729525179
6447 0.334729227265
6449 0.334721634061
6451 0.334718962877
6453 0.334708299536
6455 0.334708271479
6457 0.334697818978
6459 0.334695683896
6461 0.334690797118
6463 0.334690797002
6465 0.334690702357
6467 0.334690702296
6469 0.334687305725
6471 0.334686720363
6473 0.334686060918
6475 0.334685944453
6477 0.334684279955
6479 0.33468410772
6481 0.334683083172
6483 0.334681948179
6485 0.334675558039
6487 0.334674425079
6489 0.334663052877
6491 0.334660038895
6493 0.334659654871
6495 0.334659143613
6497 0.334659098771
6499 0.334657522453
6501 0.334656365636
6503 0.334649385423
6505 0.334646112842
6507 0.334638974142
6509 0.334635934399
6511 0.33463363023
6513 0.334633578713
6515 0.334631949905
6517 0.334631918053
6519 0.334631828229
6521 0.334631816115
6523 0.334631725071
6525 0.334631720443
6527 0.334630053255
6529 0.334629875749
6531 0.334628409538
6533 0.334628384552
6535 0.334626757132
6537 0.334623078001
6539 0.334612235365
6541 0.334612166001
6543 0.334600256363
6545 0.334597603063
6547 0.334597567085
6549 0.334584219247
6551 0.334584107055
6553 0.334572137662
6555 0.334571074081
6557 0.334564625003
6559 0.334564566226
6561 0.334564542608
6563 0.334564517479
6565 0.334558553451
6567 0.334557757032
6593 0.333882109079
6595 0.333879394596
6621 0.333311189362
6623 0.333302776676
6625 0.333298577525
6627 0.333297795773
6629 0.33329776193
6631 0.333297090991
6633 0.333291219438
6635 0.333288944421
6637 0.33328645973
6639 0.333286037784
6641 0.33328351471
6643 0.333282772114
6645 0.333282736601
6647 0.333282412333
6649 0.333274671652
6651 0.333274368675
6653 0.333267093109
6655 0.333264604585
6657 0.333254229305
6659 0.333254204912
6661 0.333244036592
6663 0.333242031636
6665 0.33323724356
6667 0.333237243487
6669 0.333237150577
6671 0.333237150544
6673 0.333233825127
6675 0.333233240631
6677 0.333232534236
6679 0.333232417666
6681 0.333230817497
6683 0.333230645719
6685 0.333229565388
6687 0.333228427014
6689 0.333222173231
6691 0.33322103961
6693 0.333209866372
6695 0.333206812096
6697 0.333206472421
6699 0.333205983293
6701 0.333205922255
6703 0.333204389406
6705 0.333203377734
6707 0.333196762674
6709 0.333193731756
6711 0.333186957574
6713 0.333184147859
6715 0.333181856041
6717 0.333181804925
6719 0.333180185196
6721 0.333180153342
6723 0.333180062611
6725 0.333180050486
6727 0.333179959626
6729 0.333179955003
6731 0.333178170222
6733 0.333178010128
6735 0.333176653529
6737 0.33317662207
6739 0.333175107425
6741 0.333171444043
6743 0.333160983695
6745 0.333160914983
6747 0.333149401084
6749 0.333146762689
6751 0.333146699476
6753 0.333133498409
6755 0.333133426348
6757 0.33312159497
6759 0.33312066362
6761 0.333114238508
6763 0.33311418234
6765 0.333114164945
6767 0.333114138175
6769 0.333108372188
6771 0.33310756231
6797 0.332562714131
6799 0.332560201937
6825 0.332105031219
6827 0.332097241602
6829 0.332093075528
6831 0.332092411626
6833 0.332092384799
6835 0.332091817694
6837 0.332086139547
6839 0.332083890402
6841 0.332081399935
6843 0.332080983348
6845 0.332078458668
6847 0.332077724134
6849 0.332077706282
6851 0.33207738561
6853 0.332069940693
6855 0.332069633984
6857 0.332062660338
6859 0.332060343051
6861 0.33205024877
6863 0.332050227691
6865 0.332040336463
6867 0.332038453991
6869 0.332033763262
6871 0.332033763214
6873 0.332033671996
6875 0.332033671977
6877 0.332030416549
6879 0.33202983289
6881 0.332029083123
6883 0.33202896645
6885 0.332027422349
6887 0.332027251021
6889 0.33202611428
6891 0.332024972525
6893 0.332018851352
6895 0.3320177172
6897 0.332006737979
6899 0.332003655491
6901 0.332003349951
6903 0.332002878059
6905 0.332002801826
6907 0.332001304621
6909 0.33200042273
6911 0.331994153336
6913 0.331991345024
6915 0.331984916214
6917 0.331982318228
6919 0.331980038937
6921 0.331979988219
6923 0.331978377653
6925 0.331978345797
6927 0.331978254292
6929 0.331978242157
6931 0.331978151402
6933 0.331978146783
6935 0.331976255785
6937 0.331976109621
6939 0.331974846549
6941 0.331974809112
6943 0.331973391219
6945 0.331969744366
6947 0.331959651996
6949 0.33195958386
6951 0.331948451655
6953 0.331945827898
6955 0.331945736806
6957 0.331932682402
6959 0.33193263711
6961 0.331920943018
6963 0.331920117412
6965 0.331913756621
6967 0.331913702684
6969 0.331913688885
6971 0.331913660631
6973 0.331908059065
6975 0.331907237337
7001 0.331470560998
7003 0.331468246392
7020 0.331240360389
7022 0.331233244664
7024 0.331229140343
7026 0.331228583818
7028 0.331228564035
7030 0.331228091297
7032 0.331222751317
7034 0.331220528021
7036 0.331218032308
7038 0.331217621025
7040 0.331215094858
7042 0.331214368428
7044 0.331214361939
7046 0.331214043791
7048 0.331206880036
7050 0.331206570587
7052 0.331199883979
7054 0.331197727154
7056 0.331187906924
7058 0.331187888831
7060 0.331178267728
7062 0.331176500517
7064 0.331171905708
7066 0.331171905674
7068 0.331171816114
7070 0.331171816103
7072 0.331168629534
7074 0.331168046686
7076 0.331167256986
7078 0.331167140214
7080 0.331165645072
7082 0.33116547419
7084 0.331164280486
7086 0.331163135345
7088 0.331157143116
7090 0.331156008549
7092 0.331145218507
7094 0.331142117359
7096 0.331141838297
7098 0.331141379931
7100 0.331141289918
7102 0.33113982234
7104 0.331139056282
7106 0.331133114126
7108 0.331130510899
7110 0.331124409339
7112 0.331122006259
7114 0.331119739649
7116 0.331119689324
7118 0.331118088004
