26 3.7753326488
52 3.65512317399
78 3.63699894955
96 3.63559317934
122 3.63261550632
148 3.54053154937
174 3.52916966816
200 3.50899494597
226 3.49856429489
252 3.49445174431
278 3.43936550169
299 3.31579486835
325 3.2855171225
327 3.2855135361
353 3.27075135959
370 3.14675035301
391 3.02298804557
393 3.02298496829
395 3.0229762689
397 3.02297453561
423 2.90237872853
436 2.77868554976
453 2.77743854811
455 2.77743485137
457 2.77742210111
483 2.65800154501
509 2.56863914093
529 2.56679873204
555 2.54488823459
557 2.54487869188
559 2.54487791271
571 2.42032335194
573 2.42032209273
575 2.42031797694
577 2.42031564023
603 2.29772537248
629 2.17718482066
636 2.1769714528
654 2.17544175287
656 2.17542732685
668 2.0510858683
694 2.01374931935
696 2.01374155492
722 1.98759510553
724 1.98758978894
750 1.86843017544
776 1.81817504031
802 1.81442206759
828 1.78542445578
830 1.78541678275
847 1.66043776253
859 1.53622343623
861 1.53622043108
863 1.53621569577
865 1.53621495333
873 1.4116554475
899 1.28803711404
901 1.28803589963
903 1.28802604829
905 1.28802577013
931 1.24431907974
957 1.23556367368
983 1.20741365179
1009 1.19814282372
1035 1.18116105152
1061 1.16063868897
1087 1.05577336954
1113 1.03682351609
1139 1.02338280109
1165 1.0080383912
1191 0.916063692518
1217 0.805420923056
1243 0.784757405653
1269 0.775652443331
1295 0.771183942039
1321 0.64843956009
1334 0.647750279312
1336 0.647738152726
1347 0.647494787557
1349 0.64749376279
1354 0.647417271438
1356 0.647417126213
1358 0.647400647917
1374 0.646986667566
1400 0.635502010306
1411 0.635270539622
1437 0.625292525441
1443 0.625195159298
1469 0.618857835317
1471 0.618857591772
1497 0.61554054048
1499 0.615539645744
1525 0.614168710106
1527 0.614167313161
1529 0.614167030989
1531 0.614166502361
1533 0.614166354491
1535 0.614166053858
1537 0.614160730761
1539 0.614160104866
1541 0.614150632175
1543 0.614150084979
1545 0.614142109292
1547 0.614134095975
1573 0.609187878763
1575 0.609181288259
1601 0.608040941767
1603 0.608036852695
1605 0.608036705158
1607 0.608036601207
1609 0.608035484441
1611 0.608035434382
1613 0.608032661601
1615 0.608031644417
1617 0.608021242744
1619 0.60801186484
1621 0.608003304902
1623 0.607995006104
1625 0.607994399862
1651 0.591103387158
1653 0.591102090273
1679 0.580753716811
1681 0.580751107261
1683 0.580734538999
1709 0.565427619846
1711 0.565423987564
1737 0.557527000998
1739 0.55752688217
1741 0.557524820079
1743 0.557524053641
1745 0.557523967726
1747 0.557523648337
1749 0.557523437739
1751 0.557522913569
1753 0.55750972612
1755 0.557509714473
1757 0.557500177075
1759 0.557500174041
1785 0.547902725074
1811 0.540816338852
1837 0.535421298958
1863 0.528502673138
1889 0.52574514237
1915 0.515813711857
1937 0.514875688831
1963 0.506403759682
1965 0.506395375481
1991 0.499581316763
2010 0.499034189985
2025 0.498556477859
2034 0.498382907915
2036 0.498370535898
2039 0.498333501584
2041 0.498321082088
2043 0.498312861421
2045 0.498306593202
2047 0.498295443038
2049 0.4982948636
2051 0.498280669251
2053 0.498280653088
2055 0.498267026003
2057 0.498262719868
2083 0.489920769607
2085 0.489907383747
2111 0.482812518778
2114 0.482776252729
2130 0.482447213493
2132 0.482447135893
2141 0.482289196653
2143 0.482288012426
2145 0.482275712371
2147 0.482275370113
2149 0.48227524855
2151 0.482275173255
2153 0.482275117455
2155 0.482275074698
2157 0.482272433095
2159 0.482272349375
2161 0.482266344951
2163 0.482266179398
2165 0.482261123375
2167 0.482257071195
2170 0.482221912925
2172 0.482218008681
2174 0.482201462303
2176 0.482199072536
2178 0.482198934227
2180 0.482198917134
2182 0.482197800408
2184 0.482197790067
2186 0.482194998856
2188 0.482194956547
2190 0.482187274237
2192 0.482181735993
2194 0.482175455197
2196 0.482170362582
2198 0.482170129658
2224 0.476156733122
2226 0.476156390544
2252 0.472599566184
2254 0.472597417892
2256 0.472588103087
2282 0.46869043744
2284 0.468689936444
2310 0.466713406337
2312 0.46671244991
2314 0.466711321699
2316 0.466711182082
2318 0.466711158249
2320 0.46671109999
2322 0.466710268745
2324 0.466710069292
2326 0.466700610159
2328 0.466700551486
2330 0.466696127309
2332 0.466696112841
2358 0.465157392609
2384 0.459623109053
2410 0.458795960823
2436 0.45348836396
2438 0.453471629642
2464 0.449787721368
2466 0.44977900906
2492 0.44631449343
2494 0.446311926042
2520 0.443390963508
2522 0.443383478629
2524 0.443369717213
2526 0.443355488289
2528 0.443345473489
2530 0.443329611733
2532 0.44332235841
2534 0.443317912517
2536 0.443314616818
2538 0.443305751134
2540 0.443305251948
2542 0.443293572984
2544 0.443293568099
2546 0.443282323651
2548 0.443278857657
2574 0.437601671191
2576 0.437589394096
2602 0.432835785719
2604 0.432818151427
2606 0.432807866672
2608 0.432807683985
2610 0.432795060165
2612 0.432794149471
2614 0.432786792585
2616 0.432786686745
2618 0.432786633056
2620 0.432786627072
2622 0.432786607211
2624 0.432786603834
2626 0.432785393809
2628 0.432785389184
2630 0.432781518222
2632 0.432781450011
2634 0.432778189804
2636 0.43277568768
2638 0.432760495488
2640 0.432758013228
2642 0.432743269908
2644 0.432741888889
2646 0.432741755017
2648 0.432741752527
2650 0.432740634019
2652 0.432740631483
2654 0.432737822653
2656 0.43273770071
2658 0.432732030462
2660 0.432728561341
2662 0.432723960822
2664 0.432720630434
2666 0.43271957897
2692 0.430726310265
2694 0.430726176889
2720 0.429544650097
2722 0.429542603097
2724 0.429536191146
2750 0.428588576885
2752 0.428588567311
2768 0.428264565036
2770 0.428261925532
2772 0.428260854994
2774 0.428260829365
2776 0.4282607657
2778 0.428260754995
2780 0.428259717176
2782 0.428259551541
2784 0.428253363965
2786 0.428253295779
2788 0.428251577252
2790 0.428251560455
2798 0.428117873788
2824 0.423609398584
2826 0.423592966253
2852 0.419336779287
2854 0.419326703502
2880 0.418095613359
2882 0.418090273158
2908 0.416688164989
2910 0.416687438228
2936 0.415377229817
2938 0.415371150895
2940 0.415359751087
2942 0.41534741441
2944 0.415339317953
2946 0.415325382326
2948 0.415321077047
2950 0.415318693481
2952 0.41531699561
2954 0.415309966929
2956 0.415309525966
2958 0.415299906473
2960 0.415299905811
2962 0.41529061528
2964 0.415287257241
2990 0.411623804479
2992 0.411611940933
3018 0.408556017302
3020 0.408539130623
3022 0.408531467304
3024 0.408531180065
3026 0.408522177374
3028 0.408521428534
3030 0.408517247797
3032 0.408517202308
3034 0.408517177725
3036 0.408517177666
3038 0.408517171314
3040 0.408517171278
3042 0.408516687997
3044 0.408516686842
3046 0.408514141393
3048 0.408514103419
3050 0.408511958974
3052 0.408510408191
3054 0.408496888176
3056 0.408495297166
3058 0.408482155199
3060 0.408481373566
3062 0.408481243543
3064 0.408481243311
3066 0.408480122444
3068 0.408480121638
3070 0.408477294957
3072 0.408476757937
3074 0.408472594771
3076 0.408470277415
3078 0.408466929852
3080 0.408464601646
3082 0.408462978548
3108 0.40782208155
3110 0.407822012937
3116 0.407728905763
3118 0.407727037505
3120 0.407721613163
3122 0.407705314079
3124 0.40770530394
3126 0.407688387034
3128 0.407685136186
3130 0.407683948809
3132 0.407683944322
3134 0.40768390117
3136 0.407683899297
3138 0.407682930866
3140 0.407682772136
3142 0.407678822093
3144 0.407678751714
3146 0.407678038711
3148 0.407678021352
3150 0.40766266147
3176 0.404004732741
3178 0.403991595496
3204 0.400603099327
3206 0.400596369257
3208 0.400579323139
3210 0.400575042413
3236 0.399832808983
3238 0.399832525813
3264 0.399073239746
3266 0.399068400652
3268 0.399058940911
3270 0.399048346337
3272 0.39904180682
3274 0.399029661453
3276 0.399027054061
3278 0.399025791767
3280 0.39902494266
3282 0.399019388551
3284 0.399018997032
3286 0.399011064423
3288 0.399011064247
3290 0.399003376865
3292 0.399000061093
3318 0.396730608634
3320 0.396719324546
3346 0.394808749376
3348 0.394793023395
3350 0.394787277193
3352 0.394786908781
3354 0.394780431568
3356 0.394779779401
3358 0.394777531856
3360 0.394777504662
3362 0.394777492807
3364 0.394777490827
3366 0.394777489193
3368 0.394777488055
3370 0.394777341207
3372 0.394777334486
3374 0.39477562154
3376 0.394775594532
3378 0.394774150957
3380 0.394773187929
3382 0.394761152886
3384 0.394760122979
3386 0.394748405382
3388 0.394747975649
3390 0.394747849018
3392 0.394747849018
3394 0.394746725367
3396 0.394746725014
3398 0.394743880472
3400 0.3947428848
3402 0.394739857502
3404 0.394738203372
3406 0.394735795236
3408 0.394734056905
3410 0.394732175298
3412 0.394715986068
3414 0.39471595457
3416 0.394698865914
3418 0.39469717921
3420 0.394691897311
3422 0.394676464377
3424 0.39467644731
3426 0.39466040364
3428 0.394657045397
3430 0.394655807434
3432 0.394655806646
3434 0.394655771384
3436 0.394655771056
3438 0.394654833959
3440 0.394654676046
3442 0.394652078335
3444 0.394652007694
3446 0.394651742737
3448 0.394651725297
3450 0.394638686543
3476 0.391793324602
3478 0.391783110178
3504 0.389147576251
3506 0.389143423205
3508 0.389136465469
3510 0.389132903312
3513 0.389097078643
3515 0.389096919093
3541 0.388526893768
3543 0.388523112436
3545 0.388515249485
3547 0.388506201028
3549 0.388500925467
3551 0.388490382817
3553 0.388488764207
3555 0.388488107187
3557 0.388487700998
3559 0.388483328749
3561 0.388482981201
3563 0.388476431464
3565 0.388476429019
3567 0.388470058278
3569 0.388466814322
3595 0.38709967877
3597 0.387089108834
3623 0.385913228958
3625 0.385898851631
3627 0.385894476127
3629 0.38589405041
3631 0.385889309991
3633 0.385888715611
3635 0.385887589621
3637 0.385887568884
3639 0.385887562742
3641 0.38588755909
3643 0.385887558856
3645 0.385887556768
3647 0.385887536374
3649 0.385887525285
3651 0.385886341718
3653 0.385886319204
3655 0.385885321408
3657 0.385884721815
3659 0.385874006735
3661 0.385873331948
3663 0.385862882372
3665 0.385862655735
3667 0.385862532109
3669 0.385862532062
3671 0.385861405266
3673 0.38586140506
3675 0.38585854272
3677 0.385857148748
3679 0.385854963553
3681 0.385853704557
3683 0.385851988724
3685 0.385850609288
3687 0.385848690021
3689 0.385833183265
3691 0.385833160925
3693 0.385816769195
3695 0.385815163648
3697 0.385809994969
3699 0.385795381609
3701 0.385795357679
3703 0.385780141095
3705 0.385776694568
3707 0.3857754367
3709 0.385775436561
3711 0.385775404658
3713 0.3857754046
3715 0.385774482838
3717 0.385774324831
3719 0.385772545545
3721 0.385772474955
3723 0.385772402027
3725 0.385772384596
3727 0.385761489647
3753 0.383641457499
3755 0.383633665773
3781 0.381630571429
3783 0.381628242007
3785 0.381623677698
3787 0.381620525438
3789 0.381607087185
3791 0.381607004106
3799 0.381477567692
3801 0.381474667211
3803 0.381468120613
3805 0.381460420913
3807 0.381456171397
3809 0.381447038616
3811 0.381446003574
3813 0.381445669945
3815 0.38144548869
3817 0.381442061865
3819 0.381441753745
3821 0.381436338507
3823 0.381436331536
3825 0.381431043109
3827 0.381427941749
3853 0.380620613509
3855 0.38061084923
3881 0.37989241097
3883 0.379879425234
3885 0.379876022667
3887 0.379875558966
3889 0.37987201036
3891 0.37987145018
3893 0.37987094204
3895 0.379870923822
3897 0.379870920338
3899 0.379870915801
3901 0.379870915801
3903 0.379870913215
3905 0.379870911414
3907 0.379870897682
3909 0.379870055469
3911 0.379870034968
3913 0.379869324707
3915 0.379868950096
3917 0.379859409004
3919 0.379858960399
3921 0.379849640265
3923 0.379849527946
3925 0.37984940698
3927 0.379849406879
3929 0.379848276611
3931 0.379848276462
3933 0.379845396401
3935 0.379843689398
3937 0.379842109847
3939 0.379841094002
3941 0.379839872635
3943 0.379838718277
3945 0.379836828511
3947 0.379821975453
3949 0.379821956435
3951 0.379806232753
3953 0.379804679138
3955 0.37979960053
3957 0.379785762772
3959 0.379785732512
3961 0.379771299442
3963 0.379767780683
3965 0.37976651673
3967 0.379766516705
3969 0.379766486373
3971 0.379766486363
3973 0.379765573122
3975 0.379765415007
3977 0.379764143706
3979 0.379764073188
3981 0.379764065515
3983 0.379764048107
3985 0.379755005701
4011 0.37822248775
4013 0.378216613258
4039 0.376722271482
4041 0.376721128223
4043 0.376716328666
4045 0.376713430915
4047 0.376700254907
4049 0.37670021006
4051 0.376682357331
4053 0.376680166059
4055 0.376674706191
4057 0.376668154297
4059 0.376664737397
4061 0.37665681575
4063 0.376656130594
4065 0.376655967203
4067 0.376655895274
4069 0.376653223005
4071 0.376652949894
4073 0.376648466101
4075 0.376648452785
4077 0.376644054883
4079 0.376641171361
4094 0.376372947369
4096 0.376364215513
4115 0.376012531504
4117 0.37600095412
4119 0.375998085974
4121 0.375997602725
4123 0.375994660218
4125 0.375994114941
4127 0.375993852342
4129 0.375993835156
4131 0.375993832962
4133 0.375993828011
4135 0.375993827892
4137 0.375993825076
4139 0.375993790796
4141 0.375993775509
4143 0.375993156811
4145 0.375993137274
4147 0.375992615354
4149 0.375992380234
4151 0.375983883751
4153 0.375983580304
4155 0.37597526657
4157 0.375975216171
4159 0.375975097553
4161 0.375975097419
4163 0.375973963364
4165 0.375973963242
4167 0.375971065532
4169 0.375969125426
4171 0.3759679818
4173 0.37596712004
4175 0.375966251703
4177 0.375965242315
4179 0.375963401136
4181 0.375949174197
4183 0.375949156964
4185 0.375934073709
4187 0.375932562929
4189 0.375927555991
4191 0.37591445232
4193 0.375914416478
4195 0.375900725752
4197 0.375897148168
4199 0.37589588432
4201 0.375895884316
4203 0.37589585481
4205 0.375895854808
4207 0.375894947196
4209 0.375894789034
4211 0.375893841319
4213 0.375893770863
4215 0.375893768449
4217 0.375893751068
4219 0.375886231801
4245 0.374802359889
4247 0.374797944935
4273 0.373695389902
4275 0.373694938342
4277 0.373689307663
4279 0.37368661977
4281 0.373672767086
4283 0.373672745858
4285 0.37365507025
4287 0.373653439745
4289 0.373648878207
4291 0.373643293899
4293 0.373640552238
4295 0.373633662009
4297 0.373633190452
4299 0.373633114719
4301 0.373633091945
4303 0.373631020209
4305 0.373630782331
4307 0.373627063787
4309 0.373627041498
4311 0.373623376943
4313 0.373620947918
4315 0.373606394631
4317 0.373598808855
4319 0.373581216085
4321 0.373571002586
4323 0.373568349293
4325 0.373567859597
4327 0.373565138537
4329 0.373564595844
4331 0.373564398204
4333 0.373564381448
4335 0.373564379909
4337 0.373564374771
4339 0.373564374471
4341 0.373564371556
4343 0.373564284465
4345 0.373564268226
4347 0.373563798296
4349 0.373563779251
4351 0.373563382737
4353 0.373563234285
4355 0.373555667613
4357 0.373555458161
4359 0.373548041482
4361 0.373548022539
4363 0.37354790598
4365 0.373547905827
4367 0.373546767689
4369 0.373546767581
4371 0.373543852289
4373 0.373541744472
4375 0.373540914879
4377 0.373540153306
4379 0.373539536882
4381 0.373538623037
4383 0.373536835068
4385 0.373523207892
4387 0.373523191984
4389 0.373508722758
4391 0.373507251583
4393 0.373502301661
4395 0.37348989288
4397 0.373489852268
4399 0.373476864986
4401 0.373473239733
4403 0.373471978799
4405 0.373471978798
4407 0.373471949802
4409 0.373471949801
4411 0.373471046622
4413 0.373470888467
4415 0.373470152198
4417 0.373470081793
4419 0.373470058656
4421 0.373470041307
4423 0.373463743425
4449 0.372710299958
4451 0.372706973513
4477 0.371898152524
4479 0.371898042255
4481 0.371891634263
4483 0.371889145276
4485 0.371874738414
4487 0.371874731806
4489 0.371857334357
4491 0.371856143523
4493 0.3718523255
4495 0.371847557532
4497 0.371845363018
4499 0.371839352417
4501 0.371839013881
4503 0.371838981762
4505 0.371838977715
4507 0.371837382426
4509 0.3718371788
4511 0.371834089509
4513 0.37183405543
4515 0.371830995434
4517 0.371829161729
4519 0.371814915606
4521 0.371808387964
4523 0.371791129004
4525 0.371782095428
4527 0.371779639005
4529 0.371779144284
4531 0.371776626089
4533 0.371776084861
4535 0.371775940597
4537 0.371775924023
4539 0.371775922829
4541 0.371775917606
4543 0.371775917151
4545 0.371775914193
4547 0.371775769924
4549 0.371775753062
4551 0.371775383838
4553 0.371775365056
4555 0.371775053471
4557 0.371774959018
4559 0.371768220216
4561 0.37176807226
4563 0.371761455389
4565 0.371761450566
4567 0.371761335798
4569 0.371761335636
4571 0.37176019313
4573 0.371760193031
4575 0.371757260223
4577 0.371755034819
4579 0.371754431672
4581 0.371753736706
4583 0.371753299911
4585 0.371752450307
4587 0.371750715926
4589 0.371737663353
4591 0.371737648604
4593 0.371723768188
4595 0.371722335121
4597 0.371717430541
4599 0.371705679642
4601 0.371705635055
4603 0.371693314455
4605 0.371689650795
4607 0.371688394093
4609 0.371688394093
4611 0.371688365468
4613 0.371688365468
4615 0.371687466265
4617 0.371687308155
4619 0.37168671346
4621 0.371686643098
4623 0.37168659018
4625 0.371686572866
4627 0.371681244877
4653 0.371165378582
4655 0.371162857309
4681 0.370570745807
4683 0.370570743924
4685 0.37056364552
4687 0.370561343408
4689 0.370546507186
4691 0.370546506833
4693 0.370529453919
4695 0.37052860424
4697 0.370525402359
4699 0.370521323752
4701 0.370519572123
4703 0.370514312839
4705 0.370514058912
4707 0.370514047281
4709 0.370514047279
4711 0.370512828692
4713 0.370512651013
4715 0.370510079749
4717 0.370510034143
4719 0.370507473231
4721 0.370506112097
4723 0.370492167903
4725 0.370486542602
4727 0.370469611168
4729 0.370461599917
4731 0.370459323933
4733 0.370458825161
4735 0.370456492862
4737 0.370455952378
4739 0.370455851215
4741 0.370455834717
4743 0.370455833711
4745 0.370455828447
4747 0.370455827878
4749 0.370455824903
4751 0.370455626796
4753 0.370455609499
4755 0.370455309605
4757 0.370455290969
4759 0.37045503788
4761 0.370454977193
4763 0.370448975643
4765 0.370448868392
4767 0.370442964769
4769 0.370442964515
4771 0.370442851288
4773 0.370442851122
4775 0.370441703973
4777 0.370441703881
4779 0.370438753613
4781 0.370436447673
4783 0.370436007998
4785 0.37043535819
4787 0.370435049362
4789 0.370434243743
4791 0.370432562111
4793 0.370420060065
4795 0.370420046394
4797 0.370406730629
4799 0.370405334693
4801 0.370400466136
4803 0.370389338126
4805 0.370389290295
4807 0.370377601587
4809 0.370373907186
4811 0.37037265538
4813 0.37037265538
4815 0.370372627067
4817 0.370372627067
4819 0.370371731701
4821 0.370371573664
4823 0.370371075923
4825 0.3703710056
4827 0.370370921897
4829 0.370370904619
4831 0.370366343021
4833 0.370351682211
4835 0.370349471294
4860 0.36988620099
4862 0.369886191173
4864 0.369879074171
4866 0.369876971023
4868 0.36986226193
4870 0.369862259482
4872 0.369845618029
4874 0.369845029365
4876 0.369842338697
4878 0.369838842368
4880 0.369837448751
4882 0.369832831823
4884 0.369832632872
4886 0.369832629869
4888 0.369832627402
