14 3.75021702634
23 3.62568672013
25 3.62568185522
27 3.62567515362
29 3.6256727663
43 3.50130717449
69 3.40640001151
71 3.40639547881
97 3.3860140839
99 3.38601272594
125 3.26373570028
151 3.15884031076
164 3.15801924074
190 3.14404479242
192 3.14403180192
211 3.02009192296
237 3.01761662587
239 3.01759948936
265 3.01503307543
267 3.01502054455
283 2.89078830391
296 2.7664355589
298 2.76642862992
300 2.76641851059
302 2.7664141381
328 2.71232940738
354 2.59006078845
380 2.56041396818
392 2.55961808192
418 2.54422606919
444 2.42586327781
470 2.30486412138
495 2.30113117114
512 2.29958090676
514 2.29956188299
540 2.17677245049
566 2.17409028063
575 2.17367124699
601 2.17090029235
603 2.17088099228
629 2.06444813492
655 2.0301720132
681 2.01657923946
707 1.9916678972
730 1.99026210864
744 1.86518284498
770 1.74294381993
772 1.74293787285
785 1.74199392379
787 1.74199201632
813 1.71176415758
839 1.61676891071
865 1.59323820857
891 1.57304561681
917 1.55595803001
943 1.48702719654
969 1.44267912306
995 1.41425998281
1021 1.38664954948
1047 1.37477719402
1073 1.37101096959
1099 1.26650896671
1125 1.26327846374
1151 1.24858387144
1177 1.24528966703
1203 1.18941304326
1229 1.10046598372
1255 1.07179010307
1281 1.04870427355
1307 1.03362137318
1327 0.909159129518
1353 0.905783795937
1355 0.905772864457
1381 0.902301432951
1383 0.902294798944
1409 0.803045019306
1435 0.783330941425
1461 0.77968945063
1463 0.779688455659
1465 0.77968779675
1467 0.779687181347
1469 0.779686977793
1471 0.779686672345
1473 0.779684498462
1499 0.775929008063
1501 0.775928772431
1517 0.775360528236
1519 0.775360523781
1521 0.775344304595
1547 0.773477823158
1549 0.773469533167
1551 0.773448119514
1553 0.77344268013
1555 0.77344019761
1581 0.771077478698
1583 0.771072650163
1609 0.768639824967
1611 0.76863628457
1613 0.768634716353
1615 0.768634422147
1617 0.768632897065
1619 0.768632756315
1621 0.768631362343
1647 0.761863072698
1650 0.761811241062
1676 0.757769551164
1678 0.757754496292
1704 0.755743826903
1706 0.755736139151
1708 0.755714060714
1710 0.755699313004
1712 0.755681097786
1714 0.755667639241
1716 0.755662500661
1742 0.752303134807
1744 0.752290256108
1770 0.748732051528
1772 0.748718894784
1777 0.748613808364
1803 0.731646451226
1805 0.731633813227
1831 0.72012030264
1833 0.720113922425
1835 0.720109986418
1838 0.720062955338
1840 0.720062760481
1842 0.720043756635
1844 0.720043693997
1870 0.708723003224
1896 0.704512019363
1922 0.696373498742
1938 0.695821946205
1964 0.690136605935
1990 0.685782761555
2016 0.668332661248
2042 0.666242658747
2068 0.656430633447
2094 0.655425180972
2120 0.651943102142
2146 0.649690574069
2172 0.646159823621
2177 0.646051644175
2203 0.642368917841
2229 0.634954372086
2255 0.629261779772
2281 0.625243979116
2307 0.623880111956
2333 0.621728645714
2335 0.621722903981
2361 0.617607692901
2363 0.617604886433
2389 0.613251843963
2391 0.613249939246
2406 0.612724645108
2408 0.612705339557
2410 0.612689907283
2412 0.61268981312
2414 0.612689749251
2416 0.612689660396
2418 0.612689640793
2420 0.612689596552
2422 0.612688908974
2424 0.612666900598
2426 0.612666896075
2428 0.6126460053
2430 0.612645957828
2432 0.61263613237
2434 0.612616445486
2436 0.612611898177
2438 0.612593566616
2440 0.612590844276
2442 0.612590679707
2468 0.610100124211
2470 0.610098810927
2496 0.607557965181
2498 0.607557113062
2500 0.607557003844
2502 0.607556914533
2504 0.607556461167
2506 0.607554428313
2508 0.607553636475
2520 0.607244096523
2522 0.607226536499
2544 0.606559642662
2546 0.606549675669
2548 0.606526118519
2550 0.606521705253
2552 0.606505718665
2554 0.606495375878
2556 0.606482274595
2558 0.60647273841
2560 0.606471156175
2586 0.603048054528
2588 0.6030399599
2614 0.599452122217
2616 0.599442373696
2618 0.599426375182
2644 0.59207403688
2646 0.59206782753
2672 0.587197774682
2674 0.58719626635
2676 0.587194478467
2678 0.587176301108
2680 0.587176260043
2682 0.587162071759
2684 0.587161341464
2710 0.584033771036
2714 0.583960860112
2740 0.581428466607
2742 0.581414596951
2768 0.579607378893
2770 0.579595602785
2796 0.573765147078
2798 0.573744963312
2824 0.570745819097
2826 0.570721681358
2852 0.567525981817
2856 0.567453303648
2882 0.564082535908
2884 0.5640612746
2910 0.560448891133
2932 0.559760155661
2936 0.559684594196
2950 0.559321234412
2952 0.559301044967
2958 0.559173676656
2960 0.559171910668
2986 0.555096599166
2988 0.555095637379
3014 0.550836979025
3016 0.550835988592
3018 0.550816849225
3020 0.550803022247
3022 0.550793531202
3024 0.550793526861
3026 0.550793520743
3028 0.550793504282
3030 0.550793502447
3032 0.550793494206
3034 0.550793096459
3036 0.550773698374
3038 0.550773692778
3040 0.550755262289
3042 0.550755160301
3044 0.550748790222
3046 0.550731904309
3048 0.550729446953
3050 0.550713716355
3052 0.550712431588
3054 0.550712418767
3080 0.54813470135
3082 0.548134330717
3108 0.545529811332
3110 0.545529673926
3112 0.545529651624
3114 0.545529640712
3116 0.545529445343
3118 0.545527770851
3120 0.545527056493
3122 0.545516964005
3124 0.54550420009
3126 0.545482033553
3128 0.545475439689
3130 0.545453523338
3132 0.545451126261
3134 0.545439512686
3136 0.545432208638
3138 0.545422764551
3140 0.54541594931
3142 0.545415704691
3168 0.542009271304
3170 0.542003913109
3196 0.538471380835
3198 0.538463536476
3200 0.538451977034
3226 0.535443839984
3228 0.535441041178
3254 0.533443595475
3256 0.533443556677
3258 0.533442035249
3260 0.533427570775
3262 0.533427421284
3264 0.533417787949
3266 0.533416633279
3292 0.532670485239
3294 0.532652549677
3320 0.531862912925
3322 0.531852786848
3333 0.531594429015
3335 0.531581763729
3361 0.529868578818
3363 0.529848800314
3387 0.529133931959
3389 0.529111106065
3415 0.526436603526
3417 0.526414216608
3443 0.52342015587
3445 0.523400026544
3471 0.520126614165
3473 0.520113571327
3475 0.520091703673
3477 0.520071663694
3479 0.520053460009
3481 0.52003051042
3483 0.520030053169
3509 0.516120949605
3511 0.516120566265
3537 0.512084342517
3539 0.51208358176
3541 0.512068108413
3543 0.512058555226
3545 0.512053397563
3547 0.512053397228
3549 0.512053396631
3551 0.512053391877
3553 0.512053391711
3555 0.512053389311
3557 0.512053074691
3559 0.512035969463
3561 0.512035953825
3563 0.512019687003
3565 0.512019560378
3567 0.512015308949
3569 0.512000794978
3571 0.511999495344
3573 0.511985966425
3575 0.511985415529
3577 0.511985324169
3603 0.509368415367
3605 0.509368305174
3631 0.506750145839
3633 0.506750145271
3635 0.506749952709
3637 0.506749735731
3639 0.506749611865
3641 0.506748511873
3643 0.506747694057
3645 0.506738663313
3647 0.506729426503
3649 0.506708805174
3651 0.50670449089
3653 0.506684094266
3655 0.506682889862
3657 0.50667442312
3659 0.506669208445
3661 0.506662384515
3663 0.506657452232
3665 0.506657443913
3691 0.503353397763
3693 0.503349656848
3719 0.499957635636
3721 0.499950857014
3723 0.499942009172
3749 0.498740596784
3751 0.498739515628
3777 0.497924585556
3779 0.49792417954
3781 0.497922547637
3783 0.497911481259
3785 0.497911305364
3787 0.49790495724
3789 0.497903631698
3791 0.497892632619
3793 0.497877023837
3795 0.497856798662
3797 0.497848047976
3799 0.497825020671
3801 0.497812283002
3805 0.497738496621
3807 0.497720034801
3809 0.497702800532
3811 0.497681596657
3837 0.495483055585
3839 0.495461725577
3865 0.492903041969
3867 0.492884522457
3893 0.49005945611
3895 0.490047278472
3897 0.490027392811
3899 0.490008396602
3901 0.489991960242
3903 0.489970105615
3905 0.489970045191
3931 0.486340352602
3933 0.486340168627
3959 0.482629748099
3961 0.482628976853
3963 0.48261637849
3965 0.482610056066
3967 0.482607782246
3969 0.482607779967
3971 0.482607779906
3973 0.482607777582
3975 0.482607777569
3977 0.482607776387
3979 0.482607488279
3981 0.482592400426
3983 0.482592380057
3985 0.482578018712
3987 0.482577882392
3989 0.482574950153
3991 0.482562446733
3993 0.482561780312
3995 0.482550117695
3997 0.482549918956
3999 0.482549813813
4025 0.4799449103
4027 0.479944875132
4053 0.477364358344
4055 0.477364310941
4057 0.477363895625
4059 0.477363483085
4061 0.477363379712
4063 0.477362511589
4065 0.477361502835
4067 0.477353438951
4069 0.47734670371
4071 0.47732751363
4073 0.477324730854
4075 0.477305742369
4077 0.477305210044
4079 0.47729901218
4081 0.47729524288
4083 0.477290298708
4085 0.477286678564
4087 0.477286379356
4113 0.474163650954
4115 0.474160900085
4141 0.470983739982
4143 0.470977546465
4145 0.470970360701
4147 0.470947737341
4149 0.4709473504
4152 0.470899048602
4154 0.470897619824
4156 0.470895783263
4158 0.470887749898
4160 0.470887621681
4162 0.470883346818
4164 0.470882122858
4166 0.47087183332
4168 0.470857840286
4170 0.470838527866
4172 0.470830968277
4174 0.470808886958
4176 0.470797245796
4178 0.470777493423
4180 0.470760388368
4182 0.470747696035
4184 0.470727953226
4210 0.469020966611
4212 0.469000594255
4238 0.466910899065
4240 0.46689413012
4266 0.464546322622
4268 0.464534942022
4270 0.464516813179
4272 0.464498783769
4274 0.464483909446
4276 0.464463072359
4278 0.464463068501
4304 0.461193939574
4306 0.461193832958
4332 0.457876998754
4334 0.4578761087
4336 0.457865737003
4338 0.457861767659
4340 0.457861129154
4342 0.457861125786
4344 0.457861125778
4346 0.457861124102
4348 0.457861124102
4350 0.457861123246
4352 0.457860843695
4354 0.457847532452
4356 0.457847510304
4358 0.457834828381
4360 0.457834688255
4362 0.457832591467
4364 0.457821794646
4366 0.457821468163
4368 0.457811390151
4370 0.457811341208
4372 0.457811272402
4398 0.455268729072
4400 0.455268716736
4426 0.45277429641
4428 0.452774133435
4430 0.452773474986
4432 0.45277294236
4434 0.452772843253
4436 0.452772075514
4438 0.452770829156
4440 0.452763643237
4442 0.452758689526
4444 0.452740824865
4446 0.45273906296
4448 0.452721379369
4450 0.452721194938
4452 0.452716637062
4454 0.452713874332
4456 0.452710281244
4458 0.452707582411
4460 0.452706761591
4486 0.449835379884
4488 0.449833258496
4514 0.446933645848
4516 0.446927759536
4518 0.446921324959
4520 0.446899578979
4522 0.446899495668
4524 0.446876020612
4526 0.446873121561
4528 0.44687121056
4530 0.446865344886
4532 0.446865233607
4534 0.446862382873
4536 0.446861204137
4538 0.446851582612
4540 0.446839030691
4542 0.446820586882
4544 0.446814070264
4546 0.446792892364
4548 0.446782290338
4550 0.446766255523
4552 0.44675038399
4554 0.446741388667
4556 0.446722980028
4582 0.445467929305
4584 0.44544845928
4610 0.443804129232
4612 0.443789142091
4638 0.441892779702
4640 0.441882152086
4642 0.441865590333
4644 0.441848479877
4646 0.441834994549
4648 0.44181512735
4650 0.441815038234
4676 0.438951220239
4678 0.438951148078
4704 0.436058999189
4706 0.436057935921
4708 0.436049266373
4710 0.436046936971
4712 0.436046914385
4714 0.436046910586
4716 0.436046910585
4718 0.43604690911
4720 0.43604690911
4722 0.436046908356
4724 0.436046631306
4726 0.436034885577
4728 0.43603486283
4730 0.436023661875
4732 0.43602352014
4734 0.436021962173
4736 0.436012616911
4738 0.436012467871
4740 0.436003738214
4742 0.436003735602
4744 0.436003710252
4770 0.43356917978
4772 0.433569174863
4798 0.431202926142
4800 0.431202614374
4802 0.431201697723
4804 0.431201098061
4806 0.431200997765
4808 0.431200274782
4810 0.431198768716
4812 0.431192378446
4814 0.431188699307
4816 0.431172062003
4818 0.431170973543
4820 0.431154499269
4822 0.431154465204
4824 0.431151096659
4826 0.431149040122
4828 0.431146420598
4830 0.431144374038
4832 0.431142954149
4858 0.428563377801
4860 0.428561672402
4886 0.425971277566
4888 0.425965539164
4890 0.425959608319
4892 0.425938283554
4894 0.42593828355
4896 0.425915234319
4898 0.425910565582
4900 0.425908634347
4902 0.425904322059
4904 0.425904217371
4906 0.425902339374
4908 0.425901183011
4910 0.425892190262
4912 0.425880921532
4914 0.425863304485
4916 0.425857698226
4918 0.42583738315
4920 0.425827734219
4922 0.425814816974
4924 0.425800087007
4926 0.425793944778
4928 0.425776773241
4954 0.424899620379
4956 0.424881041017
4982 0.423624014284
4984 0.423610760806
5010 0.422108758969
5012 0.422098854232
5014 0.422083699809
5016 0.422067477799
5018 0.422055235691
5020 0.422036308463
5022 0.422036068976
5048 0.419588370839
5050 0.4195883166
5076 0.417120168658
5078 0.417118909231
5080 0.41711152277
5082 0.417110276313
5084 0.417110087102
5086 0.417110083147
5088 0.417110083147
5090 0.41711008174
5092 0.41711008174
5094 0.417110081019
5096 0.417109804412
5098 0.417099438749
5100 0.417099415839
5102 0.417089521336
5104 0.417089378814
5106 0.417088174974
5108 0.417080067638
5110 0.41708000717
5112 0.417072427982
5114 0.417072421938
5116 0.417072420537
5142 0.414783751935
5144 0.414783749597
5170 0.41257881202
5172 0.412578331425
5174 0.412577146409
5176 0.412576509493
5178 0.412576406594
5180 0.412575703282
5182 0.412573933362
5184 0.412568262977
5186 0.412565500392
5188 0.412549999664
5190 0.412549349287
5192 0.412533995822
5194 0.412533995591
5196 0.412531492973
5198 0.41252993594
5200 0.4125280201
5202 0.41252643949
5204 0.412524421624
5230 0.410255160103
5232 0.410253740688
5258 0.407982970579
5260 0.407977293708
5262 0.407971673742
5264 0.407950744316
5266 0.407950686153
5268 0.407928040707
5270 0.407921442075
5272 0.4079195115
5274 0.40791631633
5276 0.407916214595
5278 0.407914996593
5280 0.407913854242
5282 0.4079054532
5284 0.407895327487
5286 0.407878497502
5288 0.407873685004
5290 0.407854194042
5292 0.407845430095
5294 0.407835038344
5296 0.407821377733
5298 0.407817335388
5300 0.407801322875
5302 0.40777731415
5304 0.407760359097
5330 0.406742451465
5332 0.406730886759
5358 0.405482442634
5360 0.405473294287
5362 0.405459411886
5364 0.405444125448
5366 0.405433003081
5368 0.405415064262
5370 0.405414644358
5396 0.403366949263
5398 0.403366906038
5424 0.401298487056
5426 0.401297030018
5428 0.401290595366
5430 0.401290015227
5432 0.401289101781
5434 0.401289097771
5436 0.40128909777
5438 0.401289096387
5440 0.401289096387
5442 0.401289095678
5444 0.401288818843
5446 0.40127967015
5448 0.401279647235
5450 0.401270905579
5452 0.401270762591
5454 0.401269795899
5456 0.401262747688
5458 0.401262728096
5460 0.401256133727
5462 0.40125610299
5464 0.401256094728
5490 0.399141400623
5492 0.399141399219
5518 0.397120687516
5520 0.397120025458
5522 0.397118569524
5524 0.397117911002
5526 0.397117805771
5528 0.39711711037
5530 0.397115086614
5532 0.397110066623
5534 0.397107966908
5536 0.397093518801
5538 0.397093147949
5540 0.397078833364
5542 0.397078801632
5544 0.397076932341
5546 0.397075731759
5548 0.397074326321
5550 0.397073081759
5552 0.397070506083
5578 0.395111113238
5580 0.395109898409
5606 0.393151811859
5608 0.393146155974
5610 0.39314068941
5612 0.393120141123
5614 0.393119944936
5616 0.393097692586
5618 0.393089123241
5620 0.393087201382
5622 0.393084812844
5624 0.393084712723
5626 0.393083938673
5628 0.393082807265
5630 0.393074962896
5632 0.393065855809
5634 0.393049775189
5636 0.393045653988
5638 0.393026950211
5640 0.393019066532
5642 0.393009824949
5644 0.392997226173
5646 0.392994172931
5648 0.392979290242
5650 0.392961558224
5652 0.392946047042
5678 0.392132262063
5680 0.392122179602
5706 0.391091754738
5708 0.391083318789
5710 0.391070593257
5712 0.391056196866
5714 0.391046088907
5716 0.391029093057
5718 0.391028482345
5744 0.38934652632
5746 0.389346490987
5772 0.387638797224
5774 0.387637155731
5776 0.387631412902
5778 0.387631201972
5780 0.387629205057
5782 0.387629201027
5784 0.387629201027
5786 0.387629199651
5788 0.387629199651
5790 0.387629198946
5792 0.387628921701
5794 0.387620846474
5796 0.387620823607
5798 0.38761309954
5800 0.38761295623
5802 0.387612151216
5804 0.387606012435
5806 0.387606008839
5808 0.387600260561
5810 0.387600198462
5812 0.387600150539
5838 0.385677166711
5840 0.385677165609
5866 0.383853332977
5868 0.383852482993
5870 0.383850762828
5872 0.383850090835
5874 0.383849984246
5876 0.383849291098
5878 0.383847034766
5880 0.383842601596
5882 0.383840984308
5884 0.383827511293
5886 0.383827313918
5888 0.383813962473
5890 0.38381386576
5892 0.383812461975
5894 0.383811518182
5896 0.38381048435
5898 0.383809484592
5900 0.383806409228
5926 0.382141915444
5928 0.382140852814
5954 0.380475942147
5956 0.380470295405
5958 0.380464852157
5960 0.380444680006
5962 0.380444312403
5964 0.380422451262
5966 0.380411966094
5968 0.380410056139
5970 0.38040825272
5972 0.380408153703
5974 0.380407674907
5976 0.380406553336
5978 0.380399232611
5980 0.380391033673
5982 0.380375666721
5984 0.380372146775
5986 0.380354195063
5988 0.380347116287
5990 0.380338884644
5992 0.380327269522
5994 0.380325002994
5996 0.380311170457
5998 0.380298465464
6000 0.380284252302
6020 0.379807254264
6022 0.379798482944
6048 0.378931857624
6050 0.378924108536
6052 0.378912440036
6054 0.378898911778
6056 0.378889726869
6058 0.378873652855
6060 0.378872853829
6086 0.377512528526
6088 0.377512499512
6114 0.376119497424
6116 0.376117693718
6118 0.376112439305
6120 0.376112397026
6122 0.376109121066
6124 0.37610911703
6126 0.37610911703
6128 0.376109115657
6130 0.376109115658
6132 0.376109114954
6134 0.376108837285
6136 0.376101709136
6138 0.376101686338
6140 0.376094860659
6142 0.376094717102
6144 0.376094024127
6146 0.376088669156
6148 0.376088669156
6150 0.376083650514
6152 0.376083557399
6154 0.37608344006
6180 0.374360007444
6182 0.374360006337
6208 0.37273639306
6210 0.372735354549
6212 0.37273338622
6214 0.372732705072
6216 0.372732598342
6218 0.372731904665
6220 0.372729445529
6222 0.372725541072
6224 0.372724277294
6226 0.372711707733
6228 0.372711613562
6230 0.372699155189
6232 0.372698979393
6234 0.372697919535
6236 0.37269716258
6238 0.37269640033
6240 0.372695580754
6242 0.372692070324
6268 0.37129780602
6270 0.371296860906
6296 0.369897786898
6298 0.369892154715
6300 0.369886626252
6302 0.369866831788
6304 0.369866292039
6306 0.369844826339
6308 0.369832551106
6310 0.369830654394
6312 0.369829277579
6314 0.369829179469
6316 0.36982889404
6318 0.369827781922
6320 0.36982095365
6322 0.369813564689
6324 0.369798877503
6326 0.369795879747
6328 0.369778646615
6330 0.369772317378
6332 0.369764888384
6334 0.369754202372
6336 0.369752468014
6338 0.369739627409
6340 0.369730386272
6342 0.369717449766
6344 0.369696385444
6346 0.369688783067
6372 0.368915905459
6374 0.368908835088
6376 0.368898135688
6378 0.368885476999
6380 0.36887713467
6382 0.36886198559
6384 0.368861009705
6410 0.367774993674
6412 0.367774970029
6438 0.366649373663
6440 0.366647434761
6442 0.366642509499
6444 0.366642509486
6446 0.366637885648
6448 0.36663788161
6450 0.36663788161
6452 0.366637880238
6454 0.366637880238
6456 0.366637879536
6458 0.366637601487
6460 0.366631309052
6462 0.366631286329
6464 0.366625253942
6466 0.366625110189
6468 0.366624496019
6470 0.366619819073
6472 0.366619816961
6474 0.366615429855
6476 0.366615309142
6478 0.366615098197
6504 0.365090494731
6506 0.365090493409
6532 0.363662740415
6534 0.363661518242
6536 0.36365932616
6538 0.363658638253
6540 0.363658532603
6542 0.363657837007
6544 0.363655210677
6546 0.363651781874
6548 0.363650779045
6550 0.363639046748
6552 0.363639009797
6554 0.363627379684
6556 0.363627122107
6558 0.36362631768
6560 0.363625698064
6562 0.363625135023
6564 0.363624449451
6566 0.363620568857
6592 0.36246656182
6594 0.362465710562
6620 0.361301355985
6622 0.361295753307
6624 0.361290048573
6626 0.361270637618
6628 0.36126994587
6630 0.361248883672
6632 0.361234991566
6634 0.361233108724
6636 0.361232044699
6638 0.36123194741
6640 0.36123178594
6642 0.361230683163
6644 0.361224317893
6646 0.361217651644
6648 0.361203612033
6650 0.361201067067
6652 0.361184520601
6654 0.361178903245
6656 0.361172003119
6658 0.361162213702
6660 0.361160725157
6662 0.361148838187
6664 0.361141374203
6666 0.361129817399
6668 0.3611115202
6670 0.36110493609
6696 0.360416703289
6698 0.360410259692
6700 0.360400451104
6702 0.360388605862
6704 0.360381034361
6706 0.360366753757
6708 0.360365618534
6734 0.359507959181
6736 0.359507940196
6762 0.35860497911
6764 0.358602933624
6766 0.358598212338
6768 0.358598182397
6770 0.358592233855
6772 0.358592229816
6774 0.358592229816
6776 0.358592228445
6778 0.358592228445
6780 0.358592227742
6782 0.358591949376
6784 0.358586394499
6786 0.358586371855
6788 0.358581040075
6790 0.358580896167
6792 0.358580337992
6794 0.358576249578
6796 0.358576243145
6798 0.358572404553
6800 0.358572260598
6802 0.358571938479
6828 0.357238681458
6830 0.357238679726
6856 0.35599663375
6858 0.355995237568
6860 0.355992852712
6862 0.355992159464
6864 0.355992056012
6866 0.3559913578
6868 0.355988603175
6870 0.355985601619
6872 0.355984792914
6874 0.35597383675
6876 0.355973827428
6878 0.355962965653
6880 0.355962629964
6882 0.355962016227
6884 0.355961498612
6886 0.355961082187
6888 0.355960497311
6890 0.355956308422
6916 0.355010790956
6918 0.355010016896
6944 0.354048561228
6946 0.354043007331
6948 0.354037049986
6950 0.354018030782
6952 0.35401721865
6954 0.35399657001
6956 0.353981261293
6958 0.353979392664
6960 0.353978559396
6962 0.353978462889
6964 0.353978378443
6966 0.353977284993
6968 0.353971354946
6970 0.353965334041
6972 0.353951911466
6974 0.3539497585
6976 0.353933868324
6978 0.353928890836
6980 0.35392247611
6982 0.353913506217
6984 0.353912234437
6986 0.35390122414
6988 0.353895280455
6990 0.35388494641
6992 0.353869110471
6994 0.353863413529
7003 0.353667686312
7005 0.353661857324
7007 0.353652868461
7009 0.353641833686
7011 0.353634967982
7013 0.353621556808
7015 0.353620283459
7041 0.352949109679
7043 0.352949094733
7069 0.352228592065
7071 0.352226468014
7073 0.35222185176
7075 0.352221757273
7077 0.352214569142
7079 0.352214565102
7081 0.352214565102
7083 0.352214563731
7085 0.352214563731
7087 0.352214563029
7089 0.35221428441
7091 0.352209380526
7093 0.35220935796
7095 0.352204645005
7097 0.352204500978
7099 0.352203982996
7101 0.352200406971
7103 0.352200395748
7105 0.352197035008
7107 0.352196872137
7109 0.352196428049
7135 0.351042195339
7137 0.351042192988
7163 0.349971792109
7165 0.349970235451
7167 0.349967693231
7169 0.349966995543
7171 0.349966895233
7173 0.349966194064
7175 0.349963351003
7177 0.349960732556
7179 0.34996006943
7181 0.349949832888
7183 0.34994983261
7185 0.349939683723
7187 0.349939276832
7189 0.349938806166
7191 0.349938365083
7193 0.349938056887
7195 0.349937548439
7197 0.3499331084
7223 0.349165004557
7225 0.349164295547
7251 0.348375293524
7253 0.348369808594
7255 0.348363535139
7257 0.348344916804
7259 0.348344020354
7261 0.348323795802
7263 0.348307281227
7265 0.348305427031
7267 0.348304765129
7269 0.348304669382
7271 0.348304630526
7273 0.348303546423
7275 0.348298025365
7277 0.348292580957
7279 0.34827974638
7281 0.348277932148
7283 0.34826266928
7285 0.348258296111
7287 0.348252185377
7289 0.348244003412
7291 0.348242869578
7293 0.348232706081
7295 0.348227236174
7297 0.348218030635
7299 0.348202967132
7301 0.348198074096
7303 0.348174203262
7305 0.348168950049
7307 0.348160716027
7309 0.348150452788
7311 0.348144233529
7313 0.348131653819
7315 0.348130265321
7317 0.348109010882
7319 0.348109008036
7336 0.347708089732
7338 0.347706076251
7340 0.347701387204
7342 0.347701301185
7344 0.347693893693
7346 0.347693889654
7348 0.347693889654
7350 0.347693888284
7352 0.347693888284
7354 0.347693887582
7356 0.347693608774
7358 0.347689279526
7360 0.347689257038
7362 0.347685090732
7364 0.347684946617
7366 0.347684457675
7368 0.347681328871
7370 0.347681313189
7372 0.347678369805
7374 0.347678191881
7376 0.34767762138
7402 0.346687055841
7404 0.346687052642
7430 0.345772005402
7432 0.345770304681
7434 0.34576764276
7436 0.345766941243
7438 0.345766844831
7440 0.345766140554
7442 0.345763247926
7444 0.345760972364
7446 0.345760419317
7448 0.345750850159
7450 0.345750847656
7452 0.345741360353
7454 0.345740890499
7456 0.345740527695
7458 0.345740144608
7460 0.345739916501
7462 0.345739466624
7464 0.345734827125
7475 0.345488657157
7477 0.345488059397
7503 0.344803034393
7505 0.344797725192
7507 0.344791041163
7509 0.344772897747
7511 0.344772086793
7513 0.344752363546
7515 0.344735486458
7517 0.344733646848
7519 0.344733113103
7521 0.344733018105
7523 0.344733004056
7525 0.344731929348
7527 0.344726792511
7529 0.344721863436
7531 0.344709589242
7533 0.3447080671
7535 0.344693403882
7537 0.344689579762
7539 0.344683702895
7541 0.344676251253
7543 0.344675224064
7545 0.344665850315
7547 0.344660504483
7549 0.344652310786
7551 0.344637432199
7553 0.344633246859
7555 0.344609600265
7557 0.344604872513
7559 0.344597390141
7561 0.344587842509
7563 0.344582262777
7565 0.344570457833
7567 0.344569000163
7569 0.34454949461
7571 0.344549494511
7573 0.344525487805
7575 0.344523618593
7577 0.344518810388
7579 0.344518739283
7581 0.344511466356
7583 0.344511462317
7585 0.344511462317
7587 0.344511460947
7589 0.344511460947
7591 0.344511460245
7593 0.344511181309
7595 0.344507359338
7597 0.344507336926
7599 0.344503653567
7601 0.344503509395
7603 0.344503041516
7605 0.344500303847
7607 0.344500284346
7609 0.344497706226
7611 0.344497516513
7613 0.344496820737
7639 0.343653059577
7641 0.343653055291
7667 0.342876203225
7669 0.342874376742
7671 0.342871633051
7673 0.342870928144
7675 0.342870836193
7677 0.342870128775
7679 0.342867222937
7681 0.34286525364
7683 0.342864784521
7685 0.342855834482
7687 0.342855823297
7689 0.342846950132
7691 0.34284642578
7693 0.342846147824
7695 0.3428458091
7697 0.342845642657
7699 0.342845238069
7701 0.342840405065
7703 0.342818882356
7705 0.342818392916
7714 0.342622264279
7716 0.342617281233
7718 0.34261010376
7720 0.342592539835
7722 0.342591894303
7724 0.342572779556
7726 0.342556494732
7728 0.342554669835
7730 0.342554232639
7732 0.342554138385
7734 0.342554135636
7736 0.342553070385
7738 0.342548294406
7740 0.342543826298
7742 0.342532086274
7744 0.342530815416
7746 0.342516725523
7748 0.34251338893
7750 0.342507736052
7752 0.342500947112
7754 0.342500018945
7756 0.342491366928
7758 0.342486143405
7760 0.342478841483
7762 0.342464145961
7764 0.342460572374
7766 0.342437148038
7768 0.342432899519
7770 0.342426122764
7772 0.342417239022
7774 0.342412255608
7776 0.342401172783
7778 0.342399691607
7780 0.34238034521
7782 0.342380344991
7784 0.342356521548
7786 0.342354749628
7788 0.342349832331
7790 0.342349773473
7792 0.34234262056
7794 0.342342616521
7796 0.342342616521
7798 0.342342615151
7800 0.342342615151
7802 0.342342614448
7804 0.342342335442
7806 0.342338961315
7808 0.342338938981
7810 0.342335682329
7812 0.342335538128
7814 0.342335085547
7816 0.342332690472
7818 0.342332667859
7820 0.342330409905
7822 0.342330211069
7824 0.342329395759
7850 0.341615255314
7852 0.341615249696
7878 0.340959580783
7880 0.340957647827
7882 0.3409548589
7884 0.340954150928
7886 0.340954063825
7888 0.340953353301
7890 0.340950467017
7892 0.340948770666
7894 0.340948366064
7896 0.340939990533
7898 0.340939967331
7900 0.340931664412
7902 0.340931093627
7904 0.340930884098
7906 0.34093057961
7908 0.340930461562
7910 0.34093009229
7912 0.340925083098
7914 0.340904341691
7916 0.340903929637
7918 0.34087991241
7920 0.340875230658
7922 0.340867579086
7924 0.340850605949
7926 0.340850097909
7928 0.340831602658
7930 0.34081603256
7932 0.340814222496
7934 0.340813858589
7936 0.340813765071
7938 0.340813765061
7940 0.340812709319
7942 0.340808272166
7944 0.340804216659
7946 0.340792985924
7948 0.340791930683
7950 0.340778389061
7952 0.340775484873
7954 0.340770046541
7956 0.340763859091
7958 0.340763022741
7960 0.34075503062
7962 0.340749927635
7964 0.340743412196
7966 0.340728897932
7968 0.340725852719
7970 0.340702648744
7972 0.340698836971
7974 0.34069269694
7976 0.34068442924
7978 0.340679980178
7980 0.340669570585
7982 0.340668096856
7984 0.340648909318
7986 0.340648908483
7988 0.340625267618
7990 0.340623567839
7992 0.340618550777
7994 0.340618501985
7996 0.340611456204
7998 0.340611452166
8000 0.340611452165
8002 0.340611450795
8004 0.340611450795
8006 0.340611450093
8008 0.340611171071
8010 0.340608192336
8012 0.34060817008
8014 0.340605290482
8016 0.340605146279
8018 0.340604704797
8020 0.340602610108
8022 0.34060258504
8024 0.340600608021
8026 0.34060040219
8028 0.340599476658
8030 0.340575369588
8032 0.340575348037
8034 0.340551313331
8036 0.340549584072
8038 0.340546675218
8040 0.340545971839
8042 0.340545916379
8044 0.340545197717
8046 0.340542563871
8048 0.340541110122
8050 0.340540755511
8052 0.34053291319
8054 0.340532876614
8056 0.340525103296
8058 0.340524493436
8060 0.340524335612
8062 0.340524057761
8064 0.340523975083
8066 0.340523633567
8068 0.340518506602
8070 0.340497888673
8072 0.340497531142
8074 0.340473661297
8076 0.340469216665
8078 0.340461139072
8080 0.340444737936
8082 0.340444336951
8084 0.340426441449
8086 0.3404114876
8088 0.34040969248
8090 0.34040938463
8092 0.340409291842
8094 0.340409289336
8096 0.340408243141
8098 0.340404124001
8100 0.340400438014
8102 0.340389692863
8104 0.340388822086
8106 0.340375804788
8108 0.340373283609
8110 0.34036805075
8112 0.340362409321
8114 0.340361657975
8116 0.340354269453
8118 0.340349285189
8120 0.340343463804
8122 0.340329128912
8124 0.340326539603
8126 0.340303553982
8128 0.340300139875
8130 0.340294574549
8132 0.340286878512
8134 0.340282908201
8136 0.340273126369
8138 0.340271676672
8140 0.34025264746
8142 0.340252646079
8144 0.340229186927
8146 0.340227545438
8148 0.340222437191
8150 0.34022239668
8152 0.340215446569
