18    3.75052274319
44    3.63875135042
46    3.63875008577
72    3.63137263831
74    3.63137240657
100    3.62461058034
102    3.62461058027
128    3.61612123219
154    3.49292750325
180    3.3724976711
206    3.28088827617
208    3.2808786251
210    3.2808715603
221    3.28048887022
247    3.26047989796
249    3.26047169921
263    3.13604316882
265    3.13604316882
267    3.13604277785
292    3.01247532117
318    2.89026686245
333    2.76674873884
335    2.76674061352
337    2.76673495606
339    2.76672690591
341    2.76672172012
343    2.76671777858
358    2.64287831193
360    2.64287831193
362    2.64287406511
378    2.51872229411
404    2.48969642585
430    2.36737373827
432    2.36737372593
434    2.3673737195
460    2.34460947611
468    2.34442544912
470    2.34442500423
496    2.22321978379
498    2.22321978379
509    2.22277550456
535    2.10189140825
545    1.97956801257
571    1.90633644407
590    1.90500955429
592    1.90499970918
594    1.90499849109
620    1.87818273928
622    1.87817034868
648    1.78297506923
650    1.78297506923
676    1.76472656609
699    1.64100105015
725    1.52430500967
751    1.45605036658
753    1.45604494974
755    1.45604130876
781    1.45277290229
807    1.42470816746
809    1.42470380023
835    1.30230201653
837    1.30230201653
850    1.30173130426
876    1.18602189553
902    1.16237920117
922    1.03972141576
948    1.03512864873
954    1.03504650915
980    1.01532335634
982    1.01531891381
984    1.01531162264
1000    0.891551097581
1002    0.891551097581
1004    0.891546239722
1030    0.769844559578
1056    0.653198418863
1082    0.549900077161
1096    0.549228158707
1098    0.549218275624
1124    0.545913321492
1150    0.532963042286
1152    0.532956611247
1178    0.463184935995
1180    0.463184879725
1206    0.433070227138
1208    0.433068247078
1221    0.432790618627
1223    0.432790574577
1225    0.432779783061
1227    0.432779780272
1253    0.42692720546
1255    0.426926294113
1281    0.420129935677
1283    0.420129888018
1285    0.420116955234
1311    0.416458359683
1313    0.416454977613
1315    0.416452480152
1317    0.416441905829
1342    0.415750313619
1344    0.415744634486
1346    0.415743712579
1348    0.415743712229
1350    0.415741881858
1352    0.415741241429
1354    0.415735357454
1356    0.415735101207
1358    0.415731944376
1360    0.415729731062
1362    0.415725485566
1364    0.415725357055
1366    0.415723786806
1368    0.415722230086
1370    0.415722230021
1372    0.415715813063
1374    0.415714128519
1400    0.399478357237
1403    0.39945319973
1405    0.399452589405
1407    0.399452270101
1433    0.388322863419
1435    0.388313920323
1437    0.388311670135
1439    0.388311147314
1441    0.388311147191
1443    0.388304143616
1445    0.388304114527
1447    0.388303513213
1473    0.380524389919
1475    0.380517134645
1477    0.380511008835
1479    0.380510936132
1505    0.378236348564
1507    0.378224993018
1533    0.37542052655
1535    0.375420521917
1560    0.374712828525
1562    0.374712817484
1565    0.374688221837
1591    0.365083566166
1593    0.365081840172
1595    0.365080672734
1597    0.365070503164
1623    0.361807756162
1625    0.361803686344
1628    0.361775774042
1630    0.36177577268
1632    0.361775630269
1634    0.361767928077
1660    0.346628936827
1662    0.346628322028
1664    0.346623494235
1666    0.346619253934
1692    0.335064387829
1694    0.335064233705
1696    0.335063416933
1698    0.335062408901
1700    0.335062408762
1702    0.335062367489
1704    0.335062203192
1706    0.335049184239
1730    0.334183965738
1732    0.334179997
1734    0.334176743787
1736    0.334166267156
1738    0.334154902711
1740    0.33415156203
1766    0.324151705989
1768    0.324151640271
1794    0.320158021089
1796    0.320156954844
1798    0.320151687931
1800    0.32015168532
1802    0.320146958366
1804    0.320146894841
1830    0.315160768581
1832    0.315159083713
1858    0.309008360237
1860    0.309007152651
1862    0.308995883626
1864    0.308983801813
1866    0.308982456696
1868    0.308981463186
1870    0.308972298735
1872    0.30896104199
1874    0.308957323062
1876    0.308956162566
1878    0.308956162216
1880    0.308954549342
1882    0.308952581271
1884    0.308949420201
1886    0.308949336162
1888    0.308947728615
1890    0.308946601187
1892    0.308944344283
1894    0.308944303003
1896    0.308943493158
1898    0.308943488665
1900    0.308943488482
1902    0.308935528007
1904    0.308933036758
1930    0.301606376087
1932    0.301599155001
1934    0.301598388696
1936    0.301597989227
1962    0.296901409437
1964    0.29689559078
1966    0.296892422605
1968    0.296891553209
1970    0.296891553086
1972    0.296885483834
1974    0.296884618405
1976    0.296884515859
2002    0.296251923007
2004    0.29624738909
2006    0.296243560155
2008    0.296243560098
2010    0.296232538719
2012    0.296223828587
2014    0.29621978852
2016    0.296219783716
2018    0.296209363881
2020    0.296208305303
2022    0.296199287597
2048    0.29507740957
2050    0.295076774977
2052    0.295076345503
2054    0.295068408549
2070    0.294805203783
2072    0.294802025998
2074    0.294793846443
2076    0.294793841826
2078    0.294792173179
2080    0.294788357472
2106    0.286670929779
2108    0.2866706112
2110    0.286669395813
2112    0.286668330162
2138    0.280802372117
2140    0.280802323624
2142    0.280802212212
2144    0.280801591749
2146    0.280801591619
2148    0.280801458319
2150    0.280801416776
2152    0.280791422682
2154    0.280787040387
2156    0.280784708455
2158    0.280782796562
2160    0.280774913882
2162    0.280770775773
2164    0.280768669499
2190    0.279662957334
2192    0.279662910189
2217    0.279151229979
2219    0.279150457111
2221    0.279149000393
2223    0.279148974066
2225    0.279147667945
2227    0.279147555187
2253    0.275251181994
2255    0.275248787099
2281    0.270027704178
2283    0.270025536867
2285    0.270016092908
2287    0.270005398886
2289    0.270004716804
2291    0.27000421296
2293    0.269996511275
2295    0.269986569242
2297    0.269983740015
2299    0.269982454035
2301    0.269982453686
2303    0.26998094257
2305    0.269978065041
2307    0.269976360433
2309    0.26997632904
2311    0.269975294869
2313    0.269974569488
2315    0.269973370281
2317    0.269973355401
2319    0.269972827838
2321    0.269972232776
2323    0.269972232493
2325    0.269963746958
2327    0.269959962141
2353    0.266997659599
2355    0.266992960449
2357    0.266992356501
2359    0.266992042199
2385    0.265146285706
2387    0.265142510802
2389    0.2651390467
2391    0.265137843941
2393    0.265137843819
2395    0.26513246776
2397    0.265130459747
2399    0.265130428921
2401    0.265118788571
2403    0.265115971264
2405    0.265113591919
2407    0.265113585757
2409    0.265103595446
2411    0.265096979173
2413    0.265093608967
2415    0.265093604871
2417    0.265084234701
2419    0.265082136753
2421    0.265075206279
2424    0.265049470143
2426    0.26504924935
2428    0.265049099916
2430    0.265043046463
2432    0.265031037592
2434    0.26502856818
2436    0.265022127965
2438    0.26502212051
2440    0.265017079366
2442    0.265014994472
2468    0.261133476498
2470    0.261133293909
2472    0.261133115708
2474    0.261132959603
2500    0.258376071957
2502    0.258376059922
2504    0.258374824334
2506    0.258374371502
2508    0.258374371381
2510    0.258374167213
2512    0.258373836197
2514    0.258366188036
2516    0.258363817641
2518    0.258362408004
2520    0.258361252197
2522    0.258355325127
2524    0.258353056948
2526    0.258351674967
2528    0.258344951588
2530    0.25834492127
2532    0.258333150065
2534    0.258332491151
2536    0.258332429544
2538    0.258332386412
2540    0.258332330989
2542    0.258332194899
2568    0.255522759549
2570    0.255519870302
2596    0.251299758575
2598    0.251296964201
2600    0.251289230909
2602    0.251279766559
2604    0.251279352767
2606    0.251279047097
2608    0.251272728717
2610    0.251263946789
2612    0.251261555066
2614    0.251260205816
2616    0.251260205467
2618    0.251258744602
2620    0.251255366569
2622    0.251254443245
2624    0.251254430657
2626    0.251253634362
2628    0.2512530758
2630    0.251252439767
2632    0.251252434149
2634    0.251252023726
2636    0.251250209584
2638    0.251250209236
2640    0.251241894815
2642    0.251236967932
2668    0.250091894436
2670    0.250088850472
2672    0.250088406487
2674    0.250088175607
2700    0.24938296387
2702    0.249380528079
2704    0.24937701188
2706    0.249375508293
2708    0.249375508171
2710    0.249370655463
2712    0.249367549619
2714    0.249367532072
2716    0.249356906143
2718    0.249355065688
2720    0.249353511305
2722    0.249353500334
2724    0.249344444252
2726    0.249339151671
2728    0.249336353234
2730    0.249336349744
2732    0.24932791178
2734    0.249325313809
2736    0.249320047218
2738    0.249307864088
2740    0.249307758469
2742    0.249307686981
2744    0.24930308421
2746    0.249291477059
2748    0.249289318087
2750    0.249283602433
2752    0.249283592969
2754    0.249275599886
2756    0.249274227203
2782    0.247522453872
2784    0.247522340284
2786    0.247522338759
2788    0.247522337424
2814    0.246267917369
2816    0.246267916091
2818    0.246265460582
2820    0.246265085613
2822    0.246265085501
2824    0.24626483721
2826    0.246264123528
2828    0.246258263583
2830    0.246256308698
2832    0.246255424948
2834    0.246254700327
2836    0.246250248218
2838    0.246248365837
2840    0.246247415028
2842    0.246241335256
2844    0.246241305491
2846    0.246230365801
2848    0.246229755826
2850    0.246229457147
2852    0.246229406154
2854    0.246229139967
2856    0.24622899476
2882    0.244346605164
2884    0.244343493213
2910    0.241044437856
2912    0.241041271359
2914    0.241035067481
2916    0.241026691765
2918    0.241026399268
2920    0.241026183209
2922    0.241021109204
2924    0.241013351606
2926    0.241011191521
2928    0.241009811189
2930    0.241009810842
2932    0.241008376401
2934    0.241004748215
2936    0.241004245001
2938    0.241004239751
2940    0.241003551126
2942    0.241003068075
2944    0.241002731794
2946    0.241002729676
2948    0.241002372093
2950    0.240999390697
2952    0.240999390309
2954    0.240991550126
2956    0.240985828252
2982    0.240550563588
2984    0.240548601897
2986    0.2405482631
2988    0.240548086983
2990    0.240535246922
2992    0.240533698686
2994    0.24053045994
2996    0.240528695352
2998    0.240528695232
3000    0.240524242611
3002    0.240520216253
3004    0.24052020148
3006    0.240510502604
3008    0.240509233507
3010    0.240508161657
3012    0.240508148951
3014    0.240499939987
3016    0.24049550739
3018    0.240493195856
3020    0.24049319288
3022    0.240485583693
3024    0.240482758527
3026    0.240478755433
3028    0.24046711484
3030    0.24046704858
3032    0.240467003731
3034    0.240463502457
3036    0.240452417789
3038    0.240450403923
3040    0.240444868221
3042    0.240444857505
3044    0.240434897
3046    0.240433786082
3072    0.239666623202
3074    0.239666547315
3076    0.239666524273
3078    0.239666504101
3104    0.239101236718
3106    0.239101236491
3108    0.239097947315
3110    0.239097610153
3112    0.239097610049
3114    0.239097336406
3116    0.239096285089
3118    0.239091789174
3120    0.239090176923
3122    0.239089578811
3124    0.2390890884
3126    0.239085748503
3128    0.2390841857
3130    0.239083479921
3132    0.239077985508
3134    0.239077956266
3136    0.239067784152
3138    0.239067199008
3140    0.239065847068
3142    0.239065792471
3144    0.23906458677
3146    0.239064438239
3172    0.237886786086
3174    0.237883699101
3200    0.235354095873
3202    0.235350713838
3204    0.235345825157
3206    0.235338412579
3208    0.235338181366
3210    0.235338010589
3212    0.23533401115
3214    0.235327158152
3216    0.235325130534
3218    0.235323735494
3220    0.235323735148
3222    0.235322315902
3224    0.235318572722
3226    0.235318296115
3228    0.235318294189
3230    0.23531765765
3232    0.23531721113
3234    0.235317034204
3236    0.235317033574
3238    0.235316701367
3240    0.235312822237
3242    0.235312821835
3244    0.235305857184
3246    0.235299693979
3248    0.235287029479
3250    0.235285793872
3252    0.235285563321
3254    0.235285443472
3256    0.235273049624
3258    0.235272075728
3260    0.235269074235
3262    0.235267089263
3264    0.235267089144
3266    0.235262945636
3268    0.235258198534
3270    0.235258184127
3272    0.235249331757
3274    0.2352484066
3276    0.235247625225
3278    0.235247611953
3280    0.235240171317
3282    0.235236311404
3284    0.235234413317
3286    0.23523441078
3288    0.235227538948
3290    0.235224626051
3292    0.23522158245
3294    0.235210572281
3296    0.235210521492
3298    0.235210487115
3300    0.235207822827
3302    0.235197343558
3304    0.235195404039
3306    0.235189755657
3308    0.235189744236
3310    0.23517870814
3312    0.235177652263
3325    0.235008508437
3327    0.2350084555
3329    0.235008426539
3331    0.235008401186
3341    0.234884718846
3343    0.234884715787
3345    0.234881371145
3347    0.234881052661
3349    0.234881052564
3351    0.234880764924
3353    0.234879451709
3355    0.234875996882
3357    0.234874667587
3359    0.234874230862
3361    0.234873872782
3363    0.234871371163
3365    0.234870073411
3367    0.234869512224
3369    0.234864550144
3371    0.2348645214
3373    0.234855058192
3375    0.234854489212
3377    0.234851913315
3379    0.234851856568
3381    0.234849559643
3383    0.234849409617
3409    0.234161700845
3411    0.234158821257
3437    0.23223420688
3439    0.232230699227
3441    0.232226906443
3443    0.232220345673
3445    0.232220148913
3447    0.2322200036
3449    0.232216901959
3451    0.23221084789
3453    0.232208902737
3455    0.232207501378
3457    0.232207501033
3459    0.232206091659
3461    0.232202302996
3463    0.232202149151
3465    0.232202148528
3467    0.232201538815
3469    0.232201111107
3471    0.232201018718
3473    0.232201018596
3475    0.23220069933
3477    0.232196276307
3479    0.232196275912
3481    0.232190152629
3483    0.232183916161
3485    0.232171688652
3487    0.232170909103
3489    0.23217070709
3491    0.232170602076
3493    0.232158641051
3495    0.23215802758
3497    0.232155130004
3499    0.23215296261
3501    0.232152962492
3503    0.232149060039
3505    0.232143771939
3507    0.232143757293
3509    0.232135677337
3511    0.232134965322
3513    0.232134363962
3515    0.232134350482
3517    0.232127606768
3519    0.232124136784
3521    0.232122588615
3523    0.232122586453
3525    0.232116371071
3527    0.232113437424
3529    0.232111122873
3531    0.232100888734
3533    0.232100844793
3535    0.23210081505
3537    0.232098787059
3539    0.232089051718
3541    0.232087155354
3543    0.232081150326
3545    0.232081138902
3547    0.232070268785
3549    0.2320691232
3551    0.232058199454
3553    0.232058161186
3555    0.232058148717
3557    0.232058137802
3559    0.232045602074
3561    0.232045594985
3563    0.232042464805
3565    0.232042155484
3567    0.232042155393
3569    0.232041860219
3571    0.232040356727
3573    0.232037697077
3575    0.232036601663
3577    0.232036259678
3579    0.232035979281
3581    0.232034109043
3583    0.232033031301
3585    0.232032558374
3587    0.232028080329
3589    0.232028052065
3591    0.232019243877
3593    0.232018687974
3595    0.232015112321
3597    0.232015053744
3599    0.232011865903
3601    0.23201171472
3624    0.231690782703
3626    0.231688259996
3652    0.230202906274
3654    0.230199319901
3656    0.230196449133
3658    0.230190641599
3660    0.230190467055
3662    0.230190338164
3664    0.230187992898
3666    0.230182644483
3668    0.230180757398
3670    0.230179354129
3672    0.230179353787
3674    0.23017795178
3676    0.230174152634
3678    0.230174065692
3680    0.23017406545
3682    0.23017347066
3684    0.230173053419
3686    0.230173005722
3688    0.230173005707
3690    0.230172693578
3692    0.23016804837
3694    0.230168047983
3696    0.230162437145
3698    0.23015625843
3700    0.230144454618
3702    0.230143961649
3704    0.23014376944
3706    0.230143669522
3708    0.230132127663
3710    0.230131740518
3712    0.230128910867
3714    0.230126594836
3716    0.23012659472
3718    0.230122881889
3720    0.230117199964
3722    0.230117184957
3724    0.230109809455
3726    0.230109233291
3728    0.230108746666
3730    0.230108733073
3732    0.230102621538
3734    0.230099422494
3736    0.230098169376
3738    0.230098167533
3740    0.230092536977
3742    0.230089613876
3744    0.23008785349
3746    0.230078409971
3748    0.230078369428
3750    0.230078341984
3752    0.230076797892
3754    0.230067819919
3756    0.230065952809
3758    0.230059555448
3760    0.230059544288
3762    0.230049229444
3764    0.230047963744
3766    0.23003735721
3768    0.230037327451
3770    0.230037324029
3772    0.230037321034
3774    0.230025126777
3776    0.230025116254
3778    0.230022146129
3780    0.230021841151
3782    0.230021841067
3784    0.230021541928
3786    0.230019905762
3788    0.230017853967
3790    0.230016951955
3792    0.230016667558
3794    0.230016434383
3796    0.230015039265
3798    0.230014144237
3800    0.230013726781
3802    0.230009688741
3804    0.230009660939
3806    0.230001458201
3808    0.230000915118
3810    0.229996893176
3812    0.229996832392
3814    0.229993246999
3816    0.229993094074
3818    0.229984702532
3820    0.229982699176
3846    0.228759750163
3848    0.228756101293
3850    0.228754056703
3852    0.228748915209
3854    0.228748758356
3856    0.228748642542
3858    0.22874697477
3860    0.228742249643
3862    0.228740412009
3864    0.228739009252
3866    0.228739008912
3868    0.228737613114
3870    0.228733820928
3872    0.22873377074
3874    0.228733770619
3876    0.228733185029
3878    0.22873277424
3880    0.228732750041
3882    0.228732750041
3884    0.228732442299
3886    0.228727756745
3888    0.228727756366
3890    0.228722493044
3892    0.228716407736
3894    0.228705014196
3896    0.228704701517
3898    0.228704514169
3900    0.228704416778
3902    0.228693280549
3904    0.228693035671
3906    0.228690263723
3908    0.2286878282
3910    0.228687828084
3912    0.228684265663
3914    0.228678304545
3916    0.228678289187
3918    0.228671555922
3920    0.228671068637
3922    0.228670657078
3924    0.228670643389
3926    0.2286651053
3928    0.228662098176
3930    0.228661092789
3932    0.228661091218
3934    0.228655982042
3936    0.228653083906
3938    0.228651744854
3940    0.228643030807
3942    0.228642992193
3944    0.228642966055
3946    0.228641790063
3948    0.228633510626
3950    0.228631666581
3952    0.228624944627
3954    0.228624933723
3956    0.22861506987
3958    0.228613707445
3960    0.228603410767
3962    0.228603385862
3964    0.228603385559
3966    0.228603385294
3968    0.228591524153
3970    0.228591511079
3972    0.228588661129
3974    0.22858835805
3976    0.228588357972
3978    0.228588056815
3980    0.228586331037
3982    0.228584744364
3984    0.228584002295
3986    0.228583753982
3988    0.228583550396
3990    0.228582512415
3992    0.22858176917
3994    0.228581387461
3996    0.228577749277
3998    0.228577721924
4000    0.228570079002
4002    0.228569551016
4004    0.228566039994
4006    0.228565975753
4008    0.228562845597
4010    0.228562689165
4012    0.228557677421
4014    0.228556088261
4040    0.227552898624
4042    0.227549223957
4044    0.227547760067
4046    0.227543207545
4048    0.227543061181
4050    0.227542953122
4052    0.22754176156
4054    0.227537586991
4056    0.227535782326
4058    0.227534381492
4060    0.227534381154
4062    0.227532991064
4064    0.227529214495
4066    0.227529184712
4068    0.227529184633
4070    0.227528605456
4072    0.227528199163
4074    0.227528187212
4076    0.227528187209
4078    0.227527882548
4080    0.22752325359
4082    0.227523253218
4084    0.227518251622
4086    0.227512268889
4088    0.227501272393
4090    0.22750107332
4092    0.227500889444
4094    0.227500793859
4096    0.227490049996
4098    0.227489894667
4100    0.227487177173
4102    0.227484646765
4104    0.227484646651
4106    0.227481204528
4108    0.227475050908
4110    0.227475035237
4112    0.227468887341
4114    0.2274684596
4116    0.22746809833
4118    0.227468084539
4120    0.227463066609
4122    0.227460198082
4124    0.227459399676
4126    0.227459398337
4128    0.227454754324
4130    0.227451887714
4132    0.227450869063
4134    0.227442827957
4136    0.227442790628
4138    0.227442765359
4140    0.227441869447
4142    0.227434234203
4144    0.227432410523
4146    0.227425422744
4148    0.22742541209
4150    0.227415917373
4152    0.227414477931
4154    0.227404483542
4156    0.227404461505
4158    0.227404461299
4160    0.227404461118
4162    0.227392924721
4164    0.227392909862
4166    0.22739015059
4168    0.227389848191
4170    0.227389848119
4172    0.227389545999
4174    0.227387761567
4176    0.227386531214
4178    0.227385921395
4180    0.227385696287
4182    0.227385511728
4184    0.227384741846
4186    0.227384124704
4188    0.22738376655
4190    0.227380491618
4192    0.227380464702
4194    0.227373339589
4196    0.22737282067
4198    0.227369767108
4200    0.227369700881
4202    0.227366978251
4204    0.227366820073
4206    0.2273641518
4208    0.227362892496
4234    0.226542333101
4236    0.22653865317
4238    0.226537599806
4240    0.226533568072
4242    0.226533428469
4244    0.226533325408
4246    0.22653247039
4248    0.226528782131
4250    0.226527001679
4252    0.226525603658
4254    0.226525603322
4256    0.226524218749
4258    0.226520462076
4260    0.226520443773
4262    0.226520443711
4264    0.226519869573
4266    0.226519466815
4268    0.226519461159
4270    0.226519461151
4272    0.226519158953
4274    0.226514636009
4276    0.226514635644
4278    0.226509849436
4280    0.226503971119
4282    0.226493358725
4284    0.226493231387
4286    0.226493050557
4288    0.226492956555
4290    0.226482592109
4292    0.226482493241
4294    0.226479828843
4296    0.226477224014
4298    0.226477223901
4300    0.226473878802
4302    0.226467597032
4304    0.226467581085
4306    0.226461966641
4308    0.226461579647
4310    0.22646125279
4312    0.226461238888
4314    0.226456692762
4316    0.226453926386
4318    0.226453299934
4320    0.226453298792
4322    0.226449070102
4324    0.226446237959
4326    0.226445462989
4328    0.226438042587
4330    0.226438006256
4332    0.226437981662
4334    0.226437298906
4336    0.226430257662
4338    0.226428453221
4340    0.226421249924
4342    0.226421239513
4344    0.22641204931
4346    0.226410549046
4348    0.226400849254
4350    0.226400828955
4352    0.226400827439
4354    0.226400826112
4356    0.226389606101
4358    0.226389590024
4360    0.226386899444
4362    0.226386597145
4364    0.226386597077
4366    0.226386294566
4368    0.226384473231
4370    0.226383516216
4372    0.226383015707
4374    0.22638280586
4376    0.226382633818
4378    0.226382064872
4380    0.226381552499
4382    0.226381210209
4384    0.226378265148
4386    0.226378238658
4388    0.226371592657
4390    0.226371079944
4392    0.226368434386
4394    0.22636836688
4396    0.226366007677
4398    0.226365848564
4400    0.226364682072
4402    0.226363685127
4428    0.225693967723
4430    0.22569029413
4432    0.225689532587
4434    0.225685961355
4436    0.225685826516
4438    0.22568572698
4440    0.225685111018
4442    0.22568185232
4444    0.225680091423
4446    0.225678696818
4448    0.225678696484
4450    0.225677317393
4452    0.22567358271
4454    0.225673570974
4456    0.225673570918
4458    0.225673001138
4460    0.225672601435
4462    0.22567259894
4464    0.225672598927
4466    0.225672298901
4468    0.225667905757
4470    0.2256679054
4472    0.225663308323
4474    0.225657534199
4476    0.225647293298
4478    0.225647211375
4480    0.225647033428
4482    0.225646940926
4484    0.225636943291
4486    0.225636880097
4488    0.225634267947
4490    0.225631605531
4492    0.225631605419
4494    0.22562833926
4496    0.225621976538
4498    0.225621960346
4500    0.225616832002
4502    0.225616473435
4504    0.225616170587
4506    0.225616156567
4508    0.225612038365
4510    0.225609348992
4512    0.22560886444
4514    0.225608863467
4516    0.225605005897
4518    0.225602209502
4520    0.225601619886
4522    0.225594771951
4524    0.225594736488
4526    0.225594712482
4528    0.225594191988
4530    0.22558769841
4532    0.225585912786
4534    0.225578536616
4536    0.225578526443
4538    0.225569589498
4540    0.225568041495
4542    0.225558628566
4544    0.225558609339
4546    0.225558605975
4548    0.22555860303
4550    0.225547691114
4552    0.225547674213
4554    0.225545035841
4556    0.225544733387
4558    0.225544733325
4560    0.225544430736
4562    0.225542587569
4564    0.225541840558
4566    0.225541430348
4568    0.225541230749
4570    0.225541067112
4572    0.225540648481
4574    0.225540223145
4576    0.22553989179
4578    0.225537246163
4580    0.22553722009
4582    0.225531017545
