22    3.50097184011
48    3.39050809025
74    3.33404186337
91    3.20993181068
117    3.20146430678
143    3.0793462766
169    3.04597754373
195    2.98929259445
221    2.93393422244
247    2.81333736232
273    2.78569543142
299    2.69725114537
325    2.63103015601
351    2.52687859088
377    2.40516998573
403    2.28675069719
429    2.26895918497
444    2.14700615171
470    2.13682967977
496    2.00458360007
522    1.89958898226
538    1.77545625498
540    1.77544813102
566    1.73993493456
592    1.6967620051
618    1.55555803487
644    1.44934459054
670    1.36074310117
672    1.36073475872
698    1.24010523395
724    1.22288594588
750    1.1584174294
776    1.09067700397
802    1.07074259693
828    1.04932222293
854    1.02135710226
880    0.955208043727
906    0.844780101404
932    0.533705293785
958    0.508024275294
984    0.477922630355
986    0.477919679
1012    0.475535745236
1038    0.464349871311
1040    0.464348020774
1042    0.464346088492
1044    0.464345794734
1070    0.454674462536
1096    0.446707080022
1122    0.435348206074
1124    0.435342348249
1150    0.432455709481
1176    0.431340462809
1202    0.418730394349
1228    0.41330042545
1230    0.413293816463
1236    0.413207203153
1246    0.413051229246
1248    0.413051227942
1274    0.411690113035
1288    0.411383658298
1314    0.409781123431
1316    0.409781123142
1318    0.409780716997
1344    0.400687293859
1370    0.392201592449
1396    0.387688184441
1421    0.38656740751
1447    0.381413557628
1449    0.381413296746
1451    0.381413247747
1477    0.379541080462
1503    0.366020650198
1529    0.355972501084
1555    0.347670308108
1581    0.342343484239
1607    0.33294814918
1633    0.314729066981
1659    0.290512946119
1685    0.277149885955
1711    0.272655915141
1737    0.266599713286
1739    0.266598434287
1747    0.266474512166
1773    0.263484491723
1775    0.263484294845
1777    0.263484158587
1779    0.263484152668
1805    0.258716551728
1831    0.255604801936
1857    0.253325254769
1859    0.253324349249
1880    0.252943172923
1882    0.252939559781
1908    0.247175025404
1934    0.24564264638
1936    0.245642025141
1938    0.245638580014
1940    0.245635627684
1942    0.245635627477
1959    0.245332115861
1961    0.245320979864
1963    0.245312726354
1965    0.245312723594
1967    0.24531272171
1993    0.242959924724
2019    0.239298146688
2045    0.236773117032
2047    0.236767921589
2066    0.236337951796
2068    0.236337951165
2070    0.236337945172
2096    0.235763034947
2122    0.229882918919
2148    0.227881843546
2174    0.223453879227
2200    0.22177597398
2226    0.218651909197
2252    0.209894986573
2278    0.198530892579
2304    0.193937612603
2330    0.192357212158
2356    0.190417609489
2358    0.190416503884
2360    0.190404275927
2386    0.189401001366
2388    0.189400971116
2390    0.189400970768
2392    0.189400970712
2418    0.186521987598
2444    0.184817284053
2470    0.184220879479
2472    0.184220530884
2474    0.184212554096
2476    0.184211577866
2502    0.180920455959
2524    0.180480266826
2526    0.180480046571
2528    0.180477359547
2530    0.180476360612
2532    0.180476360552
2534    0.180463226215
2536    0.180453355516
2538    0.180450505698
2540    0.18045050217
2542    0.18045050126
2568    0.179661855365
2594    0.177287730804
2620    0.175443722871
2622    0.17544209696
2624    0.175432844911
2626    0.175432844687
2628    0.17543284401
2630    0.175419885365
2656    0.171614924386
2680    0.171086396913
2706    0.16854269163
2732    0.167856086298
2758    0.166613046414
2784    0.161188144404
2810    0.154027493912
2836    0.151824223646
2862    0.151204227034
2888    0.150484445984
2890    0.150483379768
2892    0.150472383322
2909    0.150178124672
2911    0.150178116583
2913    0.150178115973
2915    0.150178115737
2941    0.148289051099
2967    0.1473660573
2969    0.147354717183
2971    0.147354506475
2973    0.147349612926
2975    0.147349098593
3001    0.145246736337
3003    0.145233453701
3005    0.145233277582
3007    0.14523116122
3009    0.145230274504
3011    0.145230274443
3013    0.145217682548
3015    0.145208885543
3017    0.145207869306
3019    0.145207866173
3021    0.145207865725
3034    0.145021390161
3060    0.14331944635
3086    0.141941127992
3088    0.141939729756
3090    0.141934859473
3092    0.141934859272
3094    0.141934858478
3096    0.141922479255
3122    0.139156742527
3124    0.13914308747
3150    0.137601827548
3160    0.137465206528
3186    0.136865611215
3212    0.133104359589
3238    0.128013175506
3264    0.126801935907
3266    0.126788403264
3272    0.126716677227
3274    0.126715648518
3276    0.126705867098
3278    0.126692534844
3280    0.126692526847
3282    0.126692522493
3284    0.126692521852
3310    0.125365441759
3336    0.124868812709
3338    0.124861067902
3340    0.124860908988
3342    0.124858158279
3344    0.12485787518
3370    0.123432912009
3372    0.123420217191
3374    0.123420074228
3376    0.123418397713
3378    0.123417607902
3380    0.123417607846
3382    0.123405526602
3384    0.123397655662
3386    0.123397241274
3388    0.123397238823
3390    0.12339723857
3392    0.123385964488
3418    0.12215532519
3444    0.121140618125
3446    0.121139405169
3448    0.121136702714
3450    0.121136702536
3452    0.121136701822
3454    0.121124869681
3480    0.119067003613
3482    0.119057789466
3508    0.118101140129
3510    0.118089532815
3518    0.117986852791
3544    0.115229325257
3570    0.111375129182
3596    0.110601157294
3598    0.110589159667
3600    0.110579238808
3602    0.110578245441
3604    0.110569531982
3606    0.11055918316
3608    0.11055917558
3610    0.110559172819
3612    0.110559172359
3638    0.109595035148
3640    0.109581389576
3642    0.109576290143
3644    0.109576162445
3646    0.109574455982
3648    0.109574313369
3674    0.10857171073
3676    0.108559562233
3678    0.10855944444
3680    0.108558110166
3682    0.108557404421
3684    0.108557404373
3686    0.108545805992
3688    0.10853874198
3690    0.10853855299
3692    0.10853855119
3694    0.108538551031
3696    0.108529929009
3722    0.107647753988
3748    0.106911681179
3750    0.106910622017
3752    0.106909112414
3754    0.106909112258
3756    0.106909111459
3758    0.106897791451
3784    0.105355608154
3786    0.105349765626
3812    0.104735220942
3814    0.104726282404
3816    0.104715063253
3842    0.102669854885
3868    0.0996901503347
3894    0.0991812656818
3896    0.0991701832702
3898    0.0991632490751
3900    0.0991622887585
3902    0.0991544766777
3904    0.0991469391572
3906    0.0991469278791
3908    0.0991469267724
3910    0.0991469265506
3936    0.0984412236132
3938    0.0984277109763
3940    0.09842443036
3942    0.0984243217777
3944    0.0984233021402
3946    0.0984232263627
3972    0.0976953457699
3974    0.0976837135063
3976    0.0976836150251
3978    0.0976825487865
3980    0.0976819162775
3982    0.097681916238
3984    0.0976707758188
3986    0.0976644200997
3988    0.0976643292788
3990    0.0976643279754
3992    0.0976643278694
3994    0.0976579905658
4020    0.0970319850871
4046    0.096504401176
4048    0.0965034715798
4050    0.0965026389622
4052    0.0965026388254
4054    0.0965026379119
4056    0.0964917980633
4082    0.0953298579369
4084    0.0953262015195
4105    0.0949995911298
4107    0.0949929820965
4109    0.0949845636063
4135    0.093464088437
4161    0.0911349382773
4171    0.0910028541452
4173    0.0909920711474
4175    0.0909860808448
4177    0.0909851514964
4179    0.090978120543
4181    0.0909727751538
4183    0.0909727627148
4185    0.0909727622855
4187    0.0909727621177
4213    0.0904559654025
4215    0.0904425399676
4217    0.0904404400837
4219    0.0904403434122
4221    0.0904397424361
4223    0.0904396976188
4249    0.0898969866832
4251    0.0898858431834
4253    0.089885759676
4255    0.0898849044295
4257    0.0898843359579
4259    0.0898843359248
4261    0.0898736307135
4263    0.0898679003638
4265    0.0898678540085
4267    0.0898678530751
4269    0.0898678530003
4271    0.08986330436
4297    0.0894230823534
4314    0.0891769661771
4316    0.0891761467949
4318    0.0891756709395
4320    0.0891756708193
4322    0.0891756698209
4324    0.089165282344
4350    0.0882865347058
4352    0.0882842380589
4354    0.0882707519691
4356    0.0882659782928
4358    0.0882601343718
4384    0.0871307574963
4410    0.0852595050273
4412    0.085246060081
4414    0.0852355282626
4416    0.0852297631457
4418    0.0852288628569
4420    0.0852225121366
4422    0.085218759666
4424    0.0852187475461
4426    0.0852187473502
4428    0.0852187472209
4446    0.0849585750024
4448    0.0849452589071
4450    0.0849439114325
4452    0.0849438222205
4454    0.0849434667236
4456    0.0849434369771
4482    0.0845288034365
4484    0.0845181205528
4486    0.0845180487803
4488    0.0845173603841
4490    0.0845168480968
4492    0.0845168480692
4494    0.0845065570478
4496    0.0845013815926
4498    0.0845013576053
4500    0.0845013569156
4502    0.0845013568618
4504    0.0844979324058
4507    0.0844701190317
4509    0.0844564727774
4511    0.0844557478262
4513    0.0844554588513
4515    0.084455458753
4517    0.0844554576892
4519    0.084445497785
4545    0.0837784361591
4547    0.0837769584611
4549    0.0837656959434
4551    0.0837622960863
4553    0.0837580391367
4579    0.0829101450151
4605    0.081382864166
4607    0.0813697417184
4609    0.0813594847062
4611    0.0813539363748
4613    0.0813530635772
4615    0.081347281416
4617    0.0813443372145
4619    0.0813443264377
4621    0.0813443261806
4623    0.081344326068
4625    0.0813306443622
4627    0.0813174893416
4629    0.0813166205592
4631    0.081316535936
4633    0.0813163218339
4635    0.0813163000788
4637    0.0813023585148
4639    0.0812920494433
4641    0.0812919869798
4643    0.0812914298781
4645    0.0812909674079
4647    0.0812909673846
4649    0.0812810735706
4651    0.0812763842225
4653    0.0812763639424
4655    0.0812763636041
4657    0.0812763635472
4659    0.0812730819761
4661    0.0812594881635
4663    0.0812460392338
4665    0.0812453957469
4667    0.0812452073173
4669    0.0812452072321
4671    0.0812452061195
4673    0.0812356514059
4699    0.0807269188078
4701    0.0807259399874
4703    0.0807171315079
4705    0.0807147302215
4707    0.0807115654145
4733    0.0800694787624
4759    0.0788114265493
4761    0.078798616534
4763    0.0787886687346
4765    0.0787833289496
4767    0.078782482253
4769    0.0787771697173
4771    0.0787743580268
4773    0.0787743512781
4775    0.078774350076
4777    0.0787743499688
4779    0.0787608640595
4781    0.0787480986976
4783    0.0787472727394
4785    0.078747192651
4787    0.0787469771427
4789    0.0787469551864
4791    0.0787331550718
4793    0.0787232026914
4795    0.0787231476798
4797    0.0787226953175
4799    0.078722276715
4801    0.0787222766952
4803    0.0787127613795
4805    0.0787085082173
4807    0.0787084906731
4809    0.0787084904429
4811    0.0787084903873
4813    0.0787053222473
4815    0.0786919373497
4817    0.0786786821932
4819    0.0786781093193
4821    0.078677977447
4823    0.0786779773717
4825    0.0786779762238
4827    0.0786688061303
4849    0.0783458040198
4851    0.0783451338113
4853    0.0783385560686
4855    0.0783368225753
4857    0.078334452727
4883    0.0778447110631
4909    0.0767966434357
4911    0.076784136791
4913    0.0767745247343
4915    0.0767693854762
4917    0.0767685633208
4919    0.0767636690015
4921    0.0767609817338
4923    0.0767609769913
4925    0.0767609745481
4927    0.0767609744485
4929    0.076747679035
4931    0.0767352866654
4933    0.0767345011113
4935    0.0767344248287
4937    0.0767342083153
4939    0.076734186228
4941    0.0767205249986
4943    0.076710913257
4945    0.0767108642734
4947    0.0767104958449
4949    0.0767101159902
4951    0.0767101159729
4953    0.0767009615632
4955    0.0766971010935
4957    0.0766970858554
4959    0.0766970856751
4961    0.0766970856273
4963    0.0766940255463
4965    0.0766808453312
4967    0.0766677805482
4969    0.0766672690466
4971    0.0766671703381
4973    0.0766671702707
4975    0.0766671691258
4977    0.076658362369
4979    0.0766445651912
4981    0.0766440847894
4983    0.0766393914471
4985    0.0766380435916
4987    0.0766362686672
5005    0.0763801629911
5031    0.0754921549641
5033    0.0754799431053
5035    0.0754706862839
5037    0.0754657397433
5039    0.0754649407114
5041    0.0754604208226
5043    0.0754578506378
5045    0.0754578469712
5047    0.0754578432546
5049    0.075457843164
5051    0.0754447337933
5053    0.0754327001202
5055    0.0754319526945
5057    0.075431879638
5059    0.0754316624843
5061    0.0754316403294
5063    0.0754181155088
5065    0.0754088292904
5067    0.0754087852343
5069    0.0754084843321
5071    0.0754081388038
5073    0.075408138789
5075    0.075399328676
5077    0.0753958224259
5079    0.0753958091374
5081    0.0753958089809
5083    0.0753958089412
5085    0.0753928518659
5087    0.075379872305
5089    0.0753669946037
5091    0.0753665365223
5093    0.0753664615117
5095    0.0753664614515
5097    0.0753664605635
5099    0.0753579920165
5101    0.0753442587512
5103    0.0753438779339
5105    0.0753407481518
5107    0.0753396258173
5109    0.0753382206738
5111    0.0753245669571
5137    0.0745525283798
5139    0.074540603137
5141    0.0745317139402
5143    0.0745269525626
