26 3.7543972334
52 3.65514362355
77 3.65181733617
103 3.63523515927
105 3.63521643034
131 3.55543327409
157 3.45499376478
183 3.429578635
209 3.41352850801
235 3.40576855858
261 3.3788931144
287 3.30773751326
313 3.28865842221
339 3.26045167405
365 3.24600618174
390 3.12157092918
416 3.06247424271
418 3.06246339788
444 3.03284242048
446 3.03283361551
454 2.90768867966
480 2.83970984709
482 2.83970981729
508 2.81071350521
510 2.81071283258
536 2.70530462824
562 2.67820492359
588 2.66606456711
614 2.64444689014
638 2.64316756423
664 2.53280334534
681 2.40937273238
707 2.40096062221
709 2.40095471645
725 2.40037750563
751 2.39357254825
777 2.2708583822
803 2.26431020897
814 2.26378320336
840 2.25731440529
866 2.24075953385
892 2.18845317849
918 2.17573218508
944 2.14684339633
970 2.13614828641
996 2.01565456355
1022 1.89864942787
1045 1.89609515731
1071 1.89183842671
1073 1.89182827976
1097 1.76826358171
1123 1.64483749839
1125 1.64483153259
1127 1.644821448
1129 1.64481756689
1147 1.52081679049
1173 1.39724016522
1175 1.39723725145
1177 1.39722630309
1179 1.39722459746
1205 1.34300152558
1231 1.22331367122
1257 1.19285009955
1278 1.19064144298
1304 1.17612820375
1330 1.06727974834
1356 0.958222605641
1382 0.948625301382
1408 0.938520015401
1424 0.937930322526
1450 0.820942647611
1476 0.698410895935
1502 0.693963871728
1508 0.693814909421
1511 0.693778564507
1537 0.609176711397
1563 0.582973359778
1589 0.575450829772
1591 0.575445952249
1617 0.573497022788
1619 0.57348477534
1623 0.57342749294
1625 0.573413166827
1651 0.571683562055
1677 0.568841586437
1700 0.56815825818
1712 0.56786703014
1717 0.567788695604
1743 0.556298665795
1769 0.54600976754
1795 0.537673583176
1821 0.533793341377
1847 0.527613888901
1849 0.527611414828
1875 0.514064410249
1877 0.514060670434
1903 0.508022924724
1905 0.5080185345
1907 0.508015941197
1933 0.496221928534
1935 0.496220845351
1961 0.491627020474
1963 0.491624276047
1965 0.491610832799
1991 0.476434564284
1993 0.476422130915
2019 0.46503175949
2021 0.465021198987
2023 0.465016483416
2025 0.465014097062
2027 0.465000803077
2029 0.465000510455
2031 0.464982634048
2057 0.459077883115
2060 0.459040378692
2086 0.453004882119
2088 0.452987963063
2114 0.447269658511
2140 0.437495480117
2166 0.423032009098
2192 0.415053938481
2218 0.407627168663
2244 0.400989745517
2246 0.400976616393
2248 0.400965129966
2250 0.400958591964
2252 0.400948457009
2254 0.400945263032
2256 0.400940720959
2258 0.400937317182
2260 0.400935400945
2262 0.400932946141
2264 0.400931770087
2266 0.40093003101
2268 0.400929396076
2270 0.400928883182
2272 0.40092888298
2274 0.400928581808
2300 0.395620129587
2302 0.395617807857
2328 0.392263761278
2330 0.392263489306
2356 0.390707002219
2358 0.390692762344
2372 0.390231039634
2374 0.390216204837
2376 0.390198872727
2378 0.390185186412
2380 0.39017857774
2384 0.390115815123
2386 0.390101968254
2388 0.390093821321
2390 0.39008175681
2416 0.388280562965
2436 0.387717471041
2438 0.387699810397
2440 0.387697277213
2442 0.387680466504
2444 0.387671907284
2446 0.387659181733
2448 0.387648593215
2450 0.387641212764
2456 0.387535121151
2458 0.387520825588
2460 0.387506298986
2462 0.387489470713
2488 0.383115953898
2514 0.381582681926
2540 0.378275567613
2558 0.377842792511
2584 0.375355709014
2586 0.37535541257
2612 0.372673044005
2614 0.372671541288
2640 0.371503909647
2642 0.371501253974
2644 0.371496971525
2670 0.369539556174
2672 0.369538586285
2696 0.368871946362
2698 0.368868992542
2700 0.368859801411
2726 0.360510405693
2728 0.36050301944
2754 0.354478181095
2756 0.354472991113
2758 0.354469694378
2760 0.354469541323
2762 0.35445760049
2764 0.354456938132
2766 0.354439696075
2792 0.349714591103
2794 0.349698196392
2820 0.344661670603
2822 0.344647184654
2848 0.340026946214
2874 0.334371712715
2900 0.330703876841
2926 0.325974077649
2952 0.324046686301
2978 0.320187252008
2980 0.320178526922
2982 0.320169572262
2984 0.320166374078
2986 0.320158462464
2988 0.320157535064
2990 0.320155587855
2992 0.320153825434
2994 0.320153245747
2996 0.320151973739
2998 0.320151658955
3000 0.32015111521
3002 0.320151101791
3004 0.320151030221
3006 0.320149843578
3008 0.320149801586
3010 0.320133554486
3012 0.320132244404
3036 0.319522491021
3038 0.319522458493
3040 0.319503493897
3042 0.319493398617
3044 0.319477979125
3046 0.319466817611
3048 0.319452588848
3050 0.319442263169
3052 0.319438391772
3054 0.319427174288
3056 0.319417198169
3058 0.319413113715
3060 0.319404423922
3062 0.319394993192
3064 0.319378963419
3066 0.319363522367
3068 0.319362358457
3070 0.319347782061
3072 0.319341778181
3074 0.319330941074
3076 0.319323025573
3078 0.319316537
3081 0.319278291604
3083 0.319265286309
3085 0.319252569902
3087 0.319237125075
3113 0.317792113677
3118 0.317713228527
3144 0.316478072194
3146 0.316461747974
3172 0.315465745128
3174 0.31546574503
3189 0.315136540309
3191 0.315135877533
3193 0.315117602074
3195 0.315115893958
3197 0.315110341771
3202 0.315029973738
3204 0.315029286795
3206 0.315012952241
3208 0.315010342214
3210 0.315004379486
3236 0.310758291074
3238 0.310754213836
3264 0.307740612855
3266 0.307738414338
3268 0.307736071164
3270 0.307736028711
3272 0.307725480458
3274 0.307722133004
3276 0.307706213126
3302 0.304307534827
3304 0.304292451998
3330 0.300423373001
3332 0.300413316158
3358 0.296950529591
3384 0.293978656089
3410 0.293001543725
3436 0.290366848167
3453 0.290003032509
3479 0.287851019509
3481 0.287844654153
3483 0.287837711068
3485 0.287835996913
3487 0.287829854879
3489 0.287829625517
3491 0.287828703581
3493 0.287827789309
3495 0.287827635106
3497 0.28782697479
3499 0.287826911762
3501 0.287826699488
3503 0.287826699143
3505 0.287826696276
3507 0.287825541191
3509 0.287825539539
3511 0.287821057341
3513 0.287820094656
3515 0.287802944721
3517 0.287802938954
3519 0.287785354282
3521 0.28777799735
3523 0.28776535685
3525 0.287756976146
3527 0.287745286846
3529 0.287737509165
3531 0.287735373579
3533 0.287727794405
3535 0.28772058656
3537 0.28771838271
3539 0.287712107698
3541 0.287704267301
3543 0.287690256986
3545 0.287676742158
3547 0.287676305003
3549 0.28766366161
3551 0.287659406114
3553 0.287650186157
3555 0.287644161831
3557 0.287638598798
3559 0.287620087563
3561 0.287608383499
3563 0.287597017901
3565 0.287582959851
3568 0.287544799519
3570 0.287526457878
3596 0.286922873041
3598 0.286907409635
3616 0.286549165916
3618 0.286549057452
3620 0.286531259257
3622 0.286530962425
3624 0.286513791531
3626 0.286512626272
3628 0.286506918824
3630 0.286488693794
3632 0.286488087739
3634 0.286472508912
3636 0.286470037711
3638 0.286466050602
3664 0.284393645643
3666 0.284391387551
3692 0.282923209167
3694 0.282922392073
3696 0.282920762631
3698 0.282920608236
3700 0.282911442153
3702 0.28290491624
3704 0.282890586816
3730 0.280662161282
3732 0.280648651677
3758 0.277849781244
3760 0.277843831639
3786 0.275382417339
3812 0.27395616607
3815 0.273918317219
3841 0.272515498965
3843 0.272497175813
3869 0.271311792966
3871 0.271306739191
3873 0.271301394467
3875 0.271300300937
3877 0.271295566774
3879 0.271295512444
3881 0.271295018578
3883 0.271294543712
3885 0.27129451326
3887 0.271294170049
3889 0.271294165501
3891 0.271294054681
3893 0.271294025219
3895 0.271294023166
3897 0.271293123946
3899 0.2712931227
3901 0.271289287736
3903 0.271288496877
3905 0.271272612744
3907 0.271272612597
3909 0.271256296645
3911 0.27125095509
3913 0.271240587882
3915 0.271234286797
3917 0.271224677597
3919 0.27121880872
3921 0.271217717752
3923 0.271212504493
3925 0.271207240578
3927 0.271206114929
3929 0.271201536106
3931 0.271195039668
3933 0.271182781589
3935 0.271170940877
3937 0.271170837949
3939 0.27115986549
3941 0.2711568137
3943 0.271148976707
3945 0.271144303814
3947 0.271139666525
3949 0.27112259294
3951 0.271112202767
3953 0.271102313661
3955 0.271089657316
3957 0.27108095741
3959 0.271063200311
3961 0.271048126578
3963 0.271033718187
3965 0.27101531361
3967 0.271015039433
3969 0.270998316907
3971 0.270998176411
3973 0.270982052064
3975 0.270981178544
3977 0.270975625809
3979 0.270958263377
3981 0.270957683968
3983 0.270942906499
3985 0.270940523144
3987 0.270937726004
4013 0.269947833944
4015 0.269946556722
4041 0.26923919112
4043 0.269238951896
4045 0.269237878985
4047 0.269237795971
4049 0.269229949191
4051 0.269220778377
4053 0.269208076426
4079 0.267861098967
4081 0.267849173816
4107 0.26590242805
4109 0.265899417209
4135 0.264207514604
4161 0.26359435152
4165 0.263536323031
4191 0.262794002837
4193 0.262776750846
4219 0.262113682696
4221 0.262109613138
4223 0.262105495922
4225 0.26210481902
4227 0.26210116708
4229 0.262101166444
4231 0.262100863227
4233 0.262100616375
4235 0.262100614307
4237 0.262100435746
4239 0.262100434042
4241 0.26210035842
4243 0.262100278347
4245 0.262100270219
4247 0.262099535409
4249 0.262099530548
4251 0.262096267053
4253 0.262095607434
4255 0.26208088684
4257 0.262080879376
4259 0.262065730818
4261 0.262061869872
4263 0.262053363974
4265 0.262048619525
4267 0.262040715812
4269 0.262036278509
4271 0.262035786843
4273 0.262032126985
4275 0.262028236158
4277 0.262027708469
4279 0.262024327957
4281 0.262018965661
4283 0.262008229412
4285 0.261997844885
4287 0.261997842997
4289 0.261988314331
4291 0.261986096721
4293 0.26197944104
4295 0.261975743743
4297 0.26197196112
4299 0.261956734254
4301 0.261947604027
4303 0.261939075301
4305 0.261927770508
4307 0.26191948169
4309 0.261902915779
4311 0.261888364346
4313 0.261875010384
4315 0.261857175726
4317 0.261856765986
4319 0.261841055032
4321 0.261840981575
4323 0.261825840074
4325 0.261825125649
4327 0.261819756622
4329 0.261803295905
4331 0.26180273729
4333 0.261788789515
4335 0.26178648721
4337 0.261784421624
4347 0.26160256982
4349 0.261601712517
4354 0.261524596972
4356 0.261524495514
4358 0.261523917528
4360 0.261523917528
4362 0.261517482257
4364 0.261506578273
4366 0.2614956564
4392 0.260741346265
4394 0.26073086946
4420 0.259406070021
4422 0.259404811209
4448 0.258262371462
4450 0.258251498838
4452 0.258232704975
4461 0.258075100436
4463 0.258058514654
4480 0.257732200688
4482 0.257728892503
4484 0.257725721077
4486 0.257725319011
4488 0.25772250173
4490 0.25772247884
4492 0.257722266397
4494 0.257722137997
4496 0.257722137053
4498 0.257722044081
4500 0.257722032926
4502 0.257721971028
4504 0.257721838435
4506 0.257721826224
4508 0.257721199456
4510 0.257721192175
4512 0.257718431654
4514 0.257717872927
4516 0.257704222207
4518 0.257704200015
4520 0.257690126079
4522 0.257687350284
4524 0.257680369353
4526 0.257676791037
4528 0.257670286675
4530 0.257666924207
4532 0.257666749066
4534 0.257664120166
4536 0.257661205428
4538 0.257660991867
4540 0.257658463267
4542 0.257654056234
4544 0.257644642628
4546 0.257635525465
4548 0.257635492137
4550 0.257627211637
4552 0.257625576305
4554 0.257619929285
4556 0.257616943646
4558 0.257613878583
4560 0.257600285537
4562 0.25759225578
4564 0.257584910504
4566 0.257574796475
4568 0.257566902542
4570 0.257551444065
4572 0.257537397075
4574 0.257525020824
4576 0.257507737266
4578 0.257507234211
4580 0.257492474154
4582 0.257492431098
4584 0.257478212604
4586 0.257477589175
4588 0.257472402603
4590 0.257456969577
4592 0.257456430663
4594 0.257443419927
4596 0.257441196328
4598 0.25743949333
4600 0.257421764596
4602 0.257421108373
4604 0.257402757917
4606 0.25740271323
4608 0.257402466209
4610 0.257402315228
4612 0.257397105326
4614 0.257385378168
4616 0.257375999789
4618 0.257359549706
4620 0.257351015739
4646 0.256375832756
4648 0.256375283863
4674 0.255539050005
4676 0.25553095188
4678 0.255512796148
4680 0.255496231653
4682 0.255480398092
4684 0.255461309807
4686 0.255458570723
4688 0.255456127154
4690 0.255455898762
4692 0.255453724439
4694 0.255453635737
4696 0.255453469195
4698 0.25545340238
4700 0.255453396654
4702 0.255453348213
4704 0.255453327575
4706 0.255453271427
4708 0.25545309207
4710 0.25545307773
4712 0.255452523354
4714 0.255452514819
4716 0.255450195483
4718 0.255449714813
4720 0.255437048213
4722 0.255437007553
4724 0.255423923297
4726 0.255421940515
4728 0.255416209698
4730 0.255413505772
4732 0.255408150343
4734 0.255405595852
4736 0.255405561344
4738 0.25540362487
4740 0.255401408911
4742 0.255401344763
4744 0.255399426031
4746 0.25539582183
4748 0.255387558553
4750 0.255379545093
4752 0.255379410627
4754 0.255372209574
4756 0.255370983939
4758 0.255366197804
4760 0.255363736848
4762 0.255361272145
4764 0.255349125531
4766 0.255342057512
4768 0.255335741184
4770 0.255326677327
4772 0.255319162665
4774 0.255304734538
4776 0.25529117486
4778 0.255279705612
4780 0.255262955145
4782 0.25526239324
4784 0.255248526988
4786 0.255248498604
4788 0.255235147076
4790 0.255234577938
4792 0.255229569634
4794 0.255215135431
4796 0.255214615614
4798 0.255202511642
4800 0.255200364838
4802 0.255198914267
4804 0.255181682444
4806 0.255181175655
4808 0.255163328125
4810 0.255163314377
4812 0.255163248558
4814 0.255162135098
4816 0.255157933736
4818 0.255147943824
4820 0.255139880595
4822 0.255130156803
4824 0.255123157346
4850 0.254414540526
4852 0.254414360171
4878 0.253809554975
4880 0.253801509672
4882 0.253784216311
4884 0.253767703553
4886 0.253752663755
4888 0.253733632866
4890 0.253731310055
4892 0.253729426903
4894 0.253729302351
4896 0.253727623587
4898 0.253727451106
4900 0.253727308894
4902 0.253727274116
4904 0.253727263692
4906 0.253727238436
4908 0.253727210838
4910 0.253727157189
4912 0.253726938977
4914 0.253726923611
4916 0.253726418523
4918 0.253726409389
4920 0.253724475585
4922 0.25372405568
4924 0.253712294621
4926 0.253712234127
4928 0.253700061692
4930 0.253698656384
4932 0.253693950846
4934 0.253691903205
4936 0.253687491656
4938 0.253685545352
4940 0.253685545319
4942 0.253684079929
4944 0.253682368068
4946 0.253682360289
4948 0.253680881467
4950 0.253677950258
4952 0.253670688107
4954 0.253663636392
4956 0.253663369446
4958 0.253657102239
4960 0.253656167388
4962 0.253652115629
4964 0.253650045645
4966 0.2536480812
4968 0.253637215908
4970 0.253630988831
4972 0.253625566487
4974 0.253617429715
4976 0.253610279231
4978 0.253596810211
4980 0.253583721333
4982 0.253573093712
4984 0.253556859002
4986 0.253556262411
4988 0.253543236231
4990 0.253543215394
4992 0.253530678247
4994 0.253530142853
4996 0.253525308384
4998 0.253511807901
5000 0.253511306633
5002 0.253500047516
5004 0.253497975623
5006 0.25349672973
5008 0.253479981486
5010 0.25347958996
5012 0.253462231047
5014 0.253462229856
5016 0.253462227859
5018 0.253459955538
5020 0.253456552697
5022 0.253447426082
5024 0.253440441639
5026 0.253435130614
5028 0.253429293428
5048 0.253046939355
5050 0.253046911418
5052 0.25302799833
5054 0.253020154021
5056 0.253003676685
5058 0.252987429867
5060 0.252973141785
5062 0.252954396065
5064 0.252952381127
5066 0.252950929621
5068 0.252950865644
5070 0.252949568995
5072 0.252949309411
5074 0.252949180515
5076 0.252949162407
5078 0.252949148583
5080 0.252949135406
5082 0.252949103232
5084 0.252949050686
5086 0.252948801314
5088 0.252948785464
5090 0.252948314357
5092 0.252948304948
5094 0.252946706611
5096 0.252946334275
5098 0.252935406642
5100 0.252935326444
5102 0.252923994327
5104 0.252923007715
5106 0.252919143371
5108 0.25291758885
5110 0.252913953112
5112 0.252912465287
5114 0.252912438584
5116 0.25291129807
5118 0.252909952854
5120 0.252909951064
5122 0.252908792144
5124 0.252906423395
5126 0.252900033041
5128 0.252893819831
