26 3.75117843417
52 3.68458638267
61 3.68431517968
87 3.65600345008
90 3.6559764956
116 3.58666222297
142 3.4984058157
168 3.47091377637
194 3.44937851778
220 3.43897624685
244 3.31629925594
270 3.26880463881
274 3.26874070639
300 3.24015361357
304 3.24010701017
325 3.11523348828
351 3.01376299006
353 3.01376222715
379 2.9986528718
381 2.99865275785
407 2.88013525583
433 2.7713546327
456 2.76898540626
482 2.75921748494
484 2.7592086719
510 2.67726037703
536 2.59249025489
562 2.56809626173
588 2.54491315484
614 2.53862225343
640 2.42619754709
666 2.36734527819
692 2.36087566061
718 2.33171382006
729 2.33147332275
755 2.21068463648
781 2.15830834151
791 2.1579331952
817 2.12879074995
819 2.12877782086
845 2.00954073762
861 1.88623353995
878 1.88502105766
880 1.88501709245
884 1.88496933359
906 1.76163260619
928 1.63833832489
930 1.63833440889
932 1.63832474804
934 1.63832217726
960 1.52656377651
986 1.4394566038
1012 1.43199001513
1038 1.40973211397
1053 1.40930687835
1079 1.28757605307
1105 1.21956194683
1112 1.21940815243
1138 1.19106075278
1140 1.19105056528
1166 1.06881091551
1192 0.952522720406
1197 0.952440409853
1223 0.94806952395
1226 0.948041333265
1252 0.930154395274
1265 0.806012624531
1291 0.790411993554
1293 0.79040976095
1319 0.777123599377
1345 0.654419499588
1355 0.530567797795
1358 0.530541009827
1360 0.53053788673
1362 0.530529354322
1388 0.407230750154
1392 0.407175917375
1394 0.407165872468
1396 0.407165329933
1422 0.397688214482
1424 0.397681988423
1450 0.394443022439
1452 0.394431797915
1478 0.391542045959
1504 0.385993246339
1530 0.384632643968
1556 0.383377177499
1580 0.382839703586
1582 0.382837239028
1608 0.367368738671
1610 0.367364115644
1636 0.359391682279
1638 0.359376992904
1640 0.359373651676
1666 0.357767875829
1668 0.357767619257
1674 0.35768643013
1676 0.357684085852
1678 0.357671799448
1702 0.356578714318
1704 0.356572601616
1706 0.356560728433
1708 0.356556495856
1734 0.355199079599
1760 0.349187680413
1775 0.34890119693
1801 0.347419338492
1803 0.347405024585
1805 0.347398689334
1831 0.334366474097
1833 0.334359000293
1859 0.328351281698
1861 0.328344414894
1863 0.328339887565
1889 0.31363680752
1891 0.313630668949
1917 0.30623216891
1919 0.306225557415
1921 0.306225096196
1923 0.306225065855
1925 0.306217169501
1927 0.306217167551
1929 0.306203202494
1931 0.306201854055
1933 0.306201748102
1935 0.306200514435
1937 0.306200205328
1939 0.306199388384
1941 0.306198939154
1967 0.300396892449
1969 0.300387357932
1995 0.299073879251
1997 0.299060638198
1999 0.299058518936
2025 0.288159978435
2027 0.288155567407
2053 0.284038969228
2055 0.28403460914
2057 0.284031857678
2065 0.283889124685
2067 0.283883534315
2069 0.283869379184
2071 0.283857014745
2097 0.273942776552
2099 0.273941187983
2125 0.265101235134
2127 0.265092621798
2153 0.258274692279
2155 0.258271767929
2157 0.258270974746
2159 0.258265380098
2161 0.25826510965
2163 0.258260929391
2165 0.258256125662
2167 0.258250103084
2169 0.258245573646
2171 0.258245566853
2197 0.257266092724
2199 0.257262245126
2208 0.257125636361
2210 0.257116900435
2212 0.257111730162
2226 0.256850110061
2228 0.256840279819
2230 0.256829800122
2232 0.256817550046
2234 0.256811922895
2260 0.252784066334
2262 0.252780753038
2288 0.250788281105
2290 0.250774222003
2292 0.250771327693
2294 0.250758548449
2296 0.250758002091
2298 0.250745831997
2300 0.250742418054
2302 0.250734401838
2304 0.250720447921
2306 0.250716655241
2308 0.250706709809
2310 0.250704248185
2312 0.250698106595
2328 0.250372563775
2330 0.25036169162
2332 0.250349876088
2334 0.250337788705
2336 0.250335109226
2362 0.247667027205
2364 0.24766312836
2390 0.246445874567
2392 0.246442280528
2394 0.246441158347
2420 0.242703440893
2422 0.242700779791
2448 0.240898222021
2450 0.240894655224
2452 0.240894650625
2454 0.24089463542
2456 0.240888589219
2458 0.240888589187
2460 0.240875962224
2462 0.240875636437
2464 0.240875611823
2466 0.240875216951
2468 0.240875041001
2470 0.240874779212
2472 0.240874657266
2485 0.240632173441
2487 0.240624790778
2489 0.240613488697
2491 0.240602451036
2493 0.240602178634
2519 0.239066458598
2521 0.239064739845
2545 0.238537021452
2547 0.238535072488
2549 0.238530079139
2552 0.238499341635
2554 0.23849521705
2556 0.238482228071
2558 0.23847126287
2584 0.234620566136
2586 0.234619477961
2612 0.230663058017
2614 0.230649295426
2640 0.227713646831
2642 0.227712765998
2644 0.227712682763
2646 0.227709807941
2648 0.227709774862
2650 0.227707632889
2652 0.227705966561
2654 0.227703169479
2656 0.227701065205
2658 0.227700684019
2660 0.227685877276
2662 0.227683631553
2664 0.227670158085
2666 0.22766364726
2668 0.227658991696
2670 0.22764572827
2672 0.227636961076
2674 0.227627259621
2676 0.22761616491
2678 0.227607941749
2704 0.226619721209
2706 0.226617446102
2728 0.226203437944
2730 0.226190843876
2732 0.226187508687
2734 0.226176446944
2736 0.226175919033
2738 0.226165360264
2740 0.226161792633
2742 0.226156152882
2744 0.226144333041
2746 0.226142034403
2748 0.226133814125
2750 0.226132451343
2752 0.2261277833
2754 0.226114148048
2756 0.226104769986
2758 0.226093961037
2760 0.226083400622
2762 0.226082160406
2786 0.225597815936
2788 0.225595505452
2791 0.22556591855
2793 0.225563554931
2795 0.225563358145
2821 0.224658994602
2823 0.22465776115
2841 0.224346684353
2843 0.224344679961
2845 0.224344503526
2847 0.224344495302
2849 0.224340071837
2851 0.224340071466
2853 0.224329434354
2855 0.22432937032
2857 0.224329367169
2859 0.224329231169
2861 0.2243291165
2863 0.224329026196
2865 0.22432902444
2867 0.22431550791
2869 0.224309712668
2871 0.224299452637
2873 0.224290268228
2875 0.224290265841
2877 0.224276180655
2879 0.224275285318
2881 0.224261756397
2883 0.224260529819
2885 0.224253730433
2888 0.224224800119
2890 0.22422194392
2892 0.224212254539
2894 0.22420318162
2920 0.223062270254
2922 0.223062228225
2948 0.221415535126
2950 0.221401344789
2976 0.220183033462
2978 0.220182853795
2980 0.220182845497
2982 0.220181286791
2984 0.220181281628
2986 0.220180125418
2988 0.220179630062
2990 0.220178277168
2992 0.220177258933
2994 0.220176303068
2996 0.220162701994
2998 0.220161323308
3000 0.220148986222
3002 0.220143864986
3004 0.220139905806
3006 0.220127668874
3008 0.220119846403
3010 0.220111014078
3012 0.220100954763
3014 0.22009093047
3016 0.220076355399
3018 0.22007486644
3020 0.220060828037
3022 0.220049963105
3024 0.22004606011
3026 0.220036606434
3028 0.220036249891
3030 0.220027202946
3032 0.220024026558
3034 0.220019985247
3036 0.22000998214
3038 0.220008609441
3040 0.220001837971
3042 0.220001121386
3044 0.21999737064
3046 0.219984973633
3048 0.219976877204
3050 0.219967148969
3052 0.219957907417
3054 0.219957223889
3056 0.219943797052
3058 0.219942106135
3060 0.219928228472
3062 0.219926452998
3064 0.219926446364
3066 0.219911683375
3068 0.219911012692
3070 0.219897272495
3072 0.219895894716
3074 0.219895224556
3076 0.219895219876
3078 0.219892215371
3080 0.219892214048
3082 0.219883669376
3084 0.219883662666
3086 0.219883662536
3088 0.219883610131
3090 0.219883528984
3092 0.219883494116
3094 0.219883438326
3096 0.219871206349
3098 0.219866614967
3100 0.21985745651
3102 0.219849721414
3104 0.219849680765
3106 0.219836608042
3108 0.219836087891
3110 0.219823538494
3112 0.219822710707
3114 0.219814592119
3116 0.219801344368
3118 0.219799214101
3120 0.21979158386
3122 0.219783706092
3124 0.219771943298
3126 0.219770972435
3152 0.218936540912
3154 0.218925897881
3180 0.218305618496
3182 0.21830561322
3184 0.218305612613
3186 0.218304721568
3188 0.218304720312
3190 0.218304063418
3192 0.218303960205
3194 0.218303269225
3196 0.21830274887
3198 0.2183012292
3200 0.218288735727
3202 0.218287846976
3204 0.218276550161
3206 0.218272321594
3208 0.218268966758
3210 0.21825784735
3212 0.218250865619
3214 0.218242967785
3216 0.218233838097
3218 0.218222803855
3220 0.218208957248
3222 0.218207855654
3224 0.218194531737
3226 0.21818472966
3228 0.21818052211
3230 0.218172440765
3232 0.218172161521
3234 0.2181644066
3236 0.218161433468
3238 0.218158477933
3240 0.218150000133
3242 0.218149196476
3244 0.218143624796
3246 0.218143276549
3248 0.218140284094
3250 0.218129073538
3252 0.21812207753
3254 0.218113376555
3256 0.218105275587
3258 0.218104872621
3260 0.218092278245
3262 0.218091031602
3264 0.218077985917
3266 0.218076641775
3268 0.218076624697
3270 0.218062634844
3272 0.218062246579
3274 0.218049245998
3276 0.218048249066
3278 0.218046983368
3280 0.218046980003
3282 0.218044885615
3284 0.21804488362
3286 0.218037806596
3288 0.218037806489
3290 0.218037803118
3292 0.218037779548
3294 0.218037717989
3296 0.218037702267
3298 0.218037478371
3300 0.218026407979
3302 0.218022734323
3304 0.21801456216
3306 0.218007968089
3308 0.218007829778
3310 0.2179956976
3312 0.217995375799
3314 0.217983735533
3316 0.217983136195
3318 0.217974093857
3320 0.217962641178
3322 0.217960949062
3324 0.217955047276
3326 0.217947957869
3328 0.217945347488
3330 0.217942611205
3350 0.217623398329
3352 0.217614681417
3358 0.217539028826
3360 0.217539001015
3362 0.217539001013
3364 0.217538457792
3366 0.217538457261
3368 0.217538060063
3370 0.217538054879
3372 0.21753767667
3374 0.217537391652
