19    3.75035147929
34    3.62620652078
36    3.62620008243
38    3.626189767
40    3.62618578064
66    3.62167889163
68    3.62167889163
94    3.61736516887
120    3.61297051938
130    3.48822411862
156    3.37063420214
182    3.36665324227
208    3.36260087718
210    3.36259775276
236    3.35776296052
262    3.35371382977
288    3.2337045718
290    3.2337045718
310    3.23161561439
336    3.12824577739
362    3.00590293294
388    2.96323682995
414    2.94814749304
440    2.94599534358
442    2.94598481833
468    2.91866831181
474    2.91854380156
500    2.85713807567
502    2.85713807567
528    2.82774340622
554    2.80562641138
580    2.6830739112
606    2.56889461965
632    2.55016349273
658    2.5349911458
667    2.53460515537
693    2.5275587401
719    2.51566275848
745    2.40592034171
747    2.40592034171
773    2.39543922405
799    2.27447222964
825    2.2623811061
851    2.13928117434
871    2.13708193287
873    2.13706419098
899    2.12574259202
901    2.1257217656
903    2.12570433061
929    2.08743381677
931    2.08743381677
957    2.06134286506
983    1.9748870217
1009    1.85823131561
1035    1.7610042105
1061    1.73682951457
1087    1.72988228255
1113    1.72494485963
1139    1.70657325612
1165    1.70455455743
1191    1.58185189076
1193    1.58185189076
1204    1.58130030167
1216    1.45669296228
1242    1.33752457599
1259    1.21328555274
1261    1.21328399894
1263    1.21328333944
1286    1.2104437788
1288    1.21043615417
1290    1.21043598705
1316    1.11777015035
1318    1.11777015035
1344    1.0968370584
1358    0.972316026986
1379    0.848916069432
1405    0.831588467684
1407    0.831583921658
1409    0.831581630145
1411    0.831569774667
1437    0.81615444561
1439    0.816153889316
1456    0.69216705042
1458    0.69216686852
1460    0.692150986686
1462    0.692148721808
1464    0.692141592277
1466    0.692140034757
1468    0.692136141134
1470    0.692135170077
1496    0.687896207263
1498    0.68789609962
1524    0.683276097662
1550    0.679243389302
1552    0.679243076375
1554    0.679231083215
1580    0.675171249393
1606    0.671178161898
1608    0.671177355871
1610    0.67116376297
1636    0.667325242985
1638    0.667315062954
1640    0.66731506285
1642    0.667305390172
1644    0.667297418219
1646    0.667287582747
1672    0.650739257649
1674    0.650721573024
1676    0.650705137057
1678    0.65069957935
1704    0.640877703533
1706    0.640857863914
1732    0.629049706454
1734    0.629049705847
1760    0.62306396118
1786    0.614836815378
1788    0.614826430932
1800    0.614429923395
1826    0.607599754602
1852    0.602500403701
1854    0.60249208144
1856    0.602484211724
1882    0.598571710993
1897    0.598007833857
1899    0.598007833757
1903    0.597940386025
1905    0.597937063287
1931    0.587525551649
1934    0.587482740224
1936    0.587469164672
1938    0.587457491755
1964    0.578239227302
1966    0.578226507738
1968    0.578212507078
1994    0.56266902868
1996    0.562669028434
2022    0.551593624407
2024    0.551572123486
2026    0.55155204862
2052    0.548332671965
2064    0.548037783419
2066    0.548017973929
2068    0.548003553712
2080    0.547683466077
2083    0.547640683803
2085    0.547627117084
2087    0.547627116858
2089    0.547608609983
2091    0.547607786733
2093    0.547591110581
2095    0.547591110082
2097    0.547591109098
2099    0.547591108679
2101    0.547576660512
2103    0.54757666022
2105    0.547576656763
2131    0.543954946254
2133    0.543954946199
2158    0.542819606253
2160    0.542817974052
2162    0.542810076542
2188    0.529971445148
2190    0.529971418294
2192    0.529971404809
2194    0.529966125659
2220    0.51908419751
2222    0.519083950872
2224    0.519078931497
2226    0.519078461041
2228    0.519068827706
2230    0.519068302511
2232    0.519065395996
2234    0.519064999333
2236    0.519063406541
2238    0.519063159056
2264    0.515097918631
2266    0.515097809741
2292    0.51055166476
2318    0.507105903162
2320    0.507105761974
2322    0.507094613175
2348    0.503470710622
2374    0.500014995256
2376    0.500009355407
2378    0.499997132558
2404    0.496747517704
2406    0.496739924527
2408    0.496739924446
2410    0.496732640624
2412    0.496727011093
2414    0.49672123633
2440    0.490385094246
2442    0.49037051316
2444    0.49035695429
2446    0.490354004868
2472    0.486739388844
2474    0.486722106738
2500    0.484632548655
2502    0.484632547409
2528    0.483300284584
2554    0.481107463471
2556    0.481101361675
2558    0.481088816645
2584    0.479000029829
2610    0.477481350743
2612    0.477477889982
2614    0.47747516153
2640    0.476288719585
2642    0.476276407577
2644    0.476276407274
2646    0.476264524151
2648    0.476263770475
2674    0.468059741536
2676    0.468046620163
2678    0.4680372605
2680    0.468029199122
2706    0.461050819151
2708    0.461041978787
2710    0.461030145404
2736    0.455749269471
2738    0.455749269069
2764    0.451458730703
2766    0.451449694319
2768    0.451438252731
2771    0.451394557318
2773    0.451377879282
2775    0.451361990137
2777    0.451354481724
2779    0.45133795325
2781    0.451320038148
2783    0.451311481186
2785    0.451311481017
2787    0.451298386329
2789    0.451298026831
2791    0.451285516098
2793    0.451285278224
2795    0.451285248991
2797    0.45128523654
2799    0.451274395273
2801    0.451274259471
2803    0.451274238272
2805    0.451267880551
2807    0.451267880491
2809    0.451248153717
2811    0.451247313133
2813    0.451243777851
2839    0.442222714757
2841    0.442222612076
2843    0.442222560675
2845    0.442220184353
2871    0.434872190113
2873    0.434871307412
2875    0.434870369969
2877    0.434869708297
2879    0.434862773485
2881    0.434862655464
2883    0.434861411375
2885    0.434861304365
2887    0.434860620656
2889    0.434860553808
2915    0.431273506275
2917    0.431273416978
2943    0.426930265233
2969    0.424334238153
2971    0.424334105247
2973    0.424323520968
2999    0.421421115536
3025    0.418723174703
3027    0.418711879654
3029    0.418701731614
3055    0.41620557866
3057    0.416199876791
3059    0.416199876728
3061    0.416194341854
3063    0.416190302886
3065    0.416186870393
3091    0.413826708687
3093    0.41381490067
3095    0.413803918003
3097    0.413802391074
3123    0.412500437128
3125    0.412485938161
3127    0.412466460014
3129    0.412466458404
3145    0.412065619711
3147    0.412044372324
3149    0.412040035587
3151    0.412030271889
3177    0.411251181969
3191    0.410947018449
3193    0.410944952562
3195    0.410943557462
3205    0.410738148699
3207    0.410728678194
3209    0.41072867769
3211    0.410722646335
3213    0.410722627474
3239    0.404704464323
3241    0.404695892094
3243    0.404689260774
3245    0.404683542268
3271    0.399721323457
3273    0.399715733965
3275    0.399705515312
3301    0.398121458221
3303    0.398121457741
3329    0.396424604783
3331    0.396417509872
3333    0.396410496067
3335    0.396391892751
3337    0.396377829891
3339    0.396364431959
3341    0.39636023942
3343    0.396345883333
3345    0.396330541344
3347    0.396325225582
3349    0.396325225458
3351    0.396315856954
3353    0.396315565546
3355    0.396306175606
3357    0.396306094664
3359    0.396306050303
3361    0.396306031404
3363    0.396297894022
3365    0.396297847868
3367    0.396297821215
3369    0.396292479407
3371    0.396292479347
3373    0.39627449053
3375    0.396273419067
3377    0.396271818707
3403    0.390375295086
3405    0.390375124007
3407    0.39037503855
3409    0.390373956797
3435    0.385697257301
3437    0.385695956705
3439    0.385695940447
3441    0.385695228983
3443    0.385689597842
3445    0.385689572804
3447    0.385689033575
3449    0.385689001383
3451    0.385688704354
3453    0.385688684192
3479    0.382548722687
3481    0.382548660822
3507    0.378508520876
3533    0.376757295581
3535    0.376757291495
3537    0.376747093669
3563    0.374605848774
3589    0.372653243889
3591    0.372636768935
3593    0.372628872009
3619    0.370839480743
3621    0.370835189749
3623    0.3708351897
3625    0.37083096191
3627    0.370828178505
3629    0.370826110977
3655    0.369976982088
3657    0.369967592665
3659    0.369958858712
3661    0.369958097843
3664    0.369914780234
3666    0.369902999885
3668    0.369892285106
3670    0.369892283337
3672    0.369871842196
3674    0.369862719419
3676    0.369859612348
3678    0.369851446099
3680    0.369832633497
3682    0.369814055853
3684    0.36981280057
3686    0.369811850706
3688    0.369791101635
3690    0.369783711123
3692    0.369783710478
3694    0.369781198755
3696    0.369781016602
3722    0.365593721896
3724    0.365588276357
3726    0.36558348527
3728    0.365579350044
3754    0.362206835
3756    0.362203444218
3758    0.362194523382
3760    0.36217390594
3762    0.362173905456
3788    0.361191344637
3790    0.3611858896
3792    0.361180572664
3794    0.361164171087
3796    0.361152372084
3798    0.361141130842
3800    0.361138166148
3802    0.361125699815
3804    0.361112600335
3806    0.361109369404
3808    0.361109369311
3810    0.361102593235
3812    0.361102312837
3814    0.361095263388
3816    0.361095235206
3818    0.361095187836
3820    0.361095167652
3822    0.361089058514
3824    0.361089042471
3826    0.361089014617
3828    0.361084547502
3830    0.361084547443
3832    0.361068122147
3834    0.361066608194
3836    0.361065875543
3862    0.357390919781
3864    0.357390753172
3866    0.357390670065
3868    0.357390172136
3894    0.35452437107
3896    0.354522800354
3898    0.354522607413
3900    0.354521952401
3902    0.354517028517
3904    0.354517023782
3906    0.354516798485
3908    0.354516786884
3910    0.354516662567
3912    0.354516655269
3938    0.351856857914
3940    0.351856820796
3966    0.348188192012
3992    0.347112022181
3994    0.347111581112
3996    0.347101715988
4022    0.345606223819
4048    0.344260711111
4050    0.344240085874
4052    0.344234251442
4078    0.34300558552
4080    0.343002360603
4082    0.343002360566
4084    0.342999124356
4086    0.342997300877
4088    0.342996039816
4095    0.342861105523
4097    0.342853847451
4099    0.342847095888
4101    0.342846742558
4103    0.342828232528
4105    0.342818714579
4107    0.342808674506
4109    0.34280867274
4111    0.342789264115
4113    0.342780789221
4115    0.342778619211
4117    0.342771439212
4119    0.34275350298
4121    0.342735790826
4123    0.342735056354
4125    0.342734420494
4127    0.342714571197
4129    0.342708630142
4131    0.342708629432
4133    0.342707900846
4135    0.342707148693
4161    0.339899329923
4163    0.339895872536
4165    0.339892363251
4167    0.339889332479
4193    0.337667860849
4195    0.337665835934
4197    0.337658000715
4199    0.337649778079
4201    0.337649777603
4216    0.337305981544
4218    0.337301850768
4220    0.337297692982
4222    0.337283223978
4224    0.337273341234
4226    0.337263925609
4228    0.337261772306
4230    0.337250950686
4232    0.337239767296
4234    0.337237860803
4236    0.337237860735
4238    0.337232899277
4240    0.337232620339
4242    0.337227327065
4244    0.337227316906
4246    0.337227269068
4248    0.337227248682
4250    0.337222661585
4252    0.337222655815
4254    0.337222627627
4256    0.337218911749
4258    0.337218911692
4260    0.337203893739
4262    0.337201920421
4264    0.337201581279
4290    0.334978408166
4292    0.334978262792
4294    0.334978190344
4296    0.334977958651
4322    0.333262310115
4324    0.333260557777
4326    0.333259874427
4328    0.333259329497
4330    0.333254839576
4332    0.333254838899
4334    0.333254754293
4336    0.33325474896
4338    0.333254702234
4340    0.333254698859
4366    0.331074540104
4368    0.331074520623
4394    0.327814039033
4419    0.327247595347
4421    0.327245838478
4423    0.327236389476
4449    0.326217531078
4475    0.325309010933
4478    0.325278190338
4480    0.325274038764
4506    0.324443739281
4508    0.324441325587
4510    0.324441325558
4512    0.324438849033
4514    0.324437810827
4516    0.324437026184
4518    0.32441643758
4520    0.324410853083
4522    0.324405658268
4524    0.324405508793
4526    0.324387724832
4528    0.324379989244
4530    0.324370687611
4532    0.324370685873
4534    0.324352272757
4536    0.32434440398
4538    0.324342871362
4540    0.324336536629
4542    0.324319432685
4544    0.324302542487
4546    0.324302129887
4548    0.324301726414
4550    0.324282734257
4552    0.324277796699
4554    0.324277795989
4556    0.324277731056
4558    0.324276269149
4584    0.322439372747
4586    0.322437188696
4588    0.322434579668
4590    0.322432325416
4616    0.32099959143
4618    0.320998412158
4620    0.320991480684
4622    0.320986962627
4624    0.320986962177
4626    0.32096619355
4628    0.320963119803
4630    0.320959776621
4632    0.320947005212
4634    0.320938737843
4636    0.320930861225
4638    0.320929258528
4640    0.320919868635
4642    0.320910317061
4644    0.320909237556
4646    0.320909237505
4648    0.320905554717
4650    0.320905275618
4652    0.32090130042
4654    0.320901296568
4656    0.320901248737
4658    0.320901228353
4660    0.320897783684
4662    0.320897781504
4664    0.320897753165
4666    0.320894680676
4668    0.320894680619
4670    0.320880930096
4672    0.320878558393
4674    0.32087839968
4700    0.319557460371
4702    0.319557335673
4704    0.319557273564
4706    0.319557164594
4732    0.318544306632
4734    0.318542433735
4736    0.318541238193
4738    0.31854081587
4740    0.318536626972
4742    0.318536626942
4744    0.318536601761
4746    0.318536598604
4748    0.318536584707
4750    0.318536582697
4776    0.316803750484
4778    0.316803741506
4804    0.313959093784
4806    0.313945379326
4808    0.313934624536
4810    0.31392605604
4836    0.313189142476
4862    0.312535397013
4864    0.312519393579
4866    0.31251636107
4892    0.311942270748
4894    0.311940483431
4896    0.311940483409
4898    0.311938599192
4900    0.311938079842
4902    0.311937577223
4904    0.311917731057
4906    0.311913417524
4908    0.311909404964
4910    0.311909351173
4912    0.311892265545
4914    0.31188592436
4916    0.311877307126
4918    0.311877305418
4920    0.311859830443
4922    0.311852528773
4924    0.31185143072
4926    0.311845825356
4928    0.311829512241
4930    0.311813403054
4932    0.311813184103
4934    0.311812947943
4936    0.311794772676
4938    0.311790529328
4940    0.311790528664
4942    0.311790477395
4944    0.311788299637
4970    0.310605564645
4972    0.310604191905
4974    0.310602224431
4976    0.310600523978
5002    0.309689403288
5004    0.30968873869
5006    0.309682561556
5008    0.309678354374
5010    0.309678353961
5012    0.30965819793
5014    0.309655947957
5016    0.309653251106
5018    0.309641971887
5020    0.309635046064
5022    0.309628447577
5024    0.309627264188
5026    0.30961912071
5028    0.309610939497
5030    0.309610363838
5032    0.3096103638
5034    0.309607588663
5036    0.309607309202
5038    0.309604323445
5040    0.309604321878
5042    0.309604274138
5044    0.309604253792
5046    0.309601666754
5048    0.30960166587
5050    0.309601637434
5052    0.309599114222
5054    0.309599114166
5056    0.309586505761
5058    0.309583820667
5060    0.309583745568
5086    0.308807154852
5088    0.308807046891
5090    0.308806993139
5092    0.30880694133
5111    0.308379658282
5113    0.308377760026
5115    0.308376125689
5117    0.308375818476
5119    0.30837192804
5121    0.30837192802
5123    0.308371923871
5125    0.30837192159
5127    0.308371919314
5129    0.308371917852
5155    0.307047313835
5157    0.307047309702
5183    0.304606664639
5185    0.30459854082
5187    0.304589869608
5189    0.304582075328
5191    0.30456051422
5193    0.304539054536
5195    0.304522213619
5197    0.30451996801
5201    0.304454518499
5203    0.304453232993
5205    0.304453232976
5207    0.304451831685
5209    0.30445161724
5211    0.30445128352
5213    0.304432155979
5215    0.304428809847
5217    0.304425697178
5219    0.304425683513
5221    0.304409269544
5223    0.304404024453
5225    0.304396042117
5227    0.304396040438
5229    0.304379450072
5231    0.304372678907
5233    0.304371879248
5235    0.30436690502
5237    0.304351343482
5239    0.304335976539
5241    0.304335870159
5243    0.304335748721
5245    0.304318352089
5247    0.304314589861
5249    0.304314589269
5251    0.304314219769
5253    0.304311388524
5279    0.303557335888
5281    0.303556460425
5283    0.303554950789
5285    0.303553645754
5301    0.303206478264
5303    0.303206112688
5305    0.303200650228
5307    0.303196734924
5309    0.303196734544
5311    0.303177169146
5313    0.303175555332
5315    0.303173372177
5317    0.30316340522
5319    0.303157594415
5321    0.30315205824
5323    0.303151192774
5325    0.303144134299
5327    0.303137105688
5329    0.303136825933
5331    0.303136825905
5333    0.30313470022
5335    0.303134420442
5337    0.303132177516
5339    0.303132176819
5341    0.303132129183
5343    0.303132108881
5345    0.303130165739
5347    0.303130165347
5349    0.303130136838
5351    0.303128080849
5353    0.303128080795
5355    0.303116502201
5357    0.303113596953
5359    0.303113561375
5361    0.303092034242
5363    0.30309196733
5365    0.303091934014
5367    0.303091910227
5369    0.303070633982
5371    0.303068871409
5373    0.303066883979
5375    0.303066725589
5377    0.303063344887
5379    0.303063344792
5381    0.303063344792
5383    0.303063342925
5385    0.303063342925
5387    0.303063341724
5413    0.302094992108
5415    0.302094988538
5441    0.300041303105
5443    0.300033126725
5445    0.300024676189
5447    0.300018154627
5449    0.299996560417
5451    0.299975067972
5453    0.299958420911
5455    0.299956803015
5458    0.299913137081
5460    0.299912215346
5462    0.299912215332
5464    0.29991117058
5466    0.299911112676
5468    0.299910881931
5470    0.299892449672
5472    0.299889841711
5474    0.299887415701
5476    0.299887414713
5478    0.299871646835
5480    0.299867267651
5482    0.299859874771
5484    0.299859873122
5486    0.299844117421
5488    0.299837842366
5490    0.299837249246
5492    0.299832832709
5494    0.29981798551
5496    0.299803324032
5498    0.299803279556
5500    0.299803231415
5502    0.299786577028
5504    0.299783132205
5506    0.299783131705
5508    0.299782391552
5510    0.299778997343
5516    0.299668146831
5518    0.29966758575
5520    0.299666498622
5522    0.299665558803
5524    0.299644956347
5526    0.299644764813
5528    0.299640053898
5530    0.299636412716
5532    0.299636412368
5534    0.299617416596
5536    0.299616288488
5538    0.299614514382
5540    0.299605702049
5542    0.299600818803
5544    0.299596166349
5546    0.299595540667
5548    0.299589426596
5550    0.299583369072
5552    0.299583253111
5554    0.29958325309
5556    0.299581596139
5558    0.29958131613
5560    0.299579630966
5562    0.299579630621
5564    0.299579583087
5566    0.299579562828
5568    0.299578103172
5570    0.299578102978
5572    0.299578074413
5574    0.299576414201
5576    0.299576414147
5578    0.299565764819
5580    0.299562819942
5582    0.299562803919
5584    0.299541700027
5586    0.299541643659
5588    0.299541615593
5590    0.299541604872
5592    0.299520751554
5594    0.299519045839
5596    0.299516851373
5598    0.299516769407
5600    0.299513704409
5602    0.29951370424
5604    0.299513702533
5606    0.299513700908
5608    0.299513699939
5610    0.299513698892
5636    0.29882858883
5638    0.298828586444
5664    0.297111306321
5666    0.297103043554
5668    0.297094422446
5670    0.297088938671
5672    0.297067259289
5674    0.297045682228
5676    0.297029535238
5678    0.29702839164
5682    0.296962986086
5684    0.296962326985
5686    0.296962326974
5688    0.296961545127
5690    0.296961542772
5692    0.296961376053
5694    0.29694361619
5696    0.296941572986
5698    0.296939672328
5700    0.296939671305
5702    0.296924524952
5704    0.296920833354
5706    0.296913988072
5708    0.296913986453
5710    0.296899018701
5712    0.296893207305
5714    0.296892758408
5716    0.29688885157
5718    0.296874683178
5720    0.296860692071
5722    0.296860678353
5724    0.296860669468
5726    0.296844722552
5728    0.296841463046
5730    0.29684146267
5732    0.296840604375
5734    0.296836670808
5736    0.296815255653
5738    0.296814891241
5740    0.296814090094
5742    0.296813397499
5744    0.29679314722
5746    0.296793051522
5748    0.296788897571
5750    0.296785513912
5752    0.296785513593
5754    0.296767067438
5756    0.296766304786
5758    0.296764857068
5760    0.29675706116
5762    0.296752950256
5764    0.29674903364
5766    0.296748587653
5768    0.29674329548
5770    0.29673805756
5772    0.296738022914
5774    0.296738022899
5776    0.296736707365
5778    0.296736427209
5780    0.2967351609
5782    0.296735160709
5784    0.296735113275
5786    0.296735093058
5788    0.296733996479
5790    0.296733996372
5792    0.296733967767
5794    0.296732641202
5796    0.296732641149
5798    0.296722831075
5800    0.296719915009
5802    0.296719907739
5804    0.296699220486
5806    0.296699167286
5808    0.296699140797
5810    0.296699135929
5812    0.296678698088
5814    0.296677029724
5816    0.296674728107
5818    0.296674685468
5820    0.296671828235
5822    0.296671827993
5824    0.296671823948
5826    0.296671822495
5828    0.296671820213
5830    0.296671819274
5832    0.296652143804
5834    0.296652143749
5860    0.295127045778
5862    0.295118882249
5864    0.295107849093
5866    0.295103209286
5868    0.295081741259
5870    0.295060374757
5872    0.295046235396
5874    0.295045444902
5876    0.295023816672
5878    0.295023347783
5880    0.295023347775
5882    0.295022761125
5884    0.295022747354
5886    0.295022621269
5888    0.295005511353
5890    0.295003901481
5892    0.29500240392
5894    0.295002397679
5896    0.294987849197
5898    0.29498470647
5900    0.294978370117
5902    0.294978368527
5904    0.294964144925
5906    0.294958766901
5908    0.294958419672
5910    0.294954946319
5912    0.294941423476
5914    0.294928069891
5916    0.294928068225
5918    0.294928067859
5920    0.294912795668
5922    0.29490969115
5924    0.294909690872
5926    0.294908750696
5928    0.294904382519
5930    0.29488332458
5932    0.294883082047
5934    0.294882467273
5936    0.294881935795
5938    0.294862031923
5940    0.294861987307
5942    0.294858237272
5944    0.294855095534
5946    0.294855095241
5948    0.294837179384
5950    0.294836686447
5952    0.294835499717
5954    0.294828598916
5956    0.29482513171
5958    0.29482182837
5960    0.294821515982
5962    0.294816938879
5964    0.294812393942
5966    0.294812390385
5968    0.294812390373
5970    0.294811325904
5972    0.294811045678
5974    0.294810093936
5976    0.294810093819
5978    0.294810046481
5980    0.294810026304
5982    0.294809202397
5984    0.294809202331
5986    0.294809173696
5988    0.294808126802
5990    0.294808126751
5992    0.294799075196
5994    0.29479620483
5996    0.294796201495
5998    0.294775923826
6000    0.294775872049
6002    0.294775846269
6004    0.294775844034
6006    0.294755814099
6008    0.294754177974
6010    0.294751833064
6012    0.294751810725
6014    0.294749099481
6016    0.294749099039
6018    0.294749098986
6020    0.294749097848
6022    0.294749097814
6024    0.294749097077
6026    0.294733337847
6028    0.294733337572
6054    0.293383930117
6056    0.293375765056
6058    0.293363944449
6060    0.293359999017
6062    0.293338559865
6064    0.293317222228
6066    0.293303842739
6068    0.293303313865
6070    0.29328177224
6072    0.293281440298
6074    0.293281440291
6076    0.29328099829
6078    0.293280930397
6080    0.293280830638
6082    0.293264348718
6084    0.293263072378
6086    0.293261885078
6088    0.293261872133
6090    0.29324789876
6092    0.293245196544
6094    0.293239333332
6096    0.293239331772
6098    0.293225811226
6100    0.293220838229
6102    0.293220563392
6104    0.293217456317
6106    0.293204547605
6108    0.29319180051
6110    0.293191800055
6112    0.293191785412
6114    0.293177156885
6116    0.293174189657
6118    0.29317418945
6120    0.293173171653
6122    0.293168476621
6124    0.293147771408
6126    0.293147605406
6128    0.293147114713
6130    0.293146690501
6132    0.29312712735
6134    0.29312710881
6136    0.293123657091
6138    0.293120742609
6140    0.293120742341
6142    0.293103338216
6144    0.293103039139
6146    0.293102061589
6148    0.293095949386
6150    0.293093019212
6152    0.293090227522
6154    0.293090013483
6156    0.293086058311
6158    0.293082100403
6160    0.293082098471
6162    0.293082098463
6164    0.293081220432
6166    0.293080940202
6168    0.293080224733
6170    0.293080224655
6172    0.29308017741
6174    0.293080157273
6176    0.293079538161
6178    0.293079538116
6180    0.293079509463
6182    0.293078695419
6184    0.293078695369
6186    0.293070329934
6188    0.293067509096
6190    0.293067507541
6192    0.293047632305
6194    0.293047581512
6196    0.293047556222
6198    0.29304755518
6200    0.293027925652
6202    0.293026320227
6204    0.293023971364
6206    0.293023959547
6208    0.293021358168
6210    0.293021357588
6212    0.29302135707
6214    0.293021356089
6216    0.29302135581
6218    0.293021355174
6220    0.293008965823
6222    0.293008964885
6248    0.291818472645
6250    0.291810320436
6252    0.291798315517
6254    0.291794939479
6256    0.291773547007
6258    0.291752255956
6260    0.291739244275
6262    0.291738904751
6264    0.291717464253
6266    0.291717230649
6268    0.291717230643
6270    0.291716896069
6272    0.291716748482
6274    0.291716666114
6276    0.291700790707
6278    0.291699771952
6280    0.291698824265
6282    0.291698804819
6284    0.291685384605
6286    0.291683037863
6288    0.291677614603
6290    0.291677613073
6292    0.291664756953
6294    0.291660162411
6296    0.29165993965
6298    0.291657142904
6300    0.29164481854
6302    0.291632648519
6304    0.29163264334
6306    0.291632598172
6308    0.291618583766
6310    0.291615738341
6312    0.291615738188
6314    0.291614647215
6316    0.291609713585
6318    0.291589356291
6320    0.291589239065
6322    0.291588832719
6324    0.291588481423
6326    0.29156925334
6328    0.291569247141
6330    0.291566019769
6332    0.291563318735
6334    0.291563318489
6336    0.291546408214
6338    0.291546243234
6340    0.291545433759
6342    0.291540016585
6344    0.291537534933
6346    0.291535170567
6348    0.291535028023
6350    0.291531613558
6352    0.291528153894
6354    0.291528137322
6356    0.291528137315
6358    0.291527399106
6360    0.29152711893
6362    0.291526580944
6364    0.291526580887
6366    0.291526533733
6368    0.291526513635
6370    0.291526048348
6372    0.291526048316
6374    0.291526019653
6376    0.29152539791
6378    0.291525397861
6380    0.291517653565
6382    0.2915148828
6384    0.291514882058
6386    0.291495402051
6388    0.291495352123
6390    0.291495327264
6392    0.291495326768
6394    0.291476090202
6396    0.291474514828
6398    0.291472185656
6400    0.291472179323
6402    0.291469666285
6404    0.291469665614
6406    0.291469664151
6408    0.291469663257
6410    0.29146966246
6412    0.291469661879
6414    0.291460125328
6416    0.291460123847
6442    0.290412465513
6444    0.290404337049
6446    0.290392353192
6448    0.290389445432
6450    0.290368116221
6452    0.290346888256
6454    0.29033411785
6456    0.290333912149
6458    0.290312587024
6460    0.290312423806
6462    0.290312423801
6464    0.29031216921
6466    0.2903119283
6468    0.290311857617
6470    0.290296567747
6472    0.290295748651
6474    0.290294986692
6476    0.290294961613
6478    0.290282073399
6480    0.290280015088
6482    0.290275000955
6484    0.290274999453
6486    0.290262771421
6488    0.290258530417
6490    0.290258345498
6492    0.290255812383
6494    0.290244044126
6496    0.290232423285
6498    0.29023241046
6500    0.29023232359
6502    0.290218895191
6504    0.290216157996
6506    0.290216157882
6508    0.290214998249
6510    0.290209896226
6512    0.290189881838
6514    0.290189796213
6516    0.29018944835
6518    0.290189147611
6520    0.290170248991
6522    0.290170247781
6524    0.290167192268
6526    0.290164691673
6528    0.290164691448
6530    0.290148257803
6532    0.290148180158
6534    0.290147506092
6536    0.290142701717
6538    0.290140595098
6540    0.290138588039
6542    0.290138496624
6544    0.290135552038
6546    0.290132516115
6548    0.290132476875
6550    0.29013247687
6552    0.29013184455
6554    0.29013156448
6556    0.290131159832
6558    0.29013115979
6560    0.290131112723
6562    0.290131092662
6564    0.290130742929
6566    0.290130742904
6568    0.290130714239
6570    0.29013024974
6572    0.290130249692
6574    0.29012306818
6576    0.290120347206
6578    0.290120346841
6580    0.29010125487
6582    0.290101205769
6584    0.290101181321
6586    0.290101181077
6588    0.290082330111
6590    0.290080784361
6592    0.290078488784
6594    0.290078485331
6596    0.290076047553
