26    3.75454251894
39    3.63129665097
64    3.62859182603
66    3.62858687794
68    3.62857567774
94    3.50985087662
96    3.50985087656
118    3.50762997901
144    3.43777712113
170    3.35047088741
196    3.24297639277
222    3.21435759504
248    3.20490066834
274    3.18345508918
300    3.17330518504
326    3.17059771517
352    3.06570451888
354    3.06570451888
380    3.05357212117
395    2.92926888984
421    2.84348192111
429    2.71917397552
431    2.71917382589
433    2.71917375189
459    2.69603218706
461    2.69602973524
463    2.69602958406
489    2.57356865743
491    2.57356865743
496    2.57348753831
522    2.56679828787
544    2.44379615412
563    2.31988963462
589    2.31295775034
615    2.30596268711
617    2.30595983998
619    2.30594878246
645    2.29906101344
671    2.22107142911
673    2.22107142911
699    2.19489459678
715    2.07070289944
741    1.96756082557
761    1.84395546429
763    1.84395476194
765    1.84395437734
791    1.83069953182
793    1.83069319705
795    1.83069319645
821    1.77529337099
823    1.77529337099
849    1.7453064176
875    1.65713253872
901    1.5753563284
927    1.55087826644
953    1.52862317728
979    1.5239454253
1005    1.50008380798
1031    1.47959305609
1055    1.4788920431
1081    1.46924824074
1083    1.46924824074
1109    1.45951097184
1135    1.42299444215
1161    1.29969688245
1187    1.29390163881
1213    1.26846906864
1239    1.25170088322
1243    1.25165492846
1269    1.24423290759
1295    1.23362099313
1321    1.11170197936
1323    1.11170197936
1331    1.11147828873
1344    0.987050999265
1370    0.879711537088
1396    0.77017152
1398    0.770171157702
1400    0.77017100383
1426    0.75939501749
1452    0.749822363724
1454    0.74982140472
1467    0.62553190063
1469    0.625529394729
1471    0.625514602075
1473    0.625509357212
1475    0.625508730945
1477    0.625500009276
1479    0.625499447011
1481    0.625491877012
1483    0.625486371674
1485    0.625482260252
1491    0.625389260561
1517    0.624738713466
1543    0.620010700364
1559    0.619562999158
1564    0.61950185282
1566    0.619488185357
1592    0.618446866589
1594    0.618437068569
1596    0.618422968301
1622    0.617279194637
1624    0.617279192467
1634    0.617089702888
1636    0.617089119127
1662    0.611352568775
1664    0.611351226268
1666    0.611351107271
1668    0.61135104788
1694    0.609930538931
1696    0.609930242283
1698    0.609929711215
1700    0.609927508814
1702    0.609927508776
1704    0.609913035549
1730    0.604294672887
1732    0.604292673945
1734    0.604292650092
1760    0.598053891927
1786    0.592295640112
1788    0.59229412724
1790    0.592294125769
1816    0.587082574184
1842    0.581240715088
1844    0.581240714492
1870    0.579067354352
1872    0.579065992801
1898    0.57765268866
1900    0.577652506289
1902    0.577652494645
1904    0.577652488235
1907    0.577623509678
1909    0.577623396467
1911    0.577623283488
1937    0.565746506143
1939    0.565746505533
1965    0.55949714353
1975    0.55933381507
2001    0.553557948038
2027    0.5376496572
2029    0.537645983547
2031    0.537642534657
2057    0.536092828086
2083    0.523963517164
2085    0.523963006131
2111    0.515053304379
2113    0.515053303963
2139    0.504884596852
2165    0.498463027108
2167    0.498457587838
2193    0.49238038183
2219    0.488655717608
2245    0.486527326378
2247    0.486525540033
2273    0.479898770095
2299    0.478830465131
2301    0.478828096109
2303    0.478828095654
2305    0.478823460004
2307    0.478821338006
2330    0.477847548816
2351    0.477040308679
2353    0.477039601933
2355    0.477039301629
2357    0.477026034249
2359    0.477013237434
2361    0.477012520675
2363    0.477012301422
2365    0.477011637297
2367    0.47700544762
2369    0.477002422202
2371    0.477002320131
2373    0.476996373378
2375    0.476996189507
2377    0.476991029551
2379    0.47699055242
2381    0.476986082909
2383    0.476972667314
2385    0.476966213728
2391    0.476884276049
2393    0.476873525969
2395    0.476862448157
2397    0.476851849866
2399    0.476839395604
2401    0.476832387166
2403    0.476820385906
2405    0.47681591376
2407    0.476815910429
2409    0.476801043233
2411    0.476800386076
2423    0.476592615342
2425    0.476592546812
2427    0.476592475686
2429    0.476592440163
2431    0.47657896481
2433    0.476578949584
2435    0.47657852304
2437    0.476577759952
2439    0.476577759915
2441    0.476567018639
2467    0.473099633057
2469    0.473099464499
2471    0.473098942936
2497    0.468929602839
2523    0.46532620484
2525    0.465314770206
2527    0.465313682167
2553    0.462236920961
2561    0.462116780136
2563    0.462116779639
2580    0.461770032614
2582    0.46176907835
2584    0.461756928784
2586    0.461754167194
2588    0.461754128149
2590    0.461754106644
2592    0.461742904091
2594    0.461741189266
2596    0.461741041135
2622    0.460093772487
2624    0.460093771545
2650    0.458861351105
2652    0.458855369602
2663    0.458671962898
2689    0.450601550826
2691    0.450600826074
2693    0.450600146313
2695    0.450585482955
2721    0.444792569213
2723    0.44479247822
2749    0.438054738418
2751    0.438054737009
2777    0.429930010596
2803    0.429232996784
2805    0.42923173924
2831    0.423957371382
2840    0.423829962353
2842    0.423815610867
2844    0.423815605683
2870    0.417932890853
2872    0.417924167646
2874    0.417923141316
2876    0.417923140296
2878    0.417917960042
2880    0.417915205531
2882    0.417902823381
2884    0.417891151351
2886    0.417890744528
2888    0.417890571597
2890    0.417879272191
2892    0.417868682041
2894    0.417868101791
2896    0.417867831416
2898    0.417867698472
2900    0.417864353258
2902    0.417862677825
2904    0.417862669354
2906    0.417858574979
2908    0.417858499556
2910    0.417854947586
2912    0.417854796953
2914    0.417851683184
2916    0.417840201438
2918    0.417835225166
2920    0.417822227633
2922    0.417813262107
2924    0.417803965147
2926    0.417795070464
2928    0.417784049065
2930    0.417778415021
2932    0.417768183005
2934    0.417764599824
2936    0.417764596495
2938    0.41775132763
2940    0.417750539905
2942    0.417737752998
2944    0.417737749104
2946    0.417737708242
2948    0.417737687827
2950    0.417725572606
2952    0.417725571763
2954    0.417725185345
2956    0.417725006063
2958    0.417725006028
2960    0.417716715955
2986    0.416168007024
2988    0.416167968833
2990    0.416167925441
3016    0.41388948204
3042    0.411993897735
3045    0.41195887006
3047    0.411957108763
3073    0.410391333158
3075    0.410387245963
3077    0.410387245678
3079    0.410373054702
3081    0.410372194677
3083    0.410361915167
3085    0.410359315697
3087    0.410359260388
3089    0.410359229918
3091    0.410349752064
3093    0.410348138439
3095    0.410347973122
3097    0.410337668665
3099    0.410337668011
3120    0.409926209001
3122    0.409922787744
3124    0.409909878481
3150    0.406598217267
3152    0.406598134304
3154    0.40659805652
3156    0.406584855566
3182    0.404220884066
3184    0.404220077277
3210    0.399857881053
3212    0.399857878564
3238    0.394049173278
3240    0.394034914837
3242    0.394034898027
3268    0.389542261827
3270    0.389531583341
3272    0.389521152992
3274    0.389520270316
3300    0.384585538565
3302    0.384580861878
3304    0.384580476328
3306    0.384580474757
3308    0.38457433469
3310    0.384571402112
3312    0.38456077658
3314    0.384551109212
3316    0.384550750685
3318    0.384550598251
3320    0.384540905622
3322    0.384532141777
3324    0.384531585052
3326    0.384530678971
3328    0.384530651897
3330    0.384528293368
3332    0.384527418702
3334    0.38452741843
3336    0.38452456686
3338    0.384524526212
3340    0.384522052701
3342    0.384522037121
3344    0.384519909813
3346    0.38451003138
3348    0.384506156524
3350    0.38449456743
3352    0.384487090891
3354    0.384479281426
3356    0.384471809785
3358    0.384462055552
3360    0.384457546456
3362    0.384448804376
3364    0.384446018707
3366    0.384446015495
3368    0.384434249878
3370    0.384433422327
3372    0.38442192297
3374    0.384421922682
3376    0.384421888239
3378    0.384421871029
3380    0.384410977131
3382    0.384410977075
3384    0.384410600166
3386    0.384410594589
3388    0.384410594557
3390    0.384404049622
3416    0.383875454494
3418    0.383873972815
3420    0.383873900271
3446    0.382731279769
3472    0.381798494524
3475    0.381765190419
3477    0.381762990527
3503    0.381009043358
3505    0.381005214765
3507    0.381005214611
3509    0.380991488374
3511    0.380990671603
3513    0.380981972957
3515    0.380980867351
3517    0.38098080301
3519    0.380980767559
3521    0.380972748022
3523    0.380972061843
3525    0.380971887153
3527    0.380969193064
3529    0.380969192654
3531    0.380955366827
3533    0.380953112718
3535    0.380941170172
3561    0.379783939685
3563    0.379783939261
3565    0.379783938864
3567    0.379771762617
3593    0.378904655505
3595    0.378903180785
3621    0.376357324239
3623    0.376357321137
3649    0.372420840822
3651    0.372409222816
3653    0.372408996334
3679    0.368825560215
3681    0.368818235224
3683    0.36881108436
3685    0.368808932778
3711    0.364900325759
3713    0.364898324577
3715    0.364898247743
3717    0.364898245661
3719    0.364891323039
3721    0.364888364523
3723    0.364879205509
3725    0.364871198207
3727    0.364870850483
3729    0.364870702625
3731    0.364862351262
3733    0.364855098351
3735    0.364854546282
3737    0.364853249063
3739    0.364853243372
3741    0.36485127436
3743    0.364850857769
3745    0.364850852965
3747    0.364848840443
3749    0.36484881271
3751    0.364847067176
3753    0.364847056754
3755    0.364845601948
3757    0.364837012743
3759    0.364834022951
3761    0.364823685835
3763    0.364817439695
3765    0.364810874115
3767    0.364804592489
3769    0.364795959856
3771    0.364792360652
3773    0.36478487549
3775    0.36478273418
3777    0.364782731081
3779    0.364772268693
3781    0.36477143146
3783    0.364761089297
3785    0.364761089259
3787    0.364761056497
3789    0.364761040125
3791    0.36475124381
3793    0.364751243805
3795    0.364750869135
3797    0.364750826359
3799    0.364750826328
3801    0.364745547566
3803    0.364739850957
3805    0.364734070791
3807    0.364733753194
3833    0.364115164127
3859    0.363614223973
3862    0.363589413305
3864    0.363587459772
3882    0.363317681707
3884    0.363314243314
3886    0.363314243229
3888    0.363301227216
3890    0.363300428359
3892    0.363293066395
3894    0.363292632441
3896    0.363292564095
3898    0.363292526433
3900    0.363285740173
3902    0.363285470964
3904    0.363285291826
3906    0.363282903525
3908    0.363282903285
3910    0.363269765266
3912    0.363268025757
3914    0.363257075353
3923    0.363131931299
3925    0.363131924433
3927    0.363131917997
3929    0.363120831295
3944    0.362886192748
3946    0.362884629638
3972    0.361462883425
3974    0.361462880443
4000    0.358824917539
4002    0.35881579414
4004    0.358815171304
4030    0.356120377542
4032    0.356115643942
4034    0.356111024827
4036    0.356107991875
4062    0.353147384926
4064    0.353146843431
4066    0.35314684292
4068    0.353146840422
4070    0.353139367846
4072    0.353136412661
4074    0.353128503564
4076    0.353121870313
4078    0.353121526805
4080    0.353121380728
4082    0.353114172515
4084    0.353108169553
4086    0.353107618998
4088    0.353106135224
4090    0.353106133958
4092    0.353104334907
4094    0.353104165457
4096    0.353104156297
4098    0.353102714268
4100    0.353102691951
4102    0.353101441367
4104    0.35310135282
4106    0.353100356919
4108    0.353092810495
4110    0.353090528571
4112    0.353081304974
4114    0.353076076787
4116    0.353070552125
4118    0.35306526635
4120    0.353057626863
4122    0.353054762734
4124    0.353048339379
4126    0.353046715642
4128    0.353046712656
4130    0.353037382349
4132    0.353036543246
4134    0.353027241497
4136    0.353027241487
4138    0.3530272093
4140    0.353027193215
4142    0.353018383697
4144    0.353018383696
4146    0.353018009546
4148    0.353017814815
4150    0.353017814786
4152    0.353013477479
4154    0.353012109765
4156    0.353001907676
4158    0.353001335428
4162    0.352956446994
4164    0.352941728595
4166    0.35293171062
4168    0.352930087587
4170    0.352915873108
4172    0.352912928126
4174    0.352912928076
4176    0.352900854806
4178    0.352900061286
4180    0.352893829431
4182    0.352893657609
4184    0.352893588021
4186    0.352893549675
4188    0.352887806199
4190    0.352887699674
4192    0.352887518724
4194    0.352885411053
4196    0.352885410912
4198    0.352872920157
4200    0.352871235338
4202    0.352861341148
4204    0.352853005393
4206    0.352853000958
4208    0.3528529968
4210    0.352842974923
4212    0.352831383938
4214    0.352829928258
4240    0.352074852075
4242    0.352074849524
4268    0.350301826106
4270    0.350294854529
4272    0.350294060823
4298    0.348361959791
4300    0.348359083445
4302    0.348356277557
4304    0.348352915779
4330    0.346182131215
4332    0.346182111381
4334    0.346182031058
4336    0.346182028258
4338    0.346174245741
4340    0.346171300068
4342    0.346164472448
4344    0.346158976412
4346    0.346158635899
4348    0.346158491091
4350    0.346152271937
4352    0.346147303071
4354    0.346146753697
4356    0.346145192249
4358    0.346145191938
4360    0.346143474973
4362    0.346143425223
4364    0.346143413249
4366    0.34614236224
4368    0.346142342421
4370    0.346141431085
4372    0.34614121403
4374    0.346140531555
4376    0.34613383346
4378    0.346132114401
4380    0.346123881532
4382    0.346119496476
4384    0.346114843391
4386    0.346110391468
4388    0.346103631558
4390    0.346101360361
4392    0.346095835144
4394    0.346094624114
4396    0.346094621237
4398    0.346086276147
4400    0.34608543728
4402    0.346077071164
4404    0.346077071161
4406    0.346077039277
4408    0.346077023342
4410    0.346069101226
4412    0.346069101226
4414    0.346068727245
4416    0.346068312325
4418    0.346068312295
4420    0.346064689804
4422    0.346063485829
4424    0.346053365734
4426    0.346052643598
4428    0.346038142472
4430    0.346023760215
4432    0.346013734177
4434    0.346012299972
4436    0.345998463561
4438    0.345995955492
4440    0.345995955463
4442    0.345984751435
4444    0.345983959397
4446    0.345978684222
4448    0.345978615309
4450    0.345978545406
4452    0.345978506885
4454    0.345973646195
4456    0.345973603507
4458    0.345973421678
4460    0.345971569531
4462    0.345971569447
4464    0.345959687551
4466    0.345957933784
4468    0.345949048348
4470    0.345942668473
4472    0.345942667298
4474    0.345942666196
4476    0.345933638491
4478    0.345924369882
4480    0.345922987534
4490    0.345783767856
4492    0.345783765827
4518    0.344479834801
4520    0.344474641842
4522    0.344474196055
4548    0.343140671554
4550    0.34313905983
4552    0.343137487953
4554    0.343134773091
4580    0.341577690256
4582    0.341577549853
4584    0.341577289868
4586    0.341577286875
4588    0.34156940829
4590    0.341566474027
4592    0.341560589991
4594    0.341556035227
4596    0.341555697468
4598    0.341555553827
4600    0.341550197547
4602    0.341546084288
4604    0.341545536256
4606    0.341543948843
4608    0.341543948755
4610    0.341542277154
4612    0.341542272124
4614    0.341542258438
4616    0.341541477852
4618    0.34154145928
4620    0.341540782578
4622    0.341540409547
4624    0.341539941331
4626    0.341533937316
4628    0.341532662655
4630    0.341525311538
4632    0.3415216256
4634    0.341517702708
4636    0.341513949376
4638    0.341507968552
4640    0.341506174761
4642    0.341501410226
4644    0.341500525315
4646    0.341500522544
4648    0.3414930364
4650    0.341492198447
4652    0.341484673868
4654    0.341484673866
4656    0.341484642219
4658    0.341484626401
4660    0.341477502426
4662    0.341477502425
4664    0.341477128602
4666    0.341476489849
4668    0.34147648982
4670    0.341473373351
4672    0.341472255258
4674    0.341462185361
4676    0.341461361276
4678    0.341447190531
4680    0.341433136033
4682    0.341423116308
4684    0.341421799083
4686    0.341408330592
4688    0.341406204936
4690    0.341406204919
4692    0.341395795722
4694    0.341395004011
4696    0.341390538775
4698    0.341390510614
4700    0.341390440713
4702    0.341390402193
4704    0.341386288887
4706    0.341386271462
4708    0.341386089129
4710    0.341384468418
4712    0.341384468368
4714    0.341373159051
4716    0.341371369247
4718    0.341363392351
4720    0.341358002368
4722    0.341358001978
4724    0.341358001612
4726    0.341349869559
4728    0.341341792379
4730    0.341340436235
4732    0.341331745696
4734    0.341331744123
4760    0.340338207836
4762    0.340334365985
4764    0.340334204737
4790    0.33944175913
4792    0.339440931934
4794    0.339440125326
4796    0.339438096524
4822    0.33833604095
4824    0.338335394039
4826    0.338334895366
4828    0.338334892274
4830    0.338327088617
4832    0.338324166817
4834    0.338319108331
4836    0.338315332735
4838    0.338314997668
4840    0.338314855169
4842    0.338310253717
4844    0.338306848443
4846    0.338306301985
4848    0.338304712249
4850    0.338304712219
4852    0.338303070381
4854    0.338303067701
4856    0.338303052944
4858    0.338302461225
4860    0.338302443323
4862    0.338301930503
4864    0.33830138972
4866    0.338301068104
4868    0.338295635125
4870    0.338294708271
4872    0.338288142087
4874    0.338285036511
4876    0.338281725677
4878    0.338278557917
4880    0.338273267183
4882    0.338271856952
4884    0.338267737507
4886    0.338267107372
4888    0.338267104707
4890    0.338260368722
4892    0.338259531993
4894    0.338252764362
4896    0.338252764361
4898    0.338252732933
4900    0.338252717225
4902    0.338246311138
4904    0.338246311138
4906    0.338245937541
4908    0.338245096219
4910    0.33824509619
4912    0.338242342171
4914    0.338241305344
4916    0.338231276312
4918    0.338230385183
4920    0.338216536634
4922    0.338202801773
4924    0.338192798153
4926    0.338191555703
4928    0.338178445361
4930    0.338176653415
4932    0.338176653405
4934    0.33816697142
4936    0.33816617974
4938    0.338162400225
4940    0.338162388403
4942    0.338162318623
4944    0.338162280168
4946    0.338158799613
4948    0.338158792307
4950    0.338158609654
4952    0.338157197778
4954    0.338157197748
4956    0.338146426977
4958    0.338144615853
4960    0.338137456112
4962    0.338132721794
4964    0.338132721641
4966    0.338132721498
4968    0.338125396037
4970    0.33811811605
4972    0.338116768493
4974    0.338112146321
4976    0.33811214511
5002    0.33735693036
5004    0.33735406432
5006    0.337354026282
5032    0.336772149187
5034    0.336771768908
5036    0.336771398137
5038    0.336769833687
5064    0.33599488843
5066    0.335993560409
5068    0.335992793451
5070    0.335992790334
5072    0.335985186134
5074    0.335982277637
5076    0.335977940756
5078    0.335974810225
5080    0.33597447782
5082    0.335974336451
5084    0.335970394661
5086    0.335967575267
5088    0.335967030611
5090    0.335965449271
5092    0.335965449258
5094    0.33596383056
5096    0.335963807838
5098    0.33596379237
5100    0.335963333954
5102    0.335963316441
5104    0.335962919306
5106    0.335962209489
5108    0.33596198828
5110    0.335957027646
5112    0.335956370046
5114    0.335950502752
5116    0.335947879527
5118    0.335945081999
5120    0.335942405336
5122    0.335937725852
5124    0.335936623016
5126    0.335933051364
5128    0.33593261739
5130    0.335932614826
5132    0.335926535123
5134    0.335925699835
5136    0.335919613068
5138    0.335919613067
5140    0.335919581855
5142    0.335919566255
5144    0.335913805875
5146    0.335913805874
5148    0.335913432587
5150    0.335912418646
5152    0.335912418617
5154    0.335909927849
5156    0.33590896783
5158    0.33589897406
5160    0.335898040367
5162    0.335884506046
5164    0.335871082913
5166    0.335861102162
5168    0.335859909117
5170    0.335847147452
5172    0.335845645814
5174    0.335845645808
5176    0.33583662957
5178    0.335835837908
5180    0.335832638932
5182    0.335832633781
5184    0.335832564169
5186    0.335832525805
5188    0.335829580924
5190    0.335829577745
5192    0.335829394883
5194    0.335828170818
5196    0.3358281708
5198    0.335817906658
5200    0.335816079792
5202    0.335809654546
5204    0.335805476814
5206    0.335805476761
5208    0.335805476712
5210    0.33579887756
5212    0.335792282553
5214    0.335790938774
5216    0.335788842533
5218    0.335788841607
5244    0.335215682581
5246    0.335213506633
5248    0.335213505458
5257    0.335091548913
5259    0.335091311382
5261    0.335091079798
5263    0.335089827435
5289    0.334485441462
5291    0.334483661409
5293    0.334482596586
5295    0.334482593578
5297    0.33447548371
5299    0.334472589251
5301    0.334468906896
5303    0.334466310482
5305    0.334465980718
5307    0.334465840471
5309    0.334462496812
5311    0.334460162292
5313    0.334459619655
5315    0.334458051608
5317    0.334458051602
5319    0.334456453268
5321    0.334456400115
5323    0.334456384139
5325    0.334456020861
5327    0.334456003593
5329    0.334455689031
5331    0.334454815684
5333    0.334454663316
5335    0.334450095446
5337    0.334449643417
5339    0.334444398524
5341    0.334442176695
5343    0.334439809896
5345    0.334437545328
5347    0.33443340724
5349    0.334432550046
5351    0.334429444211
5353    0.334429158398
5355    0.334429155933
5357    0.334423651378
5359    0.334422817714
5361    0.334417343364
5363    0.334417343364
5365    0.334417312365
5367    0.334417296871
5369    0.334412117261
5371    0.33441211726
5373    0.334411744369
5375    0.334410588663
5377    0.334410588633
5379    0.334408291459
5381    0.334407403953
5383    0.334397442244
5385    0.334396482539
5387    0.334383254654
5389    0.334370135518
5391    0.334360182391
5393    0.334359023258
5395    0.334346601046
5397    0.334345351117
5399    0.334345351113
5401    0.334336944727
5403    0.334336153165
5405    0.334333445657
5407    0.334333443297
5409    0.334333373871
5411    0.334333335611
5413    0.334330844191
5415    0.334330842736
5417    0.334330659742
5419    0.334329604047
5421    0.334329604035
5423    0.3343198166
5425    0.334317978954
5427    0.334312213802
5429    0.334308508552
5431    0.334308508535
5433    0.33430850852
5435    0.334302563359
5437    0.334296557169
5439    0.334295213298
5441    0.334294519666
5443    0.334294518961
5469    0.333874482683
5471    0.333872636193
5473    0.333872628143
5475    0.333861362127
5477    0.333861191485
5479    0.333861025117
5481    0.333859995081
5507    0.333370077523
5509    0.333367955705
5511    0.333366600755
5513    0.333366597894
5515    0.333359989458
5517    0.333357109707
5519    0.333353993227
5521    0.333351839143
5523    0.333351512002
5525    0.33335137287
5527    0.333348546166
5529    0.333346612968
5531    0.333346072544
5533    0.333344520084
5535    0.33334452008
5537    0.333342940997
5539    0.333342854019
5541    0.333342837659
5543    0.333342543062
5545    0.333342525957
5547    0.333342271016
5549    0.33334124381
5551    0.333341138698
5553    0.333336899097
5555    0.333336601195
5557    0.333331910721
5559    0.333330023379
5561    0.333328018241
5563    0.33332609969
5565    0.333322441111
5567    0.333321779562
5569    0.333319070421
5571    0.33331889362
5573    0.333318891251
5575    0.333313891637
5577    0.333313059765
5579    0.333308136269
5581    0.333308136268
5583    0.333308105483
5585    0.333308090096
5587    0.333303432844
5589    0.333303432843
5591    0.33330306043
5593    0.333301791167
5595    0.333301791138
5597    0.333299637934
5599    0.333298818817
5601    0.333288887542
5603    0.33328791281
5605    0.333274983795
5607    0.333262161147
5609    0.33325223911
5611    0.333251104345
5613    0.333239012632
5615    0.333237980153
5617    0.333237980151
5619    0.333230132797
5621    0.333229341448
5623    0.333227049985
5625    0.333227048833
5627    0.333226979602
5629    0.333226941449
5631    0.333224833872
5633    0.333224833162
5635    0.333224650098
5637    0.333223744866
5639    0.33322374486
5641    0.333214406121
5643    0.333212563357
5645    0.333207391357
5647    0.333204079056
5649    0.333204079048
5651    0.333204079041
5653    0.333198722759
5655    0.333193212616
5657    0.333191864829
5659    0.333191765839
5661    0.333191765306
5663    0.333177190701
5665    0.333175591778
5667    0.333175545057
5669    0.333167096508
5671    0.333166985841
5673    0.333166877948
5675    0.33316605466
5693    0.332897547805
5695    0.332895173964
5697    0.332893542205
5699    0.332893539503
5701    0.332887456207
5703    0.332884591765
5705    0.332881966719
5707    0.332880179011
5709    0.332879854469
5711    0.332879716443
5713    0.332877338504
5715    0.332875737496
5717    0.33287519946
5719    0.332873663701
5721    0.332873663699
5723    0.332872103439
