0.351586841879 -0.936155271639 -1.21153069884 -0.0
0.0127091558687 -0.0356755153459 -1.22857059611 1.63677568239
-0.00383403193383 -0.0299219052275 -1.69823651563 1.75051093657
0.00327991005333 -0.0312735872963 -1.46630037937 1.72975586369
0.0155518463824 -0.0287548751312 -1.07501132884 1.71032743269
0.0213620170924 -0.0222595108685 -0.805969821707 1.73928323435
-0.00474749289369 -0.00829311958079 -2.09072087449 2.32530018355
0.00893004902977 -0.00261839444474 -0.285217377337 2.33854758997
-0.00326918843047 -0.00761367648513 -1.97637412396 2.39660173597
5.63728438495e-05 -0.00745869451684 -1.56323846659 2.44917315846
0.00485458248302 -0.0053172668245 -0.830853578463 2.46683569146
0.0057709441627 -0.00376227724337 -0.577733905372 2.48891358821
0.00056238560581 -0.00689768892081 -1.48944380449 2.48662804476
0.00365803239808 -0.0053439786318 -0.970538900659 2.51982175427
0.00219527930697 -0.00560698252223 -1.1976164202 2.55621604614
0.0020378183933 -0.00449852065164 -1.1454525151 2.65534057004
0.00125644812539 -0.00419623413864 -1.27986916859 2.71531883973
0.00180944569469 -0.00365154908464 -1.11073252007 2.75140795122
0.00132993766406 -0.00323315308241 -1.18054917336 2.82806797105
0.00104405138316 -0.00233168226235 -1.14980055483 2.98489900199
0.000345858100277 -0.0015972938194 -1.35756057742 3.20826764718
-0.000237521384211 -0.00134486853322 -1.74560671823 3.29805060979
0.000937099198967 -0.000985749841148 -0.810694098645 3.30010046586
0.000326333179523 -0.00114450082443 -1.29303559888 3.36685235688
0.000114985792598 -0.00108611784308 -1.46532060317 3.40978632168
0.00063020382869 -0.000899522465507 -0.959668992378 3.40698869515
0.000219850929114 -0.000940396260088 -1.34113569805 3.47130103738
-0.000354260374871 -0.000825991596429 -1.97595807798 3.50724942986
0.000481356742274 -0.000774927753423 -1.01496068793 3.49979305216
-0.000521888247077 0.000408135925748 2.47790112636 3.65972448038
0.000513297185424 -0.000477951512397 -0.749755539944 3.63124167806
0.000586072737884 -0.000324997562814 -0.506317938872 3.65400246462
0.000303005251919 0.000291993094184 0.76689239663 3.88667714044
-1.37448083504e-07 -0.000629555034572 -1.57101465255 3.68524862931
-5.00635305161e-05 -0.000604740655988 -1.65339310599 3.70364793001
0.000231262432434 -0.000573663011298 -1.18759209629 3.69408752697
0.000227877126506 -0.000515282391113 -1.15441653173 3.74074116023
-0.000139421180872 -0.000501346563683 -1.84203618571 3.78048365571
0.000407813642821 -0.000275869004836 -0.594750963813 3.80815297965
0.00019602736978 -0.000381200476494 -1.09582413692 3.87743530534
-5.74982850071e-05 -0.000405940288211 -1.71150255839 3.89968626152
0.00033658341957 -9.33273919788e-05 -0.270483405461 3.9798144759
0.000241542142937 8.06509540609e-05 0.32226058885 4.13780809067
-0.000105569200946 -0.000347633214857 -1.86562569768 3.96012789505
-0.000166226919469 7.17669141377e-05 2.73402651767 4.30834748806
-0.000188148055672 -0.000218882643876 -2.28082824719 4.0751764044
-0.000115469074532 -0.000307568876389 -1.9299396307 4.01044175592
0.000202891930691 -0.00025234270189 -0.89360090054 4.01770290574
0.000243450398884 -0.000103035065062 -0.400368928715 4.11910612851
-0.000128793775505 -0.000247218916436 -2.05107928927 4.09258646378
4.89027315886e-05 -0.000315641192793 -1.41708701888 4.02452218333
0.00022388022574 -3.70978052104e-05 -0.164211692754 4.19542779077
-2.0867164372e-05 -0.00029478420726 -1.64146637504 4.06338388047
8.3154858741e-05 -0.000279079086734 -1.28121064685 4.07074296509
0.000199287310355 4.10445817982e-06 0.0205927711815 4.26027547887
0.000208615540475 -0.000136434188976 -0.579180776442 4.14849017963
-0.000146277304447 -0.000164399883618 -2.297928011 4.21081565149
0.000142697865836 -0.000214719327799 -0.984240715639 4.13163979755
0.000109168743219 -0.000219450829948 -1.10918010276 4.15691184969
0.000179808595126 -0.000122817780876 -0.599257493763 4.21608001757
1.99171425396e-05 -0.000263684511497 -1.49540549987 4.11895630853
-8.99587944703e-05 -0.000201254982427 -1.99114361242 4.20993036817
9.43468056342e-05 7.47405840355e-05 0.669960493704 4.51249534477
0.000133270787682 -0.000174407305656 -0.918309802745 4.21208559119
-0.000130646903653 -8.44719296511e-05 -2.56763482996 4.38418573915
-3.30394973965e-05 -0.000226455402468 -1.71567260749 4.19121552194
5.59623004383e-05 -0.000233100972065 -1.33517806087 4.16801007771
8.07831501436e-05 -0.000203136541078 -1.19229235383 4.21411041182
0.000134443806968 -0.000135832710405 -0.790536942101 4.28131268566
-5.38675979541e-05 -0.000188246282449 -1.84950330771 4.26920358214
0.000118316932627 2.84353104585e-06 0.024028545232 4.5209274755
-0.000106083036025 -5.7772262431e-05 -2.64290883123 4.51071103917
-5.84869993711e-06 -0.000204753498839 -1.59935315257 4.24664797273
0.000133159007463 -6.54675714603e-05 -0.456944993422 4.40785905767
7.02852998554e-05 4.62884858306e-05 0.582383158747 4.69140452181
0.000116907507406 -2.20197186918e-05 -0.186170522308 4.51834834875
2.45741340474e-05 -0.000205469338649 -1.45176173569 4.24155616389
0.000114230805068 -0.000104187105524 -0.739446669321 4.38730887893
-5.73213134588e-05 -0.00013600520125 -1.96966825036 4.41053230135
1.09040133793e-05 4.35481417551e-05 1.32545076462 5.00561970881
7.50263001246e-05 -0.00012802233306 -1.0407042402 4.40784385089
0.000101042164156 -6.82496864639e-05 -0.59406389033 4.50602140385
-6.48285198512e-05 -5.98724922954e-05 -2.3959168673 4.66768801888
-2.98034449042e-05 -0.000125137258145 -1.80460650766 4.47925651192
9.72807860478e-06 3.0950348883e-05 1.26626115211 5.16801022901
-3.98962012157e-05 -2.26018098253e-06 -3.08500160932 5.06381365883
-1.70272616147e-05 1.75728852826e-05 2.34042639392 5.30905094951
-4.78515399482e-05 -3.99866550945e-05 -2.44549468004 4.84129757313
1.20390197985e-05 -0.000135244226695 -1.48201345347 4.45224096972
-3.11042004977e-05 -9.58582447734e-05 -1.88455893829 4.60129353924
-3.90139473004e-05 -1.71377081514e-05 -2.72769643176 5.03168642108
-1.38429126352e-05 9.18148698229e-06 2.55595037765 5.50272216084
1.66069853585e-06 1.25610574056e-05 1.43934857938 5.63812248141
3.80151710175e-05 -6.08541404001e-05 -1.01241762288 4.77114595162
6.50715575864e-05 -1.63384362643e-05 -0.245998772347 4.80472755826
4.84695679666e-05 -5.41419422197e-06 -0.11124181456 4.96418712373
2.57108846592e-05 5.73242504522e-06 0.219369160367 5.27216960836
-1.81440949335e-05 -2.69725886481e-05 -2.16295490259 5.16702195363
3.92454954926e-06 2.78099376485e-06 0.616484318132 6.12240765017
1.6023470988e-06 -9.78424058958e-06 -1.40846913469 5.76075212028
