2 0.0785880950783
4 0.0205228688774
6 0.00664152547534
8 0.00237053871881
10 0.000888898186774
12 0.000342815377732
14 0.000134505549019
16 5.33581800828e-05
18 2.13211125498e-05
20 8.56116865267e-06
22 3.44903097522e-06
24 1.39268912831e-06
26 5.63251130473e-07
28 2.28052256202e-07
30 9.24078466594e-08
32 3.74650825042e-08
34 1.51956330704e-08
36 6.16504895398e-09
38 2.50175856767e-09
40 1.01536196898e-09
42 4.12140361769e-10
44 1.6730374551e-10
46 6.79192934533e-11
48 2.75737245536e-11
50 1.11947213652e-11
52 4.54500326263e-12
54 1.84522883084e-12
56 7.4893043156e-13
58 3.03888858522e-13
60 1.23187050838e-13
62 4.97726859727e-14
3 -0.0439313729676
5 -0.0121923904391
7 -0.00407474536798
9 -0.00147713120777
11 -0.000558690376607
13 -0.000216611960953
15 -8.52876498102e-05
17 -3.39162348267e-05
19 -1.35762139069e-05
21 -5.45833001487e-06
23 -2.20108281153e-06
25 -8.89406081063e-07
27 -3.59895503254e-07
29 -1.45773670558e-07
31 -5.90854687833e-08
33 -2.39603646784e-08
35 -9.71977960531e-09
37 -3.94391136416e-09
39 -1.60057363197e-09
41 -6.49651881769e-10
43 -2.63710242011e-10
45 -1.07053927355e-10
47 -4.34609674638e-11
49 -1.76443365127e-11
51 -7.16327604872e-12
53 -2.90792129959e-12
55 -1.18017574879e-12
57 -4.7870908626e-13
59 -1.93881369293e-13
61 -7.82334266813e-14
63 -3.12709927397e-14
