2 0.0215156207049
4 0.0033910914469
6 0.000861335240835
8 0.000237528974649
10 6.77393195339e-05
12 1.9662827622e-05
14 5.76401447262e-06
16 1.69882167083e-06
18 5.0203086021e-07
20 1.48485184891e-07
22 4.3895271383e-08
24 1.2954893068e-08
26 3.81282246747e-09
28 1.1176925982e-09
30 3.25860775863e-10
32 9.43141259535e-11
34 2.70285252513e-11
36 7.64263652364e-12
38 2.12141415545e-12
40 5.73228964296e-13
42 1.45307377242e-13
3 -0.00682524380386
5 -0.00156329612386
7 -0.000414671986032
9 -0.000115841478097
11 -3.32504232392e-05
13 -9.69211964134e-06
15 -2.8502107735e-06
17 -8.42301539662e-07
19 -2.49526524131e-07
21 -7.39769204436e-08
23 -2.19209303695e-08
25 -6.48540971621e-09
27 -1.91371588021e-09
29 -5.62590321551e-10
31 -1.64540922554e-10
33 -4.77784756203e-11
35 -1.37344996487e-11
37 -3.88567650278e-12
39 -1.0677916884e-12
41 -2.70304612027e-13
43 -4.90787965823e-14
45 9.86016823745e-15
