#0.2 1.0 
#0.4 0.999999999998 
#0.6 0.999999999986 
#0.8 0.999999999937 
1.0 0.999999999747 
1.2 0.999999999034 
1.4 0.999999996494 
1.6 0.999999988175 
1.8 0.999999963513 
2.0 0.999999897958 
2.2 0.999999742538 
2.4 0.999999414278 
2.6 0.999998793199 
2.8 0.999997724924 
3.0 0.999995891111 
3.2 0.999990710525 
3.4 0.999994374763 
3.6 0.999996448848 
3.8 0.999997675452 
4.0 0.999998429937 
4.2 0.999998910581 
4.4 0.999999226383 
4.6 0.999999439557 
4.8 0.999999586882 
5.0 0.999999690811 
5.2 0.999999765461 
5.4 0.99999981994 
5.6 0.999999860264 
5.8 0.999999890492 
6.0 0.999999913412 
