1.2 0.999999999403
1.4 0.999999998834
1.6 0.999999997906
1.8 0.9999999965
2.0 0.999999994533
2.2 0.99999999202
2.4 0.999999989111
2.6 0.999999986036
2.8 0.999999982868
3.0 0.999999978441
3.2 0.999999959433
3.4 0.999999977538
3.6 0.99999998669
3.8 0.999999991701
4.0 0.999999994614
4.2 0.999999996388
4.4 0.999999997512
4.6 0.999999998246
4.8 0.999999998739
5.0 0.999999999077
5.2 0.999999999314
5.4 0.999999999484
5.6 0.999999999606
5.8 0.999999999696
6.0 0.999999999763
6.2 0.999999999814
6.4 0.999999999852
6.6 0.999999999882
6.8 0.999999999905
7.0 0.999999999923




