2 0.022367541911
4 0.00333136437934
6 0.000755449908608
8 0.00018674688737
10 4.78735972202e-05
12 1.252821172e-05
14 3.32159150502e-06
16 8.88295630913e-07
18 2.38966117221e-07
20 6.45541404151e-08
22 1.74914842332e-08
24 4.75024512087e-09
26 1.29233996421e-09
28 3.52083417976e-10
30 9.60302323771e-11
32 2.62094165815e-11
34 7.15037751231e-12
36 1.94536747822e-12
38 5.24462417939e-13
40 1.35544353519e-13
42 2.71102584826e-14
44 -1.76247905159e-15
46 -9.20791221048e-15
48 -1.15948917134e-14
50 -1.25385812844e-14
52 -1.27536869954e-14
3 -0.00631630221734
5 -0.00136276280066
7 -0.000335424443484
9 -8.63509221301e-05
11 -2.27361336748e-05
13 -6.06528610375e-06
15 -1.63106851814e-06
17 -4.40852841135e-07
19 -1.19547536905e-07
21 -3.24890189821e-08
23 -8.84259915984e-09
25 -2.40921311373e-09
27 -6.56867005233e-10
29 -1.79181905424e-10
31 -4.88938542431e-11
33 -1.3342264793e-11
35 -3.64355767779e-12
37 -9.91984272503e-13
39 -2.70013178483e-13
41 -7.37396255168e-14
43 -1.97342142627e-14
45 -4.80865347541e-15
47 -2.00534033823e-15
49 -4.51028103754e-16
51 -1.52655665886e-16
53 -2.98372437868e-16
55 -1.31838984174e-16
