2 0.0794798079667
4 0.0193460799412
6 0.00584173628287
8 0.00202178924135
10 0.000759567750071
12 0.000299403641682
14 0.000121297098006
16 4.99048421021e-05
18 2.07109992863e-05
20 8.6376664387e-06
22 3.61264354689e-06
24 1.51349690619e-06
26 6.34714530231e-07
28 2.66347857854e-07
30 1.11813660421e-07
32 4.69521058018e-08
34 1.9719326332e-08
36 8.2828843684e-09
38 3.47942705377e-09
40 1.46170491379e-09
42 6.14086995664e-10
44 2.57996191685e-10
46 1.08393894121e-10
48 4.55408957073e-11
50 1.91336165661e-11
52 8.03854899312e-12
3 -0.0431599464146
5 -0.0110584184256
7 -0.0035207360036
9 -0.00126029397309
11 -0.000482740780855
13 -0.000192283183609
15 -7.832210729e-05
17 -3.23119944586e-05
19 -1.34281001044e-05
21 -5.60409674239e-06
23 -2.34468314628e-06
25 -9.82470026322e-07
27 -4.12059709723e-07
29 -1.72924905382e-07
31 -7.2597365057e-08
33 -3.04855289793e-08
35 -1.28038434109e-08
37 -5.37820636203e-09
39 -2.25927809013e-09
41 -9.49132026879e-10
43 -3.98751050842e-10
45 -1.67529001956e-10
47 -7.03863369499e-11
49 -2.95729647368e-11
51 -1.2425657725e-11
53 -5.22102890435e-12
