1.0 0.0 0.0 -0.0
0.364181168308 0.0 0.0 0.505051910016
0.291400957703 0.0 0.0 0.616527549335
0.278303551309 0.0 0.0 0.639521424905
0.246997083622 0.0 0.0 0.699189374811
0.223742518464 0.00223621175663 0.00999424390539 0.748604708067
0.223742518464 -0.00223621175663 -0.00999424390539 0.748604708067
0.206277480171 0.0 0.0 0.789266512724
0.196713462829 0.0 0.0 0.813003556234
0.185546310931 0.0 0.0 0.842225386739
0.168979102957 0.0 0.0 0.888990111423
0.161570877782 0.0 0.0 0.911405680441
0.156259172203 0.0 0.0 0.928119644995
0.15492023144 0.0 0.0 0.932422465203
0.148478646596 0.0 0.0 0.953657062521
0.135221847797 0.0 0.0 1.00041926615
0.133205296228 0.0 0.0 1.0079318801
0.119939267182 0.0 0.0 1.06038488557
0.118465577941 0.0 0.0 1.06656642106
0.113373096442 0.0 0.0 1.08853558031
0.110458317712 0.0 0.0 1.10155852223
0.107640643194 0.0 0.0 1.11447848886
0.105309948127 0.0 0.0 1.12542369508
0.104132642635 0.0 0.0 1.13104489126
0.10186465466 0.0 0.0 1.14205513096
0.0967933570231 0.0 0.0 1.16758845642
0.0954485142994 0.0 0.0 1.17458414708
0.0886303179473 0.0 0.0 1.21164064544
0.0857832089127 0.00267247064661 0.0311437003588 1.22772347425
0.0857832089127 -0.00267247064661 -0.0311437003588 1.22772347425
0.0843966035891 0.00482104050552 0.0570616195784 1.23529961078
0.0843966035891 -0.00482104050552 -0.0570616195784 1.23529961078
0.0840506852957 0.0 0.0 1.23816763287
0.0815532077246 0.0 0.0 1.25324980812
0.0806381202288 0.0 0.0 1.25889189279
0.0795161771657 0.0 0.0 1.26589739583
0.0780644321768 0.0 0.0 1.27511036987
0.0763988102116 0.0 0.0 1.28589407804
0.0745119471416 0.0 0.0 1.29839790107
0.0709376933513 0.00103103086538 0.0145332928853 1.32292386682
0.0709376933513 -0.00103103086538 -0.0145332928853 1.32292386682
0.071025782002 0.0 0.0 1.32235617053
0.0698380178804 0.0 0.0 1.33078837436
0.0690437454984 0.0 0.0 1.33650749127
0.0680017267361 0.0 0.0 1.34411109048
0.0660964239588 0.00163614895937 0.0247489167466 1.35816717418
0.0660964239588 -0.00163614895937 -0.0247489167466 1.35816717418
0.0662433159229 0.0 0.0 1.35721035547
0.0644895633319 0.00120455112769 0.0186760619076 1.37053873465
0.0644895633319 -0.00120455112769 -0.0186760619076 1.37053873465
0.0636255030022 0.0 0.0 1.37737044921
0.0615977554285 0.00144293379848 0.0234208202174 1.39342777723
0.0615977554285 -0.00144293379848 -0.0234208202174 1.39342777723
0.0609609978168 0.00157076930396 0.0257610910738 1.39859457287
0.0609609978168 -0.00157076930396 -0.0257610910738 1.39859457287
0.0603719113915 0.0 0.0 1.4036156627
0.059769786413 0.0 0.0 1.40862749482
0.059363833343 0.0 0.0 1.41203505216
0.0574458842199 0.0 0.0 1.42845595917
0.0556033393143 0.0 0.0 1.44475600996
0.054689084662 0.00133953240606 0.0244887006737 1.4528956302
0.054689084662 -0.00133953240606 -0.0244887006737 1.4528956302
0.0542106384746 0.000822796499258 0.0151766027862 1.45738146946
0.0542106384746 -0.000822796499258 -0.0151766027862 1.45738146946
0.0536256897343 0.0 0.0 1.46286351982
0.0515522229757 0.00162686931127 0.0315472249293 1.48233112524
0.0515522229757 -0.00162686931127 -0.0315472249293 1.48233112524
0.0518154168981 0.000213096395446 0.00411258283366 1.48002954689
0.0518154168981 -0.000213096395446 -0.00411258283366 1.48002954689
0.0509131466475 0.000664490908245 0.0130507192331 1.48877447094
0.0509131466475 -0.000664490908245 -0.0130507192331 1.48877447094
0.0509042954258 0.000268763482449 0.00527973097134 1.48889701582
0.0509042954258 -0.000268763482449 -0.00527973097134 1.48889701582
0.0492221077838 0.00101047146364 0.02052593025 1.50560086975
0.0492221077838 -0.00101047146364 -0.02052593025 1.50560086975
0.0492509126175 0.0 0.0 1.50541369062
0.0483257593588 0.0 0.0 1.51489527022
0.0461341919015 0.00308101766485 0.0666847999185 1.53698791648
0.0461341919015 -0.00308101766485 -0.0666847999185 1.53698791648
0.0475533860606 0.0 0.0 1.522951141
0.0474521042558 0.0 0.0 1.52401720405
0.0469901337192 0.00038414916734 0.0081749205508 1.52889210257
0.0469901337192 -0.00038414916734 -0.0081749205508 1.52889210257
0.0429209341786 0.00477642063036 0.110828168518 1.57112077032
0.0429209341786 -0.00477642063036 -0.110828168518 1.57112077032
0.0450908945415 0.00214379467238 0.0475080743239 1.5489730072
0.0450908945415 -0.00214379467238 -0.0475080743239 1.5489730072
0.0457507705947 0.0 0.0 1.5422733219
0.0454768237875 0.0 0.0 1.54527622505
0.044237192581 0.00143550815139 0.0324388713054 1.55883157507
0.044237192581 -0.00143550815139 -0.0324388713054 1.55883157507
0.0443405650885 0.0 0.0 1.55792766522
0.0437934768215 0.0 0.0 1.56413520185
0.0428296495106 0.000535822844153 0.0125099060649 1.57522320987
0.0428296495106 -0.000535822844153 -0.0125099060649 1.57522320987
0.0413121767184 0.00261346310449 0.0631771381606 1.59230049115
0.0413121767184 -0.00261346310449 -0.0631771381606 1.59230049115
0.0417310945383 0.0 0.0 1.58825437784
0.0414701742011 0.000734904570914 0.0177194253178 1.59131190342
0.0414701742011 -0.000734904570914 -0.0177194253178 1.59131190342
0.0410086498219 0.0 0.0 1.59698613163
0.0409076871844 0.000532113496695 0.0130069315886 1.59817634518
0.0409076871844 -0.000532113496695 -0.0130069315886 1.59817634518
0.0404734593755 0.0 0.0 1.60355442188
0.0396768949382 0.0 0.0 1.6134931261
0.0390032745554 0.0010351206136 0.0265330976405 1.62187881474
0.0390032745554 -0.0010351206136 -0.0265330976405 1.62187881474
0.0386115157589 0.000218205640539 0.0056512497199 1.62709437144
0.0386115157589 -0.000218205640539 -0.0056512497199 1.62709437144
0.0379957199061 0.0 0.0 1.63514087982
0.0377383374882 0.0 0.0 1.63853939587
0.0358006999534 0.00171229948127 0.0477922386514 1.66432267497
0.0358006999534 -0.00171229948127 -0.0477922386514 1.66432267497
0.0370178098094 0.0 0.0 1.64817806797
0.0368322698187 0.000419788293261 0.0113968028617 1.65065798792
0.0368322698187 -0.000419788293261 -0.0113968028617 1.65065798792
0.0366349832849 0.0 0.0 1.65337583382
0.0347746162975 0.000889293441465 0.0255674900737 1.6792703456
0.0347746162975 -0.000889293441465 -0.0255674900737 1.6792703456
0.0353916075758 0.000753895867769 0.0212983224623 1.67052686733
0.0353916075758 -0.000753895867769 -0.0212983224623 1.67052686733
0.0357946903542 0.0 0.0 1.66497785535
0.0354573289037 0.0 0.0 1.6697126541
0.0351392114671 0.0 0.0 1.67421881811
0.0342228596063 0.000940199458492 0.0274659404714 1.68724210614
0.0342228596063 -0.000940199458492 -0.0274659404714 1.68724210614
0.0343488973877 0.0 0.0 1.68559268008
0.0332105670645 0.00127042258448 0.0382349220602 1.70207801791
0.0332105670645 -0.00127042258448 -0.0382349220602 1.70207801791
0.0340019076492 0.0 0.0 1.6906693243
0.03378587614 0.0 0.0 1.69385621475
0.0329748810531 0.000769819752769 0.0233414016502 1.70586837616
0.0329748810531 -0.000769819752769 -0.0233414016502 1.70586837616
0.033122051794 0.0 0.0 1.70377800054
0.0327729299824 0.0 0.0 1.70907620488
0.0312871875088 0.00170168846505 0.0543357711561 1.73153484752
0.0312871875088 -0.00170168846505 -0.0543357711561 1.73153484752
0.0319656066702 0.000689481059166 0.021566121706 1.72143108946
0.0319656066702 -0.000689481059166 -0.021566121706 1.72143108946
0.0318394622028 9.03649421028e-05 0.00283813523284 1.72352239063
0.0318394622028 -9.03649421028e-05 -0.00283813523284 1.72352239063
0.0302591277293 0.00192857347491 0.0636491716448 1.7479652096
0.0302591277293 -0.00192857347491 -0.0636491716448 1.7479652096
0.0310081866327 0.000457089437173 0.0147398601266 1.73669769438
0.0310081866327 -0.000457089437173 -0.0147398601266 1.73669769438
0.0307623402948 0.00082629432303 0.0268541235759 1.74055171975
0.0307623402948 -0.00082629432303 -0.0268541235759 1.74055171975
0.0308134491415 0.0 0.0 1.73990201194
0.030682864188 9.8235473089e-05 0.00320162866266 1.74202291239
0.030682864188 -9.8235473089e-05 -0.00320162866266 1.74202291239
0.0289837540554 0.00147009476548 0.0506779081594 1.76986756787
0.0289837540554 -0.00147009476548 -0.0506779081594 1.76986756787
0.0301322914757 0.0 0.0 1.75107893789
0.0295669704907 0.000888048180701 0.0300261160147 1.76032327546
0.0295669704907 -0.000888048180701 -0.0300261160147 1.76032327546
0.0292524314556 0.000395839232489 0.0135310145054 1.76585051755
0.0292524314556 -0.000395839232489 -0.0135310145054 1.76585051755
0.0292888450491 0.0 0.0 1.76527427525
0.0281372307824 0.00102799774687 0.0365188999804 1.78499733871
0.0281372307824 -0.00102799774687 -0.0365188999804 1.78499733871
0.0283942489071 0.000899178684586 0.0316570546061 1.78053374466
0.0283942489071 -0.000899178684586 -0.0316570546061 1.78053374466
0.0287004331156 0.000394694969228 0.0137513635556 1.77537425611
0.0287004331156 -0.000394694969228 -0.0137513635556 1.77537425611
0.0287084091983 0.0 0.0 1.77528259785
0.027403884582 0.00045512953947 0.0166066857599 1.79846630261
0.027403884582 -0.00045512953947 -0.0166066857599 1.79846630261
0.0275239835516 0.0 0.0 1.79634876262
0.0278565033957 0.0 0.0 1.79034441238
0.0277948068192 0.0 0.0 1.7914530404
-0.00759012114923 0.0 3.14159265359 2.44045386301
-0.00698051108956 0.0 3.14159265359 2.48231657144
0.0264811764894 0.00115001697057 0.0434004442202 1.81518951223
0.0264811764894 -0.00115001697057 -0.0434004442202 1.81518951223
0.0267689751743 0.000653311226132 0.0244006936228 1.81010698917
0.0267689751743 -0.000653311226132 -0.0244006936228 1.81010698917
0.026735950746 0.0 0.0 1.81087307468
0.0265231419103 0.000604867495166 0.0228013208237 1.8147388374
0.0265231419103 -0.000604867495166 -0.0228013208237 1.8147388374
0.0262287501527 0.000745063155306 0.0283987168884 1.820247919
0.0262287501527 -0.000745063155306 -0.0283987168884 1.820247919
0.0262915931854 0.0 0.0 1.81925302082
0.0256989276156 0.000110241345489 0.004289699202 1.83064840709
0.0256989276156 -0.000110241345489 -0.004289699202 1.83064840709
0.0256661679228 0.0 0.0 1.83129078878
0.0252596463101 0.000818299927288 0.0323842161782 1.83901135186
0.0252596463101 -0.000818299927288 -0.0323842161782 1.83901135186
0.0250505580115 0.000861267246545 0.0343676228256 1.84313424637
0.0250505580115 -0.000861267246545 -0.0343676228256 1.84313424637
0.0252904348831 3.40042381216e-05 0.00134454855315 1.83866405934
0.0252904348831 -3.40042381216e-05 -0.00134454855315 1.83866405934
0.023204859456 0.00111095688445 0.0478395156027 1.88112440828
0.023204859456 -0.00111095688445 -0.0478395156027 1.88112440828
0.0248667376336 0.000154454026215 0.00621119031631 1.84710245849
0.0248667376336 -0.000154454026215 -0.00621119031631 1.84710245849
0.0245381567171 0.00041846711813 0.0170520778097 1.8536902811
0.0245381567171 -0.00041846711813 -0.0170520778097 1.8536902811
0.0239048754855 0.000865015360454 0.0361699480478 1.86650928519
0.0239048754855 -0.000865015360454 -0.0361699480478 1.86650928519
0.0236892269651 0.000773083975733 0.0326228334112 1.87110133679
0.0236892269651 -0.000773083975733 -0.0326228334112 1.87110133679
0.0244905345378 0.0 0.0 1.85473429074
0.0241347056891 0.000338067218362 0.0140065975756 1.86200315436
0.0241347056891 -0.000338067218362 -0.0140065975756 1.86200315436
0.0241281449813 0.0 0.0 1.86218813917
0.0234411632593 0.000310107204075 0.0132284013306 1.87658709528
0.0234411632593 -0.000310107204075 -0.0132284013306 1.87658709528
0.023723337217 0.000151349140193 0.00637967101716 1.8706378362
0.023723337217 -0.000151349140193 -0.00637967101716 1.8706378362
-0.00478101467843 0.0 3.14159265359 2.67155123959
-0.00463861723142 0.0 3.14159265359 2.68666948381
0.0157339642889 0.00440167088094 0.272782425702 2.05712883611
0.0157339642889 -0.00440167088094 -0.272782425702 2.05712883611
0.0194227234992 0.00196613211832 0.100884787215 1.96810702906
0.0194227234992 -0.00196613211832 -0.100884787215 1.96810702906
0.0231457723748 0.000506922751229 0.0218978098851 1.88285167886
0.0231457723748 -0.000506922751229 -0.0218978098851 1.88285167886
0.023298482525 0.0 0.0 1.87968352411
0.0219704311443 0.00117341889564 0.0533583095965 1.90831676897
0.0219704311443 -0.00117341889564 -0.0533583095965 1.90831676897
0.0227554548859 0.000434329210207 0.0190844999984 1.8913841335
0.0227554548859 -0.000434329210207 -0.0190844999984 1.8913841335
0.0225300373494 0.000760770620504 0.0337541239312 1.89616804406
0.0225300373494 -0.000760770620504 -0.0337541239312 1.89616804406
0.0224903055852 0.0 0.0 1.89733546275
0.022225862272 0.000554983129021 0.0249649628802 1.90309352194
0.022225862272 -0.000554983129021 -0.0249649628802 1.90309352194
0.020985615507 0.00106918653075 0.0509045280792 1.93131092819
0.020985615507 -0.00106918653075 -0.0509045280792 1.93131092819
0.020144785228 0.00109739595427 0.0544216449259 1.95166411621
0.020144785228 -0.00109739595427 -0.0544216449259 1.95166411621
0.0219532749795 0.0 0.0 1.9094194744
0.0219036829393 0.0 0.0 1.91055024278
0.0217371825868 0.0 0.0 1.91436550076
0.0212026279586 0.000584654838439 0.027567654551 1.92662505437
0.0212026279586 -0.000584654838439 -0.027567654551 1.92662505437
0.020668780322 0.000745606423993 0.036058404822 1.93924033449
0.020668780322 -0.000745606423993 -0.036058404822 1.93924033449
0.0211278439364 0.0 0.0 1.92858174529
0.0201443796099 0.000469978329837 0.0233262624696 1.95227893756
0.0201443796099 -0.000469978329837 -0.0233262624696 1.95227893756
0.0206644588863 0.000138298638428 0.00669248463819 1.93965881078
0.0206644588863 -0.000138298638428 -0.00669248463819 1.93965881078
-0.00352970156076 0.0 3.14159265359 2.82327097765
0.00136580587444 0.00490726223913 1.29934301716 2.63986702848
0.00136580587444 -0.00490726223913 -1.29934301716 2.63986702848
-0.00309731593166 0.0 3.14159265359 2.88860968552
-0.002819245146 0.000184651135434 3.07618941128 2.93457289499
-0.002819245146 -0.000184651135434 -3.07618941128 2.93457289499
-0.00266835185758 0.000533773824175 2.94415981494 2.95333823296
-0.00266835185758 -0.000533773824175 -2.94415981494 2.95333823296
0.0195086046262 0.000950660356238 0.048691792762 1.9678568669
0.0195086046262 -0.000950660356238 -0.048691792762 1.9678568669
0.0183236835754 0.0015715964649 0.0855591995435 1.99794810436
0.0183236835754 -0.0015715964649 -0.0855591995435 1.99794810436
0.0193681427679 0.000684033115181 0.0353027615003 1.97175120804
0.0193681427679 -0.000684033115181 -0.0353027615003 1.97175120804
0.0189335437621 0.000947503136623 0.0500019103968 1.9827847555
0.0189335437621 -0.000947503136623 -0.0500019103968 1.9827847555
0.0186476273706 0.000817807868149 0.043827782988 1.9905378074
0.0186476273706 -0.000817807868149 -0.043827782988 1.9905378074
0.0192019968687 0.0 0.0 1.97637050089
0.0187812377069 0.0 0.0 1.98744845089
0.0164060363351 0.00135297088015 0.0822816764259 2.05335848945
0.0164060363351 -0.00135297088015 -0.0822816764259 2.05335848945
0.0179145017518 0.000838079424865 0.0467480948643 2.01052582499
0.0179145017518 -0.000838079424865 -0.0467480948643 2.01052582499
0.0180797605296 0.000399608199681 0.0220989180543 2.00635898409
0.0180797605296 -0.000399608199681 -0.0220989180543 2.00635898409
0.0172208286093 0.00099487881271 0.0577076873452 2.02998482428
0.0172208286093 -0.00099487881271 -0.0577076873452 2.02998482428
0.016805228689 0.000757145689448 0.045023725764 2.04252564947
0.016805228689 -0.000757145689448 -0.045023725764 2.04252564947
0.0174542915813 0.000149579226877 0.0085695580709 2.02406650278
0.0174542915813 -0.000149579226877 -0.0085695580709 2.02406650278
0.0170133807974 0.0 0.0 2.0368775694
-0.00237557901064 0.00104985714681 2.72546380477 2.97665593127
-0.00237557901064 -0.00104985714681 -2.72546380477 2.97665593127
-0.00261057814584 0.000198568286027 3.0656758815 2.97264955997
-0.00261057814584 -0.000198568286027 -3.0656758815 2.97264955997
-0.000700279536126 0.00283924618736 1.81261275387 2.91734481378
-0.000700279536126 -0.00283924618736 -1.81261275387 2.91734481378
-0.00144602088906 0.00208117888105 2.17802959498 2.98893426501
-0.00144602088906 -0.00208117888105 -2.17802959498 2.98893426501
-0.00235859083589 0.0 3.14159265359 3.02484547086
-0.00189320538707 0.00142277242478 2.49712258949 3.0228064564
-0.00189320538707 -0.00142277242478 -2.49712258949 3.0228064564
-0.00106900955669 0.00219125473381 2.02467896422 3.00826613361
-0.00106900955669 -0.00219125473381 -2.02467896422 3.00826613361
-4.58339099113e-05 0.0028464881199 1.58689685048 2.93076983207
-4.58339099113e-05 -0.0028464881199 -1.58689685048 2.93076983207
0.00670959396929 0.00397514941694 0.534855101942 2.42689606118
0.00670959396929 -0.00397514941694 -0.534855101942 2.42689606118
0.00814779853615 0.00388483650347 0.444912566176 2.35379261195
0.00814779853615 -0.00388483650347 -0.444912566176 2.35379261195
0.00402371839514 0.00361209939483 0.731543946555 2.61001399291
0.00402371839514 -0.00361209939483 -0.731543946555 2.61001399291
0.0102492904121 0.00361755106818 0.339306014695 2.26092141359
0.0102492904121 -0.00361755106818 -0.339306014695 2.26092141359
0.00928463242015 0.0032654224204 0.338190140929 2.31054192574
0.00928463242015 -0.0032654224204 -0.338190140929 2.31054192574
0.0160734055672 0.000625182558046 0.0388758667652 2.06491667198
0.0160734055672 -0.000625182558046 -0.0388758667652 2.06491667198
0.015847566253 0.000759804674401 0.0479078794166 2.07179565873
0.015847566253 -0.000759804674401 -0.0479078794166 2.07179565873
0.0150273676246 0.00150756954825 0.0999870571529 2.09643758744
0.0150273676246 -0.00150756954825 -0.0999870571529 2.09643758744
0.0152814288738 0.00125947863976 0.0822330418127 2.08886601638
0.0152814288738 -0.00125947863976 -0.0822330418127 2.08886601638
0.0156096419298 0.0 0.0 2.07993324162
0.0148444618791 0.00104417839606 0.0702256058488 2.10383028672
0.0148444618791 -0.00104417839606 -0.0702256058488 2.10383028672
0.0144518195004 0.00108642136084 0.0750342677045 2.11705861959
0.0144518195004 -0.00108642136084 -0.0750342677045 2.11705861959
0.0135797735936 0.00136172602565 0.099941959644 2.14708564759
0.0135797735936 -0.00136172602565 -0.099941959644 2.14708564759
0.0126951745286 0.00168669256534 0.132087341868 2.17889214892
0.0126951745286 -0.00168669256534 -0.132087341868 2.17889214892
0.0149076946138 0.000692700388973 0.0464325650989 2.10239970158
0.0149076946138 -0.000692700388973 -0.0464325650989 2.10239970158
0.0139305498876 0.00069180528611 0.0496202531727 2.13621971331
0.0139305498876 -0.00069180528611 -0.0496202531727 2.13621971331
0.0131753067521 0.00104122464869 0.0788645834118 2.16314893084
0.0131753067521 -0.00104122464869 -0.0788645834118 2.16314893084
0.0135711162044 0.000509100092515 0.0374959195507 2.14955420822
0.0135711162044 -0.000509100092515 -0.0374959195507 2.14955420822
0.0121471122233 0.00118249131911 0.0970417564569 2.20297392727
0.0121471122233 -0.00118249131911 -0.0970417564569 2.20297392727
0.0116544137642 0.00117250027851 0.100268304449 2.22351749731
0.0116544137642 -0.00117250027851 -0.100268304449 2.22351749731
0.012574531064 0.000675202407435 0.0536445132982 2.18732114864
0.012574531064 -0.000675202407435 -0.0536445132982 2.18732114864
0.00386437066001 0.00333607516239 0.712159561344 2.63875078896
0.00386437066001 -0.00333607516239 -0.712159561344 2.63875078896
0.00767386720631 0.00245458839459 0.309578926359 2.41061472919
0.00767386720631 -0.00245458839459 -0.309578926359 2.41061472919
0.00568228484963 0.00311857340808 0.501939762844 2.51937774131
0.00568228484963 -0.00311857340808 -0.501939762844 2.51937774131
0.00203197424569 0.00314975552987 0.99785845211 2.79322418943
0.00203197424569 -0.00314975552987 -0.99785845211 2.79322418943
0.000680912035044 0.00289624709104 1.33988818069 2.90871993546
0.000680912035044 -0.00289624709104 -1.33988818069 2.90871993546
0.000291108931928 0.00273702811362 1.46483518836 2.94762907954
0.000291108931928 -0.00273702811362 -1.46483518836 2.94762907954
0.00533719753898 0.00286432223283 0.49255270341 2.55325144755
0.00533719753898 -0.00286432223283 -0.49255270341 2.55325144755
0.00420628306198 0.00279476283713 0.586449604443 2.64417355321
0.00420628306198 -0.00279476283713 -0.586449604443 2.64417355321
-0.00213405917173 0.000256106709951 3.02215466927 3.07128982951
-0.00213405917173 -0.000256106709951 -3.02215466927 3.07128982951
-0.00183740476717 0.000970169663754 2.65578827895 3.08822093003
-0.00183740476717 -0.000970169663754 -2.65578827895 3.08822093003
0.000961386653043 0.00267782853034 1.2261110108 2.93106506823
0.000961386653043 -0.00267782853034 -1.2261110108 2.93106506823
-0.00120249320421 0.00163108584467 2.20607750898 3.10073907286
-0.00120249320421 -0.00163108584467 -2.20607750898 3.10073907286
-0.00189761804021 0.000482512135502 2.89259684808 3.11791533353
-0.00189761804021 -0.000482512135502 -2.89259684808 3.11791533353
-0.0016839130931 0.000817545965601 2.68960922785 3.14040529096
-0.0016839130931 -0.000817545965601 -2.68960922785 3.14040529096
-0.00195839763687 0.0 3.14159265359 3.11781433616
-0.001960155608 0.0 3.14159265359 3.11736570853
0.0105193627627 0.00152151893971 0.143643659445 2.27209261103
0.0105193627627 -0.00152151893971 -0.143643659445 2.27209261103
0.00946666670359 0.0017394785439 0.181720668874 2.32168776812
0.00946666670359 -0.0017394785439 -0.181720668874 2.32168776812
0.00871335381953 0.00185620813313 0.209892699556 2.36035368664
0.00871335381953 -0.00185620813313 -0.209892699556 2.36035368664
0.0111623328465 0.000973183735827 0.0869647196285 2.24571205009
0.0111623328465 -0.000973183735827 -0.0869647196285 2.24571205009
0.0128609506361 0.0 0.0 2.17677982048
-7.05232363042e-05 0.00206593954757 1.60491923348 3.09079393497
-7.05232363042e-05 -0.00206593954757 -1.60491923348 3.09079393497
-0.00116634939815 0.00127393008087 2.31213762308 3.18062273902
-0.00116634939815 -0.00127393008087 -2.31213762308 3.18062273902
-0.00165783803902 0.000459986848126 2.87093910225 3.182579067
-0.00165783803902 -0.000459986848126 -2.87093910225 3.182579067
-0.00157597436962 0.000648369897711 2.75128986394 3.18734858694
-0.00157597436962 -0.000648369897711 -2.75128986394 3.18734858694
-0.00170223940696 0.0 3.14159265359 3.18790529829
0.00143649360313 0.00243817075117 1.03837917452 2.93376143239
0.00143649360313 -0.00243817075117 -1.03837917452 2.93376143239
0.00346405818539 0.00248429345166 0.622151950918 2.72891522735
0.00346405818539 -0.00248429345166 -0.622151950918 2.72891522735
0.00477777091042 0.00224027802593 0.438456313375 2.62220584125
0.00477777091042 -0.00224027802593 -0.438456313375 2.62220584125
0.006745627801 0.00198122461825 0.28567160699 2.47874460299
0.006745627801 -0.00198122461825 -0.28567160699 2.47874460299
0.00936597990875 0.0012524105098 0.132930552605 2.33090495176
0.00936597990875 -0.0012524105098 -0.132930552605 2.33090495176
0.00907172150695 0.00132144794515 0.144649353735 2.34604741271
0.00907172150695 -0.00132144794515 -0.144649353735 2.34604741271
0.00447602068916 0.00223757379657 0.463569581651 2.64874405026
0.00447602068916 -0.00223757379657 -0.463569581651 2.64874405026
0.00297921268416 0.00240519076868 0.679191044547 2.78258586652
0.00297921268416 -0.00240519076868 -0.679191044547 2.78258586652
0.00248446028674 0.00235951134837 0.759609152541 2.83813066293
0.00248446028674 -0.00235951134837 -0.759609152541 2.83813066293
0.00138186578023 0.00229715964325 1.02923489626 2.96082673088
0.00138186578023 -0.00229715964325 -1.02923489626 2.96082673088
0.000466433110289 0.002169395827 1.3590144358 3.05535555746
0.000466433110289 -0.002169395827 -1.3590144358 3.05535555746
-0.00124342134174 0.00103062224557 2.44950017665 3.21420500002
-0.00124342134174 -0.00103062224557 -2.44950017665 3.21420500002
-0.00137526821316 0.000892934689574 2.56572347235 3.20661365137
-0.00137526821316 -0.000892934689574 -2.56572347235 3.20661365137
0.0114884881642 0.000593676013111 0.0516298056499 2.2325381816
0.0114884881642 -0.000593676013111 -0.0516298056499 2.2325381816
0.00990666281318 0.00099236169797 0.0998380942014 2.30477780634
0.00990666281318 -0.00099236169797 -0.0998380942014 2.30477780634
0.00848742161351 0.00139886841345 0.163348124804 2.37788448049
0.00848742161351 -0.00139886841345 -0.163348124804 2.37788448049
0.00274945631783 0.0022006281763 0.674976669877 2.82440767042
0.00274945631783 -0.0022006281763 -0.674976669877 2.82440767042
0.000945148167393 0.00216183457653 1.1586400111 3.02467102617
0.000945148167393 -0.00216183457653 -1.1586400111 3.02467102617
0.000194440025945 0.00191360724265 1.46953470098 3.12681473251
0.000194440025945 -0.00191360724265 -1.46953470098 3.12681473251
-0.000902087980873 0.00126571582354 2.19000147651 3.23337009111
-0.000902087980873 -0.00126571582354 -2.19000147651 3.23337009111
-0.000685827612749 0.0014026183317 2.02557492282 3.23111413254
-0.000685827612749 -0.0014026183317 -2.02557492282 3.23111413254
0.00767507143364 0.00151870089557 0.195350973611 2.42528703286
0.00767507143364 -0.00151870089557 -0.195350973611 2.42528703286
0.00706985260317 0.00168096023258 0.233430198169 2.46220986805
0.00706985260317 -0.00168096023258 -0.233430198169 2.46220986805
-0.00037259042709 0.00159089107384 1.80085224731 3.2083806783
-0.00037259042709 -0.00159089107384 -1.80085224731 3.2083806783
0.00540019618889 0.00175228958502 0.313767188852 2.58563275664
0.00540019618889 -0.00175228958502 -0.313767188852 2.58563275664
0.00369529482252 0.00208644789516 0.514000607723 2.73116710761
0.00369529482252 -0.00208644789516 -0.514000607723 2.73116710761
0.00446735576421 0.00187773959746 0.397903899948 2.66480660343
0.00446735576421 -0.00187773959746 -0.397903899948 2.66480660343
0.00648836290551 0.00157890051772 0.23870391528 2.504490255
0.00648836290551 -0.00157890051772 -0.23870391528 2.504490255
0.0025149189839 0.00209549410613 0.694674511043 2.86094518022
0.0025149189839 -0.00209549410613 -0.694674511043 2.86094518022
0.00330740042665 0.00200580941368 0.545156706551 2.77749640255
0.00330740042665 -0.00200580941368 -0.545156706551 2.77749640255
0.00180213099539 0.002107780951 0.863412609838 2.9438838984
0.00180213099539 -0.002107780951 -0.863412609838 2.9438838984
-0.00155716563276 0.0 3.14159265359 3.23244400618
-0.00115834598044 0.000910501092445 2.47542482523 3.26010627267
-0.00115834598044 -0.000910501092445 -2.47542482523 3.26010627267
-0.000993963933193 0.0010080711786 2.34914815427 3.28006991227
-0.000993963933193 -0.0010080711786 -2.34914815427 3.28006991227
-3.23918480993e-05 0.00165398239788 1.59037797888 3.20218879589
-3.23918480993e-05 -0.00165398239788 -1.59037797888 3.20218879589
-0.000559707543439 0.00137214016365 1.95810167206 3.2572135725
-0.000559707543439 -0.00137214016365 -1.95810167206 3.2572135725
-0.000391590762518 0.00145408860998 1.83385862268 3.24918423865
-0.000391590762518 -0.00145408860998 -1.83385862268 3.24918423865
0.01059390784 0.000505362700171 0.0476670080189 2.27316983643
0.01059390784 -0.000505362700171 -0.0476670080189 2.27316983643
0.00593931049282 0.00131740521875 0.21827717261 2.55107408014
0.00593931049282 -0.00131740521875 -0.21827717261 2.55107408014
-0.00133264160274 0.000529537759427 2.76336466704 3.27364524188
-0.00133264160274 -0.000529537759427 -2.76336466704 3.27364524188
0.00193089492882 0.00185242572221 0.764660307758 2.96175586071
0.00193089492882 -0.00185242572221 -0.764660307758 2.96175586071
0.00103241985095 0.00183483238255 1.05827164541 3.08163666474
0.00103241985095 -0.00183483238255 -1.05827164541 3.08163666474
0.000548572354176 0.00163178621441 1.24648680945 3.1822715708
0.000548572354176 -0.00163178621441 -1.24648680945 3.1822715708
0.000904581035302 0.00173344375494 1.08982942476 3.11861262228
0.000904581035302 -0.00173344375494 -1.08982942476 3.11861262228
-0.00119118838196 0.000675965101681 2.62543487322 3.2966110235
-0.00119118838196 -0.000675965101681 -2.62543487322 3.2966110235
0.00814285446256 0.000564846165206 0.0692561558115 2.40410718111
0.00814285446256 -0.000564846165206 -0.0692561558115 2.40410718111
0.00733017595994 0.00134405177707 0.181344348059 2.44961097524
0.00733017595994 -0.00134405177707 -0.181344348059 2.44961097524
0.00554670287898 0.00105026247174 0.187133523967 2.5884694836
0.00554670287898 -0.00105026247174 -0.187133523967 2.5884694836
0.00996980594126 0.0 0.0 2.30409707973
0.00720851808358 0.0 0.0 2.46624594253
0.00379947755233 0.00169704482883 0.42006636861 2.74097003961
0.00379947755233 -0.00169704482883 -0.42006636861 2.74097003961
0.00268036634266 0.00154958662924 0.524179583313 2.88881260406
0.00268036634266 -0.00154958662924 -0.524179583313 2.88881260406
0.00159589926678 0.00168657601038 0.813015641359 3.03267483139
0.00159589926678 -0.00168657601038 -0.813015641359 3.03267483139
0.000238998530963 0.00144543374899 1.40693165625 3.26292974854
0.000238998530963 -0.00144543374899 -1.40693165625 3.26292974854
-4.98606266731e-05 0.00139932646706 1.60641313415 3.28556492023
-4.98606266731e-05 -0.00139932646706 -1.60641313415 3.28556492023
-0.000628602450795 0.000968893492221 2.14631613423 3.38185171103
-0.000628602450795 -0.000968893492221 -2.14631613423 3.38185171103
-0.00133453658155 0.000231918114955 2.96952927188 3.30214732489
-0.00133453658155 -0.000231918114955 -2.96952927188 3.30214732489
0.00484068577662 0.000822153124546 0.168236866341 2.65823989553
0.00484068577662 -0.000822153124546 -0.168236866341 2.65823989553
-0.00110202655025 0.000206454489217 2.95639854185 3.39667855871
-0.00110202655025 -0.000206454489217 -2.95639854185 3.39667855871
0.00391783183192 0.0 0.0 2.77110844115
0.00164212308454 0.000341112662178 0.20481383391 3.19532132731
0.00164212308454 -0.000341112662178 -0.20481383391 3.19532132731
0.000447612838559 0.0 0.0 3.85579094942
-9.39695927952e-07 0.0 3.14159265359 6.93885474746
