0.42041860061 0.0 0.0 0.433252197965
0.293398153794 0.0 0.0 0.613112352874
0.269049641649 0.0 0.0 0.65642968748
0.245678448975 0.0 0.0 0.70186585803
0.211048518765 0.0 0.0 0.777833612594
0.1972875962 0.0 0.0 0.811546367821
0.172933874772 0.0 0.0 0.87742299215
0.158467515941 0.0 0.0 0.921102826705
0.151118762927 0.0 0.0 0.944844620925
0.132823471747 0.0 0.0 1.00936715624
0.126338990109 0.0 0.0 1.03439329349
0.119046042368 0.0 0.0 1.06412247502
0.118676170157 0.0 0.0 1.0656783772
0.104702947711 0.0 0.0 1.12831400381
0.102772888648 0.0 0.0 1.13761684492
0.0960856286322 0.0 0.0 1.17125776008
0.0886531033735 0.0 0.0 1.21151212002
0.0868078520116 0.0 0.0 1.22202910022
0.0849248957039 0.00117804401417 0.0138707083818 1.23294589584
0.0849248957039 -0.00117804401417 -0.0138707083818 1.23294589584
0.0843454097759 0.0 0.0 1.23641744513
0.0801857884579 0.0 0.0 1.26170449054
0.0792076387977 0.0 0.0 1.26784126767
0.0777558757982 0.0 0.0 1.27709057891
0.0758404237755 0.0 0.0 1.28956191665
0.0736072818841 0.00068100933188 0.00925166484066 1.30448426112
0.0736072818841 -0.00068100933188 -0.00925166484066 1.30448426112
0.0718375703479 0.000254537581333 0.0035432227859 1.31667069933
0.0718375703479 -0.000254537581333 -0.0035432227859 1.31667069933
0.0683076400611 0.00134673611665 0.0197131925395 1.34176967038
0.0683076400611 -0.00134673611665 -0.0197131925395 1.34176967038
0.0662847468918 0.0 0.0 1.35689773511
0.0644906773766 0.000976921252908 0.0151470968881 1.37055994038
0.0644906773766 -0.000976921252908 -0.0151470968881 1.37055994038
0.0640760719703 0.0 0.0 1.37384213847
0.0624788641071 0.0 0.0 1.38646347686
0.06183043792 0.0 0.0 1.3916797564
0.0588863142057 0.00170018401799 0.0288642929468 1.4158649701
0.0588863142057 -0.00170018401799 -0.0288642929468 1.4158649701
0.0583295319574 0.0 0.0 1.42082338115
0.0557776467372 0.000957702172957 0.0171683126231 1.44311735162
0.0557776467372 -0.000957702172957 -0.0171683126231 1.44311735162
0.0545290010999 0.0 0.0 1.45451129429
0.0523819610178 0.000394924419011 0.00753917816196 1.47458229122
0.0523819610178 -0.000394924419011 -0.00753917816196 1.47458229122
0.0516609187798 0.00120494574746 0.0233198972149 1.48139088645
0.0516609187798 -0.00120494574746 -0.0233198972149 1.48139088645
0.0510442748262 0.0 0.0 1.48753094451
0.0502179257402 0.000445356617722 0.00886824646687 1.49567195308
0.0502179257402 -0.000445356617722 -0.00886824646687 1.49567195308
0.048474354358 0.00120084464883 0.0247677169929 1.51320682287
0.048474354358 -0.00120084464883 -0.0247677169929 1.51320682287
0.0491817282988 0.0 0.0 1.50611655025
0.0487323839754 0.0 0.0 1.5107057506
0.0466379627694 0.0 0.0 1.5326702089
0.0456614619709 0.000537980193964 0.0117813858728 1.54321560881
0.0456614619709 -0.000537980193964 -0.0117813858728 1.54321560881
0.0451248806457 0.0 0.0 1.54916075365
0.0447045029637 0.0 0.0 1.5538405225
0.0437056176664 0.000759133302816 0.0173674922372 1.56506390597
0.0437056176664 -0.000759133302816 -0.0173674922372 1.56506390597
0.0433086997009 0.000334454700562 0.00772242192339 1.56968596454
0.0433086997009 -0.000334454700562 -0.00772242192339 1.56968596454
0.0427453248463 0.0 0.0 1.57624772495
0.0423970877394 0.00107110743666 0.0252583302582 1.58017828947
0.0423970877394 -0.00107110743666 -0.0252583302582 1.58017828947
0.0256701986089 0.015952815967 0.556044428836 1.74957008711
0.0256701986089 -0.015952815967 -0.556044428836 1.74957008711
0.0411698236763 0.0002286387393 0.00555349448634 1.59501715265
0.0411698236763 -0.0002286387393 -0.00555349448634 1.59501715265
0.0411409872457 0.0 0.0 1.59537519891
0.0401669269619 0.0 0.0 1.60735566718
0.0392252694333 8.13220895129e-05 0.0020732036816 1.61921598119
0.0392252694333 -8.13220895129e-05 -0.0020732036816 1.61921598119
0.0383055149331 0.0 0.0 1.63108070006
0.037912453563 0.0 0.0 1.63623781541
0.0374633888716 0.000261407426869 0.00697756376026 1.64218338813
0.0374633888716 -0.000261407426869 -0.00697756376026 1.64218338813
0.0369759729164 0.0 0.0 1.64874347896
0.0360111925782 0.00108675309556 0.0301690471002 1.66173516457
0.0360111925782 -0.00108675309556 -0.0301690471002 1.66173516457
0.0359891504896 6.9338545806e-05 0.00192664897805 1.66226795262
0.0359891504896 -6.9338545806e-05 -0.00192664897805 1.66226795262
0.0351613869385 0.000273827958636 0.0077875887979 1.67388821844
0.0351613869385 -0.000273827958636 -0.0077875887979 1.67388821844
0.0345385487318 0.0 0.0 1.68283961209
0.0338268422478 0.00116680918967 0.034479918394 1.69295304606
0.0338268422478 -0.00116680918967 -0.034479918394 1.69295304606
0.0337583152568 0.000392437225745 0.0116243819163 1.69423047469
0.0337583152568 -0.000392437225745 -0.0116243819163 1.69423047469
0.0337013358679 0.0 0.0 1.69510890121
0.0327380388926 0.00021187447035 0.0064717227884 1.70959833326
0.0327380388926 -0.00021187447035 -0.0064717227884 1.70959833326
0.0323971034307 0.000647063879419 0.0199702377688 1.71474342101
0.0323971034307 -0.000647063879419 -0.0199702377688 1.71474342101
0.0318196431069 0.0 0.0 1.72383573607
0.0317316231674 0.0 0.0 1.72522075954
0.0310624676873 0.00114949700157 0.0369890995314 1.73553538129
0.0310624676873 -0.00114949700157 -0.0369890995314 1.73553538129
0.0310650096906 0.00075834975204 0.0244068542714 1.73568765334
0.0310650096906 -0.00075834975204 -0.0244068542714 1.73568765334
0.0307627232514 0.0 0.0 1.74072580302
0.0304024459247 0.000426738332782 0.0140353941286 1.74656685819
0.0304024459247 -0.000426738332782 -0.0140353941286 1.74656685819
0.0302954520212 0.0 0.0 1.74837883802
0.0301079749528 0.0 0.0 1.75148259686
0.0293431017719 0.000548188701719 0.0186798567984 1.76426165749
0.0293431017719 -0.000548188701719 -0.0186798567984 1.76426165749
0.0292200722377 0.000338435385476 0.01158177332 1.76641616511
0.0292200722377 -0.000338435385476 -0.01158177332 1.76641616511
0.0291725521484 0.0 0.0 1.76726350335
0.0221160979975 0.00635055464773 0.279623050964 1.88591732617
0.0221160979975 -0.00635055464773 -0.279623050964 1.88591732617
0.0282832283242 0.000635412490999 0.0224622738797 1.78261699532
0.0282832283242 -0.000635412490999 -0.0224622738797 1.78261699532
0.0285633494785 0.0 0.0 1.77781543486
0.0282871025606 0.0 0.0 1.78267465906
0.0278397203588 0.000133438468187 0.00479305986623 1.7906400007
0.0278397203588 -0.000133438468187 -0.00479305986623 1.7906400007
0.0274517678703 0.0 0.0 1.79766235491
0.027225442931 0.0 0.0 1.80180167051
0.0265130469547 0.000456092915962 0.0172008873356 1.81498519334
0.0265130469547 -0.000456092915962 -0.0172008873356 1.81498519334
0.0265650102576 0.0 0.0 1.81408016647
0.0264761843947 0.0 0.0 1.81575482608
0.0256747556644 0.00113573700344 0.0442067332376 1.83063480182
0.0256747556644 -0.00113573700344 -0.0442067332376 1.83063480182
0.0260291758212 0.000241077792342 0.00926156483076 1.82424716711
0.0260291758212 -0.000241077792342 -0.00926156483076 1.82424716711
0.0255693509622 0.000630073584599 0.0246367653891 1.83302867849
0.0255693509622 -0.000630073584599 -0.0246367653891 1.83302867849
0.0251156298017 0.000889062936669 0.0353840165915 1.84181939019
0.0251156298017 -0.000889062936669 -0.0353840165915 1.84181939019
0.0249694219263 0.000456592694439 0.0182840361342 1.84496808169
0.0249694219263 -0.000456592694439 -0.0182840361342 1.84496808169
0.0251925638407 0.0 0.0 1.84060320685
0.0250195950288 0.0 0.0 1.84404797999
0.0242878153858 0.00100678444204 0.0414285258316 1.85846103594
0.0242878153858 -0.00100678444204 -0.0414285258316 1.85846103594
0.0227841509183 0.00142417206695 0.0624259202747 1.88987017764
0.0227841509183 -0.00142417206695 -0.0624259202747 1.88987017764
0.024049729127 0.00017707292332 0.00736264939818 1.86380222043
0.024049729127 -0.00017707292332 -0.00736264939818 1.86380222043
0.02337705665 0.000879001177264 0.037583314562 1.87764690178
0.02337705665 -0.000879001177264 -0.037583314562 1.87764690178
0.0237069472597 0.000277666723268 0.0117119266489 1.87095927715
0.0237069472597 -0.000277666723268 -0.0117119266489 1.87095927715
0.0224609287038 0.000481297413798 0.0214249274805 1.89787422499
0.0224609287038 -0.000481297413798 -0.0214249274805 1.89787422499
0.0225401102109 0.0 0.0 1.89622944041
0.0234654757406 0.0 0.0 1.87611252773
0.0230100646434 0.0 0.0 1.88591178279
0.0232458293724 0.0 0.0 1.88081477244
0.0221901787371 0.000611740987261 0.0275611156974 1.90386281579
0.0221901787371 -0.000611740987261 -0.0275611156974 1.90386281579
0.0224219130021 0.0 0.0 1.89885826964
0.0222984749129 0.0 0.0 1.90161849621
0.0218230157627 0.000738425887498 0.0338241180858 1.9121089763
0.0218230157627 -0.000738425887498 -0.0338241180858 1.9121089763
0.021161494783 0.00111918262922 0.0528384642427 1.92708771544
0.021161494783 -0.00111918262922 -0.0528384642427 1.92708771544
0.0216773920838 0.00016694829709 0.00770134137112 1.91572787268
0.0216773920838 -0.00016694829709 -0.00770134137112 1.91572787268
0.0216328600442 0.0 0.0 1.91677091098
0.021308815226 0.000133747270668 0.0062765345199 1.92430736697
0.021308815226 -0.000133747270668 -0.0062765345199 1.92430736697
0.0196758099644 0.00106408596681 0.0540282911654 1.96345253979
0.0196758099644 -0.00106408596681 -0.0540282911654 1.96345253979
0.0192656364059 0.00055302512759 0.0286973809167 1.97451022039
0.0192656364059 -0.00055302512759 -0.0286973809167 1.97451022039
0.0209088977254 0.0 0.0 1.93379024106
0.0206523652183 0.000412861942524 0.0199883622278 1.93986282355
0.0206523652183 -0.000412861942524 -0.0199883622278 1.93986282355
0.0206195809152 0.000201845049624 0.00978868598691 1.94073310742
0.0206195809152 -0.000201845049624 -0.00978868598691 1.94073310742
0.0202307269496 0.000530347221422 0.0262089337618 1.95010460039
0.0202307269496 -0.000530347221422 -0.0262089337618 1.95010460039
0.020410212122 0.0 0.0 1.94585995459
0.0199410221089 0.000486592781496 0.0243967553282 1.95733931309
0.0199410221089 -0.000486592781496 -0.0243967553282 1.95733931309
0.0196312222473 0.000387403368785 0.0197314811329 1.96521966504
0.0196312222473 -0.000387403368785 -0.0197314811329 1.96521966504
0.0193746286736 0.0 0.0 1.97189543458
0.01961175739 0.0 0.0 1.96581301288
0.0199335165418 0.0 0.0 1.95767635784
-0.00702080139749 0.00110742392714 2.98514693494 2.47329501435
-0.00702080139749 -0.00110742392714 -2.98514693494 2.47329501435
0.0140276259244 0.00583447149122 0.394160895533 2.09347313306
0.0140276259244 -0.00583447149122 -0.394160895533 2.09347313306
0.0179134367711 0.00125991283695 0.0702177639548 2.00986844722
0.0179134367711 -0.00125991283695 -0.0702177639548 2.00986844722
0.0173146152977 0.00108815877103 0.0627637127139 2.02711669145
0.0173146152977 -0.00108815877103 -0.0627637127139 2.02711669145
0.0181556828646 0.00107085272703 0.0589134292459 2.00351763046
0.0181556828646 -0.00107085272703 -0.0589134292459 2.00351763046
0.0188186537774 0.000832481685276 0.0442082254915 1.98596458841
0.0188186537774 -0.000832481685276 -0.0442082254915 1.98596458841
0.0191816453573 0.000251837296569 0.0131283225928 1.97685762463
0.0191816453573 -0.000251837296569 -0.0131283225928 1.97685762463
0.0190116605903 0.0 0.0 1.98135138639
0.0187097514227 0.000399064325157 0.0213259821836 1.98924150429
0.0187097514227 -0.000399064325157 -0.0213259821836 1.98924150429
0.0187004892877 0.000169058456486 0.00904007636057 1.98958236415
0.0187004892877 -0.000169058456486 -0.00904007636057 1.98958236415
0.0180514065053 0.000441741541919 0.024466425662 2.00711617082
0.0180514065053 -0.000441741541919 -0.024466425662 2.00711617082
0.018303989917 0.0 0.0 2.00031810732
0.0181468778195 0.0 0.0 2.00462837702
0.0174574184666 0.000443038568846 0.0253727945333 2.02383433488
0.0174574184666 -0.000443038568846 -0.0253727945333 2.02383433488
0.0177316409167 0.00030652654155 0.017285259405 2.01612760767
0.0177316409167 -0.00030652654155 -0.017285259405 2.01612760767
0.0175271278653 0.0 0.0 2.02200271729
0.0091900487718 0.00492800175641 0.49221165466 2.28163265887
0.0091900487718 -0.00492800175641 -0.49221165466 2.28163265887
0.0165901624867 0.00145860059175 0.0876941180931 2.04754765646
0.0165901624867 -0.00145860059175 -0.0876941180931 2.04754765646
0.015120477347 0.00115109397141 0.0759815927647 2.09440797758
0.015120477347 -0.00115109397141 -0.0759815927647 2.09440797758
0.0173888514402 0.0 0.0 2.02596299997
0.0171965829819 0.000243336152539 0.0141493175527 2.0314722369
0.0171965829819 -0.000243336152539 -0.0141493175527 2.0314722369
0.01675824687 0.000573305070658 0.0341969883165 2.04413998021
0.01675824687 -0.000573305070658 -0.0341969883165 2.04413998021
0.0159453773044 0.00083816983223 0.0525167335347 2.06860333897
0.0159453773044 -0.00083816983223 -0.0525167335347 2.06860333897
0.016518861309 0.000599741590313 0.0362905329166 2.05129689765
0.016518861309 -0.000599741590313 -0.0362905329166 2.05129689765
0.0167632442312 0.000219968004853 0.0131212895213 2.0442402731
0.0167632442312 -0.000219968004853 -0.0131212895213 2.0442402731
0.0165862580054 0.0 0.0 2.04959037873
0.0160482428016 0.000493570916559 0.030745757551 2.06584159644
0.0160482428016 -0.000493570916559 -0.030745757551 2.06584159644
0.0159137512904 0.000435640085466 0.0273682367105 2.07009856278
0.0159137512904 -0.000435640085466 -0.0273682367105 2.07009856278
0.0154282479521 0.000586656845723 0.0380065413531 2.08541637233
0.0154282479521 -0.000586656845723 -0.0380065413531 2.08541637233
0.0151828676783 0.000650495883449 0.0428178862594 2.09333532366
0.0151828676783 -0.000650495883449 -0.0428178862594 2.09333532366
-0.00329767072846 0.0 3.14159265359 2.8572694498
0.00736688480583 0.00456816630667 0.555064137667 2.37404225694
0.00736688480583 -0.00456816630667 -0.555064137667 2.37404225694
0.00667620229737 0.00421568065669 0.563223297887 2.4207122219
0.00667620229737 -0.00421568065669 -0.563223297887 2.4207122219
0.0122224856682 0.00187682848935 0.152365269876 2.19641257816
0.0122224856682 -0.00187682848935 -0.152365269876 2.19641257816
0.0156267064511 0.0 0.0 2.07938693823
0.0149843899571 0.000563534804878 0.0375904090384 2.1000198017
0.0149843899571 -0.000563534804878 -0.0375904090384 2.1000198017
0.0144968478309 0.00094523611886 0.0651107058765 2.11585142137
0.0144968478309 -0.00094523611886 -0.0651107058765 2.11585142137
0.0140689676639 0.00117486064089 0.0833139354149 2.13015457679
0.0140689676639 -0.00117486064089 -0.0833139354149 2.13015457679
0.0146167729745 0.000585502087402 0.0400354601739 2.11239197129
0.0146167729745 -0.000585502087402 -0.0400354601739 2.11239197129
0.0138843075457 0.000921250385809 0.0662547976846 2.13739978668
0.0138843075457 -0.000921250385809 -0.0662547976846 2.13739978668
0.0133245394783 0.00122510133962 0.0916854643033 2.15696942806
0.0133245394783 -0.00122510133962 -0.0916854643033 2.15696942806
0.0141205895274 0.000510013281696 0.0361027191254 2.12973472589
0.0141205895274 -0.000510013281696 -0.0361027191254 2.12973472589
0.0122306029841 0.00130907184872 0.106626553356 2.19905930575
0.0122306029841 -0.00130907184872 -0.106626553356 2.19905930575
0.0134484905988 0.00058304503459 0.0433268069423 2.15397475123
0.0134484905988 -0.00058304503459 -0.0433268069423 2.15397475123
0.0127245032257 0.00106059531922 0.083158406037 2.1803820519
0.0127245032257 -0.00106059531922 -0.083158406037 2.1803820519
0.0124601368398 0.000826892743769 0.0662658892309 2.19151179529
0.0124601368398 -0.000826892743769 -0.0662658892309 2.19151179529
0.0125784617464 0.000824176262823 0.0654292906613 2.18681364394
0.0125784617464 -0.000824176262823 -0.0654292906613 2.18681364394
0.0139728259278 0.0 0.0 2.13532042036
0.0132003320801 0.0 0.0 2.16375664606
-0.00301235772598 0.0 3.14159265359 2.90251610459
-0.00296874020274 0.000530997391769 2.96460137695 2.90193608428
-0.00296874020274 -0.000530997391769 -2.96460137695 2.90193608428
-0.0022784263813 0.00208160279349 2.40130658536 2.89041611228
-0.0022784263813 -0.00208160279349 -2.40130658536 2.89041611228
-0.00076567850053 0.00322253645937 1.80407191315 2.8550636732
-0.00076567850053 -0.00322253645937 -1.80407191315 2.8550636732
0.0056022316857 0.00373906971619 0.588527448632 2.50018887977
0.0056022316857 -0.00373906971619 -0.588527448632 2.50018887977
0.0104787409538 0.00126676790371 0.12030553248 2.2755762552
0.0104787409538 -0.00126676790371 -0.12030553248 2.2755762552
0.011329450003 0.0013901209106 0.122089515294 2.23643911719
0.011329450003 -0.0013901209106 -0.122089515294 2.23643911719
0.0129931552948 0.00071603035524 0.055052588397 2.17090820806
0.0129931552948 -0.00071603035524 -0.055052588397 2.17090820806
0.0107940934281 0.00102084619771 0.0942940540817 2.26215195562
0.0107940934281 -0.00102084619771 -0.0942940540817 2.26215195562
0.0114063906694 0.000862074323681 0.0754347754558 2.23536679522
0.0114063906694 -0.000862074323681 -0.0754347754558 2.23536679522
0.0117963990397 0.000587638596552 0.0497739381023 2.21936086297
0.0117963990397 -0.000587638596552 -0.0497739381023 2.21936086297
-0.00240772777837 0.0 3.14159265359 3.01453590339
-0.00186184591237 0.00150614516574 2.46141657442 3.01723316647
-0.00186184591237 -0.00150614516574 -2.46141657442 3.01723316647
-0.00217480897818 0.000423597247385 2.94922666198 3.05609842802
-0.00217480897818 -0.000423597247385 -2.94922666198 3.05609842802
0.00148959841418 0.00314417724263 1.1283568275 2.83047807314
0.00148959841418 -0.00314417724263 -1.1283568275 2.83047807314
0.0035566305163 0.00311839038299 0.719838504806 2.67690297918
0.0035566305163 -0.00311839038299 -0.719838504806 2.67690297918
0.00570597360528 0.00324124747717 0.51659139966 2.51320683918
0.00570597360528 -0.00324124747717 -0.51659139966 2.51320683918
0.0047695193808 0.00294220062298 0.552735781566 2.59213697794
0.0047695193808 -0.00294220062298 -0.552735781566 2.59213697794
0.007573245531 0.00248749229326 0.31735626184 2.4159536783
0.007573245531 -0.00248749229326 -0.31735626184 2.4159536783
0.00855377907238 0.00186969125507 0.215196151833 2.36902322666
0.00855377907238 -0.00186969125507 -0.215196151833 2.36902322666
0.0113153933438 0.000410319210792 0.0362461553345 2.24046710084
0.0113153933438 -0.000410319210792 -0.0362461553345 2.24046710084
0.00964860032696 0.00130577140517 0.134515486253 2.3159338968
0.00964860032696 -0.00130577140517 -0.134515486253 2.3159338968
0.0107935852655 0.00063624067726 0.0588780547871 2.26353448158
0.0107935852655 -0.00063624067726 -0.0588780547871 2.26353448158
0.00906596407989 0.00107241321976 0.117742896756 2.34814015904
0.00906596407989 -0.00107241321976 -0.117742896756 2.34814015904
0.00934165748501 0.00103941100559 0.11081044526 2.33355974924
0.00934165748501 -0.00103941100559 -0.11081044526 2.33355974924
0.0102266190779 0.000572023828145 0.0558765685229 2.29059966805
0.0102266190779 -0.000572023828145 -0.0558765685229 2.29059966805
0.0098708473134 0.000578656556946 0.0585557678842 2.30822710614
0.0098708473134 -0.000578656556946 -0.0585557678842 2.30822710614
-0.00213860923478 0.0 3.14159265359 3.07379977576
-0.00195817136842 0.000656085862914 2.81829764503 3.0912739075
-0.00195817136842 -0.000656085862914 -2.81829764503 3.0912739075
0.000734828127296 0.00272883423432 1.30775308019 2.9344392145
0.000734828127296 -0.00272883423432 -1.30775308019 2.9344392145
-0.00166027646632 0.000862121720636 2.66265291839 3.14070319748
-0.00166027646632 -0.000862121720636 -2.66265291839 3.14070319748
-0.00180631413842 0.000341145798436 2.95492837801 3.14947149941
-0.00180631413842 -0.000341145798436 -2.95492837801 3.14947149941
0.00387400262584 0.00257628641414 0.58686123368 2.68518230949
0.00387400262584 -0.00257628641414 -0.58686123368 2.68518230949
0.00442287510685 0.00261342669376 0.533693039599 2.63561407987
0.00442287510685 -0.00261342669376 -0.533693039599 2.63561407987
0.0061514714517 0.00219989022769 0.343447189029 2.51544434149
0.0061514714517 -0.00219989022769 -0.343447189029 2.51544434149
0.00584398878909 0.00213333849393 0.350017524896 2.53989617648
0.00584398878909 -0.00213333849393 -0.350017524896 2.53989617648
0.00720446311626 0.00173107540532 0.235808009342 2.45249515462
0.00720446311626 -0.00173107540532 -0.235808009342 2.45249515462
0.00870127647181 0.000901356579031 0.103220846387 2.36947439236
0.00870127647181 -0.000901356579031 -0.103220846387 2.36947439236
0.00844816645915 0.000853918869815 0.100735290824 2.3843617222
0.00844816645915 -0.000853918869815 -0.100735290824 2.3843617222
0.000365310599391 0.00239995747183 1.41974039018 3.01042582999
0.000365310599391 -0.00239995747183 -1.41974039018 3.01042582999
0.0093919092747 0.0 0.0 2.3339533379
0.00768577537819 0.00115354154676 0.148975869056 2.4286229078
0.00768577537819 -0.00115354154676 -0.148975869056 2.4286229078
0.00913816161706 0.0 0.0 2.34764802487
0.00663829080199 0.00148059896602 0.219447327914 2.49531320767
0.00663829080199 -0.00148059896602 -0.219447327914 2.49531320767
0.00516442336611 0.00214717428538 0.39402057641 2.59311991446
0.00516442336611 -0.00214717428538 -0.39402057641 2.59311991446
0.000243718376198 0.00214008827764 1.4574024582 3.07023264486
0.000243718376198 -0.00214008827764 -1.4574024582 3.07023264486
-0.000739935109405 0.00150832748191 2.02686878966 3.1944669465
-0.000739935109405 -0.00150832748191 -2.02686878966 3.1944669465
0.00288085524272 0.00248745078316 0.712246134431 2.78556923127
0.00288085524272 -0.00248745078316 -0.712246134431 2.78556923127
0.00351069855131 0.00231941744008 0.583840405481 2.73542008192
0.00351069855131 -0.00231941744008 -0.583840405481 2.73542008192
0.00202701771484 0.00237879791057 0.865073647355 2.88411300633
0.00202701771484 -0.00237879791057 -0.865073647355 2.88411300633
0.004426188171 0.00204169559757 0.432191611029 2.66188031557
0.004426188171 -0.00204169559757 -0.432191611029 2.66188031557
0.00598067437243 0.00142042796893 0.23318261885 2.54589243393
0.00598067437243 -0.00142042796893 -0.23318261885 2.54589243393
0.00101098082314 0.00220497606109 1.1408965859 3.0108183685
0.00101098082314 -0.00220497606109 -1.1408965859 3.0108183685
-0.00163251414312 0.000236134797338 2.99794406575 3.20364044759
-0.00163251414312 -0.000236134797338 -2.99794406575 3.20364044759
0.00735414353795 0.000795405393367 0.107738639949 2.45333815387
0.00735414353795 -0.000795405393367 -0.107738639949 2.45333815387
0.00677702544516 0.00077263279424 0.113517526463 2.49387999907
0.00677702544516 -0.00077263279424 -0.113517526463 2.49387999907
-0.000457067280064 0.0015743722336 1.85334628258 3.20671935598
-0.000457067280064 -0.0015743722336 -1.85334628258 3.20671935598
-0.00115122620919 0.00103014901641 2.41164257742 3.23641766019
-0.00115122620919 -0.00103014901641 -2.41164257742 3.23641766019
-0.00134162940919 0.000780134431747 2.61490002251 3.23411838164
-0.00134162940919 -0.000780134431747 -2.61490002251 3.23411838164
0.00618830292422 0.000963620169401 0.154475803184 2.53655762513
0.00618830292422 -0.000963620169401 -0.154475803184 2.53655762513
-0.00147399522154 0.000426960257118 2.85964713099 3.23974702515
-0.00147399522154 -0.000426960257118 -2.85964713099 3.23974702515
-0.00161261882694 0.0 3.14159265359 3.21494791044
-0.00155844491167 4.85932096218e-05 3.11042217683 3.2317904642
-0.00155844491167 -4.85932096218e-05 -3.11042217683 3.2317904642
0.000188700518369 0.00180433306934 1.46659326194 3.15606262653
0.000188700518369 -0.00180433306934 -1.46659326194 3.15606262653
0.000100343945908 0.00172827250768 1.51280117844 3.17947512882
0.000100343945908 -0.00172827250768 -1.51280117844 3.17947512882
0.00255437372642 0.00211768916358 0.692201741348 2.85418953752
0.00255437372642 -0.00211768916358 -0.692201741348 2.85418953752
0.00312906534951 0.00203998539111 0.577742860039 2.79496134456
0.00312906534951 -0.00203998539111 -0.577742860039 2.79496134456
0.00304831325323 0.00201737364879 0.584625786576 2.80577373561
0.00304831325323 -0.00201737364879 -0.584625786576 2.80577373561
0.0049378209242 0.00142203506311 0.280400860937 2.63549630687
0.0049378209242 -0.00142203506311 -0.280400860937 2.63549630687
0.00384923626163 0.00180771015596 0.439056369391 2.73011472246
0.00384923626163 -0.00180771015596 -0.439056369391 2.73011472246
0.00364204022551 0.00183730658568 0.467218645648 2.75092298958
0.00364204022551 -0.00183730658568 -0.467218645648 2.75092298958
0.00129245132051 0.00199347592764 0.995588549317 3.02121269613
0.00129245132051 -0.00199347592764 -0.995588549317 3.02121269613
0.00189673368073 0.00203306413636 0.820075724508 2.94256975178
0.00189673368073 -0.00203306413636 -0.820075724508 2.94256975178
0.00400063387699 0.0016145928854 0.383592437261 2.7229262531
0.00400063387699 -0.0016145928854 -0.383592437261 2.7229262531
0.0027253890544 0.00178953029877 0.581011171732 2.86295373
0.0027253890544 -0.00178953029877 -0.581011171732 2.86295373
0.0075404427545 0.000454828978855 0.0602456099871 2.44282925616
0.0075404427545 -0.000454828978855 -0.0602456099871 2.44282925616
-0.00128585947583 0.000567848322583 2.72573777172 3.28362337405
-0.00128585947583 -0.000567848322583 -2.72573777172 3.28362337405
0.00107718712115 0.0019530003356 1.0667600336 3.05279429263
0.00107718712115 -0.0019530003356 -1.0667600336 3.05279429263
-0.00017708796438 0.00150117647672 1.68821976508 3.24729806352
-0.00017708796438 -0.00150117647672 -1.68821976508 3.24729806352
0.00526601104032 0.000981397317182 0.184250752711 2.61470551606
0.00526601104032 -0.000981397317182 -0.184250752711 2.61470551606
0.00496616357031 0.00119764879409 0.236643186843 2.638421176
0.00496616357031 -0.00119764879409 -0.236643186843 2.638421176
-0.000664826168061 0.00114239756623 2.09784319811 3.31439318239
-0.000664826168061 -0.00114239756623 -2.09784319811 3.31439318239
-0.000919041099838 0.000938959212567 2.34547471279 3.31738530141
-0.000919041099838 -0.000938959212567 -2.34547471279 3.31738530141
0.00218908198716 0.00182666177814 0.695392167935 2.93002513598
0.00218908198716 -0.00182666177814 -0.695392167935 2.93002513598
0.00167760218048 0.00181491525165 0.824694283641 3.00146688725
0.00167760218048 -0.00181491525165 -0.824694283641 3.00146688725
-0.000336053439136 0.00129172334632 1.82531330095 3.30951636281
-0.000336053439136 -0.00129172334632 -1.82531330095 3.30951636281
-0.00126447941959 0.000515035233752 2.75480039756 3.29817372882
-0.00126447941959 -0.000515035233752 -2.75480039756 3.29817372882
-0.00138135066319 0.000302768453161 2.92582185407 3.28061604676
-0.00138135066319 -0.000302768453161 -2.92582185407 3.28061604676
-0.000800236789036 0.0010042647094 2.24360655264 3.32884651816
-0.000800236789036 -0.0010042647094 -2.24360655264 3.32884651816
-0.00109648460852 0.000685999422395 2.58253665953 3.32524190735
-0.00109648460852 -0.000685999422395 -2.58253665953 3.32524190735
-0.00149826831911 0.0 3.14159265359 3.25172264585
-0.000457130358078 0.00115285857588 1.94829826579 3.34624862208
-0.000457130358078 -0.00115285857588 -1.94829826579 3.34624862208
-0.000939513517394 0.000728544822665 2.48200212741 3.36736692229
-0.000939513517394 -0.000728544822665 -2.48200212741 3.36736692229
-0.000564397294636 0.000985069786148 2.0910898052 3.39042903717
-0.000564397294636 -0.000985069786148 -2.0910898052 3.39042903717
0.0029507800562 0.00144505668736 0.455390025379 2.85910011653
0.0029507800562 -0.00144505668736 -0.455390025379 2.85910011653
0.00235733299912 0.00152826867175 0.575182106712 2.93739547632
0.00235733299912 -0.00152826867175 -0.575182106712 2.93739547632
0.00194650633199 0.00152798914994 0.665521620202 3.0008385589
0.00194650633199 -0.00152798914994 -0.665521620202 3.0008385589
0.00149590097893 0.00164538593476 0.832949461589 3.05428265944
0.00149590097893 -0.00164538593476 -0.832949461589 3.05428265944
0.000901632976873 0.00169329434971 1.08150930044 3.128136695
0.000901632976873 -0.00169329434971 -1.08150930044 3.128136695
0.000386045406425 0.00149751657306 1.31849906235 3.23588835493
0.000386045406425 -0.00149751657306 -1.31849906235 3.23588835493
-0.0010560982698 0.000447060768015 2.74115126281 3.38537914428
-0.0010560982698 -0.000447060768015 -2.74115126281 3.38537914428
-0.00132310597173 7.23857671213e-05 3.08693816673 3.31313949843
-0.00132310597173 -7.23857671213e-05 -3.08693816673 3.31313949843
0.00113349893441 0.00145930064289 0.910399349349 3.1468787901
0.00113349893441 -0.00145930064289 -0.910399349349 3.1468787901
0.000921919345752 0.00161697057617 1.05261292254 3.14323345736
0.000921919345752 -0.00161697057617 -1.05261292254 3.14323345736
0.00020186292027 0.00143811020774 1.43134065973 3.26733487936
0.00020186292027 -0.00143811020774 -1.43134065973 3.26733487936
0.000723177096637 0.00144525381244 1.10684421397 3.21387311929
0.000723177096637 -0.00144525381244 -1.10684421397 3.21387311929
-8.25418576404e-05 0.00111911901489 1.64441912143 3.39625044362
-8.25418576404e-05 -0.00111911901489 -1.64441912143 3.39625044362
0.000133431335636 0.0012945248262 1.46808544002 3.32216375853
0.000133431335636 -0.0012945248262 -1.46808544002 3.32216375853
-0.000797200214629 0.000705770236027 2.41695246804 3.42251925813
-0.000797200214629 -0.000705770236027 -2.41695246804 3.42251925813
-0.00114240533072 0.000199123152032 2.96902465071 3.37982747374
-0.00114240533072 -0.000199123152032 -2.96902465071 3.37982747374
0.00793520502602 0.0 0.0 2.41822304357
0.00493072434696 0.0 0.0 2.65613468768
0.00414272231022 0.0 0.0 2.7432010722
-3.56049368098e-05 0.000782914481502 1.61624244136 3.57572702832
-3.56049368098e-05 -0.000782914481502 -1.61624244136 3.57572702832
0.000494594299689 0.00119931524689 1.17964856677 3.32373604503
0.000494594299689 -0.00119931524689 -1.17964856677 3.32373604503
-0.000638670575897 0.000546447414789 2.43385568504 3.54073393131
-0.000638670575897 -0.000546447414789 -2.43385568504 3.54073393131
-1.16144081139e-05 0.0 3.14159265359 5.68163207591
0.00313481783424 0.0 0.0 2.88259210684
0.00282404330609 0.0 0.0 2.93479281223
-0.000789487536982 0.0 3.14159265359 3.57206325518
0.00069055289655 0.0 0.0 3.63900899095
