1 -0.117489737796
2 -0.000736299510181
3 -0.000317367717573
4 -7.6464766709e-05
5 3.32035058769e-05
6 8.96594031468e-06
7 -1.36482293969e-05
8 -2.98299256389e-06
9 4.42683517398e-06
10 3.5881848358e-07
11 -1.67973469442e-06
12 -6.82181791622e-08
13 5.04694189541e-07
14 -5.40225700655e-08
15 -1.84457260771e-07
16 2.67268408048e-08
17 4.91276382885e-08
18 -1.73590028069e-08
19 -1.73638239332e-08
20 7.60127072539e-09
21 3.19498377439e-09
22 -2.59807529014e-09
23 -1.48046757149e-09
24 1.90828899985e-09
25 -3.49542412945e-10
26 2.55976230175e-10
27 -3.84064175482e-10
28 9.07258378897e-10
29 -4.43472696133e-10
30 6.87125636026e-10
31 -3.7690338452e-10
32 7.66950203487e-10
33 -4.08253064547e-10
34 7.42278230743e-10
35 -3.92179961635e-10
36 7.50486163896e-10
37 -3.98463913103e-10
38 7.48279259478e-10
39 -3.95782066239e-10
40 7.48919611087e-10
41 -3.96735853425e-10
42 7.48802008395e-10
43 -3.96367826676e-10
