1 -0.11146199715
2 -0.000318109748082
3 -0.000108631786331
4 -0.00014298155846
5 -2.42388335512e-05
6 2.76166117186e-05
7 1.84267395964e-06
8 -7.88283968287e-06
9 -1.3370857952e-06
10 1.27471644163e-06
11 -1.59428743914e-08
12 -1.90183625185e-07
13 -4.10829063024e-08
14 -5.90055207912e-08
15 -2.52772944502e-08
16 3.30392917619e-08
17 2.63249258069e-09
18 -1.65297139414e-08
19 -3.93603358522e-09
20 5.35647301731e-09
21 1.13224069877e-10
22 -1.12881659944e-09
23 -6.40425152037e-10
24 7.33831357659e-10
25 -3.35158356038e-10
26 3.822421817e-10
27 -3.59240307207e-10
28 4.33108738977e-10
29 -3.51135318738e-10
30 4.43820474729e-10
31 -3.46928077846e-10
32 4.35725896987e-10
33 -3.48010333008e-10
34 4.39779845136e-10
35 -3.47236355554e-10
36 4.38491589176e-10
37 -3.47393900864e-10
38 4.38884630678e-10
39 -3.47328484875e-10
40 4.38802078007e-10
41 -3.47335622503e-10
42 4.38816771982e-10
43 -3.47333311526e-10
44 4.38817508806e-10
45 -3.47332687351e-10
46 4.38816225761e-10
47 -3.47332870256e-10
48 4.38816983184e-10
49 -3.47332711204e-10
50 4.38816724927e-10
51 -3.47332755005e-10
52 4.38816807544e-10
53 -3.47332740585e-10
54 4.38816777403e-10
55 -3.47332748283e-10
56 4.38816790196e-10
57 -3.47332738959e-10
58 4.38816783258e-10
59 -3.47332738417e-10
60 4.38816791281e-10
61 -3.47332742537e-10
62 4.38816792148e-10
63 -3.47332750994e-10
