#1          0.399      0.507     
2           0.148197   0.2113   0.1563098   0.122248203
3           0.08148    0.136245712     0.12332 0.06293
3.5         0.067675   0.11251 
4           0.0496     0.0964      0.0462  0.03387 
5           0.03790    0.0773      
6           0.03239    0.058165    0.04008   0.0235656352   
7           0.02340    0.05542103    
#8          0.026      0.06442   0.03977   0.017595
#9          0.0272     0.07548   
10          0.02010    0.03731208        
#14         0.01190    0.042074
