2 0.07936836091
4 0.0214399953249
6 0.00710223935371
8 0.0026163389166
10 0.00102717039864
12 0.000419245783689
14 0.000175191151523
16 7.4247936023e-05
18 3.17338218131e-05
20 1.36320238591e-05
22 5.87393130306e-06
24 2.53577430627e-06
26 1.09596151915e-06
28 4.74018222945e-07
30 2.05113662818e-07
32 8.8781500731e-08
34 3.84356117404e-08
36 1.66417881021e-08
38 7.20613957351e-09
40 3.12054114992e-09
42 1.35136838829e-09
3 -0.045431865688
5 -0.0128519334169
7 -0.00440583376319
9 -0.00166215252676
11 -0.00066243742908
13 -0.00027281292287
15 -0.000114590883548
17 -4.87063538089e-05
19 -2.08510529242e-05
21 -8.96514679457e-06
23 -3.86495132641e-06
25 -1.66896885183e-06
27 -7.21444053152e-07
29 -3.12063454922e-07
31 -1.35041333427e-07
33 -5.84533881133e-08
35 -2.53064266933e-08
37 -1.09573048131e-08
39 -4.74472771055e-09
41 -2.05467041298e-09
43 -8.89792991241e-10
