2 0.0214978243568
4 0.00340135068168
6 0.000857758829594
8 0.000233581166077
10 6.55760373716e-05
12 1.87030013419e-05
14 5.38044585185e-06
16 1.55475491428e-06
18 4.50069219685e-07
20 1.30265903758e-07
22 3.76376336e-08
24 1.0839076782e-08
26 3.10614962223e-09
28 8.83999214107e-10
30 2.49210284353e-10
32 6.93443011346e-11
34 1.8948655145e-11
36 5.04273012236e-12
38 1.28894811491e-12
40 3.06685232765e-13
42 6.15896222911e-14
3 -0.00684608258708
5 -0.00156065711201
7 -0.000408910195938
9 -0.000112370882375
11 -3.16471848083e-05
13 -9.03536827415e-06
15 -2.5988914959e-06
17 -7.50186933622e-07
19 -2.16734644114e-07
21 -6.25415893657e-08
23 -1.79926244528e-08
25 -5.15097434151e-09
27 -1.46420782443e-09
29 -4.12137199368e-10
31 -1.14432643916e-10
33 -3.11644390849e-11
35 -8.25998991427e-12
37 -2.09880030022e-12
39 -5.02403674218e-13
41 -1.06116504472e-13
43 -2.05738204251e-14
45 -7.07073288808e-15
