#0.2 -1.04951759861e-08
#0.4 -2.39054361369e-07
#0.6 -4.65926871084e-06
#0.8 -3.81457656346e-06
#1.0 -5.09944812726e-06
#1.2 -2.03044743192e-05
#1.4 -4.68832375323e-05
#1.6 -6.50422957915e-05
#1.8 -0.000150112073154
#2.0 -0.000339616630074
#2.2 -0.000572020860706
#2.4 -0.00135199528518
#2.6 -0.00252912751655
#2.8 -0.00499178359507
#3.0 -0.0114340747005
#3.2 -0.0276032423109
#3.4 -0.0189960113307
#3.6 -0.0135257830318
#3.8 -0.00581759043764
#4.0 -0.00483359597223
#4.2 -0.00634696115042
#4.4 -0.00543294394565
#4.6 -0.00423323726262
#4.8 -0.00221689861921
#5.0 -0.00184091158831
#5.2 -0.00163438063464
#5.4 -0.00167254859015
#5.6 -0.00200896867679
#5.8 -0.00168996107977
#6.0 -0.00105662085462


0.7 -1.10537162639e-05
0.9 -1.00493469303e-05
1.1 -1.76391641697e-05
1.3 -2.57830854226e-05
1.5 -7.53259225404e-05
1.7 -0.000119574479758
1.9 -0.000204011878159
2.1 -0.000223771003969
2.3 -0.000697703545823
2.5 -0.00146384899062
2.7 -0.0030835692318
2.9 -0.00622054294851
3.1 -0.0171606692083
3.3 -0.0246761999451
3.5 -0.0180428991933
3.7 -0.0137768338734
3.9 -0.00932012811762
4.1 -0.00769667082751
4.3 -0.0049793985117
4.5 -0.00413244974911
4.7 -0.0042230522067
4.9 -0.00288211080951
5.1 -0.00243013011718
5.3 -0.00126251157116
5.5 -0.00145480006098
5.7 -0.00124954688994
5.9 -0.000813148955773
6.1 -0.000826538331491
6.3 -0.000703015352221
6.5 -0.000840931488323

