0 0.442111086474 
0 0.452438604147 
1 0.46345482988 
2 0.475304501649 
3 0.487150329181 
4 0.49971812662 
5 0.512215298239 
6 0.525448894111 
7 0.538596933731 
8 0.552515423877 
9 0.56634200615 
10 0.580978055697 
11 0.595517128059 
12 0.610907251761 
13 0.62619534486 
14 0.642378311494 
15 0.658453981412 
16 0.675470620927 
17 0.692374434124 
18 0.710267689249 
19 0.728042301861 
20 0.74685731692 
21 0.765547549816 
22 0.785331699318 
23 0.804984426568 
24 0.825786792919 
25 0.846449345689 
26 0.868315934985 
27 0.8900231097 
28 0.912959401444 
29 0.935631818209 
30 0.959280019194 
31 0.981522004254 
32 0.981522004254 
33 0.993563087656 
34 0.993565529199 
35 0.993580306248 
36 0.993591500853 
37 0.993600379476 
38 0.993611662511 
39 0.993620584074 
40 0.993631881737 
41 0.993640810834 
42 0.993652111095 
43 0.993661041589 
44 0.99367234247 
45 0.993681273346 
46 0.993692574521 
47 0.993701505612 
48 0.993712807027 
49 0.993721738304 
50 0.993733039949 
51 0.993741971405 
52 0.993753273268 
53 0.993762204885 
54 0.993773506914 
55 0.993782438596 
56 0.993793740531 
57 0.993802671778 
58 0.993813972363 
59 0.993822900576 
60 0.993834194061 
61 0.993843105543 
62 0.993854362311 
63 0.993863195195 
64 0.993879734411 
65 0.993881988026 
66 0.993903425757 
67 0.994192463147 
68 0.994227142972 
69 0.994529935294 
70 0.99456423424 
71 0.994867640479 
72 0.994901897384 
73 0.995205491368 
74 0.995239751384 
75 0.99554346241 
76 0.995577732668 
77 0.995881549126 
78 0.995915830795 
79 0.996219750803 
80 0.99625404408 
81 0.99655806735 
82 0.996592372287 
83 0.996896498743 
84 0.996930815456 
85 0.997235044768 
86 0.997269373903 
87 0.99757370393 
88 0.997608049413 
89 0.997912466963 
90 0.997946852964 
91 0.998251277727 
92 0.998285863047 
93 0.998589810245 
94 0.998626015854 
95 0.998910201225 
96 0.998936430538 
97 0.998936850021 
98 0.998945212292 
99 0.998950442689 
100 0.998954922983 
101 0.9989602169 
102 0.998964707695 
103 0.998970009956 
104 0.998974502583 
105 0.998979806219 
106 0.998984299185 
107 0.99898960309 
108 0.998994096148 
109 0.99899940014 
110 0.99900389325 
111 0.9990091973 
112 0.999013690456 
113 0.999018994558 
114 0.999023487758 
115 0.999028791912 
116 0.999033285152 
117 0.999038589349 
118 0.999043082615 
119 0.999048386801 
120 0.999052879974 
121 0.999058183787 
122 0.999062676043 
123 0.999067977071 
124 0.999072463059 
125 0.999077743962 
126 0.99908222962 
127 0.999091913168 
128 0.999091949929 
129 0.9991056105 
130 0.999109863684 
131 0.999120205102 
132 0.999123517983 
133 0.999133899643 
134 0.999137224262 
135 0.99914761268 
136 0.999150939259 
137 0.999161328908 
138 0.999164655846 
139 0.999175045817 
140 0.999178372852 
141 0.999188762994 
142 0.999192090084 
143 0.999202480373 
144 0.999205807509 
145 0.999216197936 
146 0.999219525115 
147 0.999229915655 
148 0.99923324286 
149 0.999243633357 
150 0.999246960492 
151 0.999257350001 
152 0.999260676474 
153 0.999271059221 
154 0.999274381416 
155 0.999284721075 
156 0.99928801613 
157 0.999298051078 
158 0.999302995594 
159 0.999303731247 
160 0.999303746934 
161 0.999304236419 
162 0.999304394987 
163 0.999304675295 
164 0.99930483443 
165 0.999305116637 
166 0.999305275709 
167 0.999305558227 
168 0.999305717287 
169 0.999305999856 
170 0.999306158915 
171 0.999306441492 
172 0.99930660055 
173 0.999306883129 
174 0.999307042187 
175 0.999307324766 
176 0.999307483825 
177 0.999307766404 
178 0.999307925462 
179 0.999308208041 
180 0.999308367098 
181 0.999308649671 
182 0.999308808721 
183 0.999309091261 
184 0.999309250265 
185 0.999309532606 
186 0.999309691328 
187 0.999309972385 
188 0.999310129271 
189 0.999310398287 
190 0.999310633396 
191 0.999310640766 
192 0.999310818838 
193 0.999311008734 
194 0.999311130177 
195 0.999311317648 
196 0.999311437568 
197 0.99931162649 
198 0.999311746197 
199 0.999311935346 
200 0.999312055019 
201 0.999312244204 
202 0.999312363872 
203 0.999312553063 
204 0.99931267273 
205 0.999312861923 
206 0.999312981589 
207 0.999313170782 
208 0.999313290449 
209 0.999313479641 
210 0.999313599308 
211 0.999313788499 
212 0.999313908165 
213 0.999314097349 
214 0.999314217009 
215 0.999314406151 
216 0.999314525775 
217 0.999314714654 
218 0.999314834055 
219 0.999315021231 
220 0.999315138362 
221 0.999315340911 
222 0.99931537544 
223 0.999315381291 
224 0.999315475266 
225 0.999315537081 
226 0.999315634785 
227 0.99931569699 
228 0.999315795579 
229 0.999315857752 
230 0.999315956479 
231 0.999316018644 
232 0.999316117394 
233 0.999316179558 
234 0.999316278311 
235 0.999316340475 
236 0.999316439229 
237 0.999316501393 
238 0.999316600147 
239 0.999316662311 
240 0.999316761065 
241 0.999316823229 
242 0.999316921983 
243 0.999316984146 
244 0.999317082898 
245 0.999317145059 
246 0.999317243801 
247 0.999317305945 
248 0.999317404627 
249 0.999317466664 
250 0.999317564945 
251 0.999317626303 
252 0.999317720386 
253 0.999317780926 
254 0.99931778508 
255 0.999317802111 
256 0.999317913353 
257 0.999317939481 
258 0.999318058422 
259 0.999318083246 
260 0.999318203129 
261 0.999318227759 
262 0.999318347788 
263 0.999318372386 
264 0.999318492439 
265 0.999318517033 
266 0.999318637089 
267 0.999318661682 
268 0.999318781739 
269 0.999318806332 
270 0.999318926389 
271 0.999318950982 
272 0.999319071039 
273 0.999319095632 
274 0.999319215688 
275 0.999319240282 
276 0.999319360334 
277 0.999319384932 
278 0.99931950496 
279 0.999319529586 
280 0.99931964946 
281 0.999319674261 
282 0.999319793134 
283 0.9993198191 
284 0.999319929656 
285 0.999319949372 
286 0.99931995355 
287 0.999320033567 
288 0.999320079913 
289 0.999320165064 
290 0.999320212344 
291 0.999320298238 
292 0.999320345566 
293 0.999320431576 
294 0.99932047891 
295 0.99932056494 
296 0.999320612275 
297 0.999320698307 
298 0.999320745642 
299 0.999320831675 
300 0.99932087901 
301 0.999320965043 
302 0.999321012378 
303 0.999321098411 
304 0.999321145746 
305 0.999321231779 
306 0.999321279113 
307 0.999321365144 
308 0.999321412477 
309 0.999321498496 
310 0.999321545818 
311 0.999321631767 
312 0.999321679021 
313 0.999321764504 
314 0.999321811331 
315 0.999321892328 
316 0.999321937235 
317 0.999321940008 
318 0.999321950166 
319 0.999322053699 
320 0.999322071103 
321 0.999322182096 
322 0.999322198751 
323 0.999322310612 
324 0.999322327155 
325 0.999322439151 
326 0.999322455676 
327 0.999322567694 
328 0.999322584215 
329 0.999322696238 
330 0.999322712758 
331 0.999322824781 
332 0.999322841302 
333 0.999322953324 
334 0.999322969845 
335 0.999323081868 
336 0.999323098389 
337 0.999323210411 
338 0.999323226932 
339 0.99932333895 
340 0.999323355474 
341 0.99932346747 
342 0.99932348401 
343 0.999323595865 
344 0.999323612507 
345 0.999323723449 
346 0.999323740796 
347 0.999323843461 
348 0.9993238571 
349 0.999323860244 
350 0.999323933915 
351 0.999323974575 
352 0.999324053841 
353 0.999324095788 
354 0.999324175743 
355 0.999324217794 
356 0.999324297857 
357 0.999324339923 
358 0.999324420003 
359 0.999324462071 
360 0.999324542154 
361 0.999324584223 
362 0.999324664306 
363 0.999324706375 
364 0.999324786458 
365 0.999324828527 
366 0.999324908611 
367 0.99932495068 
368 0.999325030763 
369 0.999325072831 
370 0.999325152912 
371 0.99932519498 
372 0.999325275048 
373 0.999325317106 
374 0.999325397098 
375 0.999325439101 
376 0.999325518593 
377 0.999325560247 
378 0.999325635086 
379 0.999325674409 
380 0.999325676433 
381 0.999325683391 
382 0.999325782923 
383 0.999325795242 
384 0.999325902004 
385 0.999325913907 
386 0.999326021499 
387 0.999326033339 
388 0.999326141059 
389 0.99932615289 
390 0.99932626063 
391 0.999326272459 
392 0.999326380203 
393 0.999326392032 
394 0.999326499776 
395 0.999326511605 
396 0.999326619349 
397 0.999326631178 
398 0.999326738922 
399 0.999326750751 
400 0.999326858495 
401 0.999326870324 
402 0.999326978064 
403 0.999326989895 
404 0.999327097613 
405 0.999327109453 
406 0.999327217037 
407 0.999327228933 
408 0.999327335646 
409 0.999327347934 
410 0.99932744673 
411 0.999327456491 
412 0.99932745892 
413 0.999327527972 
414 0.999327565183 
415 0.999327640014 
416 0.9993276787 
417 0.999327754183 
418 0.999327793003 
419 0.999327868588 
420 0.999327907428 
421 0.999327983029 
422 0.999328021873 
423 0.999328097477 
424 0.999328136321 
425 0.999328211925 
426 0.99932825077 
427 0.999328326374 
428 0.999328365219 
429 0.999328440823 
430 0.999328479667 
431 0.999328555271 
432 0.999328594116 
433 0.999328669717 
434 0.99932870856 
435 0.999328784149 
436 0.999328822984 
437 0.999328898495 
438 0.999328937281 
439 0.999329012284 
440 0.999329050758 
441 0.999329121111 
442 0.999329157051 
443 0.999329158611 
444 0.99932916354 
445 0.999329259609 
446 0.999329268564 
447 0.999329371641 
448 0.999329380375 
449 0.999329484245 
450 0.999329492946 
451 0.999329596939 
452 0.999329605634 
453 0.999329709647 
454 0.999329718341 
455 0.999329822357 
456 0.999329831052 
457 0.999329935068 
458 0.999329943762 
459 0.999330047779 
460 0.999330056473 
461 0.999330160489 
462 0.999330169184 
463 0.9993302732 
464 0.999330281894 
465 0.999330385907 
466 0.999330394602 
467 0.999330498594 
468 0.999330507294 
469 0.999330611157 
470 0.999330619887 
471 0.999330722918 
472 0.999330731861 
473 0.999330827305 
474 0.999330834477 
475 0.999330836385 
476 0.999330901716 
477 0.999330936509 
478 0.999331007624 
479 0.999331043973 
480 0.999331115708 
481 0.999331152208 
482 0.99933122404 
483 0.999331260563 
484 0.99933133241 
485 0.999331368936 
486 0.999331440786 
487 0.999331477313 
488 0.999331549163 
489 0.99933158569 
490 0.99933165754 
491 0.999331694067 
492 0.999331765917 
493 0.999331802445 
494 0.999331874294 
495 0.999331910822 
496 0.999331982669 
497 0.999332019195 
498 0.99933209103 
499 0.999332127549 
500 0.999332199306 
501 0.99933223578 
502 0.999332307037 
503 0.999332343221 
504 0.999332409939 
505 0.999332443507 
506 0.999332444752 
507 0.999332448351 
508 0.99933254119 
509 0.999332547866 
510 0.999332647489 
511 0.999332654055 
512 0.999332754436 
513 0.999332760985 
514 0.999332861483 
515 0.99933286803 
516 0.999332968547 
517 0.999332975093 
518 0.999333075613 
519 0.999333082159 
520 0.99933318268 
521 0.999333189226 
522 0.999333289747 
523 0.999333296293 
524 0.999333396814 
525 0.99933340336 
526 0.99933350388 
527 0.999333510426 
528 0.999333610943 
529 0.999333617489 
530 0.999333717987 
531 0.999333724535 
532 0.99933382491 
533 0.999333831474 
534 0.999333931052 
535 0.999333937727 
536 0.999334030034 
537 0.999334035424 
538 0.999334036941 
539 0.999334099105 
540 0.999334132083 
541 0.999334199931 
542 0.999334234488 
543 0.999334302926 
544 0.99933433764 
545 0.999334406169 
546 0.999334440906 
547 0.999334509451 
548 0.999334544192 
549 0.999334612739 
550 0.99933464748 
551 0.999334716028 
552 0.99933475077 
553 0.999334819317 
554 0.999334854059 
555 0.999334922606 
556 0.999334957348 
557 0.999335025895 
558 0.999335060636 
559 0.999335129181 
560 0.999335163922 
561 0.999335232455 
562 0.999335267188 
563 0.999335335646 
564 0.999335370337 
565 0.999335438311 
566 0.999335472728 
567 0.999335536334 
568 0.999335568123 
569 0.999335569142 
570 0.999335571843 
571 0.999335661607 
572 0.999335666699 
573 0.999335763017 
574 0.99933576806 
575 0.999335865104 
576 0.99933587014 
577 0.999335967295 
578 0.999335972329 
579 0.999336069503 
580 0.999336074537 
581 0.999336171713 
582 0.999336176748 
583 0.999336273925 
584 0.999336278959 
585 0.999336376136 
586 0.999336381171 
587 0.999336478347 
588 0.999336483382 
589 0.999336580558 
590 0.999336585593 
591 0.999336682766 
592 0.999336687801 
593 0.999336784955 
594 0.999336789991 
595 0.999336887027 
596 0.99933689207 
597 0.999336988348 
598 0.999336993442 
599 0.999337082753 
600 0.999337086883 
601 0.999337088102 
602 0.999337147457 
603 0.999337178999 
604 0.999337243879 
605 0.999337276984 
606 0.999337342425 
607 0.999337375688 
608 0.999337441216 
609 0.999337474502 
610 0.999337540044 
611 0.999337573334 
612 0.999337638878 
613 0.999337672169 
614 0.999337737714 
615 0.999337771005 
616 0.99933783655 
617 0.999337869841 
618 0.999337935385 
619 0.999337968676 
620 0.999338034221 
621 0.999338067512 
622 0.999338133054 
623 0.999338166344 
624 0.999338231875 
625 0.999338265158 
626 0.999338330617 
627 0.99933836386 
628 0.999338428856 
629 0.999338461836 
630 0.999338522671 
631 0.999338553049 
632 0.999338553898 
633 0.999338555974 
634 0.999338642773 
635 0.999338646736 
636 0.999338739857 
637 0.999338743804 
638 0.999338837617 
639 0.999338841562 
640 0.999338935481 
641 0.999338939426 
642 0.999339033363 
643 0.999339037307 
644 0.999339131247 
645 0.999339135191 
646 0.999339229131 
647 0.999339233076 
648 0.999339327016 
649 0.99933933096 
650 0.999339424901 
651 0.999339428845 
652 0.999339522785 
653 0.999339526729 
654 0.999339620666 
655 0.99933962461 
656 0.999339718529 
657 0.999339722474 
658 0.999339816281 
659 0.999339820228 
660 0.999339913311 
661 0.999339917277 
662 0.999340003691 
663 0.99934000691 
664 0.999340007898 
665 0.999340064685 
666 0.999340095033 
667 0.999340157153 
668 0.999340189028 
669 0.99934025168 
670 0.999340283709 
671 0.999340346444 
672 0.999340378496 
673 0.999340441245 
674 0.999340473301 
675 0.999340536051 
676 0.999340568108 
677 0.999340630859 
678 0.999340662916 
679 0.999340725667 
680 0.999340757724 
681 0.999340820475 
682 0.999340852532 
683 0.999340915283 
684 0.999340947339 
685 0.999341010088 
686 0.999341042144 
687 0.999341104882 
688 0.999341136931 
689 0.999341199601 
690 0.999341231611 
691 0.999341293841 
692 0.999341325599 
693 0.999341383892 
694 0.999341413095 
695 0.999341413811 
696 0.999341415442 
697 0.999341499359 
698 0.999341502496 
699 0.9993415925 
700 0.999341595639 
701 0.999341686302 
702 0.999341689441 
703 0.999341780205 
704 0.999341783345 
705 0.999341874126 
706 0.999341877265 
707 0.999341968048 
708 0.999341971188 
709 0.999342061972 
710 0.999342065111 
711 0.999342155895 
712 0.999342159035 
713 0.999342249818 
714 0.999342252958 
715 0.999342343741 
716 0.999342346881 
717 0.999342437661 
718 0.999342440801 
719 0.999342531564 
720 0.999342534704 
721 0.99934262536 
722 0.9993426285 
723 0.999342718468 
724 0.999342721609 
725 0.999342805201 
726 0.999342807747 
727 0.999342808554 
728 0.999342862942 
729 0.999342892254 
730 0.999342951766 
731 0.999342982555 
732 0.999343042571 
733 0.999343073509 
734 0.999343133604 
735 0.999343164564 
736 0.999343224672 
737 0.999343255636 
738 0.999343315746 
739 0.999343346711 
740 0.99934340682 
741 0.999343437786 
742 0.999343497895 
743 0.999343528861 
744 0.99934358897 
745 0.999343619936 
746 0.999343680045 
747 0.99934371101 
748 0.999343771118 
749 0.999343802082 
750 0.999343862179 
751 0.999343893138 
752 0.99934395317 
753 0.999343984091 
754 0.999344043709 
755 0.999344074386 
756 0.999344130299 
757 0.999344158478 
758 0.999344159088 
759 0.999344160394 
760 0.999344241494 
761 0.999344244016 
762 0.999344330963 
763 0.999344333495 
764 0.999344421068 
765 0.999344423602 
766 0.999344511272 
767 0.999344513805 
768 0.999344601491 
769 0.999344604025 
770 0.999344691713 
771 0.999344694247 
772 0.999344781935 
773 0.999344784469 
774 0.999344872158 
775 0.999344874691 
776 0.99934496238 
777 0.999344964914 
778 0.999345052602 
779 0.999345055136 
780 0.999345142821 
781 0.999345145355 
782 0.999345233024 
783 0.999345235557 
784 0.999345323126 
785 0.999345325658 
786 0.999345412572 
787 0.999345415096 
788 0.999345495925 
