2 0.0217970018728
4 0.00348573167753
6 0.000878981440269
8 0.000237354926234
10 6.57314174113e-05
12 1.84557270922e-05
14 5.22731845683e-06
16 1.4892745539e-06
18 4.26027641616e-07
20 1.22222695159e-07
22 3.51369773e-08
24 1.01164222902e-08
26 2.91579931033e-09
28 8.41045511013e-10
30 2.42713772691e-10
32 7.00600827352e-11
34 2.02170918895e-11
36 5.82758841183e-12
38 1.67543756646e-12
40 4.71157834969e-13
42 1.24976418103e-13
3 -0.00679008663176
5 -0.0016067749788
7 -0.000426673605515
9 -0.000117427226817
11 -3.29039735548e-05
13 -9.31943559124e-06
15 -2.65762279199e-06
17 -7.61249149842e-07
19 -2.18688840523e-07
21 -6.29433017027e-08
23 -1.81378730368e-08
25 -5.23008646808e-09
27 -1.50847723895e-09
29 -4.35025848677e-10
31 -1.25397921213e-10
33 -3.61201762944e-11
35 -1.03915695493e-11
37 -2.98751995365e-12
39 -8.56800741467e-13
41 -2.45109488262e-13
43 -6.92432222671e-14
45 -1.86239912381e-14
