#0              -0.667590795604
1034.10741782  -0.668490795604
3596.55886507  -0.66865780022
5975.35038209  -0.66867394857
8404.84941006  -0.668689080464
10869.7397561  -0.668703315602
13299.575845  -0.668716754025
15673.0878422  -0.668729480541
18089.5288162  -0.668741566681
20694.624191  -0.668753073773
23055.3946552  -0.668764053646
25682.5586221  -0.66877455158
28121.883188  -0.668784605791
30562.7289202  -0.668794250169
33088.0623701  -0.668803514163
35740.7655361  -0.66881242286
38334.5027311  -0.66882099926
41104.3775961  -0.668829263133
43830.7885602  -0.668837232133
46499.7357781  -0.668844922332
49336.4236271  -0.668852347996
52035.3947592  -0.668859522138
54548.5040741  -0.668866456465
57184.5218801  -0.668873161774
59906.5658932  -0.66887964805
62571.2678502  -0.668885924426
65104.897001  -0.668891999392
67760.8601892  -0.668897880762
70467.5134211  -0.668903576172
73178.343842  -0.668909092432
75687.9166162  -0.668914435508
78095.7111681  -0.668919613499
80629.0605462  -0.668924630555
83237.160012  -0.668929492655
85869.9590552  -0.668934204468
88476.8829331  -0.668938773438
91159.499088  -0.66894320165
93840.1968861  -0.668947495706
96570.5870881  -0.668951658894
99252.91856  -0.668955695925
101858.562455  -0.668959610951
104518.347136  -0.668963403283
107198.404935  -0.668967090569
109877.94347  -0.668970662832
112920.084485  -0.66897412539
117525.579354  -0.66897742694
122188.398145  -0.66898060473
127302.366456  -0.668983647784
131892.767731  -0.668986609489
135654.485925  -0.668989548897
139267.562159  -0.668992414878
143161.277529  -0.66899519791
146828.206528  -0.668997899701
150522.250355  -0.669000522881
153988.906399  -0.669003069854
157350.319913  -0.669005542925
160760.196631  -0.669007944349
164116.174234  -0.669010276333
167473.48376  -0.669012541028
171083.096712  -0.669014740392
174442.527726  -0.669016876451
177776.460663  -0.669018951145
181238.587685  -0.669020966189
184397.365354  -0.669022916369
187882.168535  -0.669024825068
191387.49417  -0.669026672129
194791.007391  -0.669028466385
198090.992143  -0.669030209743
201570.43721  -0.669031903375
204895.316118  -0.669033548879
208143.654347  -0.669035147702
211540.050469  -0.669036701244
214937.462981  -0.669038210788
218109.421638  -0.669039677689
221354.136291  -0.669041102387
224548.056898  -0.669042488538
227786.436717  -0.669043834812
230927.500003  -0.669045143317
234221.998489  -0.669046415076
237366.659573  -0.669047651122
240690.161458  -0.669048852406
244060.911187  -0.669050020378
247220.05724  -0.669051154721
250328.355793  -0.669052255218
253664.419313  -0.669053331839


