2 0.0217458584238
4 0.00213315551321
6 0.000243815706355
8 2.9648038438e-05
10 3.81662963386e-06
12 5.18633839659e-07
14 7.40716078196e-08
16 1.10462032368e-08
18 1.7065951291e-09
20 2.71004725605e-10
22 4.39289021825e-11
24 7.22940457498e-12
26 1.20567444917e-12
28 2.05419015131e-13
30 3.87120890899e-14
32 9.80465708622e-15
34 5.34294830601e-15
36 4.52415882535e-15
38 4.35068647775e-15
40 4.39925873508e-15
42 4.37844205337e-15
44 4.39231984117e-15
46 4.39231984117e-15
48 4.39925873508e-15
50 4.38538094727e-15
52 4.37844205337e-15
3 -0.00476282237938
5 -0.000556769233321
7 -6.70668555051e-05
9 -8.43203836624e-06
11 -1.11784365886e-06
13 -1.56668327464e-07
15 -2.31250166308e-08
17 -3.56615754982e-09
19 -5.69065371214e-10
21 -9.31105054169e-11
23 -1.55021551151e-11
25 -2.61139027069e-12
27 -4.42285097435e-13
29 -7.4523720528e-14
31 -1.17197918037e-14
33 -1.29063426613e-15
35 3.88578058619e-16
37 7.49400541622e-16
39 6.93889390391e-16
41 8.04911692853e-16
43 8.60422844084e-16
45 8.39606162373e-16
47 8.53483950181e-16
49 8.32667268469e-16
51 8.46545056277e-16
53 8.39606162373e-16
55 8.67361737988e-16
