1 0.016657429978
2 0.00071283092768
3 -0.000431134495512
4 6.48317916778e-05
5 -1.56732660407e-05
6 2.58657572551e-06
7 -4.56924920163e-07
8 8.53796662077e-08
9 -1.15727309314e-08
10 2.69790498744e-09
11 -2.29729438143e-10
12 2.90719303218e-10
13 2.01049686339e-11
14 2.28704195495e-10
15 2.46808087883e-11
16 2.27311585441e-10
17 2.47473366533e-11
18 2.27285114361e-10
19 2.47483679498e-11
20 2.2728469327e-10
21 2.47484204184e-11
22 2.2728468606e-10
23 2.47484246638e-11
24 2.27284685884e-10
25 2.47484250263e-11
26 2.27284685755e-10
27 2.47484248061e-11
28 2.27284685633e-10
29 2.47484246231e-11
30 2.27284685864e-10
31 2.47484253821e-11
32 2.27284685701e-10
33 2.47484256362e-11
34 2.27284685816e-10
35 2.47484249009e-11
36 2.27284685416e-10
37 2.47484246401e-11
38 2.27284685816e-10
39 2.47484250026e-11
40 2.27284686182e-10
41 2.47484252262e-11
42 2.2728468606e-10
43 2.47484250805e-11
44 2.27284685931e-10
45 2.47484251178e-11
46 2.27284685965e-10
47 2.47484248738e-11
48 2.2728468587e-10
49 2.47484248264e-11
50 2.27284686141e-10
51 2.47484246705e-11
52 2.27284685992e-10
53 2.4748425294e-11
54 2.2728468541e-10
55 2.47484254701e-11
56 2.27284685776e-10
57 2.47484258632e-11
58 2.27284686514e-10
59 2.47484244605e-11
60 2.27284686304e-10
61 2.47484245011e-11
62 2.27284685491e-10
63 2.47484253922e-11
