2.0 -0.684895599405
1.95 -0.677574265628
1.9 -0.670009425901
1.85 -0.662405232775
1.8 -0.654803943594
1.75 -0.647221301283
1.7 -0.639665072128
1.65 -0.632139985926
1.6 -0.624649356389
1.6 -0.624617262189
1.55 -0.617157148445
1.5 -0.60974354999
1.45 -0.602374406142
1.4 -0.595050779183
1.35 -0.587774497145
1.3 -0.580547778539
1.25 -0.573373161074
1.2 -0.56625348218
1.15 -0.55919188033
1.1 -0.552191829456
1.05 -0.545257159709
1.0 -0.538392141618
0.95 -0.531601563654
0.9 -0.524890741597
0.85 -0.518265637105
0.8 -0.511733086909
0.75 -0.505300706204
0.7 -0.498977204464
0.65 -0.492772503306
0.6 -0.48669805481
0.55 -0.480767173515
0.5 -0.474995287714
0.45 -0.469400687428
0.4 -0.464005177285
0.35 -0.458835063989
0.3 -0.453922992583
0.25 -0.449310361321
0.2 -0.44505288654
0.15 -0.441231076837
0.1 -0.43796921102
0.05 -0.43545466584
0.0 -0.43392485819
-0.05 -0.433616088567
-0.1 -0.434666677606
-0.15 -0.437343702176
-0.2 -0.441608732423
-0.25 -0.446724405685
-0.3 -0.452062636383
-0.35 -0.457486456928
-0.4 -0.463005182749
-0.45 -0.468636999968
-0.5 -0.474394071462
-0.55 -0.480283733812
-0.6 -0.486310764048
-0.65 -0.492469529871
-0.65 -0.492469529871
-0.7 -0.498751877292
-0.75 -0.505154986134
-0.8 -0.511664026285
-0.85 -0.518271903664
-0.9 -0.524969959947
-0.95 -0.531750807696
-1.0 -0.538607915935
-1.05 -0.545536202542
-1.1 -0.552534256869
-1.15 -0.559599213928
-1.2 -0.566720860924
-1.25 -0.573890708084
-1.3 -0.581104405942
-1.35 -0.588359789338
-1.4 -0.595654724563
-1.45 -0.602986978391
-1.5 -0.610354988331
-1.55 -0.617756699641
-1.6 -0.625190508016
-1.65 -0.632654771361
-1.7 -0.640148508492
-1.75 -0.64767069251
-1.8 -0.655221229441
-1.85 -0.662800743753
-1.9 -0.670409613078
-1.95 -0.678047054899
-2.0 -0.685711090878
-2.05 -0.693399952676
-2.1 -0.701111518142


