1.0 0.405883537757 
2.0 0.403359381826 
3.0 0.400646495779 
4.0 0.397776222263 
5.0 0.394577325164 
6.0 0.391063808451 
7.0 0.387439085726 
8.0 0.383613207755 
9.0 0.379236951335 
10.0 0.374640985336 
11.0 0.36974344731 
12.0 0.364519252905 
13.0 0.358744276818 
14.0 0.353042612845 
15.0 0.346578992395 
16.0 0.339537392197 
17.0 0.332057558663 
18.0 0.324184346716 
19.0 0.315798325412 
20.0 0.306869217872 
21.0 0.297407239339 
22.0 0.28750223981 
23.0 0.27720253343 
24.0 0.266120090639 
25.0 0.255634954322 
26.0 0.243537332555 
27.0 0.231247976887 
28.0 0.221236574504 
29.0 0.209513048855 
30.0 0.195826409537 
31.0 0.181979614107 
32.0 0.16845935753 
33.0 0.153465845213 
34.0 0.138051886178 
35.0 0.122580458994 
36.0 0.107554925922 
37.0 0.0915392717473 
38.0 0.0759861108859 
39.0 0.0593960654283 
40.0 0.0429005291966 
41.0 0.0270886659528 
42.0 0.0103994317769 
43.0 -0.0048177290884 
44.0 -0.0136473439682 
45.0 -0.026648343783 
46.0 -0.0423552276752 
47.0 -0.0572108432059 
48.0 -0.0712650425378 
49.0 -0.0856323084718 
50.0 -0.0992752010604 
51.0 -0.113485515784 
52.0 -0.12607788973 
53.0 -0.13823111475 
54.0 -0.150755524451 
55.0 -0.161692029213 
56.0 -0.173529729999 
57.0 -0.185409256828 
58.0 -0.197217269502 
59.0 -0.207194760946 
60.0 -0.217344661578 
61.0 -0.227416511416 
62.0 -0.235867091829 
63.0 -0.245090349122 
64.0 -0.253174175253 
65.0 -0.262099162987 
66.0 -0.271196160102 
67.0 -0.270490453658 
68.0 -0.277976243153 
69.0 -0.285954460717 
70.0 -0.290726905287 
71.0 -0.297887590688 
72.0 -0.303865309084 
73.0 -0.309668471869 
74.0 -0.316549073308 
75.0 -0.324963520585 
76.0 -0.33218725924 
77.0 -0.33811326529 
78.0 -0.341226730313 
79.0 -0.345410655537 
80.0 -0.349348808572 
81.0 -0.355481728118 
82.0 -0.359251190048 
83.0 -0.363704244881 
84.0 -0.368143973524 
85.0 -0.372196361606 
86.0 -0.376182442447 
87.0 -0.37949254044 
88.0 -0.383019454639 
89.0 -0.386567757736 
90.0 -0.389477409377 
91.0 -0.39288540965 
92.0 -0.396265677828 
93.0 -0.398281250228 
94.0 -0.401598336202 
95.0 -0.404587671854 
96.0 -0.406889940956 
97.0 -0.409593584415 
98.0 -0.412166382667 
99.0 -0.412643786076 
100.0 -0.415632582673 
101.0 -0.418000039667 
102.0 -0.420936273437 
103.0 -0.420236406735 
104.0 -0.422121647412 
105.0 -0.42164847958 
106.0 -0.42568142457 
107.0 -0.42869902918 
108.0 -0.430359871127 
109.0 -0.430242087886 
110.0 -0.429652878125 
111.0 -0.430973856203 
112.0 -0.433628763886 
113.0 -0.436344050948 
114.0 -0.437830822121 
115.0 -0.435479195254 
116.0 -0.437829288439 
117.0 -0.438682494127 
118.0 -0.439606891894 
119.0 -0.438221949886 
120.0 -0.436479491433 
121.0 -0.436733242306 
122.0 -0.438414033587 
123.0 -0.439200359199 
124.0 -0.438367639277 
125.0 -0.439970656022 
126.0 -0.441541627413 
127.0 -0.44266647681 
128.0 -0.444367449396 
129.0 -0.445780582943 
130.0 -0.446319331883 
131.0 -0.447946568062 
132.0 -0.446474336005 
133.0 -0.445383314772 
134.0 -0.447942522866 
135.0 -0.450372455179 
136.0 -0.452469175094 
137.0 -0.452694442951 
138.0 -0.452572981334 
139.0 -0.455067078595 
140.0 -0.456292326893 
141.0 -0.457373278529 
142.0 -0.459079826675 
143.0 -0.46121391299 
144.0 -0.461775297846 
145.0 -0.463334796744 
146.0 -0.464841632491 
147.0 -0.46747905043 
148.0 -0.468023083634 
149.0 -0.468075056523 
150.0 -0.468852305237 
151.0 -0.467355001926 
152.0 -0.464959806811 
153.0 -0.464457426782 
154.0 -0.465871948657 
155.0 -0.467235040416 
156.0 -0.469153358275 
157.0 -0.470033838087 
158.0 -0.470806648311 
159.0 -0.472309799581 
160.0 -0.473226789822 
161.0 -0.473624327987 
162.0 -0.474177246589 
163.0 -0.474689028167 
164.0 -0.476577147593 
165.0 -0.477227593509 
166.0 -0.477748373392 
167.0 -0.478833119294 
168.0 -0.47911912389 
169.0 -0.480631492958 
170.0 -0.481634665861 
171.0 -0.48268916489 
172.0 -0.482649703015 
173.0 -0.4843351133 
174.0 -0.484878975371 
175.0 -0.486543956052 
176.0 -0.488161570886 
177.0 -0.488159237785 
178.0 -0.489755156693 
179.0 -0.490040676854 
180.0 -0.491908545987 
181.0 -0.493201325414 
182.0 -0.494547877121 
183.0 -0.49244863184 
184.0 -0.491236442792 
185.0 -0.492112608086 
186.0 -0.493017335483 
187.0 -0.491348480539 
188.0 -0.491145350259 
189.0 -0.491396005702 
190.0 -0.488547672123 
191.0 -0.486214400624 
192.0 -0.488861767785 
193.0 -0.487434782583 
194.0 -0.488329997278 
195.0 -0.490114367889 
196.0 -0.491019819038 
197.0 -0.489545920648 
198.0 -0.488183145766 
199.0 -0.488245607353 
200.0 -0.485785437194 
201.0 -0.486587430498 
202.0 -0.488793856269 
203.0 -0.490242832562 
204.0 -0.492844004074 
205.0 -0.494638074282 
206.0 -0.496257781427 
207.0 -0.498006397936 
208.0 -0.499577385507 
209.0 -0.498660065223 
210.0 -0.499832211002 
211.0 -0.494660317751 
212.0 -0.488956253043 
213.0 -0.492709564695 
214.0 -0.49476888292 
215.0 -0.497343373439 
216.0 -0.498501670387 
217.0 -0.498035708685 
218.0 -0.500045582425 
219.0 -0.501123090593 
220.0 -0.499281928399 
221.0 -0.498775756467 
222.0 -0.498932881031 
223.0 -0.500309192957 
224.0 -0.501765149217 
225.0 -0.50241189389 
226.0 -0.504011237907 
227.0 -0.504423858362 
228.0 -0.504493515739 
229.0 -0.50264774035 
230.0 -0.504801073226 
231.0 -0.507423024061 
232.0 -0.508326613224 
233.0 -0.504718488652 
234.0 -0.507640502359 
235.0 -0.509365522327 
236.0 -0.507834795421 
237.0 -0.506895424563 
238.0 -0.508924108015 
239.0 -0.509402707333 
240.0 -0.510912139559 
241.0 -0.512573168824 
242.0 -0.513751668771 
243.0 -0.514992741908 
244.0 -0.516550649312 
245.0 -0.517468195356 
246.0 -0.515165004249 
247.0 -0.517144437021 
248.0 -0.518730429527 
249.0 -0.519375550578 
250.0 -0.520103916289 
251.0 -0.521251400666 
252.0 -0.521470773908 
253.0 -0.521591608474 
254.0 -0.521399615359 
255.0 -0.520825894484 
256.0 -0.523877055377 
257.0 -0.524543608734 
258.0 -0.525133123598 
259.0 -0.524933329783 
260.0 -0.527360663821 
261.0 -0.527647095711 
262.0 -0.529464515159 
263.0 -0.530083074173 
264.0 -0.531242782857 
265.0 -0.531655829588 
266.0 -0.533856157362 
267.0 -0.535368471563 
268.0 -0.535182410871 
269.0 -0.536976006049 
270.0 -0.53844423384 
271.0 -0.539281587889 
272.0 -0.539712048891 
273.0 -0.539572124974 
274.0 -0.540681266275 
275.0 -0.542370518215 
276.0 -0.543436458139 
277.0 -0.544831911704 
278.0 -0.544821238924 
279.0 -0.544984438696 
280.0 -0.54540460773 
281.0 -0.546338186262 
282.0 -0.547187862791 
283.0 -0.548132044598 
284.0 -0.548666481777 
285.0 -0.548694337297 
286.0 -0.5486184131 
287.0 -0.548595584103 
288.0 -0.547070292424 
289.0 -0.548406809447 
290.0 -0.549605568204 
291.0 -0.550380410651 
292.0 -0.551301337992 
293.0 -0.550228712685 
294.0 -0.55120353968 
295.0 -0.551240247028 
296.0 -0.552063814149 
297.0 -0.552201692052 
298.0 -0.552842130456 
299.0 -0.553411253828 
300.0 -0.553629686721 
301.0 -0.550190810211 
302.0 -0.549299734393 
303.0 -0.549379061962 
304.0 -0.547365222083 
305.0 -0.547793027394 
306.0 -0.547327494557 
307.0 -0.547222165377 
308.0 -0.547500443431 
309.0 -0.547657537342 
310.0 -0.546489034214 
311.0 -0.54702137771 
312.0 -0.545451252005 
313.0 -0.545852669051 
314.0 -0.544659548617 
315.0 -0.54321693658 
316.0 -0.542404807093 
317.0 -0.543017719006 
318.0 -0.544229815431 
319.0 -0.545164558404 
320.0 -0.546007017898 
321.0 -0.545048784403 
322.0 -0.545166828037 
323.0 -0.545730736538 
324.0 -0.547069580083 
325.0 -0.547085929801 
326.0 -0.547654138286 
327.0 -0.54740551949 
328.0 -0.547975375534 
329.0 -0.548713170202 
330.0 -0.54925924849 
331.0 -0.549506453686 
332.0 -0.549801972468 
333.0 -0.550521235329 
334.0 -0.550783087229 
335.0 -0.551313157862 
336.0 -0.551735957517 
337.0 -0.552018472432 
338.0 -0.552818526251 
339.0 -0.552567984382 
340.0 -0.553202868209 
341.0 -0.5534665971 
342.0 -0.552104086656 
343.0 -0.552249456203 
344.0 -0.552640204345 
345.0 -0.552678650224 
346.0 -0.554159369193 
347.0 -0.552917703208 
348.0 -0.552393760264 
349.0 -0.55251712446 
350.0 -0.55265415017 
351.0 -0.551426372038 
352.0 -0.551512928249 
353.0 -0.550917693131 
354.0 -0.551320753103 
355.0 -0.551195543184 
356.0 -0.551563303231 
357.0 -0.551883508977 
358.0 -0.551871027379 
359.0 -0.552398285883 
360.0 -0.552798455487 
361.0 -0.553345501679 
362.0 -0.553841908484 
363.0 -0.554248692381 
364.0 -0.55507666051 
365.0 -0.556149375522 
366.0 -0.555339045147 
367.0 -0.555408370721 
368.0 -0.555368080289 
369.0 -0.555934519352 
370.0 -0.555395831573 
371.0 -0.555579682434 
372.0 -0.556115351689 
373.0 -0.556029938517 
374.0 -0.5545916348 
375.0 -0.554492464221 
376.0 -0.555393289762 
377.0 -0.556044504991 
378.0 -0.555375966275 
379.0 -0.55393944874 
380.0 -0.554673611839 
381.0 -0.555219833264 
382.0 -0.55494176631 
383.0 -0.554680860618 
384.0 -0.554862710657 
385.0 -0.553841358055 
386.0 -0.55458592874 
387.0 -0.553074847587 
388.0 -0.552294725755 
389.0 -0.550794913812 
390.0 -0.551668750664 
391.0 -0.54995469377 
392.0 -0.549685372898 
393.0 -0.551103956634 
394.0 -0.551427882569 
395.0 -0.550633768774 
396.0 -0.551606244222 
397.0 -0.552497988072 
398.0 -0.553054116984 
399.0 -0.553386043012 
400.0 -0.553458818108 
401.0 -0.554377005298 
402.0 -0.555304003412 
403.0 -0.555985544664 
404.0 -0.554781036174 
405.0 -0.555527846838 
406.0 -0.555828943955 
407.0 -0.555561426743 
408.0 -0.556392259868 
409.0 -0.557149998959 
410.0 -0.557709472078 
411.0 -0.558032498118 
412.0 -0.55787291421 
413.0 -0.557632275525 
414.0 -0.557566303481 
415.0 -0.557611403145 
416.0 -0.556712591667 
417.0 -0.55645080955 
418.0 -0.556402059261 
419.0 -0.556588248414 
420.0 -0.556960679329 
421.0 -0.557349281466 
422.0 -0.557578624163 
423.0 -0.557956034449 
424.0 -0.55860590747 
425.0 -0.559078955281 
426.0 -0.55928051608 
427.0 -0.55939302868 
428.0 -0.559769951373 
429.0 -0.559496811568 
430.0 -0.5593702281 
431.0 -0.559511170233 
432.0 -0.559997296945 
433.0 -0.560234238008 
434.0 -0.559800041869 
435.0 -0.560428672826 
436.0 -0.560974479906 
437.0 -0.560708741077 
438.0 -0.560430239156 
439.0 -0.560595741401 
440.0 -0.560089152172 
441.0 -0.559789260396 
442.0 -0.558829089514 
443.0 -0.559216973494 
444.0 -0.559373589642 
445.0 -0.559309113508 
446.0 -0.558733394587 
447.0 -0.559320397487 
448.0 -0.55895017229 
449.0 -0.558230696043 
450.0 -0.558149730405 
451.0 -0.557810483044 
452.0 -0.55806865521 
453.0 -0.558688206044 
454.0 -0.559587350554 
455.0 -0.56014130579 
456.0 -0.560986647508 
457.0 -0.561440130171 
458.0 -0.562094505793 
459.0 -0.562422594905 
460.0 -0.562643624387 
461.0 -0.56209783668 
462.0 -0.562710250091 
463.0 -0.563009057255 
464.0 -0.561884796756 
465.0 -0.561380196378 
466.0 -0.56214578187 
467.0 -0.562125940249 
468.0 -0.562147190932 
469.0 -0.562693846651 
470.0 -0.563017035109 
471.0 -0.563769716632 
472.0 -0.563468002429 
473.0 -0.562580189324 
474.0 -0.563232185528 
475.0 -0.563165196439 
476.0 -0.562468081172 
477.0 -0.563232336094 
478.0 -0.563594334445 
479.0 -0.56362124525 
480.0 -0.562433636013 
481.0 -0.562807237055 
482.0 -0.563036456188 
483.0 -0.562289997215 
484.0 -0.560563629407 
485.0 -0.562219174297 
486.0 -0.56292329692 
487.0 -0.562991932241 
488.0 -0.561066191125 
489.0 -0.561761349937 
490.0 -0.560730682672 
491.0 -0.560747115828 
492.0 -0.561170340379 
493.0 -0.561604628914 
494.0 -0.562304701779 
495.0 -0.56280570241 
496.0 -0.563115743731 
497.0 -0.56364452569 
498.0 -0.56293718807 
499.0 -0.563364760912 
500.0 -0.564484585629 
501.0 -0.563902135718 
502.0 -0.564390529571 
503.0 -0.56318812548 
504.0 -0.563636897403 
505.0 -0.563791458513 
506.0 -0.562353769219 
507.0 -0.56201777954 
508.0 -0.561888437158 
509.0 -0.562209667139 
510.0 -0.561449488793 
511.0 -0.561373034498 
512.0 -0.56187272066 
513.0 -0.561705333026 
514.0 -0.562028749204 
515.0 -0.562839847657 
516.0 -0.563393826139 
517.0 -0.563786183358 
518.0 -0.564596678879 
519.0 -0.564236984769 
520.0 -0.563744650833 
521.0 -0.563774734783 
522.0 -0.564466805289 
523.0 -0.56461812978 
524.0 -0.563121558177 
525.0 -0.563870378794 
526.0 -0.563838750387 
527.0 -0.563598325309 
528.0 -0.56404905112 
529.0 -0.563226666218 
530.0 -0.56379761557 
531.0 -0.564233420101 
532.0 -0.564342438869 
533.0 -0.56390000951 
534.0 -0.564123797101 
535.0 -0.564610009043 
536.0 -0.565059421559 
537.0 -0.564206997585 
538.0 -0.563957988089 
539.0 -0.564442380536 
540.0 -0.564968470945 
541.0 -0.563271765165 
542.0 -0.564112333902 
543.0 -0.56400972236 
544.0 -0.564248625749 
545.0 -0.564292492276 
546.0 -0.563894269668 
547.0 -0.564170734283 
548.0 -0.563933732024 
549.0 -0.564174257174 
550.0 -0.563064318662 
551.0 -0.562767727688 
552.0 -0.5611498072 
553.0 -0.562152406233 
554.0 -0.561173529573 
555.0 -0.561796587497 
556.0 -0.562438097962 
557.0 -0.562569045424 
558.0 -0.560883499867 
559.0 -0.561502415931 
560.0 -0.562230618697 
561.0 -0.563093076898 
562.0 -0.561937287188 
563.0 -0.562437659213 
564.0 -0.561731798157 
565.0 -0.562219964193 
566.0 -0.56229764586 
567.0 -0.562745785991 
568.0 -0.56374695796 
569.0 -0.564311921619 
570.0 -0.564176562957 
571.0 -0.564616852753 
572.0 -0.565470252429 
573.0 -0.564505388303 
574.0 -0.563497170243 
575.0 -0.564314169198 
576.0 -0.564957635015 
577.0 -0.56549901728 
578.0 -0.565558365154 
579.0 -0.56645792331 
580.0 -0.567325553437 
581.0 -0.567376682533 
582.0 -0.567256785689 
583.0 -0.567096316561 
584.0 -0.567435186623 
585.0 -0.5679834115 
586.0 -0.568431459937 
587.0 -0.566972512149 
588.0 -0.567337809479 
589.0 -0.567323048627 
590.0 -0.567281563267 
591.0 -0.566931904453 
592.0 -0.56508093061 
593.0 -0.565922601701 
594.0 -0.566015472043 
595.0 -0.566421679028 
596.0 -0.565911676965 
597.0 -0.566065437009 
598.0 -0.565464846783 
599.0 -0.565759886283 
600.0 -0.566415152006 
