0         0.0058       0.00025    0.0010
0.05      0.0204440    0.02148            0.0223
0.1       0.03904         0.0432          0.045
0.15      0.0574           0.0641         0.0679
0.2       0.0749            0.0839       0.0883
0.25       0.0910           0.1020       0.10660
0.3        0.10558          0.1181        0.1224
0.35       0.118            0.1319        0.1358
0.4        0.1299           0.1431        0.1470
0.45       0.1398            0.1523       0.15638
0.5       0.14848            0.160       0.1641
0.55       0.15598           0.166       0.1706
0.6        0.16254            0.1721       0.17617
0.65       0.168310            0.177     0.18099
0.7        0.173405           0.181        0.1852
0.75       0.17793           0.185           " "
0.8        0.181987           0.1888          " "
0.85       0.18611            0.19204         " "
0.9       0.190676            0.19493         " "
0.95       0.1937             0.1976          " "
 
