0.25 0.396748247546
0.24 0.406148263173
0.23 0.413250389211
0.22 0.417159049866
0.21 0.418239859937
0.2 0.407393805337
0.19 0.408410779929
0.18 0.410312901628
0.17 0.413155689452
0.16 0.416559020017
0.15 0.420158625324
0.14 0.423724133093
0.13 0.427129494479
0.12 0.430311296706
0.11 0.433240614931
0.1 0.435905757706
0.09 0.438304075952
0.08 0.440436934338
0.07 0.442307446089
0.06 0.443919368974
0.05 0.445276498722
0.04 0.446382418353
0.03 0.447240399375
0.02 0.447853281437
0.01 0.448223396006
0.0 0.448352646568
-0.01 0.448242374761
-0.02 0.447893429648
-0.03 0.447306185033
-0.04 0.446480544298
-0.05 0.445416029683
-0.06 0.444111806026
-0.07 0.442566814749
-0.08 0.440779750291
-0.09 0.438749289229
-0.1 0.436474059465
-0.11 0.433952761753
-0.12 0.431184309059
-0.13 0.42816784182
-0.14 0.42490275271
-0.15 0.421388818106
-0.16 0.417626243474
-0.17 0.413615624805
-0.18 0.409358114089
-0.19 0.40485520595
-0.2 0.400109002598
-0.21 0.395121996062
-0.22 0.38989707794
-0.23 0.384437472366
-0.24 0.378746625536
