0.25 0.113686563027
0.24 0.114194175704
0.23 0.110794740534
0.22 0.106642602225
0.21 0.104088117045
0.2 0.103920954277
0.19 0.104259258437
0.18 0.104724702513
0.17 0.105307686757
0.16 0.105939982849
0.15 0.10658014119
0.14 0.107204537365
0.13 0.107799513207
0.12 0.108357115151
0.11 0.108872795059
0.1 0.109344013447
0.09 0.109769486214
0.08 0.110148732257
0.07 0.110481750021
0.06 0.110768827174
0.05 0.111010456491
0.04 0.111207232076
0.03 0.111359776576
0.02 0.111468666585
0.01 0.111534410279
0.0 0.111557396039
-0.01 0.111537867733
-0.02 0.111475937552
-0.03 0.111371572853
-0.04 0.111224606613
-0.05 0.111034792778
-0.06 0.110801809409
-0.07 0.110525341562
-0.08 0.110205081253
-0.09 0.109840862219
-0.1 0.109432614704
-0.11 0.108980480143
-0.12 0.108484811109
-0.13 0.107946246562
-0.14 0.10736570773
-0.15 0.106744430065
-0.16 0.106083979628
-0.17 0.105386231891
-0.18 0.104653392391
-0.19 0.103887943362
-0.2 0.103092682773
-0.21 0.102270652476
-0.22 0.101425128539
-0.23 0.10055960453
-0.24 0.0996777448095
