0.3 0.141046821175
0.29 0.136567563756
0.28 0.133058823313
0.27 0.129778419612
0.26 0.126555966342
0.25 0.123310486034
0.24 0.119995102297
0.23 0.116580647327
0.22 0.113048205655
0.21 0.109385193959
0.2 0.105583229471
0.19 0.101637015473
0.18 0.0975439305988
0.17 0.0933038004197
0.16 0.0889183619726
0.15 0.0843915783976
0.14 0.0797293578808
0.13 0.0749394474776
0.12 0.0700308827522
0.11 0.0650141967549
0.1 0.0599006521147
0.09 0.0547019820048
0.08 0.0494299855813
0.07 0.0440961561301
0.06 0.0387112790261
0.05 0.0332853819013
0.04 0.0278276579524
0.03 0.0223462149366
0.02 0.0168481787249
0.01 0.0113395822425
