2 0.0214986612191
4 0.00339200858302
6 0.000858150024135
8 0.000235159481529
10 6.65221786412e-05
12 1.91279184049e-05
14 5.54880939312e-06
16 1.6169951565e-06
18 4.72096521001e-07
20 1.37832208445e-07
22 4.01804888944e-08
24 1.16793308844e-08
26 3.37998685984e-09
28 9.72202748861e-10
30 2.77316551667e-10
32 7.82161210799e-11
34 2.17181689299e-11
36 5.90674037459e-12
38 1.55341711716e-12
40 3.87759269138e-13
42 8.58896287426e-14
3 -0.00683280523507
5 -0.00156039548717
7 -0.000411528724504
9 -0.000114092330791
11 -3.24546035446e-05
13 -9.36575841168e-06
15 -2.72466379193e-06
17 -7.96031248133e-07
19 -2.32981048218e-07
21 -6.81896773005e-08
23 -1.99300076997e-08
25 -5.8092115493e-09
27 -1.68638306097e-09
29 -4.86796200572e-10
31 -1.39457972947e-10
33 -3.95664404018e-11
35 -1.10957007471e-11
37 -3.07084219164e-12
39 -8.51416159797e-13
41 -2.52534104739e-13
43 -9.68114477473e-14
45 -5.58234014569e-14
