2 0.0234257544097
4 0.00363535776739
6 0.000918361695885
8 0.000250389365301
10 7.03741537809e-05
12 2.0113328675e-05
14 5.80907872866e-06
16 1.68948344972e-06
18 4.93715541151e-07
20 1.44760982861e-07
22 4.25445838767e-08
24 1.25238480905e-08
26 3.69050329185e-09
28 1.08811912258e-09
30 3.20884666061e-10
32 9.4605330514e-11
34 2.78605818971e-11
36 8.19021933607e-12
38 2.39565312032e-12
40 6.93466117863e-13
42 1.91013871387e-13
3 -0.00659032570606
5 -0.00157663412972
7 -0.000426222918855
9 -0.000119960846455
11 -3.44437198512e-05
13 -1.00036570958e-05
15 -2.92589550658e-06
17 -8.59617457008e-07
19 -2.53296448233e-07
21 -7.47835589079e-08
23 -2.21082157442e-08
25 -6.54141932288e-09
27 -1.93647342606e-09
29 -5.73389703773e-10
31 -1.69772196301e-10
33 -5.02519414969e-11
35 -1.48664344723e-11
37 -4.3924031079e-12
39 -1.29465882459e-12
41 -3.77906039795e-13
43 -1.08364706097e-13
45 -2.95874436063e-14
