-3.17664938705
0.638802054845
-1.73611279292
2.27367625412
6.79734411324
3.86645979099
7.98697663965
4.59964500102
0.612703550773
6.37580201977
-7.62703701461
-4.43864386096
0.392177208579
-4.36159356967
-1.2488441861
-3.88769347908
-6.39723576453
1.41350080638
-2.11590125254
5.5873836938
4.59928671199
1.25298742753
1.72249954707
3.78268123485
0.375833433424
2.06155136156
-5.54843419411
4.71603698423
-7.33893672388
-1.36936364341
6.71353355301
-0.524649466178
-7.84186635852
1.73584023557
5.84610099936
-7.9094008055
3.98323363686
-7.83717904144
-5.42702323522
-3.77247298133
5.4806931267
0.964949438413
-3.19376621642
5.14430468388
