-6.761622881
3.69604476559
0.769986645954
6.4720978719
-3.3812296912
3.60568669829
-5.84093723401
-4.1288710541
-3.66373903221
6.08244107593
-2.45903646939
2.12197162592
3.86567612657
-0.329245611992
2.34156717063
-7.39578130804
-1.88911568408
3.28271752877
2.78415265222
5.71816768841
-0.517889730968
-3.24021982035
1.13413226063
1.18673459089
1.07298078839
-6.60790771351
3.29655782375
0.437322425026
2.06607649113
3.57018719734
7.74375410271
1.77559138183
-7.72576040657
3.26877824146
2.05614150205
5.12354882787
-2.90468430779
1.71907061091
-2.85011142031
5.49936466912
-1.4553694935
-2.3085679372
-0.445305646951
-6.81564776298
