7.02779866855
-4.88548787407
-0.861013905818
7.68217781247
-5.87016621736
1.99969586403
-2.08434502692
3.76217196043
-6.91463655307
-4.96054992751
1.50729155923
7.33778470055
4.77143022002
6.16663215869
6.39804840372
-2.37066762257
6.27770659015
-7.07402203491
-4.33998946373
-5.91497358554
2.37473642086
5.70493991273
-2.00889979116
6.08920309266
2.61210657934
-2.3327691174
-5.86808472614
-3.63513014333
-2.1222908495
1.509956468
3.81600191503
-2.10296283698
4.81994047578
-6.28539057543
1.03764391798
-0.925092377637
-3.95197264352
-1.59171259486
-3.83986939451
6.41096281733
-6.25936730389
-0.0892624839841
3.29015819434
-3.81657688802
