3.39576780399
6.0200781496
-6.93253602047
0.520068352767
-4.4686462816
3.42181734019
6.56904836557
-2.64375516277
-4.51211694452
-6.17535453151
-2.79888355113
-6.62350978033
4.1540963652
5.52581347813
5.02795202368
2.89059808529
-5.58544410152
3.16727753895
5.93598787289
-5.20621993575
-4.61202472103
1.91480311517
7.79368505141
5.62999675972
-7.59445577068
5.52197757084
-7.12673334295
6.40148616982
6.85368051463
3.48197439241
6.40976065578
3.21768909758
6.10535268721
-2.75118639664
1.55867640122
-6.89150538232
-7.03360318676
-7.10434397139
4.09819168047
-1.62991032081
4.58035196244
7.45434896777
-4.62544428871
-4.4768010704
