-3.8959139949
7.74181837636
6.27835903415
4.14861642921
7.50177622217
7.91357987706
-5.51670796624
3.93685257258
-1.72600500372
5.68280964657
-1.16629070517
3.74746841097
-3.22816610216
5.47150576249
-3.14585667961
-6.30351822467
4.60053385939
-0.933827932056
7.59162956149
-3.8131155167
4.24145234384
5.03075146584
-5.77174891143
-1.54196819894
3.03287669841
6.50415220281
-7.47040743306
-6.22802112403
7.70721804029
-4.80991796344
-6.95278981278
3.24457168293
5.64641248689
-3.78717789466
-3.83836625989
6.95691386718
4.3845759976
-5.48099204193
-3.79610438361
6.90070472054
-1.18519615236
6.27331707988
6.98577880002
-6.86370632647
