6.12286443348
-1.8178468608
4.38289809766
0.774404610543
-4.09791903513
-3.71708602361
-4.56101032474
2.23730792109
3.13848260243
-3.87915679244
-1.39957053208
3.71025178444
0.44026117005
0.544362914597
-0.177516472467
7.97497651322
-3.40334471516
-6.10825771525
-7.18373124964
-1.89909368454
-6.38665580792
5.34455323626
-6.51755973317
-6.48782045899
-3.62648664995
-2.08410002375
0.611538649431
0.210520343917
-3.87371711151
6.72153429745
-2.36916788957
-4.65132561941
-5.09198926118
7.66695258878
-2.09509564692
7.25261785044
-2.7713287685
3.14958090036
-2.01136780702
5.15619470877
-5.06670059788
2.03730996609
-7.6041397417
-1.32532644191
