5.60802535721
0.197932391955
0.646750670881
-4.68069330125
-1.45617086378
-1.15293778305
5.1713208325
5.58745938146
-1.34775588156
-6.34418429251
-4.96875137639
0.75675917861
1.62245299915
6.26089431515
3.29944953298
-2.45745081342
-1.30331942159
7.46749335695
3.82961758807
0.632550978563
5.81369137464
-6.39629556587
7.38287137187
4.57861784702
6.79903641449
2.58431024457
3.31293478356
-2.59842759014
-7.30235945124
3.84535395343
-3.0394867883
-2.00396324273
3.51296416931
-7.08367907404
6.69650179803
-2.05752875427
6.94705029494
6.30606185765
-4.3414629171
1.04968028528
3.69961345009
5.09582361428
7.57005852198
5.70987592259
