1.03375197282
-4.76973668349
3.90007790659
4.0099143661
-5.15821821067
6.31496576628
-3.30561549374
6.78164507048
-7.44305363094
-5.13780075568
-4.39510959743
-5.81642805693
-4.88696974838
7.34782543683
2.44710675366
-2.85464861922
4.75814503088
-1.63528047358
1.40312061055
-0.685070034074
5.41084197682
-4.7237715489
-3.72118608619
-1.45995082776
7.05126553954
-6.4906247649
-5.59756327034
0.815167945278
7.62244031577
6.47538871433
-4.73575023971
-1.55609576685
4.84856948099
6.02605756556
4.36087345323
-4.34002486893
7.10896689119
2.33696187265
-7.89666505351
-4.56117024314
2.65563126698
-0.321660736589
0.396227569765
-3.58596277912
