-4.51316410307
-6.04987689643
-2.97150573797
-6.67761877382
2.22501095737
4.23095769778
-4.10679422909
0.768417408624
4.27979224876
-3.29268166967
-3.32467087439
-3.96619953353
-6.73850389094
0.795477992216
-5.3110144873
-6.22734890969
-7.41825362305
1.42382877872
-3.23636352125
1.34585478241
-7.3435469504
5.23299148738
2.07697155306
7.19024269749
0.868542848039
-5.76734833427
-3.16773273181
-1.11086290745
4.26364422316
1.89644075009
-1.70650795066
-0.892279323965
-6.7920242724
-1.58781907419
-3.50616535083
-6.62862278609
-1.05903970355
0.221745079747
-7.69461829825
0.56120637948
3.93433804943
-2.76663112317
-7.67249499772
2.19383069051
