2.36233728205
2.54602113037
-1.2292079405
6.1463203711
-6.37048941176
4.93156435811
0.775870827081
7.58285910204
-3.37244230922
-5.61960891604
6.06772403522
-5.85460438513
-6.12684276712
-3.69856811066
-2.28876604587
-6.00225815557
1.50684049806
-1.44077997846
-7.12104038071
-5.12428657142
5.44592895594
-5.56846368842
-0.643595759065
6.43357171584
7.61488853562
-6.53680430272
6.92726284892
6.1405703765
2.60419502559
0.700963524193
-5.64144863844
2.38791335754
0.273861856993
-5.54648794668
1.53994097875
-3.63993033359
2.41249454493
-3.45678697577
4.15074355537
-2.02614718834
-5.06593443586
3.20077985746
-0.844405621427
-6.16415442666
