1.7094390411
-7.85362036386
-0.498801279282
-4.54126851994
-6.61548728324
-5.44815164575
-7.38716905193
0.917912566014
5.37683975709
4.08374662587
-4.0656419634
1.56594206216
7.50455527556
7.71711550386
-3.95447513188
-7.04191621298
1.13607142544
4.51110952924
-5.38171249145
-1.14808808808
6.98188232707
-7.3991949623
3.99498433956
-7.4592727608
-3.50019560353
-3.96012860517
-4.68538736376
-4.32538479479
7.55850518579
-0.0250504825311
2.02477154805
5.78561009633
7.36481340543
5.79115723551
-0.747058620715
-3.00819633185
-3.01154081714
7.10418416145
-7.02112670178
7.32991351935
5.71564183938
5.64819933517
-4.85370534863
-2.89608818461
