3.28976378303
0.0704558870113
0.283687789583
-3.6607539061
-5.19142690972
-5.03184128795
7.93556415684
6.17469082599
-5.01813098629
5.6672478857
-2.5420021885
4.01144919582
1.57804324886
0.835732823752
5.13293918956
-2.29470196163
5.96684835866
7.5113420333
3.61562599682
6.3584159308
-3.91574143911
2.02062024601
6.65922495061
-4.00363107738
1.90809747064
1.85719550405
4.55084263279
-2.15775620011
1.29907238962
3.21336452721
7.78945636307
-0.569208019784
2.61974261405
-7.65113900579
6.75505367378
2.2865726948
0.402622457155
-3.79157315134
-6.26663358843
-3.85906294549
-3.18295031918
-1.79197245786
4.8964105291
-7.30159712138
