-4.25084081983
5.35994121827
1.29895661422
0.429075456988
3.75557099119
-5.75155390121
-7.43398280841
2.23770186061
-1.49794141524
1.19219582446
0.617674652209
4.27157929655
-7.57333759095
0.492112918441
-6.94558973767
7.05867431983
-6.16540562194
2.06707735833
0.550063529121
1.84498455338
3.8842051222
2.4674957391
7.02425891087
6.90910357953
-6.16660250695
3.89531578788
4.77689285723
4.41832824111
0.370441510981
0.458682341506
-1.75506397764
1.19984707387
-3.86810400352
-2.93681964517
-4.04776452848
-5.51346698183
-5.58767491797
0.386119097684
3.06252276745
0.228456111118
4.2005260987
7.33126889763
3.83108658867
-3.61998830736
