-0.169641361008
5.91277112183
-3.39052350137
-0.397410364823
-7.62690423833
6.73716156862
7.26069155054
4.91079497679
0.578809856636
3.91535406606
7.30436127018
-1.63513789167
0.861168444912
7.09430847371
0.589681008784
-4.88507300538
5.1357860592
-6.01214222747
-1.65010577324
6.66471942549
-0.828268499216
6.0230038309
3.11369055933
5.57343631004
3.88272489807
-7.60987312334
-6.05031334603
-7.81112185593
-7.48165957163
-1.26980641804
-6.13022705332
5.90650124712
4.71679322224
-0.367392892327
0.734046561775
6.98862630214
-3.27335498308
-3.23631472167
-1.55735035499
-0.900782211427
-0.511988492448
-5.93896776271
-1.77788541396
1.68213238037
