7.81618604833
-0.665466881465
-0.403332678125
-7.52273175439
-0.718758224367
-1.63163205109
1.09191556268
4.7655779005
-3.79518017745
-6.58644480624
-3.05268751326
3.09445471572
6.88079944027
-4.0387028644
-2.30239315208
3.95785929178
0.807500147239
6.38093127261
1.12612317551
1.40697812984
0.0382248616245
2.72841813175
0.068116182528
-1.51756580868
-2.33754909853
7.40949711517
-4.99276993034
6.67267528127
0.193763227767
3.3601961893
2.45173806649
-7.62456793514
-1.83665895402
-5.83761556587
-0.863799274092
-2.49685344343
-0.639387629164
6.16795158304
0.814238041116
-2.95748699799
-5.28114630621
7.91626226896
-4.03470366301
-7.16811657088
