3.1703634054
-4.11132444462
-4.25230712651
6.99616637465
-6.79620836551
7.68663379948
-6.72424155005
-3.64884362252
5.63896950147
2.59526188289
-2.57087911327
6.04497143459
-0.837540448943
6.75967542099
-1.12216568749
-3.74282528267
-4.99024166805
2.46895974322
1.39666843956
-7.51790784646
-5.44492321151
1.07655831312
2.91487399342
-3.48467943472
5.78318362749
-5.86484411417
-6.46070256589
7.91320963631
-2.59574447805
2.24871347392
-4.16169519469
6.59723400564
4.58234250384
2.70031952501
7.86622575889
-5.42009066625
2.58948166717
-1.7092416397
2.961487343
2.21151042882
-2.57959831
-4.32688560614
3.20629303291
2.7816987579
