-7.48973910288
6.07952494806
-1.02371335127
-6.33028838992
6.53111546361
2.09970793313
-7.15675535882
-5.93827051892
-4.61289271992
-4.35796326485
-6.02375896502
-6.34937944947
-2.16932275886
-6.6874767645
4.25601765202
-7.32650305365
-0.925403011742
-4.73895503392
4.3550918058
-0.473452626538
2.87946943387
-1.51261719811
5.84333863529
-4.80918416461
6.01990028855
4.0093473361
6.93380449236
-2.95405780923
-3.1783432446
0.438300301168
-0.940474477904
-6.74404509741
-3.05656358698
-5.07607998882
6.02291124836
4.3431533944
-6.97249661486
-1.3165627053
0.356864076345
-0.541775766895
-4.29587330286
-1.11049470826
5.97134595791
-4.97991429915
