7.87101933948
7.8235843532
5.74053826441
1.35697296729
-1.95056672289
-1.77078785177
6.90815469978
-0.56951207228
-4.22091875743
-6.51115811905
1.86883119805
-4.68453349971
5.82767877808
-1.47612775533
7.60049411662
2.74967447841
-4.99556685656
-2.91471066892
0.71328804586
-6.32614688416
-1.08722302137
-1.42369280309
3.71661902886
2.67230318454
3.61483368275
-3.68192213192
-5.37352075252
4.43203687058
-4.53591808009
-5.21119441957
7.69878121652
0.375575108391
1.51613228727
-3.42647516636
-2.05275961947
-0.0988136577131
-4.3881976752
1.11551020434
-6.12293894089
-1.40631095898
-7.85670826858
3.05417801592
-5.95370744126
3.98528997695
