3.95953087618
-6.77110552453
-2.47717423677
0.028838120612
-3.10851579208
7.05305314528
3.6813479127
7.97751724488
-2.11521178301
-3.02258237313
5.69545628581
7.6267125303
-4.82696865111
-6.69944407967
0.932447936512
-0.564046247233
6.12498068986
7.39694368656
-1.65379018605
-1.54551261679
-0.12239300765
-6.44050319302
-4.62442159005
-6.92623455432
-7.30898087307
-2.26238505332
-2.37517579472
-3.57339013221
4.07897043867
3.05413278637
-1.51617795989
2.89913276946
6.04794814825
2.91273303466
-5.58815487377
3.65862983947
7.08674508386
-1.03859382469
-7.04310499355
-2.22567754895
5.95785019197
5.386000667
0.0535936814546
2.3171259146
