26    5.31705978811
41    5.1927692355
67    5.16143643894
69    5.16142851712
95    5.14546850066
121    5.02286785291
123    5.02286785291
134    5.02215905808
160    4.89862002678
186    4.78911138364
212    4.71697614217
220    4.71660908987
222    4.71658869005
248    4.70553900599
274    4.67650546391
276    4.67648816392
302    4.55198836803
304    4.55198836803
306    4.55197334662
332    4.5242944924
358    4.49315459067
384    4.41315548173
410    4.39122121442
436    4.37456125623
462    4.35212359957
488    4.32510866307
514    4.31297927035
540    4.22192335717
542    4.22192335717
568    4.19921628085
594    4.17980286162
614    4.05608404748
640    4.0529944665
666    4.03649797085
692    4.02255566925
694    4.02253632571
720    4.01890140304
746    4.0072007478
772    3.966607343
774    3.966607343
800    3.93935146901
826    3.81528088406
852    3.69222148482
878    3.63174545591
880    3.63171521158
882    3.63169194541
886    3.63158223658
912    3.60133070583
914    3.60131012084
933    3.47648663673
935    3.47648663673
937    3.47647349131
963    3.35571041663
989    3.35202133739
1015    3.23455502378
1035    3.23175267993
1037    3.23172655654
1063    3.22801967286
1089    3.2229803577
1091    3.22295578277
1117    3.17932111473
1119    3.17932111473
1145    3.15061280747
1160    3.02599469731
1175    2.90195612319
1191    2.77754093973
1193    2.77753394886
1195    2.77753016848
1197    2.77752022497
1199    2.7775091393
1201    2.777507102
1215    2.65303256642
1217    2.65303256642
1219    2.65302034813
1245    2.5737203192
1271    2.57108285257
1297    2.5034716454
1323    2.47597347182
1349    2.46720676812
1375    2.46430388855
1401    2.43479468709
1427    2.43218574161
1453    2.35701460673
1455    2.35701460673
1481    2.32844940873
1507    2.20434066593
1533    2.13741149988
1559    2.03853778901
1561    2.03852031905
1563    2.0385070411
1589    2.00889000868
1615    1.99028025189
1617    1.99027357215
1643    1.86640253934
1645    1.86640253934
1648    1.866332396
1650    1.86633019625
1652    1.86632462937
1671    1.74186599086
1673    1.7418621998
1675    1.74185840218
1677    1.74185284425
1679    1.74183547091
1681    1.74183167451
1707    1.62611541423
1709    1.62611541423
1735    1.61968604953
1761    1.55410162355
1787    1.4358565313
1804    1.31166882575
1830    1.28188104155
1856    1.26872124424
1880    1.26487414734
1882    1.26486752081
1908    1.25916910674
1910    1.25915980648
1912    1.25915980644
1914    1.25914785734
1940    1.25179907769
1942    1.25179816007
1968    1.24778349774
1970    1.2477834517
1996    1.24580376496
1998    1.24578984793
2000    1.24578983763
2002    1.24577838391
2004    1.24576996388
2020    1.24489150686
2046    1.2340218862
2048    1.2340114967
2050    1.23400307928
2052    1.23397610766
2078    1.22990979698
2080    1.22990038752
2082    1.22988712788
2084    1.22988712784
2086    1.22987746248
2112    1.22172839468
2138    1.20529097674
2164    1.19738863147
2190    1.19127013505
2216    1.18688088803
2242    1.17522677568
2268    1.17310564253
2294    1.16980234041
2320    1.16503562113
2322    1.16503562106
2343    1.16393532167
2369    1.1544344618
2371    1.15442369314
2397    1.15131442471
2423    1.143638352
2449    1.13754834297
2451    1.13754224239
2477    1.13416299893
2503    1.12938950373
2529    1.11272023417
2531    1.11272023415
2557    1.10161574057
2559    1.10160698921
2561    1.10158321475
2587    1.08733307258
2589    1.08732141116
2591    1.08731240894
2593    1.08729372602
2619    1.08067315496
2621    1.08066289631
2623    1.08065121765
2625    1.08065121764
2627    1.08064856779
2629    1.08063781339
2655    1.07688013803
2657    1.0768628428
2659    1.07684525428
2661    1.07682999445
2687    1.07313085314
2689    1.07311651226
2691    1.07310012443
2717    1.05727485279
2719    1.05727485276
2745    1.04673624304
2747    1.04673510948
2749    1.04672940883
2751    1.04672531797
2753    1.04672471871
2755    1.04672439342
2757    1.04672130646
2759    1.0467189817
2761    1.0467188062
2763    1.04671239281
2765    1.04671239281
2767    1.04670832671
2783    1.04607349664
2809    1.04343905189
2835    1.03190489312
2837    1.03188225002
2839    1.03186061402
2865    1.02894084256
2891    1.02432067981
2893    1.02430339807
2919    1.0146545582
2921    1.01465455787
2947    1.01138735748
2949    1.01137677609
2975    0.999151200526
3001    0.996011329146
3003    0.99600779054
3005    0.996005103008
3031    0.990941258079
3039    0.990689224094
3041    0.990688391919
3043    0.990661061687
3045    0.990661061687
3047    0.990643778517
3049    0.990641542753
3051    0.990635997197
3053    0.990631759245
3055    0.990627989688
3057    0.990624213588
3059    0.990618674486
3061    0.990615949497
3063    0.9906121679
3065    0.990586688003
3067    0.990586687984
3069    0.990559738637
3095    0.988524557001
3097    0.988496639126
3099    0.988490452624
3123    0.987449895462
3125    0.987420072277
3127    0.987399029043
3129    0.987398250554
3131    0.987368605524
3133    0.987359293655
3135    0.987359293617
3137    0.987347304912
3150    0.986917802112
3152    0.986917478558
3162    0.986606181822
3164    0.986605919482
3166    0.986575801953
3168    0.986566558148
3170    0.986566544467
3172    0.986559022862
3174    0.986556524316
3176    0.986531926059
3202    0.984999608891
3204    0.984994875503
3206    0.984991039535
3208    0.984968420451
3213    0.984841550005
3215    0.984836422625
3217    0.984829506917
3219    0.984829506802
3221    0.984822268637
3247    0.983016592883
3273    0.97429265722
3282    0.974003201813
3308    0.97241784791
3334    0.971294127356
3360    0.965326677693
3362    0.965305483381
3388    0.964344142909
3390    0.964319952882
3392    0.964319952827
3394    0.964292073192
3420    0.960553830566
3422    0.960548179614
3448    0.95758517236
3474    0.954648736439
3500    0.952386490912
3502    0.952384760694
3528    0.949166207996
3554    0.947497255514
3580    0.941069494212
3582    0.94106949417
3608    0.936474905682
3610    0.936473117175
3612    0.936457797707
3638    0.933405845913
3640    0.933401215813
3642    0.933397640063
3644    0.93338559585
3670    0.931990002393
3672    0.931984526451
3674    0.931978829487
3676    0.931978829468
3678    0.931978642785
3680    0.931973748165
3706    0.928235571112
3708    0.928226590094
3710    0.928215549638
3712    0.928205962806
3738    0.924563935228
3740    0.924556697017
3742    0.924545069093
3768    0.919383236412
3770    0.919383236373
3796    0.915571588828
3798    0.915571483755
3800    0.915569873468
3802    0.91556855429
3804    0.915568502212
3806    0.915568473935
3808    0.915567600808
3810    0.915566850641
3812    0.915566835467
3814    0.915565236261
3816    0.91556523626
3818    0.915563535862
3820    0.9155418574
3846    0.912880500712
3872    0.911211976366
3874    0.91119605624
3876    0.911180850994
3902    0.908241182702
3911    0.907966131141
3913    0.907954516783
3933    0.907103757095
3935    0.907103756121
3937    0.907076973905
3939    0.907072590277
3965    0.905017359337
3967    0.904990047356
3969    0.904989237935
3971    0.904988623266
3986    0.904444502435
3988    0.904418912738
3990    0.904418878286
3992    0.904401769042
3994    0.904401769042
3996    0.904391601244
3998    0.904389370765
4000    0.904383832489
4002    0.904382084181
4004    0.904378309787
4006    0.904374528847
4008    0.90436899704
4010    0.90436787821
4012    0.904364089015
4014    0.904344024783
4016    0.90434402477
4018    0.904322353265
4020    0.904304725138
4022    0.904282712132
4024    0.904279882881
4026    0.90425269674
4028    0.904226387338
4030    0.904210409947
4032    0.90421033093
4034    0.904184114262
4036    0.904174773975
4038    0.904174773959
4040    0.90416273362
4042    0.904141015617
4044    0.904140730264
4046    0.904112133053
4048    0.904111848147
4050    0.904084002946
4052    0.904077732589
4054    0.904077719145
4056    0.904072644149
4058    0.904072049671
4060    0.904051455195
4062    0.904022053289
4064    0.904019929043
4066    0.904018207448
4068    0.903999283072
4070    0.903971322047
4072    0.903968472512
4074    0.903964959588
4076    0.903964959423
4078    0.903959239694
4080    0.903941869949
4106    0.899488700503
4108    0.899462156272
4110    0.899436632505
4112    0.899411444968
4138    0.896435160648
4140    0.896416306199
4142    0.896385873729
4144    0.896364131166
4146    0.896364131128
4148    0.896338795275
4174    0.895028324332
4176    0.895025069145
4202    0.892270621617
4228    0.891258280015
4238    0.890967667697
4240    0.890967368178
4266    0.887904813122
4268    0.887877263143
4294    0.885509675159
4296    0.88550967508
4322    0.88354951653
4324    0.883549379435
4326    0.883539698929
4333    0.883344138578
4335    0.88334236341
4337    0.883340992437
4339    0.883333388838
4341    0.883304208457
4343    0.883301216308
4345    0.883297878807
4347    0.883297878767
4349    0.88329781329
4351    0.883295877874
4377    0.879653326109
4379    0.879648339838
4381    0.879641213857
4383    0.879635021404
4409    0.87612264636
4411    0.87611876476
4413    0.876110065451
4439    0.874565007367
4441    0.874565007327
4467    0.873152177025
4469    0.873152166096
4471    0.873151735857
4473    0.873151308397
4475    0.87315130397
4477    0.873151301565
4479    0.873151068161
4481    0.873150824982
4483    0.873150823707
4485    0.873150522592
4487    0.87315052259
4489    0.8731495445
4491    0.873132476188
4517    0.870486351363
4519    0.870458632093
4521    0.870446627472
4523    0.870435166298
4549    0.867523193321
4551    0.867495691756
4553    0.867487889774
4555    0.867461649592
4557    0.867461648431
4559    0.867438354152
4561    0.867435960885
4563    0.867406314183
4565    0.867382427749
4567    0.867382228349
4569    0.86738207692
4571    0.867353394801
4573    0.867331023581
4575    0.867331001169
4577    0.867320212469
4579    0.867320212469
4581    0.867314293447
4583    0.867312064554
4585    0.86730653378
4587    0.867305814452
4589    0.867302033608
4591    0.86729824621
4593    0.867292721928
4595    0.867292265805
4597    0.867288468349
4599    0.867272728261
4601    0.867272728253
4603    0.867255322054
4605    0.867240322875
4607    0.86722315517
4609    0.867221651024
4611    0.86719764814
4613    0.867174419357
4615    0.867162311189
4617    0.867162305011
4619    0.867139102391
4621    0.86712972803
4623    0.867129728026
4625    0.867117634019
4627    0.867097816785
4629    0.867097542187
4631    0.867071090741
4633    0.867070792536
4635    0.867045040397
4637    0.867040784502
4639    0.867040771307
4641    0.867037349573
4643    0.867037287538
4645    0.867020062579
4647    0.866992594424
4649    0.866991619753
4651    0.866990829811
4653    0.866974991008
4655    0.866948893021
4657    0.866947178065
4659    0.866945552563
4661    0.866945552371
4663    0.866941068002
4665    0.866923137667
4691    0.864739999912
4693    0.864715605434
4695    0.864690401483
4697    0.864665528324
4723    0.863206480687
4725    0.863189455411
4727    0.863160161267
4729    0.863140762043
4731    0.863140762016
4733    0.863117883453
4735    0.863088294387
4737    0.863086342435
4763    0.86049086104
4765    0.86046177438
4767    0.860432998335
4769    0.860432962128
4795    0.857513717545
4797    0.857488993471
4814    0.856922601223
4816    0.856922601112
4842    0.855905293769
4844    0.855905259344
4846    0.855899188053
4848    0.855870613311
4850    0.855869897179
4852    0.855869344087
4854    0.855864575121
4856    0.855836971381
4858    0.855835129478
4860    0.85583284779
4862    0.855832847727
4864    0.855832310505
4866    0.855831743317
4892    0.852352813958
4894    0.852349785877
4896    0.852345053293
4898    0.852340937812
4924    0.849019622592
4926    0.849017356055
4928    0.849010514968
4930    0.84898959624
4932    0.848989596207
4946    0.848533737241
4948    0.848533735855
4950    0.848533602458
4952    0.848533462832
4954    0.848533462541
4956    0.848533462383
4958    0.848533390008
4960    0.848533310543
4962    0.848533310462
4964    0.848533295828
4966    0.848533295824
4968    0.848532524205
4970    0.848518271645
4996    0.845931698125
4998    0.845905969131
5000    0.845897052836
5002    0.845888543355
5028    0.843049935378
5030    0.843024323632
5032    0.843019472643
5034    0.842995366924
5036    0.842995365779
5038    0.842974059339
5040    0.842972468805
5042    0.842944842968
5044    0.842923958139
5046    0.842923920926
5048    0.842923892664
5050    0.842897161381
5052    0.842877597461
5054    0.842877479076
5056    0.84287061636
5058    0.84287061636
5060    0.842867219774
5062    0.842864990202
5064    0.842859467678
5066    0.842859172796
5068    0.84285538468
5070    0.84285159
5072    0.842846073991
5074    0.842845890172
5076    0.842842084257
5078    0.842829752065
5080    0.84282975206
5082    0.842815750997
5084    0.842803012775
5086    0.842789598209
5088    0.842788683288
5090    0.842767477248
5092    0.842746955146
5094    0.842737800769
5096    0.84273771426
5098    0.842717165845
5100    0.842707754408
5102    0.842707754408
5104    0.842695606008
5106    0.842677530113
5108    0.842677259254
5110    0.842652787345
5112    0.842652481164
5114    0.842628660114
5116    0.842625769943
5118    0.842625757008
5120    0.842623452368
5122    0.842623443534
5124    0.842609031902
5126    0.842583408877
5128    0.842582948992
5130    0.84258257626
5132    0.842569315851
5134    0.842544990636
5136    0.84254386494
5138    0.842543213104
5140    0.842543212906
5142    0.842539688133
5144    0.842521439216
5170    0.841464362926
5172    0.841441978997
5174    0.841417278194
5176    0.841392900976
5181    0.841266448286
5183    0.841251139641
5185    0.841223125427
5187    0.841205924034
5189    0.841205924016
5191    0.841185369061
5193    0.841157326545
5195    0.841156086863
5221    0.838710426522
5223    0.838683641021
5225    0.838657145938
5227    0.838657143317
5253    0.835912435175
5255    0.835890537682
5257    0.835873390225
5259    0.835873390091
5262    0.835810916654
5264    0.835810647007
5266    0.835806888743
5268    0.835779811062
5270    0.835779505287
5272    0.835779269123
5274    0.835776316348
5276    0.835750169215
5278    0.83574888664
5280    0.835747070803
5282    0.835747070716
5284    0.83574590966
5286    0.8357458464
5312    0.832486080937
5314    0.832483740585
5316    0.83248051007
5318    0.832477698994
5344    0.829394914491
5346    0.829393207038
5348    0.829387587405
5350    0.829373813415
5352    0.829373813389
5354    0.829344116973
5356    0.829344116687
5358    0.829344077592
5360    0.82934403128
5362    0.829344031275
5364    0.829344031273
5366    0.829344010059
5368    0.829343983688
5370    0.829343983686
5372    0.829343959603
5374    0.829343959597
5376    0.829343200618
5378    0.829331256589
5404    0.826844378528
5406    0.826820463934
5408    0.826814007159
5410    0.826807847161
5436    0.824083371642
5438    0.824059487924
5440    0.824056793942
5442    0.824034647854
5444    0.824034646724
5446    0.824015161145
5448    0.82401395849
5450    0.823988212208
5452    0.823969946719
5454    0.82396994456
5456    0.82396994292
5458    0.823945027713
5460    0.823927914844
5462    0.823927706088
5464    0.823923294026
5466    0.823923294026
5468    0.823921382633
5470    0.82391915092
5472    0.823913637358
5474    0.823913517012
5476    0.823909721106
5478    0.823905918626
5480    0.823900411605
5482    0.823900338891
5484    0.823896524404
5486    0.823886877251
5488    0.823886877247
5490    0.823875597508
5492    0.823864804599
5494    0.823854300498
5496    0.823853664801
5498    0.823834918591
5500    0.823816777015
5502    0.823809875062
5504    0.823809695704
5506    0.823791486283
5508    0.823782035969
5510    0.823782035969
5512    0.823769832725
5514    0.823753352388
5516    0.823753081637
5518    0.82373043675
5520    0.823730125574
5522    0.823708086925
5524    0.823706122975
5526    0.823706110307
5528    0.823704560086
5530    0.823704458042
5532    0.823692397385
5534    0.823668572271
5536    0.823668346702
5538    0.823668163877
5540    0.823657059579
5542    0.823634458343
5544    0.823633652324
5546    0.823633453255
5548    0.823633453074
5550    0.823630792917
5552    0.823612718727
5556    0.823519525019
5558    0.82349907572
5560    0.823475569411
5562    0.823452371098
5564    0.823423050102
5566    0.82340933544
5568    0.823382604347
5570    0.823367353952
5572    0.823367353939
5574    0.823348878617
5576    0.823322575962
5578    0.823321721275
5604    0.821072687702
5606    0.821048285122
5608    0.821024150879
5610    0.82102410474
5636    0.818499560469
5638    0.818480446268
5640    0.818463503217
5642    0.818463503078
5645    0.818401861648
5647    0.818401345875
5649    0.81839901454
5651    0.818373328206
5653    0.818373185369
5655    0.818373075047
5657    0.818371242974
5659    0.818346447022
5661    0.818345449937
5663    0.818343805035
5665    0.818343804925
5667    0.8183420316
5669    0.818342011601
5695    0.815341809304
5697    0.815339946379
5699    0.815337671442
5701    0.815335690723
5727    0.812523349239
5729    0.812522024922
5731    0.812517224031
5733    0.812504194364
5735    0.812504194345
5737    0.812475536819
5739    0.812475536698
5741    0.812475525278
5743    0.81247550947
5745    0.812475509466
5747    0.812475509464
5749    0.812475503268
5751    0.812475494258
5753    0.812475494257
5755    0.812475371776
5757    0.812475371768
5759    0.812474536041
5761    0.812464475239
5787    0.810111535154
5789    0.8100892774
5791    0.810084741552
5793    0.810080415624
5819    0.807503983122
5821    0.807481683081
5823    0.807480447719
5825    0.807460101009
5827    0.807460099895
5829    0.807442282266
5831    0.807441277731
5833    0.807417281102
5835    0.807401303231
5837    0.807401301789
5839    0.807401300694
5841    0.807378076988
5843    0.807363105496
5845    0.807362832449
5847    0.807359959176
5849    0.807359959176
5851    0.807358912306
5853    0.807356677507
5855    0.807351173532
5857    0.807351124665
5859    0.807347320629
5861    0.807343510008
5863    0.807338012601
5865    0.807337984704
5867    0.807334161569
5869    0.807326628711
5871    0.807326628709
5873    0.807317525971
5875    0.807308406178
5877    0.807300161702
5879    0.807299665978
5881    0.807283084672
5883    0.807267038201
5885    0.807261851411
5887    0.807261600011
5889    0.807245452883
5891    0.807235962575
5893    0.807235962572
5895    0.807223704158
5897    0.807208685707
5899    0.807208413207
5901    0.807187454987
5903    0.80718714046
5905    0.807166747345
5907    0.807165411748
5909    0.80716539935
5911    0.807164358246
5913    0.807164139632
5915    0.807154044722
5917    0.80713194776
5919    0.807131831241
5921    0.807131736799
5923    0.807122436358
5925    0.807101489901
5927    0.807100864719
5929    0.807100835127
5931    0.807100834978
5933    0.80709889008
5935    0.807081840494
5937    0.807051996179
5939    0.807033316036
5941    0.807011003532
5943    0.806988983465
5945    0.806960430903
5947    0.806948155821
5949    0.806922648411
5951    0.806909131303
5953    0.806909131294
5955    0.806892518477
5957    0.806867977341
5959    0.806867338652
5985    0.804829731446
5987    0.804807621081
5989    0.804785756951
5991    0.804785650703
6017    0.802493890667
6019    0.802477354985
6021    0.802460481412
6023    0.802460481271
6025    0.802429955658
6027    0.802429255685
6029    0.802427807585
6031    0.802403419274
6033    0.802403344527
6035    0.802403286795
6037    0.802402148557
6039    0.802378611611
6041    0.802377767776
6043    0.802376132386
6045    0.802376132257
6047    0.802373813377
6049    0.802373611579
6075    0.799657418338
6077    0.799655929811
6079    0.799654274921
6081    0.7996528333
6107    0.79712739962
6109    0.797126371557
6111    0.797122134056
6113    0.79710981058
6115    0.797109810566
6117    0.797082151352
6119    0.797082151264
6121    0.797082147949
6123    0.797082142271
6125    0.79708214226
6127    0.797082142254
6129    0.797082140455
6131    0.797082137215
6133    0.797082137212
6135    0.797081887902
6137    0.797081887892
6139    0.797080929033
6141    0.797072396143
6167    0.794880098277
6169    0.794859356696
6171    0.794856286672
6173    0.794853359629
6199    0.792450665999
6201    0.792429821132
6203    0.79242944357
6205    0.792410749166
6207    0.792410748068
6209    0.792394458212
6211    0.792393558796
6213    0.79237119167
6215    0.792357212783
6217    0.792357205286
6219    0.792357199592
6221    0.792335551771
6223    0.792322451907
6225    0.792322137349
6227    0.792320237153
6229    0.792320237153
6231    0.792319685494
6233    0.792317446984
6235    0.792311953112
6237    0.792311933367
6239    0.792308120965
6241    0.792304301964
6243    0.792298814689
6245    0.792298804532
6247    0.792294972681
6249    0.792289103338
6251    0.792289103336
6253    0.792281743888
6255    0.792274061769
6257    0.792267573813
6259    0.792267151149
6261    0.792252476133
6263    0.792238274482
6265    0.792234391514
6267    0.792234090664
6269    0.792219762625
6271    0.792210231587
6273    0.792210231581
6275    0.792197917701
6277    0.7921842384
6279    0.792183963234
6281    0.792164562311
6283    0.792164245338
6285    0.792145371579
6287    0.792144462412
6289    0.792144450284
6291    0.792143752443
6293    0.792143433423
6295    0.792134982817
6297    0.792114491947
6299    0.792114427671
6301    0.792114375573
6303    0.792106584798
6305    0.792087174676
6307    0.792086655635
6309    0.792086654493
6311    0.792086654369
6313    0.792085183602
6315    0.792069163438
6317    0.792040068669
6319    0.792022998541
6321    0.792001817797
6323    0.791980914732
6325    0.791953111433
6327    0.791942133227
6329    0.791917789661
6331    0.791905812913
6333    0.791905812905
6335    0.791890868762
6337    0.79186808204
6339    0.791867568659
6365    0.790047239801
6367    0.790027305858
6369    0.790007596441
6371    0.790007435026
6397    0.787951919168
6399    0.787937739111
6401    0.787920450552
6403    0.787920450415
6405    0.787890104441
6407    0.787889281768
6409    0.787888379879
6411    0.787865207723
6413    0.787865163209
6415    0.787865128826
6417    0.787864419756
6419    0.787842061471
6421    0.787841302962
6423    0.787839581587
6425    0.787839581442
6427    0.787836796449
6429    0.787836318873
6455    0.785413623522
6457    0.785412429589
6459    0.78541118752
6461    0.785410105013
6487    0.78317426495
6489    0.783173466454
6491    0.783169630789
6493    0.783157977591
6495    0.78315797758
6497    0.783131277707
6499    0.783131277628
6501    0.783131276676
6503    0.78313127446
6505    0.783131274447
6507    0.78313127444
6509    0.783131273924
6511    0.783131272657
6513    0.783131272652
6515    0.783130886517
6517    0.783130886503
6519    0.783129781435
6521    0.783122480814
6547    0.781109221792
6549    0.781089871167
6551    0.781087888806
6553    0.781085999303
6579    0.778874066714
6581    0.778854562796
6583    0.778854539836
6585    0.77883736271
6587    0.778837361627
6589    0.778822471006
6591    0.778821628535
6593    0.778800779413
6595    0.778788547946
6597    0.778788534843
6599    0.778788524892
6601    0.77876834544
6603    0.778756881946
6605    0.778756541659
6607    0.778755261993
6609    0.778755261993
6611    0.778754987468
6613    0.77875274483
6615    0.778747261476
6617    0.778747253523
6619    0.778743432575
6621    0.778739605016
6623    0.778734128288
6625    0.778734124924
6627    0.778730284289
6629    0.778725722448
6631    0.778725722447
6633    0.77871976044
6635    0.778713312032
6637    0.778708191397
6639    0.778707807593
6641    0.778694811834
6643    0.778682235288
6645    0.778679341446
6647    0.778679008326
6649    0.778666285468
6651    0.778656713181
6653    0.778656713171
6655    0.778644343532
6657    0.778631890637
6659    0.778631612393
6661    0.778613649453
6663    0.778613330532
6665    0.778595859744
6667    0.7785952401
6669    0.778595228242
6671    0.778594761579
6673    0.778594366419
6675    0.778587291634
6677    0.778568289589
6679    0.778568251255
6681    0.778568220183
6683    0.778561693185
6685    0.778543706084
6687    0.77854325124
6689    0.778543215898
6691    0.778543215797
6693    0.778542059306
6695    0.778527009339
6697    0.778498646342
6699    0.77848304162
6701    0.778462933854
6703    0.778443089769
6705    0.778416016884
6707    0.778406206502
6709    0.778382969961
6711    0.778372362307
6713    0.778372362303
6715    0.778358913659
6717    0.778337842752
6719    0.778337404042
6745    0.776731660174
6747    0.776713763707
6749    0.77669607085
6751    0.776695864959
6777    0.774871648144
6779    0.77485958868
6781    0.774841814455
6783    0.774841814325
6785    0.774811773488
6787    0.774810873538
6789    0.774810310083
6791    0.774788282405
6793    0.774788252235
6795    0.774788228931
6797    0.774787785822
6799    0.774766536152
6801    0.774765826425
6803    0.774763960645
6805    0.77476396049
6807    0.774760786308
6809    0.774760009287
6835    0.772627605415
6837    0.772626644141
6839    0.772625684251
6841    0.772624847324
6867    0.77067013206
6869    0.770669511848
6871    0.77066597445
6873    0.770654957599
6875    0.770654957591
6877    0.77062917968
6879    0.770629179604
6881    0.770629179336
6883    0.77062917836
6885    0.770629178346
6887    0.77062917834
6889    0.770629178194
6891    0.770629177634
6893    0.77062917763
6895    0.770628651542
6897    0.770628651526
6899    0.770627392441
6901    0.770621079093
6927    0.768797008747
6929    0.768778937812
6931    0.768777735051
6933    0.768776588926
6959    0.766764107302
6961    0.766745842818
6963    0.766745766325
6965    0.766729982497
6967    0.76672998143
6969    0.766716372179
6971    0.766715560697
6973    0.766696125942
6975    0.766685422414
6977    0.766685405417
6979    0.766685392507
6981    0.76666658137
6983    0.766656548899
6985    0.766656192913
6987    0.766655312863
6989    0.766655312863
6991    0.766655188037
6993    0.766652940986
6995    0.766647468481
6997    0.766647465272
6999    0.766643635637
7001    0.766639799381
7003    0.766634333531
7005    0.766634332612
7007    0.766630483125
7009    0.766626947698
7011    0.766626947698
7013    0.766622107146
7015    0.766616715656
7017    0.766612661015
7019    0.766612297709
7021    0.76660078177
7023    0.766589637321
7025    0.766587492069
7027    0.7665871383
7029    0.76657583242
7031    0.766566218489
7033    0.766566218475
7035    0.766553792784
7037    0.766542462735
7039    0.766542181269
7041    0.766525546266
7043    0.766525225673
7045    0.766509050504
7047    0.766508627541
7049    0.766508615949
7051    0.766508304769
7053    0.766507855325
7055    0.766501931973
7057    0.766484310047
7059    0.766484285136
7061    0.766484264944
7063    0.766478796101
7065    0.766462127249
7067    0.766461712132
7069    0.766461620094
7071    0.766461620009
7073    0.766460676148
7075    0.766446540479
7077    0.766418891774
7079    0.766404621055
7081    0.766385530584
7083    0.766366690515
7085    0.766340329552
7087    0.766331570318
7089    0.766309386857
7091    0.766299996097
7093    0.766299996094
7095    0.766287888143
7097    0.766268470022
7099    0.766268076618
7125    0.764867882502
7127    0.764851871282
7129    0.76483604384
7131    0.764835804056
7157    0.763231879018
7159    0.763221704743
7161    0.763203396112
7163    0.763203395991
7165    0.76317376645
7167    0.763172819442
7169    0.763172466155
7171    0.763151520002
7173    0.763151497083
7175    0.763151479379
7177    0.763151201467
7179    0.76313099906
7181    0.763130317768
7183    0.763128273121
7185    0.763128272961
7187    0.76312477944
7189    0.763123715309
7215    0.761268606542
7217    0.761267829733
7219    0.761267067876
7221    0.761266403372
7247    0.759576174702
7249    0.759575693234
7251    0.759572387007
7253    0.759561974379
7255    0.759561974374
7257    0.759537082594
7259    0.759537082518
7261    0.759537082446
7263    0.759537081944
7265    0.75953708193
7267    0.759537081922
7269    0.759537081883
7271    0.759537081595
7273    0.75953708159
7275    0.759536416515
7277    0.759536416496
7279    0.759535006454
7281    0.759529478077
7307    0.757897231533
7309    0.757880341425
7311    0.757879672982
7313    0.757879036161
7339    0.756067306401
7341    0.756050190989
7343    0.756049742626
7345    0.756035238267
7347    0.756035237217
7349    0.756022801272
7351    0.756022006441
7353    0.756003889633
7355    0.755994522419
7357    0.755994502997
7359    0.755994488246
7361    0.755976952263
7363    0.755968171476
7365    0.755967805916
7367    0.755967186135
7369    0.755967186135
7371    0.755967137621
7373    0.755964885959
7375    0.755959424567
7377    0.755959423254
7379    0.755955584819
7381    0.755951739749
7383    0.755946285043
7385    0.755946284891
7387    0.755942426483
7389    0.755939695633
7391    0.755939695632
7393    0.75593575614
7395    0.755931268317
7397    0.755928046169
7399    0.755927693166
7401    0.755917481772
7403    0.755907599791
7405    0.755906019478
7407    0.755905652521
7409    0.755895597981
7411    0.75588594209
7413    0.755885942073
7415    0.755873460037
7417    0.755863157718
7419    0.755862873028
7421    0.75584746446
7423    0.755847142353
7425    0.755832163778
7427    0.755831874522
7429    0.755831863195
7431    0.755831656412
7433    0.755831169614
7435    0.755826210067
7437    0.755809867516
7439    0.755809849861
7441    0.75580983555
7443    0.755805252846
7445    0.755789805325
7447    0.755789415197
7449    0.755789263442
7451    0.755789263372
7453    0.755788466235
7455    0.755775192103
7457    0.755748240535
7459    0.755735184402
7461    0.75571705848
7463    0.755699170363
7465    0.755673503208
7467    0.755665689662
7469    0.755644508064
7471    0.755636198835
7473    0.755636198833
7475    0.755625293128
7477    0.755607445618
7479    0.755607079916
7505    0.754398825269
7507    0.754384540439
7509    0.754370420843
7511    0.75437015586
7537    0.752971293617
7539    0.752962776153
7541    0.752943905511
7543    0.752943905401
7545    0.752914774577
7547    0.752913799673
7549    0.752913577251
7551    0.752893656888
7553    0.752893637841
7555    0.75289362313
7557    0.752893448101
7559    0.752874238745
7561    0.752873574303
7563    0.752871333459
7565    0.752871333296
7567    0.752867582551
7569    0.752866260425
7595    0.751268674334
7597    0.751268044351
7599    0.751267425128
7601    0.751266884861
7627    0.749819220606
7629    0.749818847303
7631    0.749815728357
7633    0.749805889504
7635    0.749805889499
7637    0.749781849516
7639    0.749781849439
7641    0.749781849421
7643    0.749781849118
7645    0.749781849104
7647    0.749781849097
7649    0.749781849087
7651    0.749781848912
7653    0.749781848907
7655    0.749781049393
7657    0.749781049373
7659    0.749779499257
7661    0.749774589263
7687    0.748330470825
7689    0.748314673554
7691    0.74831434921
7693    0.748314040274
7719    0.746698285241
7721    0.746682238193
7723    0.746681181769
7725    0.746667852363
7727    0.74666785133
7729    0.746656489619
7731    0.746655703409
7733    0.746638814791
7735    0.746630616496
7737    0.746630595658
7739    0.746630579831
7741    0.746614232238
7743    0.746606546442
7745    0.746606174982
7747    0.746605726871
7749    0.746605726871
7751    0.746605713282
7753    0.746603456866
7755    0.746598006801
7757    0.746598006244
7759    0.74659415891
7761    0.746590304929
7763    0.746584861582
7765    0.746584861582
7767    0.746580994185
7769    0.746578892933
7771    0.746578892933
7773    0.74657567836
7775    0.746571961402
7777    0.746569390623
7779    0.746569042153
7781    0.746559981207
7783    0.74655121257
7785    0.746550057156
7787    0.746549681685
7789    0.746540732667
7791    0.746531034547
7793    0.746531034527
7795    0.746518495859
7797    0.746509133923
7799    0.746508846079
7801    0.746494570321
7803    0.746494246799
7805    0.746480373472
7807    0.746480175194
7809    0.746480164125
7811    0.746480027301
7813    0.746479515396
7815    0.746475362706
7817    0.746460206179
7819    0.746460192618
7821    0.746460181626
7823    0.746456341115
7825    0.746442025236
7827    0.746441651004
7829    0.746441445094
7831    0.746441445037
7833    0.746440751038
7835    0.746428288657
7837    0.746402017411
7839    0.746390067341
7841    0.746372856004
7843    0.746355870525
7845    0.746330879461
7847    0.746323916302
7849    0.746303687943
7851    0.746296339796
7853    0.746296339795
7855    0.746286512479
7857    0.74627013982
7859    0.746269790995
7885    0.745236957106
7887    0.745224238937
7889    0.745211668878
7891    0.745211385295
7917    0.74399980226
7919    0.743992725769
7921    0.74397328514
7923    0.743973285041
7925    0.743944722903
7927    0.743943731953
7929    0.743943591268
7931    0.743924646788
7933    0.743924629902
7935    0.743924616859
7937    0.743924506105
7939    0.743906241315
7941    0.743905587043
7943    0.743903145556
7945    0.743903145395
7947    0.74389919233
7949    0.743897647522
7975    0.742533778533
7977    0.742533265871
7979    0.742532751993
7981    0.742532303512
8007    0.741302490845
8009    0.741302201985
8011    0.741299241269
8013    0.741289947297
8015    0.741289947294
8017    0.741266726205
8019    0.741266726129
8021    0.741266726126
8023    0.741266725913
8025    0.7412667259
8027    0.741266725893
8029    0.741266725891
8031    0.741266725768
8033    0.741266725764
8035    0.741265799767
8037    0.741265799744
8039    0.741264125904
8041    0.741259697311
8067    0.739995087397
8069    0.73998030439
8071    0.739980181107
8073    0.739980063702
8099    0.7385508842
8101    0.738535833087
8103    0.738534005161
8105    0.738521754747
8107    0.73852175373
8109    0.73851137543
8111    0.738510593328
8113    0.738494849312
8115    0.738487673646
8117    0.738487652023
8119    0.738487635601
8121    0.738472395578
8123    0.73846566782
8125    0.738465292645
8127    0.738464959349
8129    0.738464959349
8131    0.738464958067
8133    0.738462696789
8135    0.738457258222
8137    0.738457257963
8139    0.738453401643
8141    0.738449538663
8143    0.738444106847
8145    0.738444106799
8147    0.738440230345
8149    0.738438620778
8151    0.738438620778
8153    0.738435990239
8155    0.738432929133
8157    0.738430869065
8159    0.738430521845
8161    0.73842247583
8163    0.738414689387
8165    0.738413852248
8167    0.738413471158
8169    0.738405499261
8171    0.738395758673
8173    0.738395758651
8175    0.738383163064
8177    0.738374661309
8179    0.738374370416
8181    0.73836114111
8183    0.738360816236
8185    0.738347963894
8187    0.738347827589
8189    0.738347816775
8191    0.738347726715
8193    0.738347198242
8195    0.738343721088
8197    0.738329664086
8199    0.738329652926
8201    0.73832964388
8203    0.738326425075
8205    0.738313157813
8207    0.738312793767
8209    0.738312542304
8211    0.738312542256
8213    0.738311922012
8215    0.738300224399
8217    0.738274617014
8219    0.738263674371
8221    0.738247330295
8223    0.73823120074
8225    0.738206868456
8227    0.738200669584
8229    0.738181348299
8231    0.738174854025
8233    0.738174854023
8235    0.738165994255
8237    0.738150992398
8239    0.738150653671
8265    0.737275248307
8267    0.737263940838
8269    0.737252765823
8271    0.737252468452
8297    0.736209216897
8299    0.736203381777
8301    0.736183380757
8303    0.736183380669
8305    0.736155441417
8307    0.73615444166
8309    0.736154352211
8311    0.736136338311
8313    0.736136322676
8315    0.7361363106
8317    0.736136240145
8319    0.736118875945
8321    0.736118227972
8323    0.736115591119
8325    0.736115590963
8327    0.736111484026
8329    0.7361097524
8355    0.734954023005
8357    0.734953604434
8359    0.734953170233
8361    0.7349527912
8387    0.733915293393
8389    0.733915070506
8391    0.733912248444
8393    0.733903471919
8395    0.733903471917
8397    0.733881038197
8399    0.733881038121
8401    0.73388103812
8403    0.733881037955
8405    0.733881037941
8407    0.733881037934
8409    0.733881037934
8411    0.733881037837
8413    0.733881037833
8415    0.733879996366
8417    0.73387999634
8419    0.733878218658
8421    0.733874158819
8447    0.732776947088
8449    0.732763107855
8451    0.732763082004
8453    0.73276305739
8479    0.731507854584
8481    0.731493734032
8483    0.731491033505
8485    0.73147977397
8487    0.731479772969
8489    0.731470294825
8491    0.731469514307
8493    0.73145483704
8495    0.731448556122
8497    0.731448534096
8499    0.731448517366
8501    0.731434309622
8503    0.731428420166
8505    0.731428042575
8507    0.731427787217
8509    0.731427787217
8511    0.731427786486
8513    0.731425520267
8515    0.73142009334
8517    0.731420093206
8519    0.731416227823
8521    0.731412355768
8523    0.731406935625
8525    0.731406935478
8527    0.731403049903
8529    0.731401823406
8531    0.731401823406
8533    0.731399664115
8535    0.731397159332
8537    0.731395500608
8539    0.731395152787
8541    0.731388002493
8543    0.731381082879
8545    0.731380482973
8547    0.731380098056
8549    0.731372990181
8551    0.731363206907
8553    0.731363206883
8555    0.731350554097
8557    0.731342838893
8559    0.73134254507
8561    0.731330282549
8563    0.731329956376
8565    0.731318047283
8567    0.731317953252
8569    0.731317942687
8571    0.731317883791
8573    0.731317344586
8575    0.731314433067
8577    0.73130139544
8579    0.731301385735
8581    0.731301377869
8583    0.731298679901
8585    0.731286384376
8587    0.731286026893
8589    0.731285738827
8591    0.731285738786
8593    0.731285172134
8595    0.731274194959
8597    0.731249235329
8599    0.731239210461
8601    0.731223688818
8603    0.731208370942
8605    0.731184680533
8607    0.731179168183
8609    0.731160710143
8611    0.731154974296
8613    0.731154974295
8615    0.731146982858
8617    0.731133244078
8619    0.731132911158
8621    0.731103466071
8623    0.731092891275
8625    0.73108244057
8627    0.731082130495
8653    0.730124452242
8655    0.730119309191
8657    0.730099342308
8659    0.730099342244
8661    0.73007212174
8663    0.730071117613
8665    0.730071061177
8667    0.730053936109
8669    0.730053921217
8671    0.730053909715
8673    0.730053865235
8675    0.730037361124
8677    0.730036717186
8679    0.730033897408
8681    0.73003389726
8683    0.730029679099
8685    0.730027794252
8711    0.729054562781
8713    0.729054219936
8715    0.729053847352
8717    0.729053522037
8743    0.728183401013
8745    0.728183229681
8747    0.728180532697
8749    0.728172247538
8751    0.728172247536
8753    0.728150570922
8755    0.728150570846
8757    0.728150570846
8759    0.728150570708
8761    0.728150570695
8763    0.728150570687
8765    0.728150570687
8767    0.728150570607
8769    0.728150570603
8771    0.72814942717
8773    0.728149427142
8775    0.728147567423
8777    0.728143783528
8803    0.727199683276
8805    0.727186724201
8807    0.72718672419
8809    0.727186724179
8835    0.726090965768
8837    0.726077716358
8839    0.726074093777
8841    0.726063744195
8843    0.726063743211
8845    0.726055088892
8847    0.726054308562
8849    0.726040625488
8851    0.726035127489
8853    0.726035105281
8855    0.726035088414
8857    0.726021842771
8859    0.726016686905
8861    0.72601630768
8863    0.726016106046
8865    0.726016106046
8867    0.726016100288
8869    0.726013829055
8871    0.726008413873
8873    0.726008413789
8875    0.726004539261
8877    0.726000658048
8879    0.725995249683
8881    0.72599524944
8883    0.725991354668
8885    0.725990425789
8887    0.725990425789
8889    0.72598864736
8891    0.725986612846
8893    0.725985270303
8895    0.725984920864
8897    0.725978561385
8899    0.725972407077
8901    0.725971982936
8903    0.725971595307
8905    0.725965251797
8907    0.72595542561
8909    0.725955425585
8911    0.725942715297
8913    0.72593571904
8915    0.725935422409
8917    0.725924053158
8919    0.725923725727
8921    0.725912688144
8923    0.725912622998
8925    0.725912612678
8927    0.725912574474
8929    0.725912028474
8931    0.72590959059
8933    0.72589749804
8935    0.725897489242
8937    0.72589748211
8939    0.725895220513
8941    0.725883825503
8943    0.725883472269
8945    0.725883155722
8947    0.725883155689
8949    0.725882628564
8951    0.725872329974
8953    0.725848002301
8955    0.725838813692
8957    0.725824071986
8959    0.725809523846
8961    0.725786458767
8963    0.725781562712
8965    0.725763926259
8967    0.725758863475
8969    0.725758863474
8971    0.725751651268
8973    0.725738740652
8975    0.72573841257
8977    0.725711720479
8979    0.725701834376
8981    0.72569206447
8983    0.725691744899
9009    0.72481397303
9011    0.724809457105
9013    0.724789527874
9015    0.724789527827
9017    0.724763020592
9019    0.724762014755
9021    0.724761978977
9023    0.724745703835
9025    0.724745689405
9027    0.72474567826
9029    0.72474565004
9031    0.72472996828
9033    0.724729327109
9035    0.724726341869
9037    0.72472634173
9039    0.724722049778
9041    0.724720041809
9059    0.724178646926
9061    0.724178366779
9063    0.724178060622
9065    0.724177793274
9067    0.724147684277
9069    0.724147557136
9071    0.72414508627
9073    0.724137267644
9075    0.724137267642
9077    0.724116319099
9079    0.724116319023
9081    0.724116319023
9083    0.724116318903
9085    0.72411631889
9087    0.724116318883
9089    0.724116318883
9091    0.724116318813
9093    0.724116318809
9095    0.724115088699
9097    0.724115088669
9099    0.724113169338
9101    0.724109584657
9115    0.723698591855
9117    0.723686481495
9119    0.723686474311
9121    0.723686467472
9147    0.722702088606
9149    0.722689683736
9151    0.722685398956
9153    0.722675885
9155    0.722675884032
9157    0.72266798347
9159    0.722667202581
9161    0.722654446085
9163    0.722649633199
9165    0.722649610939
9167    0.722649594032
9169    0.722637245092
9171    0.722632731226
9173    0.722632350841
9175    0.722632186823
9177    0.722632186823
9179    0.72263217387
9181    0.722629897559
9183    0.722624494199
9185    0.722624494133
9187    0.722620610376
9189    0.722616719921
9191    0.722611323411
9193    0.722611323084
9195    0.722607419039
9197    0.722606720628
9199    0.722606720628
9201    0.722605250559
9203    0.722603611997
9205    0.722602519219
9207    0.722602167635
9209    0.722596506637
9211    0.72259102828
9213    0.722590733396
9215    0.722590343756
9217    0.72258467678
9219    0.722574807445
9221    0.722574807418
9223    0.722562039306
9225    0.722555699946
9227    0.722555400627
9229    0.72254485681
9231    0.722544528161
9233    0.722534295889
9235    0.722534250521
9237    0.72253424044
9239    0.72253421591
9241    0.722533665756
9243    0.722531624489
9245    0.722520408148
9247    0.722520399928
9249    0.722520393264
9251    0.722518497297
9253    0.722507936815
9255    0.722507586348
9257    0.72250724821
9259    0.722507248183
9261    0.722506750635
9263    0.722497091129
9265    0.722473379937
9267    0.722464953468
9269    0.722450951425
9271    0.72243713327
9273    0.722414677346
9275    0.722410334183
9277    0.722393479742
9279    0.72238901438
9281    0.722389014379
9283    0.722382501835
9285    0.722370369666
9287    0.722370043795
9289    0.72234590342
9291    0.722336663557
9293    0.722327532454
9295    0.722327205645
9308    0.721947797478
9310    0.721943707658
9312    0.721924178463
9314    0.721924178429
9316    0.721898399756
9318    0.721897393854
9320    0.721897371346
9322    0.721881990258
9324    0.721881976126
9326    0.721881965209
9328    0.721881947438
9330    0.721867130668
9332    0.721866491547
9334    0.721863328541
9336    0.721863328419
9338    0.721859231161
9340    0.721857090497
9342    0.721826325016
9344    0.721826101334
9346    0.721825869995
9348    0.721825667979
9350    0.721795753524
9352    0.721795661467
9354    0.72179339877
9356    0.721786023025
9358    0.721786023024
9360    0.721765774698
9362    0.721765774623
9364    0.721765774623
9366    0.721765774536
9368    0.721765774523
9370    0.721765774515
9372    0.721765774515
9374    0.721765774465
9376    0.721765774461
9378    0.72176446214
9380    0.721764462109
9382    0.721762558679
9384    0.721759079843
9386    0.72173063038
9388    0.721719334624
9390    0.721719324261
9392    0.721719314395
9418    0.720809114177
9420    0.720797522911
9422    0.720792843542
9424    0.720784096926
9426    0.720784095975
9428    0.720776884954
9430    0.720776103132
9432    0.720764210247
9434    0.720759996938
9436    0.720759974698
9438    0.720759957805
9440    0.720748444657
9442    0.720744492685
9444    0.720744111437
9446    0.720743974165
9448    0.720743974165
9450    0.720743953657
9452    0.72074167221
9454    0.720736280743
9456    0.720736280681
9458    0.72073238762
9460    0.720728487847
9462    0.720723103265
9464    0.72072310287
9466    0.720719189477
9468    0.720718668845
9470    0.720718668845
9472    0.720717448915
9474    0.720716142211
9476    0.720715247315
9478    0.720714893346
9480    0.720709849559
9482    0.720704968502
9484    0.720704767791
9486    0.72070437659
9488    0.720699308732
9490    0.720689396034
9492    0.720689396005
9494    0.720676569767
