18    5.25036587876
44    5.14078377323
46    5.14077689173
72    5.1301774038
74    5.13017428078
100    5.11889032074
102    5.11889032073
128    5.10916134573
147    4.98486306463
173    4.88864099387
199    4.84773885608
201    4.84773151932
203    4.84772696973
229    4.82811291294
255    4.80082096977
257    4.80081784289
275    4.67578780427
277    4.67578780427
279    4.6757832582
305    4.60049178811
331    4.49670568731
357    4.49042523459
383    4.46243539685
409    4.45324232179
435    4.4394617941
461    4.43274888366
487    4.4299678273
513    4.32671463051
515    4.32671463051
541    4.31102096413
565    4.18699100317
578    4.06381013523
604    3.94040064392
606    3.94039527624
608    3.94039150356
610    3.9403857067
612    3.94037094902
614    3.94036830942
624    3.81582598996
626    3.81582598996
628    3.81582344023
652    3.69176082006
663    3.5677047854
689    3.53455614094
691    3.53455053094
693    3.53454661592
695    3.53454240024
721    3.5100699106
723    3.51006845055
749    3.48359071569
751    3.48359071569
777    3.46211671649
803    3.43300815787
829    3.38196084199
855    3.26601488785
881    3.24126024318
907    3.22371425787
933    3.19423788478
959    3.18886661807
985    3.17686440465
987    3.17685423753
989    3.17685423753
991    3.17683499254
1008    3.05246806115
1019    2.92813047385
1045    2.91633954805
1047    2.91633004204
1049    2.91632445901
1051    2.91631871881
1077    2.90516199055
1079    2.90515758008
1105    2.90235492436
1107    2.90235492436
1133    2.89940644571
1135    2.89940174886
1161    2.7915433914
1187    2.73350568985
1213    2.73290506218
1239    2.7322697798
1265    2.72050367631
1291    2.6903338933
1317    2.68944168193
1343    2.60440826323
1345    2.60440826323
1371    2.57961633739
1397    2.56604325798
1423    2.4477306615
1449    2.42799977312
1475    2.41358154114
1501    2.4008685469
1525    2.39776676498
1551    2.37949360426
1577    2.36816393424
1603    2.33889334458
1605    2.33889334458
1631    2.31640229675
1657    2.19408284353
1659    2.19408136412
1685    2.12125476638
1700    2.12022357187
1702    2.12020907296
1704    2.12020756566
1730    2.09199337091
1732    2.09197823883
1758    2.01100481456
1760    2.01100481456
1786    1.98485026944
1812    1.89307985061
1838    1.78727266741
1864    1.68612764271
1890    1.66472438989
1916    1.66001748128
1942    1.64781186371
1968    1.63232428694
1991    1.63142465395
2017    1.50780820609
2019    1.50780621032
2024    1.50769728849
2026    1.50769303473
2046    1.50673313721
2048    1.50673208816
2050    1.50671356177
2052    1.50671315509
2078    1.49692497234
2080    1.49692496268
2106    1.48773992638
2108    1.48773907882
2134    1.48420624395
2160    1.46724234422
2162    1.46724114507
2164    1.46724039311
2181    1.46670764919
2207    1.4565435837
2209    1.45654203863
2211    1.45653807326
2213    1.45653807304
2215    1.45653766523
2240    1.45569445079
2266    1.45393862647
2292    1.44728672203
2294    1.44727026555
2296    1.44725452468
2298    1.4472366085
2324    1.4403870407
2326    1.44037434832
2352    1.43839139734
2354    1.43839139729
2358    1.43832590461
2360    1.43832449496
2362    1.43832285072
2364    1.43831506738
2366    1.43831370111
2368    1.4383127364
2370    1.43831197925
2372    1.43830617923
2374    1.43830550039
2376    1.43830476519
2378    1.43830476519
2380    1.43830473769
2382    1.43830237813
2384    1.43830080363
2410    1.42056461015
2412    1.42056405882
2414    1.42056367389
2416    1.42056307363
2442    1.40881572219
2444    1.40881569889
2470    1.3938979464
2472    1.39389794568
2498    1.38221655017
2524    1.37532035706
2550    1.36035177284
2555    1.36025348094
2581    1.35527437748
2607    1.35209316129
2633    1.34480872322
2635    1.34480077475
2661    1.34272906429
2663    1.34271925158
2665    1.34271925158
2667    1.34270425794
2669    1.3427035815
2671    1.34270135969
2697    1.33189807841
2699    1.33189617353
2701    1.33189504548
2703    1.33189417846
2729    1.32217684022
2731    1.32217485098
2757    1.31903064868
2759    1.31903064861
2785    1.3161861724
2787    1.31616889113
2810    1.3149323063
2836    1.30092750063
2862    1.30009951199
2888    1.29923463052
2890    1.29921909842
2916    1.29304532431
2942    1.29188924602
2968    1.28612353167
2970    1.28612353074
2996    1.28454058074
3022    1.27622248322
3024    1.27620940964
3050    1.2622156306
3076    1.25443583296
3102    1.24821766416
3104    1.24821449533
3130    1.23683200608
3156    1.2318149249
3182    1.21590223871
3184    1.21590223871
3210    1.20437787243
3212    1.20437395098
3214    1.20437378497
3240    1.19484136785
3242    1.1948319766
3244    1.19482413698
3246    1.19482390707
3272    1.19162888074
3274    1.19161808756
3300    1.18490673547
3302    1.18490673427
3328    1.18287688768
3330    1.18286608309
3354    1.18151449241
3380    1.17909654026
3382    1.1790810383
3384    1.17906642481
3386    1.17905179056
3393    1.17890382393
3395    1.17888802324
3397    1.17888480352
3399    1.17888328218
3401    1.17887087784
3403    1.17886931892
3405    1.17884919969
3407    1.17884903385
3409    1.1788305886
3411    1.17883056573
3437    1.17169181066
3439    1.17169174358
3465    1.16448681804
3467    1.16448680577
3469    1.16447287953
3495    1.15852208031
3497    1.15852170145
3499    1.15852146334
3501    1.15850825624
3527    1.15507378208
3529    1.15507240448
3531    1.15506991304
3533    1.15506991268
3535    1.15506809455
3537    1.15505323555
3539    1.15503445087
3565    1.14914412805
3567    1.14913273065
3569    1.14912183632
3571    1.14910631005
3597    1.14314745185
3599    1.1431401945
3601    1.14312196105
3603    1.14312196098
3605    1.14310893434
3607    1.14310866424
3609    1.14310831591
3611    1.14310400181
3613    1.14310363316
3615    1.14310337273
3617    1.1431032131
3619    1.14309999543
3621    1.14309981199
3623    1.14309963476
3625    1.14309963476
3627    1.1430996273
3629    1.14309870239
3631    1.14309846938
3657    1.13567450224
3659    1.13567449374
3661    1.13567448781
3663    1.13567439767
3689    1.13101634357
3691    1.13101580182
3717    1.12296342053
3719    1.12296341576
3745    1.11673827307
3771    1.11586042245
3797    1.11214326144
3799    1.11213026138
3825    1.11135536489
3833    1.11120156419
3859    1.10947124434
3861    1.10946737343
3869    1.10931536866
3871    1.10930557569
3873    1.10930557569
3875    1.10929055443
3877    1.10929045772
3879    1.1092901107
3905    1.1003703175
3907    1.10036967812
3909    1.10036929807
3911    1.10036916102
3937    1.0927010774
3939    1.092699302
3965    1.08920403888
3967    1.08920403844
3993    1.08588651683
3995    1.08587027887
3997    1.08585128049
4023    1.08317541453
4049    1.08225695974
4075    1.08130468567
4077    1.0812911607
4103    1.08024956462
4129    1.07892984318
4134    1.07884145561
4136    1.07884145439
4139    1.07880046649
4165    1.07557799568
4167    1.07557142292
4193    1.06713882546
4219    1.06417696187
4245    1.0619179151
4247    1.06191779165
4273    1.05545471733
4299    1.05373183923
4325    1.04572665781
4327    1.04572665781
4353    1.04001666725
4355    1.04001574026
4357    1.04001572324
4383    1.03902872569
4385    1.03902363383
4387    1.03901938216
4389    1.03901933983
4391    1.03899966414
4393    1.03899259466
4404    1.03873947771
4406    1.03873947594
4410    1.03867596508
4412    1.03866871537
4414    1.03865207363
4416    1.0386324374
4418    1.03862020245
4420    1.03860866825
4422    1.03859675756
4424    1.03857922099
4426    1.03856640273
4428    1.03856517628
4430    1.03856437113
4432    1.03855578275
4434    1.03855501432
4436    1.03853570479
4438    1.03853569262
4440    1.03851797
4442    1.03851796298
4468    1.03345999573
4470    1.03345985178
4496    1.02805455341
4498    1.02805420089
4500    1.02804525799
4526    1.02607540043
4528    1.026075256
4530    1.02607516515
4532    1.02606669831
4558    1.02494458547
4560    1.02494328413
4562    1.02494107647
4564    1.02494107606
4566    1.02493852205
4568    1.02492684297
4570    1.02491050215
4596    1.01994494218
4598    1.01993744755
4600    1.01993028809
4602    1.01991682352
4628    1.01495052582
4630    1.01494699795
4632    1.01493181331
4634    1.01493181322
4636    1.01492405226
4638    1.01492401678
4640    1.01492394173
4642    1.01492154468
4644    1.0149214369
4646    1.01492136074
4648    1.01492132677
4650    1.01491953794
4652    1.01491948422
4654    1.01491940689
4656    1.01491940689
4658    1.01491937819
4660    1.01491870412
4662    1.0149186678
4688    1.01221326434
4690    1.01221324999
4692    1.01221323998
4694    1.01221322577
4720    1.0105551092
4722    1.01055419491
4748    1.00650282449
4750    1.00650281364
4776    1.00328027269
4778    1.00327188186
4804    1.00228814054
4806    1.00227776487
4808    1.00226166353
4810    1.00224585002
4816    1.00213639867
4818    1.00213367825
4820    1.00211488389
4822    1.002105091
4824    1.002105091
4826    1.00209000463
4828    1.00208918601
4830    1.00208912799
4856    0.995407778378
4858    0.995407437037
4860    0.995407233617
4862    0.995407210108
4888    0.989873611843
4890    0.989871591348
4916    0.986412008494
4918    0.986412007199
4944    0.98286436907
4946    0.982848294895
4948    0.982830049402
4961    0.98253069629
4987    0.981531750666
5013    0.980503497778
5015    0.980492023712
5017    0.980477417433
5043    0.979026318913
5045    0.979008760833
5047    0.979008759724
5049    0.978990454097
5075    0.978063790678
5077    0.978059970432
5103    0.973343967624
5129    0.972398075709
5155    0.971690062784
5157    0.971689845771
5183    0.968134996969
5195    0.967891715385
5221    0.964005958686
5223    0.964005958686
5249    0.961200663893
5251    0.961200576929
5253    0.961200573392
5255    0.961181313579
5257    0.961178580506
5259    0.961176298186
5261    0.961176279322
5263    0.961158583608
5265    0.961153923008
5267    0.96113757342
5269    0.961137571738
5271    0.961119339475
5273    0.961114035078
5275    0.961099839678
5277    0.961082891727
5279    0.9610731429
5281    0.961063952215
5283    0.961054041485
5285    0.961038956466
5287    0.96102853237
5289    0.961028187888
5291    0.96102776032
5293    0.961021598126
5295    0.961021111521
5297    0.961002958895
5299    0.961002957794
5301    0.960986283865
5303    0.96098624466
5329    0.95760116612
5331    0.95760095619
5357    0.953668989655
5359    0.95366826449
5361    0.953662746294
5383    0.95311930756
5385    0.953119251044
5387    0.953119215481
5389    0.953114004785
5391    0.953093856247
5393    0.953092731792
5395    0.953090491108
5397    0.953090490711
5399    0.953087833362
5401    0.953078706949
5403    0.953064519247
5429    0.949062126106
5431    0.94905745146
5433    0.949052988133
5435    0.949041352582
5461    0.945056118484
5463    0.945054816922
5465    0.945042038957
5467    0.945042038857
5469    0.945037892173
5471    0.945037891613
5473    0.94503787478
5475    0.945036541383
5477    0.9450365054
5479    0.945036479971
5481    0.945036472559
5483    0.945035477058
5485    0.945035459078
5487    0.945035405514
5489    0.945035405512
5491    0.945035366823
5493    0.945034664738
5495    0.945034658684
5521    0.944125064011
5523    0.944125039503
5525    0.944125022413
5527    0.94412502005
5542    0.943793705421
5544    0.943792719851
5570    0.941863757767
5572    0.941863742245
5598    0.940203876692
5600    0.940197023901
5608    0.940038403598
5610    0.940029806024
5612    0.940014776381
5614    0.940000015339
5616    0.939982222863
5618    0.939980347964
5620    0.93996256736
5622    0.939952773195
5624    0.939952773195
5626    0.939937618106
5628    0.939935997171
5630    0.939935985922
5656    0.93534238015
5658    0.935342140927
5660    0.935341998114
5662    0.935341993362
5688    0.931645072614
5690    0.931642726367
5716    0.928455373389
5718    0.928455370681
5744    0.924919741242
5746    0.924902013973
5748    0.924884671776
5750    0.924865363636
5776    0.923768550032
5802    0.922647682134
5804    0.922638289904
5806    0.922626354231
5832    0.921062299867
5834    0.92104625255
5836    0.921046251575
5838    0.921029342492
5840    0.921018249433
5842    0.921015096141
5868    0.918384253336
5870    0.918366034964
5872    0.918348022297
5874    0.918347701729
5900    0.916337963622
5902    0.916319816026
5928    0.914469272485
5930    0.914469272485
5956    0.913090675974
5958    0.913090646116
5960    0.913090641526
5962    0.913072947001
5964    0.913071441394
5966    0.913070184019
5968    0.913070162215
5970    0.913053951435
5972    0.913050690566
5974    0.913036003301
5976    0.913036001718
5978    0.913019479302
5980    0.913015646783
5982    0.913003526807
5984    0.912988892995
5986    0.91298111356
5988    0.912973779407
5990    0.912965542503
5992    0.912952563843
5994    0.912944056815
5996    0.912944019867
5998    0.912943791978
6000    0.912939202492
6002    0.912938829733
6004    0.912922054678
6006    0.912922044022
6008    0.912906626833
6010    0.912906562175
6036    0.910746925079
6038    0.910746669427
6064    0.907935535976
6066    0.907934600134
6068    0.907931340417
6070    0.907911553664
6072    0.907911533037
6074    0.907911520056
6076    0.907908455291
6078    0.907889150121
6080    0.907888154828
6082    0.907885835781
6084    0.907885835412
6086    0.907883267574
6088    0.90787613567
6090    0.907863805845
6116    0.904756485606
6118    0.904753742037
6120    0.90475112356
6122    0.904741074963
6148    0.901637893448
6150    0.901637652767
6152    0.901626758809
6154    0.901626758707
6156    0.901624887531
6158    0.901624884144
6160    0.901624880032
6162    0.901624137833
6164    0.901624123236
6166    0.901624112919
6168    0.901624111206
6170    0.901623556864
6172    0.90162354954
6174    0.901623502718
6176    0.901623502716
6178    0.901623460423
6180    0.901622659008
6182    0.901622657961
6184    0.901604685414
6186    0.901604677507
6188    0.901604671992
6190    0.901604671651
6192    0.901587021719
6194    0.901586143259
6220    0.900683717272
6222    0.900683699887
6248    0.899809878889
6250    0.899803756912
6252    0.899782916931
6254    0.899775765233
6256    0.899761573323
6258    0.899747634966
6260    0.899729901675
6262    0.89972864885
6264    0.899711752198
6266    0.899701953796
6268    0.899701953796
6270    0.899686728192
6272    0.8996844061
6274    0.899684403264
6300    0.896748183828
6302    0.896747995892
6304    0.896747883568
6306    0.896747882321
6332    0.894434234987
6334    0.894431612717
6360    0.891650796975
6362    0.891650792456
6388    0.888306156311
6390    0.888286770722
6392    0.888270406626
6394    0.888252524216
6420    0.887074702813
6446    0.885880423185
6448    0.8858730478
6450    0.885863628835
6476    0.884211971695
6478    0.884197516318
6480    0.884197515449
6482    0.884182094944
6484    0.884173473365
6486    0.884170594374
6512    0.882667162068
6514    0.882651395166
6516    0.88263580757
6518    0.882635392531
6544    0.881501064963
6546    0.881485034506
6572    0.880605107193
6574    0.880605107193
6600    0.879919095927
6602    0.879918843284
6604    0.879918833042
6606    0.879902577958
6608    0.879901720547
6610    0.879901004467
6612    0.879900971105
6614    0.879886119882
6616    0.879883697765
6618    0.879870505163
6620    0.879870503672
6622    0.879855526266
6624    0.879852800115
6626    0.879842442749
6628    0.879829802649
6630    0.879823585224
6632    0.87981772361
6634    0.87981088739
6636    0.879799719814
6638    0.879792751378
6640    0.879792739899
6642    0.87979261792
6644    0.879789068082
6646    0.879788746238
6648    0.879773464628
6650    0.879773445534
6652    0.87975939534
6654    0.879759315363
6680    0.878438878019
6682    0.878438596554
6708    0.876441887383
6710    0.876440870606
6712    0.876439015409
6714    0.876420053699
6716    0.876420042771
6718    0.876420035895
6720    0.87641828879
6722    0.876399791169
6724    0.87639885204
6726    0.876396489392
6728    0.876396489051
6730    0.876393980632
6732    0.876388368682
6734    0.876377623557
6760    0.874037675348
6762    0.874036180762
6764    0.874034754777
6766    0.874026064984
6792    0.871664358631
6794    0.871664353664
6796    0.871654924964
6798    0.871654924867
6800    0.871654313319
6802    0.871654303549
6804    0.871654302381
6806    0.871653889094
6808    0.871653881586
6810    0.87165387628
6812    0.87165387584
6814    0.871653567026
6816    0.871653563239
6818    0.87165351844
6820    0.871653518439
6822    0.871653474942
6824    0.871652599636
6826    0.871652599474
6828    0.871636922679
6830    0.871636919867
6832    0.871636917905
6834    0.871636917864
6836    0.871621522644
6838    0.87162069202
6840    0.871601982764
6842    0.871601964843
6865    0.871075110523
6867    0.87106961663
6869    0.87104975413
6871    0.871043771246
6873    0.871030493166
6875    0.871017452314
6877    0.871000623024
6879    0.870999817435
6881    0.870983885391
6883    0.870974079525
6885    0.870974079525
6887    0.87095878239
6889    0.870955897747
6891    0.870955896737
6917    0.869192162906
6919    0.869192009304
6921    0.869191917434
6923    0.869191916991
6949    0.867823215859
6951    0.867820407355
6977    0.865490615035
6979    0.865490608593
7005    0.862442293293
7007    0.862421836137
7009    0.862406502481
7011    0.862390030498
7037    0.861155339824
7063    0.859913757636
7065    0.859908271405
7067    0.859901162979
7093    0.858194903598
7095    0.858181840735
7097    0.858181839964
7099    0.858167727708
7101    0.858160976021
7103    0.858158326692
7129    0.857304272468
7131    0.85729043051
7133    0.857276746676
7135    0.857276236275
7161    0.856639606333
7163    0.856625239601
7165    0.856605469307
7167    0.856605469307
7172    0.856520271087
7174    0.856519719648
7176    0.856519709306
7178    0.856504777289
7180    0.856504278221
7182    0.856503861407
7184    0.856503827426
7186    0.85649022139
7188    0.856488332606
7190    0.856476484291
7192    0.856476482889
7194    0.856462902202
7196    0.856461000586
7198    0.856452141185
7200    0.856441219448
7202    0.856436242137
7204    0.856431549628
7206    0.856425884866
7208    0.856416274999
7210    0.856410544029
7212    0.856410432361
7214    0.85641036674
7216    0.856407517676
7218    0.856407220624
7220    0.856393465561
7222    0.85639344113
7224    0.85638079094
7226    0.856380702148
7252    0.855606363752
7254    0.85560607247
7280    0.854185276586
7282    0.85418423259
7284    0.854183208174
7286    0.854165037172
7288    0.854165029567
7290    0.854165024783
7292    0.854164057566
7294    0.854146333432
7296    0.854145423295
7298    0.854143038776
7300    0.854143038459
7302    0.854140571744
7304    0.854136094086
7306    0.854126712608
7332    0.852407179537
7334    0.85240644264
7336    0.85240573974
7338    0.852398221607
7364    0.850630462741
7366    0.85063016511
7368    0.850621871348
7370    0.850621871261
7372    0.850621795263
7374    0.85062178111
7376    0.850621780699
7378    0.850621550503
7380    0.850621545639
7382    0.8506215422
7384    0.850621542068
7386    0.850621369975
7388    0.85062136751
7390    0.850621323298
7392    0.850621323297
7394    0.850621279419
7396    0.850620377743
7398    0.850620377716
7400    0.850605701327
7402    0.850605699685
7404    0.85060569854
7406    0.850605698537
7408    0.850591285617
7410    0.850590471012
7412    0.850577562601
7414    0.850577544391
7416    0.850557369611
7418    0.850552482163
7420    0.850533658986
7422    0.850528623759
7424    0.850516256005
7426    0.850504109257
7428    0.850488231813
7430    0.850487740646
7432    0.850472778832
7434    0.850462962373
7436    0.850462962373
7438    0.850447592912
7440    0.850444289741
7442    0.850444289245
7468    0.84944172199
7470    0.849441594615
7472    0.849441518398
7474    0.849441518194
7500    0.848672113168
7502    0.848669207145
7528    0.846774667645
7530    0.846774659446
7556    0.844066836152
7558    0.84404605072
7560    0.844031777747
7562    0.844016699817
7588    0.842755264366
7614    0.841497713743
7616    0.841493914587
7618    0.841488854489
7644    0.83976636445
7646    0.83975451896
7648    0.83975451828
7650    0.839741558497
7652    0.839736284721
7654    0.839733830495
7656    0.839713234494
7658    0.839700489692
7660    0.839687890641
7662    0.83968727396
7664    0.839666818219
7666    0.839653045815
7668    0.839634644548
7670    0.839634644548
7672    0.839614327635
7674    0.839613499498
7676    0.839613489072
7678    0.839599772817
7680    0.839599467316
7682    0.839599212163
7684    0.839599177692
7686    0.839586712378
7688    0.839585157871
7690    0.839574518767
7692    0.839574517447
7694    0.839562199863
7696    0.839560906067
7698    0.83955332049
7700    0.839543880295
7702    0.839539888495
7704    0.839536125079
7706    0.839531439339
7708    0.839523169565
7710    0.839518436053
7712    0.839518179718
7714    0.839518144202
7716    0.839515776486
7718    0.839515492528
7720    0.839503235803
7722    0.839503208161
7724    0.839491933748
7726    0.83949183972
7728    0.839472967604
7730    0.839472715065
7756    0.838324266892
7758    0.838323212901
7760    0.838322420745
7762    0.838305007407
7764    0.838305001644
7766    0.838304998018
7768    0.838304248771
7770    0.838287265489
7772    0.838286377442
7774    0.838283984561
7776    0.838283984268
7778    0.838281548795
7780    0.838277903616
7782    0.838269703667
7808    0.837030598719
7810    0.837030286287
7812    0.837029988327
7814    0.837023485388
7840    0.83571536965
7842    0.835714483671
7844    0.835707067398
7846    0.835707067322
7848    0.835707042685
7850    0.835707026073
7852    0.83570702589
7854    0.83570689765
7856    0.835706893878
7858    0.835706891212
7860    0.835706891165
7862    0.835706795233
7864    0.835706793312
7866    0.835706749245
7868    0.835706749244
7870    0.835706705257
7872    0.835705797027
7874    0.835705797022
7876    0.835691711526
7878    0.835691710187
7880    0.835691709253
7882    0.835691709253
7884    0.83567787659
7886    0.835677067663
7888    0.835664559232
7890    0.83566454126
7892    0.835644858046
7894    0.835640519234
7896    0.835622678334
7898    0.835618413755
7900    0.835606890526
7902    0.835595573251
7904    0.835580593455
7906    0.835580316425
7908    0.835566259176
7910    0.835556429285
7912    0.835556429285
7914    0.835540986883
7916    0.835537398415
7918    0.835537398111
7932    0.83524897093
7934    0.835248882998
7936    0.835248830377
7938    0.835248830287
7940    0.835228280581
7942    0.83522555793
7968    0.833663186266
7970    0.833663177073
7996    0.831284928983
7998    0.831264634406
8000    0.831251474185
8002    0.831237765751
8028    0.829982940645
8054    0.82874292852
8056    0.828740566656
8058    0.828737241283
8084    0.827038588414
8086    0.827027808758
8088    0.827027808161
8090    0.82701586746
8092    0.827010957083
8094    0.827008699187
8096    0.826988630806
8098    0.826976441515
8100    0.826964391678
8102    0.826963667186
8104    0.826943728062
8106    0.826930533385
8108    0.826912636581
8110    0.826912636581
8112    0.826892842978
8114    0.826891789425
8116    0.826891778858
8118    0.826879179408
8120    0.826878981154
8122    0.826878815571
8124    0.826878780582
8126    0.826867360442
8128    0.82686602057
8130    0.826856469247
8132    0.826856468006
8134    0.826845293018
8136    0.826844440988
8138    0.826837939257
8140    0.826829776812
8142    0.826826568979
8144    0.82682354466
8146    0.826819676392
8148    0.826812559699
8150    0.82680863204
8152    0.826808226608
8154    0.826808207243
8156    0.826806176084
8158    0.826805902527
8160    0.826795387232
8162    0.826795356755
8164    0.826785683936
8166    0.826785585338
8168    0.826772343024
8170    0.826772124127
8196    0.825845700425
8198    0.825844651275
8200    0.825844040343
8202    0.825827353101
8204    0.825827348148
8206    0.825827345033
8208    0.825826765975
8210    0.825810492538
8212    0.825809619668
8214    0.82580722684
8216    0.825807226569
8218    0.825804816189
8220    0.825801773769
8222    0.825794602587
8248    0.824915821846
8250    0.824915721135
8252    0.824915625103
8254    0.82491000438
8280    0.823949022739
8282    0.823947419902
8284    0.823940681956
8286    0.823940681893
8288    0.823940408083
8290    0.823940390193
8292    0.823940390094
8294    0.823940318645
8296    0.823940315356
8298    0.823940313031
8300    0.823940313012
8302    0.823940259519
8304    0.823940257839
8306    0.823940213788
8308    0.823940213787
8310    0.823940169781
8312    0.823939259223
8314    0.823939259221
8316    0.823925740966
8318    0.823925739775
8320    0.823925738945
8322    0.823925738944
8324    0.82391246329
8326    0.823911657771
8328    0.823899537861
8330    0.823899520126
8332    0.823880315672
8334    0.823876472858
8336    0.823859560634
8338    0.823855924682
8340    0.823845185303
8342    0.823834637904
8344    0.823820504861
8346    0.823820366811
8348    0.823807153352
8350    0.82379730754
8352    0.82379730754
8354    0.823781791755
8356    0.823778106921
8358    0.823778106774
8360    0.823759722275
8362    0.823759658935
8364    0.823759621032
8366    0.823759621006
8368    0.823741498711
8370    0.823738927168
8396    0.822460772967
8398    0.822460763295
8424    0.820390330337
8426    0.820371331942
8428    0.820359229393
8430    0.820346851683
8456    0.819132139256
8482    0.817942188362
8484    0.817940927633
8486    0.817938983935
8512    0.81630230211
8514    0.816292458813
8516    0.816292458291
8518    0.816281425508
8520    0.816276856744
8522    0.816274760285
8524    0.816255205158
8526    0.816243546033
8528    0.816232020347
8530    0.816231195553
8532    0.816211759202
8534    0.816199116843
8536    0.816181710774
8538    0.816181710774
8540    0.816162426682
8542    0.816161200781
8544    0.816161190032
8546    0.816149616278
8548    0.816149479329
8550    0.816149364947
8552    0.816149329414
8554    0.816138867018
8556    0.816137668159
8558    0.816129095415
8560    0.816129094249
8562    0.816118953124
8564    0.816118416189
8566    0.816112837205
8568    0.816105777084
8570    0.816103193569
8572    0.816100757837
8574    0.816097571453
8576    0.816091447083
8578    0.816088172067
8580    0.81608763109
8582    0.81608762044
8584    0.816085828486
8586    0.816085559839
8588    0.816076539387
8590    0.81607650744
8592    0.816068209555
8594    0.816068108419
8596    0.816059103031
8598    0.816058913201
8624    0.815312728139
8626    0.815311689756
8628    0.815311219734
8630    0.815295228383
8632    0.815295223873
8634    0.815295221037
8636    0.815294774423
8638    0.815279181212
8640    0.815278320773
8642    0.815275933277
8644    0.815275933025
8646    0.815273544153
8648    0.815270932704
8650    0.815264660077
8676    0.814649723803
8678    0.814649707878
8680    0.814649692694
8682    0.814644839688
8708    0.813941609069
8710    0.813939271541
8712    0.8139330583
8714    0.813933058248
8716    0.813932367499
8718    0.813932348972
8720    0.813932348912
8722    0.813932309099
8724    0.813932306033
8726    0.813932303865
8728    0.813932303857
8730    0.813932274018
8732    0.813932272449
8734    0.813932228383
8736    0.813932228382
8738    0.813932184386
8740    0.813931273621
8742    0.81393127362
8744    0.813918299964
8746    0.813918298853
8748    0.813918298077
8750    0.813918298076
8752    0.813905557189
8754    0.81390475401
8756    0.813893011548
8758    0.813892994049
8760    0.813874256016
8762    0.813870861215
8764    0.813854827186
8766    0.813851705628
8768    0.813841694054
8770    0.813831861481
8772    0.813818527297
8774    0.813818472419
8776    0.813806046393
8778    0.813796182495
8780    0.813796182495
8782    0.813780592977
8784    0.81377693147
8786    0.81377693138
8788    0.813760799264
8790    0.813760744639
8792    0.813760711951
8794    0.813760711939
8796    0.813744817266
8798    0.813742343627
8824    0.812715300471
8826    0.81271529062
8852    0.81092708001
8854    0.81091006847
8856    0.810898935218
8858    0.810887831037
8884    0.809743443751
8910    0.808631808958
8912    0.808631295747
8914    0.808630359319
8940    0.807088318024
8942    0.807079302389
8944    0.807079301936
8946    0.807069084983
8948    0.807064837344
8950    0.807062873996
8952    0.807043818209
8954    0.807032665157
8956    0.807021639802
8958    0.807020722977
8960    0.807001775987
8962    0.806989661723
8964    0.80697273304
8966    0.80697273304
8968    0.806953945037
8970    0.806952592254
8972    0.806952581293
8974    0.806941949364
8976    0.806941848622
8978    0.806941764481
8980    0.806941728388
8982    0.806932143634
8984    0.806931039241
8986    0.806923346782
8988    0.806923345686
8990    0.806914140211
8992    0.806913822265
8994    0.80690902931
8996    0.806902920409
8998    0.806900834639
9000    0.806898868168
9002    0.806896249891
9004    0.806890979572
9006    0.806888234466
9008    0.806887577999
9010    0.80688757208
9012    0.806885952679
9014    0.806885686356
9016    0.806877950006
9018    0.806877917295
9020    0.806870800582
9022    0.80687069795
9024    0.806864816043
9026    0.806864651236
9052    0.806264297013
9054    0.806263271737
9056    0.806262910937
9058    0.806247586524
9060    0.806247582318
9062    0.806247579673
9064    0.806247235826
9066    0.806232294474
9068    0.806231445351
9070    0.806229066534
9072    0.806229066301
9074    0.806226696871
9076    0.806224389055
9078    0.806218902618
9080    0.80620115367
9082    0.806201147057
9084    0.806201140752
9086    0.80619698677
9112    0.805606721154
9114    0.805604047281
9116    0.805598199692
9118    0.805598199655
9120    0.805597191907
9122    0.805597173077
9124    0.805597173061
9126    0.805597150875
9128    0.80559714791
9130    0.805597145815
9132    0.805597145814
9134    0.805597129162
9136    0.805597127642
9138    0.805597083562
9140    0.805597083561
9142    0.805597039585
9144    0.805596129698
9146    0.805596129698
9148    0.805583678892
9150    0.805583677829
9152    0.805583677087
9154    0.805583677086
9156    0.805571449608
9158    0.805570648282
9160    0.805559272492
9162    0.805559255228
9164    0.805540971608
9166    0.805537981035
9168    0.805522777546
9170    0.805520078258
9172    0.805510742625
9174    0.805501573937
9176    0.805488993454
9178    0.805488980797
9180    0.805477289844
9182    0.805467405877
9184    0.805467405877
9186    0.805451742265
9188    0.805448151821
9190    0.805448151749
9192    0.805434048488
9194    0.805433997686
9196    0.805433967288
9198    0.805433967281
9200    0.805420078038
9202    0.805417683236
9228    0.804606108219
9230    0.804606098448
9256    0.803070413022
9258    0.803055881325
9260    0.803045623528
9262    0.803035716325
9288    0.801985687887
9314    0.800973818894
9316    0.800973714322
9318    0.800973411073
9344    0.799550657656
9346    0.799542379415
9348    0.799542379022
9350    0.799532902172
9352    0.799528956353
9354    0.799527102988
9356    0.799508533006
9358    0.799497863085
9360    0.799487315375
9362    0.799486315011
9364    0.799467844329
9366    0.799456235026
9368    0.799439770704
9370    0.799439770704
9372    0.799421465687
9374    0.799420021875
9376    0.79942001068
9378    0.799410243421
9380    0.799410164771
9382    0.79941009908
9384    0.799410062413
9386    0.799401281887
9388    0.799400241851
9390    0.799393341176
9392    0.799393340146
9394    0.799384981573
9396    0.799384810183
9398    0.799380687187
9400    0.799375399318
9402    0.799373710873
9404    0.799372118992
9406    0.799369973393
9408    0.799365438166
9410    0.799363124475
9412    0.799362373389
9414    0.799362370059
9416    0.799360876806
9418    0.799360611582
9420    0.799353978715
9422    0.799353945598
9424    0.799347843964
9426    0.799347740375
9428    0.799344102764
9430    0.799343959451
9432    0.799323410777
9434    0.799322393418
9436    0.799322082324
9438    0.799307397042
9440    0.799307393355
9442    0.799307391036
9444    0.799307093975
9446    0.799292777236
9448    0.799291941338
9450    0.799289573341
9452    0.799289573125
9454    0.799287222022
9456    0.799285037809
9458    0.799280266937
9460    0.799265862336
9462    0.799265860282
9464    0.799265858324
9466    0.799262304505
9468    0.799241655251
9470    0.799238962776
9472    0.799233371487
9474    0.799233371463
9476    0.799232248579
9478    0.799232229612
9480    0.799232229612
9482    0.799232217248
9484    0.799232214327
9486    0.799232212263
9488    0.799232212255
9490    0.799232202956
9492    0.799232201458
9494    0.799232157369
9496    0.799232157369
9498    0.799232113415
9500    0.799231204977
9502    0.799231204977
9504    0.799219256112
9506    0.799219255082
9508    0.799219254364
9510    0.799219254363
9512    0.799207519763
9514    0.799206720082
9516    0.79919570046
9518    0.799195683429
9520    0.799177842497
9522    0.799175216189
9524    0.799160798224
9526    0.799158446722
9528    0.799149739006
9530    0.799141187033
9532    0.799129317645
9534    0.799129317624
9536    0.799118313057
9538    0.799108407202
9540    0.799108407202
9542    0.799092669093
9544    0.799089165526
9546    0.799089165462
9548    0.799076861203
9550    0.799076812591
9552    0.799076783504
9554    0.799076783498
9556    0.799064671651
9558    0.799062348305
9584    0.798431263006
9586    0.798431253512
9612    0.797117483183
9614    0.797105681787
9616    0.797096201857
9618    0.797087397961
9644    0.796147870097
9670    0.795249139144
9672    0.795249136556
9674    0.795249114276
9700    0.793961144617
9702    0.793953529257
9704    0.793953528917
9706    0.793944729899
9708    0.793941067699
9710    0.793939305332
9712    0.793921207977
9714    0.793910999324
9716    0.793900907642
9718    0.793899832091
9720    0.793881825005
9722    0.793870698565
9724    0.793854685899
9726    0.793854685898
9728    0.793836851074
9730    0.793835343285
9732    0.793835331839
9734    0.793826358332
9736    0.793826293579
9738    0.793826239495
9740    0.793826202242
9742    0.793818158658
9744    0.793817163146
9746    0.793810974572
9748    0.793810973606
9750    0.793803381728
9752    0.793803302763
9754    0.793799751149
9756    0.793795172125
9758    0.793793801278
9760    0.793792508824
9762    0.793790755918
9764    0.793786853433
9766    0.793784891969
9768    0.793784065373
9770    0.793784063473
9772    0.793782663577
9774    0.793782401473
9776    0.793776790176
9778    0.793776756047
9780    0.793771594026
9782    0.793771488655
9784    0.793767954339
9786    0.79376781577
9788    0.79374750341
9790    0.793746498367
9792    0.793746230419
9794    0.793732157657
9796    0.793732154253
9798    0.793732152114
9800    0.793731895702
9802    0.793718177502
9804    0.793717352808
9806    0.793714997048
9808    0.793714996848
9810    0.793712663463
9812    0.793710492389
9814    0.793706370093
9816    0.793692157548
9818    0.793692155828
9820    0.793692154188
9822    0.793689138472
9824    0.793668720997
9826    0.793666011919
9828    0.793660652175
9830    0.793660652159
9832    0.793659417098
9834    0.793659398072
9836    0.793659398066
9838    0.793659391175
9840    0.793659388274
9842    0.793659386223
9844    0.793659386206
9846    0.79365938101
9848    0.793659379521
9850    0.79365933543
9852    0.793659335429
9854    0.793659291499
9856    0.793658384834
9858    0.793658384834
9860    0.793646917896
9862    0.793646916892
9864    0.793646916192
9866    0.793646916192
9868    0.793635654818
9870    0.793634856718
9872    0.793624183097
9874    0.793624166298
9876    0.793606756736
9878    0.793604458231
9880    0.793590783362
9882    0.793588719274
9884    0.793580595048
9886    0.793572616152
9888    0.793561417744
9890    0.793561409426
9892    0.793551046036
9894    0.793541116705
9896    0.793541116705
9898    0.793525303785
9900    0.793521891324
9902    0.793521891261
9904    0.793511162229
9906    0.793511115239
9908    0.793511087122
9910    0.793511087117
9912    0.79350053092
9914    0.793498275599
9916    0.793478399067
9918    0.793478390134
9944    0.792285128058
9946    0.792276159316
9948    0.792267659612
9950    0.79225985317
9976    0.791442894644
10002    0.790666636304
10004    0.790666430982
10006    0.790666377877
10032    0.789524483919
10034    0.789517470348
10036    0.789517470054
10038    0.78950929776
10040    0.789505902022
10042    0.789504214994
10044    0.789486577533
10046    0.789476809363
10048    0.789467153155
10050    0.789466010412
10052    0.789448454635
10054    0.789437789999
10056    0.789422216682
10058    0.789422216682
10060    0.789404839662
10062    0.789403287789
10064    0.789403276078
10066    0.789395031216
10068    0.789394975453
10070    0.789394928878
10072    0.789394891029
10074    0.789387522758
10076    0.789386558526
10078    0.789381010342
10080    0.789381009435
10082    0.789374111793
10084    0.789374085217
10086    0.789371021258
10088    0.78936705441
10090    0.78936593782
10092    0.789364885078
10094    0.789363457878
10096    0.789360100081
10098    0.789358427059
10100    0.78935754136
10102    0.789357540258
10104    0.789356210252
10106    0.789355949302
10108    0.789351201572
10110    0.789351167002
10112    0.789346799306
10114    0.789346692983
10116    0.789343259871
10118    0.789343125889
10120    0.789323046725
10122    0.789322055702
10124    0.789321825188
10126    0.789308339443
10128    0.789308336233
10130    0.789308334215
10132    0.789308113102
10134    0.789294968471
10136    0.789294154177
10138    0.789291811627
10140    0.789291811442
10142    0.789289495484
10144    0.789287335426
10146    0.789283771043
10148    0.789269747656
10150    0.789269746196
10152    0.789269744803
10154    0.789267187663
10156    0.789246998784
10158    0.789244274884
10160    0.789239124572
10162    0.789239124562
10164    0.789237780844
10166    0.789237761796
10168    0.789237761786
10170    0.789237757945
10172    0.789237755051
10174    0.789237753005
10176    0.789237752983
10178    0.789237750077
10180    0.789237748591
10182    0.789237704504
10184    0.789237704503
10186    0.789237660596
10188    0.789236755902
10190    0.789236755901
10192    0.789225751644
10194    0.789225750663
10196    0.789225749978
10198    0.789225749978
10200    0.789214942935
10202    0.789214146413
10204    0.789203808875
10206    0.789203792306
10208    0.789186803054
10210    0.789184799064
10212    0.789171827194
10214    0.789170001429
10216    0.789162419515
10218    0.789154973251
10220    0.789144407966
10222    0.789144376961
10224    0.789134612677
10226    0.789124658419
10228    0.789124658419
10230    0.789108770333
10232    0.789105439672
10234    0.789105439609
10236    0.789095378794
10238    0.789095333363
10240    0.789095306177
10242    0.789095306173
10244    0.789085409936
10246    0.789083216702
10248    0.789065911153
10250    0.789065902796
10276    0.78798451925
10278    0.787978133422
10280    0.787970423917
10282    0.787963500809
10308    0.787268024006
10334    0.786611098011
10336    0.786610431792
10338    0.786610090241
10364    0.78561158997
10366    0.785605127292
10368    0.78560512704
10370    0.785597538204
10372    0.785594392745
10374    0.785592768077
10376    0.785575578186
10378    0.785566230716
10380    0.785556990424
10382    0.785555787987
10384    0.785538671624
10386    0.785528448707
10388    0.785513302814
10390    0.785513302814
10392    0.785496371586
10394    0.785494790031
10396    0.785494778046
10398    0.785487202071
10400    0.785487152269
10402    0.785487110673
10404    0.785487072222
10406    0.785480322802
10408    0.785479380921
10410    0.785474408579
10412    0.785474407727
10414    0.785468138845
10416    0.785468135439
10418    0.785465487983
10420    0.785462049992
10422    0.785461137291
10424    0.785460276773
10426    0.785459119217
10428    0.785456230338
10430    0.78545479427
10432    0.785453863035
10434    0.785453862385
10436    0.785452585291
10438    0.785452324588
10440    0.785448306943
10442    0.785448272213
10444    0.785444576096
10446    0.78544446924
10448    0.785441135261
10450    0.785441005714
10452    0.785421156706
10454    0.785420180333
10456    0.785419982275
10458    0.785407059134
10460    0.785407056082
10462    0.785407054164
10464    0.785406863687
10466    0.785394268728
10468    0.785393464507
10470    0.785391135887
10472    0.785391135715
10474    0.785388837066
10476    0.785386686152
10478    0.785383601883
10480    0.785369764879
10482    0.785369763618
10484    0.785369762417
10486    0.785367595937
10488    0.785347632609
10490    0.785344895474
10492    0.785339934824
10494    0.785339934817
10496    0.78533848638
10498    0.785338467327
10500    0.785338467314
10502    0.785338465174
10504    0.785338462282
10506    0.785338460238
10508    0.785338460214
10510    0.785338458586
10512    0.785338457101
10514    0.785338413023
10516    0.785338413023
10518    0.785338369139
10520    0.785337466553
10522    0.785337466553
10524    0.785326906522
10526    0.785326905561
10528    0.785326904892
10530    0.785326904891
10532    0.785316534057
10534    0.785315739148
10536    0.785305728065
10538    0.785305711725
10540    0.78528913206
10542    0.7852873922
10544    0.785275085496
10546    0.785273458022
10548    0.785266380282
10550    0.785259429189
10552    0.785249461345
10554    0.785249398186
10556    0.785240193888
10558    0.785230213429
10560    0.785230213429
10562    0.785214249868
10564    0.785211002767
10566    0.785211002705
10568    0.785201577063
10570    0.785201532863
10572    0.785201506414
10574    0.78520150641
10576    0.785192237329
10578    0.785190103771
10580    0.785175143299
10582    0.785175135517
10608    0.784197479654
10610    0.784193283382
10612    0.784186202666
10614    0.784180048521
10640    0.783599141635
10656    0.783280020634
10658    0.783278831469
10660    0.7832780961
10686    0.782397223202
10688    0.782391288333
10690    0.782391288114
10692    0.782384267876
10694    0.782381357407
10696    0.78237978422
10698    0.782363029904
10700    0.782354084271
10702    0.782345241243
10704    0.7823439861
10706    0.782327297567
10708    0.782317497179
10710    0.782302767082
10712    0.782302767082
10714    0.782286269935
10716    0.782284669025
10718    0.782284656758
10720    0.782277694803
10722    0.782277649044
10724    0.782277610823
10726    0.782277571761
10728    0.782271389442
10730    0.782270463847
10732    0.782266009226
10734    0.782266008427
10736    0.782260309102
10738    0.782260307914
10740    0.782258016466
10742    0.782255035486
10744    0.782254286573
10746    0.782253580475
10748    0.782252645681
10750    0.782250160502
10752    0.782248919721
10754    0.782247953903
10756    0.78224795351
10758    0.782246716937
10760    0.782246456076
10762    0.782243055723
10764    0.782243020966
10766    0.782239892699
10768    0.782239785527
10770    0.782236548612
10772    0.782236423354
10774    0.782216801462
10776    0.782215839939
10778    0.782215669999
10780    0.782203286047
10782    0.782203283135
10784    0.782203281306
10786    0.782203117403
10788    0.782191049198
10790    0.782190254909
10792    0.782187940761
10794    0.782187940602
10796    0.782185659237
10798    0.782183515807
10800    0.782180844866
10802    0.782167191527
10804    0.782167190421
10806    0.782167189367
10808    0.782165355551
10810    0.782145614778
10812    0.78214286582
10814    0.782138077103
10816    0.782138077099
10818    0.782136528162
10820    0.782136509111
10822    0.782136509099
10824    0.782136507905
10826    0.782136505014
10828    0.78213650297
10830    0.782136502945
10832    0.782136502032
10834    0.782136500547
10836    0.782136456481
10838    0.782136456481
10840    0.78213641262
10842    0.78213551225
10844    0.78213551225
10846    0.78212537871
10848    0.782125377769
10850    0.782125377113
10852    0.782125377112
10854    0.782115425076
10856    0.782114631823
10858    0.782104937812
10860    0.782104921699
10862    0.782088741157
10864    0.782087237689
10866    0.7820755604
10868    0.78207409846
10870    0.782067489527
10872    0.782060998869
10874    0.782051594798
10876    0.782051493678
10878    0.782042812947
10880    0.78203280513
10882    0.78203280513
10884    0.782016765764
10886    0.782013601731
10888    0.782013601669
10890    0.782004775887
10892    0.782004732791
10894    0.782004707002
10896    0.782004706998
10898    0.781996030056
10900    0.781993954561
10902    0.781981174634
10904    0.781981167388
10930    0.781101506684
10932    0.781098818063
10934    0.781092219816
10936    0.781086667172
10938    0.781067202517
10940    0.781047786359
10942    0.781046422745
10944    0.781045555559
10970    0.780215524332
10972    0.780210140126
10974    0.780210139932
10976    0.78020372154
10978    0.780201031619
10980    0.780199500631
10982    0.780183170203
10984    0.780174608422
10986    0.780166144875
10988    0.780164843563
10990    0.780148571567
10992    0.780139175376
10994    0.780124849739
10996    0.780124849739
10998    0.78010877524
11000    0.780107162334
11002    0.780107149778
11004    0.780100751478
11006    0.780100708516
11008    0.780100672631
11010    0.780100632953
11012    0.780094970295
11014    0.780094056851
11016    0.78009006762
11018    0.78009006687
11020    0.780084883565
11022    0.78008486993
11024    0.780082883029
11026    0.780080297089
11028    0.780079680009
11030    0.780079098204
11032    0.780078347003
11034    0.780076209383
11036    0.780075130089
11038    0.780074138386
11040    0.780074138146
11042    0.780072932977
11044    0.780072671802
11046    0.780069793418
11048    0.780069758698
11050    0.780067110617
11052    0.780067003242
11054    0.780063861332
11056    0.78006374022
11058    0.780044342397
11060    0.780043395746
11062    0.78004325015
11064    0.780031382915
11066    0.780031380138
11068    0.780031378392
11070    0.780031237523
11072    0.780019674083
11074    0.780018889655
11076    0.780016590407
11078    0.78001659026
11080    0.780014326201
11082    0.780012188784
11084    0.780009873824
11086    0.779996401474
11088    0.779996400487
11090    0.779996399546
11092    0.779994848876
11094    0.779975327699
11096    0.779972568164
11098    0.779967935454
11100    0.779967935451
11102    0.779966290419
11104    0.779966271372
11106    0.779966271359
11108    0.779966270695
11110    0.779966267803
11112    0.779966265758
11114    0.779966265734
11116    0.77996626522
11118    0.779966263734
11120    0.779966219683
11122    0.779966219683
11124    0.779966175845
11126    0.779965277777
11128    0.779965277777
11130    0.779955553675
11132    0.779955552754
11134    0.77995555211
11136    0.779955552109
11138    0.779946002128
11140    0.779945210583
11142    0.77993582449
11144    0.779935808604
11146    0.779920016965
11148    0.779918724571
11150    0.779907642906
11152    0.779906319603
11154    0.779900146671
11156    0.779894084227
11158    0.779885212153
11160    0.779885069967
11162    0.77987687888
11164    0.779866842643
11166    0.779866842643
11168    0.779850727107
11170    0.77984764482
11172    0.779847644758
11174    0.779839380284
11176    0.779839338236
11178    0.779839313074
11180    0.77983931307
11182    0.779831190082
11184    0.779829171304
11186    0.779818503854
11188    0.779818497032
11214    0.779035153901
11216    0.77903299189
11218    0.779026743442
11220    0.779021519422
11222    0.779003509195
11224    0.778985545086
11226    0.778984010504
11228    0.77898300806
11254    0.778202439428
11256    0.778197553728
11258    0.778197553557
11260    0.778191683279
11262    0.778189200265
11264    0.778187703884
11266    0.77817178605
11268    0.778163590995
11270    0.778155489998
11272    0.778154148273
11274    0.7781382819
11276    0.77812927242
11278    0.778115340274
11280    0.778115340274
11282    0.778099677362
11284    0.778098057698
11286    0.778098044848
11288    0.77809216401
11290    0.778092123022
11292    0.778092088786
11294    0.778092048486
11296    0.778086862036
11298    0.778085957924
11300    0.778082386983
11302    0.77808238628
11304    0.778077670603
11306    0.778077634602
11308    0.778075908464
11310    0.778073664119
11312    0.778073153379
11314    0.778072671831
11316    0.778072071537
11318    0.778070233153
11320    0.778069287861
11322    0.778068277117
11324    0.778068276965
11326    0.778067096471
11328    0.778066834935
11330    0.778064397975
11332    0.77806436332
11334    0.778062121344
11336    0.778062013834
11338    0.778058964893
11340    0.778058847792
11342    0.778039671093
11344    0.77803873927
11346    0.77803861473
11348    0.778027242729
11350    0.778027240078
11352    0.778027238414
11354    0.778027117495
11356    0.778016037794
11358    0.778015263185
11360    0.778012979196
11362    0.778012979059
11364    0.778010732364
11366    0.778008599669
11368    0.778006591446
11370    0.777993297532
11372    0.777993296635
11374    0.77799329578
11376    0.777991985991
11378    0.777972681594
11380    0.777969912594
11382    0.777965421586
11384    0.777965421584
11386    0.777963684965
11388    0.777963665923
11390    0.777963665912
11392    0.777963665541
11394    0.777963662648
11396    0.777963660603
11398    0.777963660579
11400    0.77796366029
11402    0.777963658803
11404    0.777963614769
11406    0.777963614769
11408    0.777963570954
11410    0.77796267527
11412    0.77796267527
11414    0.777953344268
11416    0.777953343364
11418    0.777953342734
11420    0.777953342734
11422    0.777944178762
11424    0.77794338898
11426    0.777934301934
11428    0.777934286271
11430    0.777918873642
11432    0.777917769226
11434    0.777907251307
11436    0.777906044488
11438    0.777900277154
11440    0.777894613059
11442    0.777886243042
11444    0.777886058642
11446    0.777878325642
11448    0.777868260072
11450    0.777868260072
11452    0.777852068071
11454    0.777849065889
11456    0.777849065827
11458    0.777841326963
11460    0.777841285937
11462    0.777841261385
11464    0.777841261381
11466    0.777833656999
11468    0.7778316937
11470    0.777822870963
11472    0.777822864562
11498    0.777126285851
11500    0.777124593163
11502    0.777118656618
11504    0.777113734984
11506    0.777097123865
11508    0.777080556368
11510    0.777078855864
11512    0.777077716215
11538    0.776345041757
11540    0.776340607558
11542    0.776340607407
11544    0.776335236567
11546    0.776332947558
11548    0.776331479406
11550    0.776315963188
11552    0.776308118518
11554    0.776300363911
11556    0.776298986935
11558    0.77628351557
11560    0.776274876085
11562    0.776261326755
11564    0.776261326755
11566    0.776246064663
11568    0.776244441967
11570    0.776244428816
11572    0.77623902305
11574    0.776238983486
11576    0.77623895044
11578    0.776238909513
11580    0.776234159445
11582    0.776233262741
11584    0.776230067689
11586    0.776230067029
11588    0.776225775211
11590    0.776225710484
11592    0.776224207829
11594    0.77622225896
11596    0.776221834191
11598    0.776221433697
11600    0.776220957064
11602    0.776219376311
11604    0.776218542604
11606    0.776217518159
11608    0.776217518061
11610    0.776216357244
11612    0.776216095359
11614    0.776214031744
11616    0.776213997166
11618    0.776212098679
11620    0.776211991075
11622    0.776209033085
11624    0.776208919864
11626    0.77618996137
11628    0.776189044295
11630    0.776188937952
11632    0.776178040585
11634    0.77617803806
11636    0.776178036473
11638    0.776177932823
11640    0.776167316706
11642    0.776166551882
11644    0.776164283453
11646    0.776164283327
11648    0.776162054064
11650    0.77615992495
11652    0.77615818116
11654    0.776145063185
11656    0.776145062356
11658    0.776145061565
11660    0.776143956585
11662    0.776124866213
11664    0.776122088733
11666    0.776117726543
11668    0.776117726542
11670    0.77611590288
11672    0.776115883843
11674    0.776115883832
11676    0.776115883625
11678    0.776115880732
11680    0.776115878686
11682    0.776115878662
11684    0.776115878498
11686    0.776115877012
11688    0.776115832996
11690    0.776115832996
11692    0.776115789204
11694    0.77611489598
11696    0.77611489598
11698    0.776105942381
11700    0.776105941497
11702    0.776105940879
11704    0.776105940878
11706    0.776097147508
11708    0.776096359545
11710    0.776087562905
11712    0.776087547465
11714    0.776072504204
11716    0.776071566691
11718    0.776061582397
11720    0.776060473745
11722    0.776055083798
11724    0.776049790345
11726    0.776041894135
11728    0.776041667768
11730    0.776034363455
11732    0.77602426773
11734    0.77602426773
11736    0.776007998969
11738    0.776005075197
11740    0.776005075134
11742    0.775997827174
11744    0.775997787144
11746    0.775997763189
11748    0.775997763185
11750    0.775990643057
11752    0.775988734006
11754    0.775981510206
11756    0.775981504218
11782    0.775362848515
11784    0.775361566416
11786    0.775355908147
11788    0.775351264348
11790    0.77533599197
11792    0.775320760639
11794    0.77531890049
11796    0.775317623053
11822    0.774631120369
11824    0.774627095279
11826    0.774627095145
11828    0.774622179612
11830    0.774620072403
11832    0.774618627114
11834    0.774603501835
11836    0.774595991953
11838    0.774588568316
11840    0.774587160687
11842    0.774572074004
11844    0.774563788538
11846    0.774550611634
11848    0.774550611634
11850    0.774535739876
11852    0.774534116799
11854    0.774534103344
11856    0.774529133752
11858    0.774529095238
11860    0.774529063069
11862    0.774529021511
11864    0.77452467132
11866    0.774523780719
11868    0.774520923382
11870    0.774520922764
11872    0.774517015212
11874    0.774516918039
11876    0.77451560711
11878    0.77451391391
11880    0.774513558815
11882    0.774513224011
11884    0.774512848354
11886    0.774511489409
11888    0.77451074895
11890    0.774509714953
11892    0.774509714888
11894    0.774508570028
11896    0.774508307826
11898    0.774506560013
11900    0.774506525516
11902    0.774504917588
11904    0.774504809917
11906    0.774501940877
11908    0.774501831408
11910    0.774483088227
11912    0.77448218581
11914    0.774482095176
11916    0.774471652699
11918    0.774471650293
11920    0.774471648783
11922    0.774471560067
11924    0.774461388212
11926    0.774460633137
11928    0.774458380528
11930    0.774458380411
11932    0.77445616865
11934    0.774454042114
11936    0.7744525264
11938    0.774439581922
11940    0.774439581142
11942    0.774439580398
11944    0.774438649452
11946    0.774419770401
11948    0.774416985309
11950    0.774412740321
11952    0.77441274032
11954    0.774410834135
11956    0.774410815103
11958    0.774410815093
11960    0.774410814978
11962    0.774410812084
11964    0.774410810038
11966    0.774410810015
11968    0.774410809922
11970    0.774410808435
11972    0.774410764438
11974    0.774410764438
11976    0.774410720669
11978    0.774409829978
11980    0.774409829978
11982    0.774401238704
11984    0.774401237838
11986    0.774401237233
11988    0.774401237232
11990    0.774392799657
11992    0.774392013567
11994    0.774383498919
11996    0.7743834837
11998    0.774368800412
12000    0.774368010587
12002    0.774358531453
12004    0.774357505767
12006    0.774352467023
12008    0.774347518497
12010    0.774340069441
12012    0.774339802324
12014    0.7743328993
12016    0.774322772679
12018    0.774322772679
12020    0.77430642686
12022    0.774303579788
12024    0.774303579724
12026    0.774296789269
12028    0.774296750212
12030    0.774296726839
12032    0.774296726836
12034    0.774290057913
12036    0.774288201878
12038    0.77428235344
12040    0.774282347854
12056    0.773957298712
12058    0.773956381373
12060    0.773950995774
12062    0.773946606911
12064    0.773932661957
12066    0.773918755284
12068    0.773916729253
12070    0.773915314785
12096    0.77327493729
12098    0.773271283112
12100    0.773271282994
12102    0.773266782787
12104    0.77326484583
12106    0.773263418873
12108    0.77324867414
12110    0.77324148415
12112    0.773234376756
12114    0.773232942553
12116    0.77321823049
12118    0.77321028376
12120    0.773197469159
12122    0.773197469159
12124    0.773182977512
12126    0.773181355947
12128    0.773181342185
12130    0.773176773069
12132    0.77317673535
12134    0.773176703844
12136    0.773176661651
12138    0.773172677879
12140    0.773171792496
12142    0.773169238508
12144    0.773169237929
12146    0.773165678819
12148    0.773165547418
12150    0.773164401143
12152    0.773162929246
12154    0.773162630765
12156    0.773162349337
12158    0.773162055799
12160    0.773160887809
12162    0.773160225554
12164    0.773159185217
12166    0.773159185174
12168    0.773158053497
