26    5.09430811005
52    4.94431983209
78    4.89641514607
104    4.88211474166
127    4.87924674448
153    4.77533517732
179    4.7309791358
205    4.66953254255
231    4.54898019082
242    4.42435699067
268    4.39978383093
280    4.27613312347
306    4.25358937263
332    4.12916038138
358    4.08912694918
380    3.96495345314
389    3.96460470104
415    3.86087994114
441    3.81828011896
467    3.7135764082
493    3.59119589564
519    3.58116754262
545    3.56492585572
571    3.44398469518
597    3.43509306017
623    3.34379032536
649    3.32727319431
662    3.20274210546
688    3.17508901644
714    3.05707050717
740    3.02359310123
766    3.00532118021
792    2.88646635024
818    2.76885938266
844    2.75854668694
870    2.63978525695
896    2.61948448345
922    2.49429050643
948    2.38167182081
968    2.25741984123
994    2.25376647903
1018    2.13081741273
1044    2.11848239529
1070    1.99651402582
1088    1.87228394344
1112    1.74828446196
1133    1.74599466898
1159    1.68925144647
1185    1.6572105622
1211    1.51656671756
1237    1.39312810951
1263    1.26943781474
1265    1.26943661515
1291    1.14782740402
1314    1.14456753388
1340    1.04011255483
1366    0.66685485132
1392    0.649708403531
1394    0.649706636152
1420    0.636090595776
1446    0.624035505765
1472    0.609956673532
1498    0.600978418868
1500    0.600977276052
1509    0.600762296984
1535    0.590051244519
1561    0.568475107732
1563    0.568457059037
1565    0.568457055494
1591    0.562234166044
1593    0.562234165499
1619    0.557336855716
1622    0.557298375639
1648    0.542917380728
1650    0.542917174436
1652    0.542916508699
1662    0.542658250949
1688    0.53105628656
1714    0.528176271888
1716    0.528171723194
1742    0.519803982019
1744    0.519791187734
1746    0.519791140403
1769    0.518981857027
1795    0.500959782774
1821    0.491512333533
1823    0.491511963874
1849    0.489625651306
1851    0.489621255674
1877    0.477482370781
1903    0.468659575868
1906    0.468620012209
1910    0.468554865074
1936    0.462023936648
1938    0.462022950878
1964    0.455592663948
1984    0.454532160225
1998    0.454030003275
2000    0.454029951929
2002    0.454029208419
2004    0.454029207311
2027    0.453061612699
2039    0.45258776544
2041    0.452587751552
2043    0.452587738274
2045    0.452586564314
2071    0.445610257923
2097    0.441115862628
2123    0.438129360697
2125    0.438129150535
2127    0.438129098848
2129    0.438129098842
2131    0.438128848561
2133    0.438112300183
2159    0.433770457698
2161    0.433762133921
2187    0.432549014056
2189    0.432547489194
2215    0.426129796296
2241    0.420216858547
2267    0.415266662539
2293    0.409339588357
2295    0.409339556378
2297    0.409338327777
2323    0.404659524735
2349    0.393865184333
2351    0.393863983813
2353    0.39386398367
2379    0.391986325522
2381    0.391986325466
2407    0.389830612952
2409    0.38981661752
2435    0.383905972207
2437    0.383905971135
2439    0.383905934796
2441    0.383903565645
2467    0.378557223091
2481    0.378161537653
2483    0.378161111451
2509    0.372501909154
2511    0.372499140607
2513    0.372498808038
2515    0.37247977785
2541    0.362308185866
2567    0.356292807765
2569    0.356292564242
2571    0.356276888489
2573    0.356276476265
2599    0.348808894406
2625    0.344008665338
2627    0.34400741863
2629    0.344004947492
2655    0.340115681642
2657    0.340115640722
2683    0.336753308932
2685    0.336735705988
2687    0.336732039926
2689    0.336732034977
2691    0.336731916969
2693    0.336731916719
2695    0.33671229879
2697    0.336694315515
2699    0.336694315218
2701    0.336694307456
2703    0.336694235911
2729    0.335686650346
2755    0.333996837392
2781    0.332677189474
2783    0.332677059775
2785    0.332677049216
2787    0.332677049213
2789    0.332677045188
2791    0.332661822824
2809    0.332106872691
2811    0.332099651104
2813    0.332082477815
2815    0.332081060215
2841    0.328506538982
2867    0.32494489321
2893    0.323002501606
2919    0.319089422605
2921    0.319089421024
2923    0.319089404875
2949    0.316397357741
2975    0.309524943205
2977    0.309524835021
2979    0.309524834993
3005    0.308813528528
3007    0.308813528521
3033    0.30743573309
3035    0.307424581871
3061    0.304814040651
3063    0.304814040336
3065    0.304814034542
3067    0.304813446674
3093    0.301739031712
3095    0.301719585869
3097    0.301719252458
3123    0.297875712651
3125    0.297873323162
3127    0.297872864684
3129    0.297854766501
3155    0.291163962858
3181    0.287239264793
3183    0.28723912458
3185    0.287232835722
3187    0.287232739383
3213    0.282259816913
3239    0.279455681638
3241    0.279455573007
3243    0.279453607461
3269    0.277125071715
3271    0.277125066228
3297    0.275028255498
3299    0.275012314679
3301    0.275009237343
3303    0.275009234168
3305    0.275009133862
3307    0.275009133735
3309    0.274990806043
3311    0.274974877047
3313    0.274974877035
3315    0.274974871956
3317    0.274974863405
3319    0.274962730285
3345    0.273979514933
3371    0.273218404291
3373    0.273218321325
3375    0.273218301003
3377    0.273218301
3379    0.273218300755
3381    0.273204255392
3383    0.273185121326
3385    0.273178671284
3387    0.273162558443
3389    0.273161197914
3415    0.270979426592
3441    0.268554535381
3467    0.267698607412
3493    0.265096615057
3495    0.265096606136
3497    0.265096560182
3523    0.263246102912
3549    0.258363664407
3551    0.258363654154
3553    0.258363654131
3555    0.258347657239
3557    0.258347657237
3583    0.257304227323
3585    0.257295345416
3611    0.256033666162
3613    0.256033664964
3615    0.256033663186
3617    0.25603350123
3643    0.253911620578
3645    0.253893335183
3647    0.253893069714
3673    0.251295632897
3675    0.25129356353
3677    0.251293167874
3679    0.25127605422
3705    0.24664829682
3731    0.244014895588
3733    0.244014815212
3735    0.244012158693
3737    0.24401212595
3763    0.240509751153
3789    0.238556512875
3791    0.238556500701
3793    0.238554929707
3819    0.237094476758
3821    0.23709447549
3847    0.235505226563
3849    0.235490736536
3851    0.235488147943
3853    0.235488145796
3855    0.235488059865
3857    0.235488059786
3859    0.235470897259
3861    0.235456944118
3863    0.235456944117
3865    0.235456940717
3867    0.235456937526
3869    0.235450795872
3885    0.235083466344
3889    0.235019496731
3891    0.235019441929
3893    0.235019426456
3895    0.235019426454
3897    0.235019425507
3899    0.235006416059
3901    0.234988370603
3903    0.234982474506
3905    0.234967351598
3907    0.234966027711
3933    0.233565402707
3959    0.23175534987
3964    0.231669476023
3990    0.229926228336
3992    0.229926211035
3994    0.229926074142
4020    0.228511465821
4046    0.22483335151
4048    0.22483335082
4050    0.224833350786
4052    0.224821766435
4054    0.224821766434
4080    0.224034999137
4082    0.224027897135
4105    0.223435123589
4107    0.223435121768
4109    0.223435121056
4111    0.223435083426
4137    0.221791919037
4139    0.221774741254
4141    0.221774527704
4167    0.220002197953
4169    0.220000399743
4171    0.220000090544
4173    0.219983886526
4199    0.216643623942
4225    0.214830294061
4227    0.214830245945
4229    0.214829093308
4231    0.214829080083
4257    0.212250914896
4283    0.210621593017
4285    0.210621591339
4287    0.210620331594
4313    0.209645062468
4315    0.209645061855
4341    0.208243976082
4343    0.208230756866
4345    0.208228574928
4347    0.208228573358
4349    0.208228499216
4351    0.208228499157
4353    0.208212393989
4355    0.208200191513
4357    0.208200191503
4359    0.208200186723
4361    0.208200183479
4363    0.208195291548
4365    0.208174723395
4367    0.208154342896
4369    0.208154305592
4371    0.208154293423
4373    0.208154293421
4375    0.2081542918
4377    0.208142180908
4379    0.208125153249
4381    0.208119667936
4383    0.208105470549
4385    0.208104174723
4411    0.207177274234
4437    0.205736670892
4439    0.205719395222
4465    0.204502618622
4467    0.204502603142
4469    0.204502451893
4495    0.203371541447
4521    0.200534132408
4523    0.200534132333
4525    0.20053413229
4527    0.200525845758
4529    0.200525845758
4550    0.200056017185
4552    0.200050310036
4554    0.200029314501
4556    0.200029312438
4558    0.200029312263
4560    0.200029309167
4586    0.198660007897
4588    0.198643898497
4590    0.198643725339
4616    0.197413420846
4618    0.197411853049
4620    0.197411616897
4622    0.197396234341
4648    0.194899098982
4674    0.193617196534
4676    0.193617165868
4678    0.193616661312
4680    0.193616655605
4706    0.191645325461
4732    0.190129078429
4734    0.190129078188
4736    0.190128065241
4762    0.189433722788
4764    0.189433722362
4790    0.188100328598
4792    0.188088226184
4794    0.18808638329
4796    0.188086382048
4798    0.188086317665
4800    0.188086317615
4802    0.188071175926
4804    0.188060505718
4806    0.188060505703
4808    0.188060502028
4810    0.188060494682
4812    0.188055852681
4814    0.188035757536
4816    0.188015853663
4818    0.188015827466
4820    0.188015817594
4822    0.188015817592
4824    0.188015815498
4826    0.188004490392
4828    0.187988415511
4830    0.187983243894
4832    0.18796991258
4834    0.187968641021
4860    0.187362229275
4886    0.186170798731
4888    0.186157017617
4914    0.185281119711
4916    0.185281107535
4918    0.185280969234
4944    0.184369190701
4970    0.182139032913
4972    0.182139032439
4974    0.182139032397
4976    0.182132895691
4978    0.182132895691
4980    0.18211185648
4982    0.182107236394
4984    0.182088742936
4986    0.182088740817
4988    0.182088740539
4990    0.182088739717
5016    0.180905690387
5018    0.180890581361
5020    0.180890439899
5046    0.180017343738
5048    0.180015972299
5050    0.180015791773
5052    0.180001153273
5078    0.178076109945
5104    0.177144529086
5106    0.177144508199
5108    0.177144289034
5110    0.177144286556
5136    0.1755802742
5162    0.174108519558
5164    0.174108519536
5166    0.174107702898
5175    0.17393429715
5177    0.173934296893
5203    0.172624308061
5205    0.172613191185
5207    0.172611631516
5209    0.172611630466
5211    0.172611574232
5213    0.172611574185
5215    0.17259731352
5217    0.172587954659
5219    0.172587954641
5221    0.172587951678
5223    0.172587940523
5225    0.17258353258
5227    0.172563896372
5229    0.172544454599
5231    0.172544435607
5233    0.172544427365
5235    0.172544427363
5237    0.17254442502
5239    0.17253379212
5241    0.172518609881
5243    0.172513684739
5245    0.172501164346
5247    0.172499915222
5249    0.172480628331
5275    0.171443613222
5277    0.171432811295
5303    0.170790190307
5305    0.170790183535
5307    0.170790063787
5333    0.170053119746
5359    0.168262775739
5361    0.168262775255
5363    0.16826277522
5365    0.168257741559
5367    0.168257741559
5369    0.168236707043
5371    0.168232947174
5373    0.168217029304
5375    0.16821702717
5377    0.168217026961
5379    0.168217026624
5405    0.167182449203
5407    0.16716827743
5409    0.167168160967
5435    0.166532604755
5437    0.16653140116
5439    0.166531261487
5441    0.166517302289
5467    0.164988208574
5493    0.164291340068
5495    0.164291333424
5497    0.164291240936
5499    0.164291240013
5525    0.1630011072
5551    0.161563092384
5553    0.161563092371
5555    0.161562432215
5557    0.161542664046
5559    0.16154266384
5585    0.160261981648
5587    0.160251735602
5589    0.160250412981
5591    0.160250412049
5593    0.160250362675
5595    0.160250362627
5597    0.160236910086
5599    0.160228676621
5601    0.1602286766
5603    0.160228674111
5605    0.160228660017
5607    0.160224471434
5609    0.16020528147
5611    0.160186288216
5613    0.160186274005
5615    0.160186266944
5617    0.160186266941
5619    0.160186264536
5621    0.160176245538
5623    0.160161900142
5625    0.16015717424
5627    0.16014541351
5629    0.160144185817
5631    0.160127065438
5657    0.159219616
5659    0.159211192391
5663    0.159147106668
5665    0.159147100156
5667    0.159147081882
5691    0.158615105179
5717    0.15714307338
5719    0.157143072889
5721    0.157143072858
5723    0.157139186623
5725    0.157139186623
5727    0.157118353881
5729    0.157115280775
5731    0.157101712111
5733    0.157101709971
5735    0.157101709819
5737    0.157101709645
5763    0.156192675093
5765    0.156179381398
5767    0.156179284729
5769    0.156158623871
5771    0.156157564167
5773    0.156157553652
5775    0.156144304112
5801    0.154869224017
5813    0.154620774236
5815    0.15462077076
5817    0.15462071419
5819    0.154620714163
5845    0.153518564121
5871    0.152127992455
5873    0.152127992421
5875    0.152127457367
5877    0.152109014439
5879    0.152109014255
5905    0.150872577477
5907    0.15086310216
5909    0.150861978316
5911    0.15086197746
5913    0.150861933901
5915    0.150861933852
5917    0.150849224546
5919    0.150841959052
5921    0.150841959031
5923    0.150841956866
5925    0.150841940832
5927    0.150837957971
5929    0.150819202345
5931    0.150800644741
5933    0.150800633773
5935    0.150800627585
5937    0.150800627584
5939    0.150800625249
5941    0.150791154111
5943    0.150777593605
5945    0.150773033326
5947    0.150761984505
5949    0.150760777588
5951    0.150745794329
5977    0.149952952869
5979    0.149946227303
5981    0.149925830414
5983    0.14992582445
5985    0.149925812228
5987    0.14990496782
6013    0.148656238087
6015    0.148656237603
6017    0.148656237574
6019    0.148653225918
6021    0.148653225918
6023    0.148632480535
6025    0.148629957032
6027    0.14861844533
6029    0.148618443184
6031    0.148618443075
6033    0.148618442963
6059    0.147819054834
6061    0.147806583667
6063    0.147806503164
6065    0.147787340574
6067    0.147786404556
6069    0.147786395981
6071    0.147773709599
6097    0.146678126229
6100    0.146635564195
6102    0.146635561037
6104    0.146635539775
6106    0.146635539128
6132    0.145646424973
6158    0.144318508788
6160    0.144318508757
6162    0.144318073983
6164    0.144301001258
6166    0.1443010011
6192    0.143122509462
6194    0.143113717715
6196    0.143112760877
6198    0.143112760072
6200    0.14311272148
6202    0.143112721428
6204    0.143100697367
6206    0.143094266032
6208    0.14309426601
6210    0.143094264075
6212    0.143094247019
6214    0.143090457234
6216    0.143072124701
6218    0.143053990623
6220    0.143053981906
6222    0.143053976377
6224    0.143053976375
6226    0.143053974195
6228    0.143044994912
6230    0.143032170945
6232    0.143027752107
6234    0.143017370737
6236    0.143016184103
6238    0.143003172858
6264    0.142311305492
6266    0.142304859881
6268    0.142285613988
6270    0.142285608008
6272    0.142285590146
6274    0.142265040465
6300    0.141178391967
6302    0.141178391498
6304    0.14117839147
6306    0.141176046826
6308    0.141176046826
6310    0.141155316895
6312    0.141153233949
6314    0.141143488096
6316    0.141143485944
6318    0.141143485865
6320    0.141143485779
6346    0.140441378608
6348    0.140429678094
6350    0.140429610045
6352    0.140411959844
6354    0.140411130541
6356    0.140411122044
6358    0.140398962919
6384    0.139432839289
6386    0.139412395139
6388    0.139412392265
6390    0.139412385209
6392    0.139412384331
6418    0.138491290375
6444    0.137239135795
6446    0.137239135771
6448    0.137238781574
6450    0.137223117271
6452    0.137223117137
6478    0.136114184526
6480    0.136106000136
6482    0.136105183882
6484    0.136105183114
6486    0.136105148789
6488    0.136105148735
6490    0.136093757829
6492    0.136088046497
6494    0.136088046475
6496    0.136088044707
6498    0.136088027383
6500    0.136084418939
6502    0.136066498744
6504    0.136048776712
6506    0.13604876959
6508    0.136048764569
6510    0.136048764567
6512    0.136048762589
6514    0.13604022737
6516    0.136028094874
6518    0.136023799877
6520    0.136014044516
6522    0.136012877745
6524    0.13600164035
6550    0.135400268601
6552    0.135394081295
6554    0.135376092126
6556    0.135376087073
6558    0.135376065801
6560    0.135355796713
6586    0.134387020402
6588    0.134387019949
6590    0.13438701992
6592    0.134385191354
6594    0.134385191354
6596    0.134364445783
6598    0.134362716447
6600    0.134354470966
6602    0.134354468805
6604    0.134354468748
6606    0.134354468673
6632    0.133739177074
6634    0.133728198719
6636    0.133728140395
6638    0.133711871302
6640    0.133711134351
6642    0.133711126252
6644    0.133699463772
6670    0.132825091998
6672    0.132805604588
6674    0.132805602029
6676    0.132805600308
6678    0.132805599415
6704    0.13192487405
6730    0.130758734905
6732    0.130758734888
6734    0.130758445594
6736    0.13074420973
6738    0.130744209616
6764    0.129713773217
6766    0.129706129298
6768    0.129705431616
6770    0.129705430875
6772    0.129705400236
6774    0.12970540018
6776    0.129694595395
6778    0.12968950639
6780    0.129689506369
6782    0.129689504726
6784    0.129689487709
6786    0.129686049692
6788    0.129668531444
6790    0.1296512105
6792    0.129651204532
6794    0.129651199908
6796    0.129651199906
6798    0.129651198149
6800    0.129643065951
6802    0.129631582844
6804    0.129627398692
6806    0.129618230642
6808    0.129617083354
6810    0.129607427918
6815    0.12952240354
6817    0.129516426009
6819    0.129499651338
6821    0.129499646887
6823    0.129499623882
6825    0.129479558126
6851    0.12859494417
6853    0.12859494373
6855    0.128594943698
6857    0.128593516543
6859    0.128593516543
6861    0.128572748334
6863    0.128571303143
6865    0.128564325914
6867    0.128564323743
6869    0.128564323702
6871    0.128564323632
6881    0.128369948062
6883    0.128359646377
6885    0.128359595752
6887    0.128344548195
6889    0.128343891427
6891    0.128343883822
6893    0.128332689946
6919    0.127521050178
6921    0.127502525375
6923    0.127502523161
6925    0.127502523059
6927    0.127502522184
6953    0.126642752519
6979    0.125569669241
6981    0.12556966923
6983    0.125569432341
6985    0.125556619607
6987    0.125556619512
7013    0.124610644614
7015    0.124603482271
7017    0.124602884787
7019    0.124602884067
7021    0.12460285663
7023    0.124602856572
7025    0.124592595235
7027    0.124588044772
7029    0.124588044752
7031    0.124588043205
7033    0.1245880269
7035    0.124584749147
7037    0.124567622723
7039    0.124550692328
7041    0.124550687211
7043    0.124550682906
7045    0.124550682905
7047    0.124550681371
7049    0.124542916722
7051    0.12453204364
7053    0.124527960574
7055    0.124519343645
7057    0.124518215471
7059    0.124508881239
7061    0.124487969272
7063    0.124482185922
7065    0.124466519717
7067    0.124466515718
7069    0.12446649212
7071    0.124446614396
7097    0.123619934827
7099    0.123619934396
7101    0.123619934376
7103    0.123618819775
7105    0.123618819775
7107    0.123598037112
7109    0.12359681555
7111    0.123590316836
7113    0.123590314866
7115    0.123590314779
7117    0.1235903146
7119    0.123569301185
7121    0.123559632499
7123    0.123559588047
7125    0.123545603802
7127    0.123545016856
7129    0.123545009714
7131    0.123534258594
7157    0.12276285141
7159    0.122745224525
7161    0.122745222668
7163    0.122745222476
7165    0.122745221628
7191    0.121892668204
7217    0.120916426087
7219    0.12091642608
7221    0.120916231615
7223    0.120904809374
7225    0.120904809293
7251    0.120046287952
7253    0.120039555255
7255    0.120039042608
7257    0.120039041906
7259    0.120039017264
7261    0.120039017205
7263    0.12002926053
7265    0.120025176641
7267    0.120025176622
7269    0.120025175152
7271    0.120025159828
7273    0.120022032885
7275    0.120005288545
7277    0.119988738658
7279    0.11998873418
7281    0.119988730136
7283    0.119988730135
7285    0.119988728812
7287    0.119981300937
7289    0.119971001116
7291    0.119967011699
7293    0.119958912089
7295    0.119957802678
7297    0.119948630069
7299    0.119927886373
7301    0.119922287691
7303    0.119907602451
7305    0.119907598811
7307    0.11990757532
7309    0.119887881
7335    0.119098618777
7337    0.11909861835
7339    0.11909861834
7341    0.11909774695
7343    0.11909774695
7345    0.119076967637
7347    0.119075924817
7349    0.119069608048
7351    0.119069606324
7353    0.119069605985
7355    0.119069605503
7357    0.119048729862
7359    0.119039652938
7361    0.119039613494
7363    0.119026546394
7365    0.119026020421
7367    0.119026013681
7369    0.119015681401
7395    0.118267079883
7397    0.118250267671
7399    0.118250266169
7401    0.118250265102
7403    0.118250264286
7429    0.11739555517
7455    0.116516887751
7457    0.116516887748
7459    0.116516727715
7461    0.116506637775
7463    0.116506637707
7489    0.115735811978
7491    0.115729463031
7493    0.115729022358
7495    0.115729021671
7497    0.115728999477
7499    0.115728999417
7501    0.11571971202
7503    0.115716032785
7505    0.115716032766
7507    0.115716031359
7509    0.115716017171
7511    0.11571303224
7513    0.115696660568
7515    0.115680481576
7517    0.115680477586
7519    0.115680473759
7521    0.115680473759
7523    0.11568047263
7525    0.11567335467
7527    0.115663593736
7529    0.115659692179
7531    0.115652078274
7533    0.115650987286
7535    0.115641973046
7537    0.115621395525
7539    0.115615973194
7541    0.115602140847
7543    0.115602137498
7545    0.115602114504
7547    0.115582600205
7573    0.114814760288
7575    0.114814759861
7577    0.114814759856
7579    0.114814077523
7581    0.114814077523
7583    0.114793325127
7585    0.114792426143
7587    0.114786282509
7589    0.11478628097
7591    0.114786280407
7593    0.11478627955
7595    0.114765538205
7597    0.114757015085
7599    0.114756979751
7601    0.114744700349
7603    0.11474422778
7605    0.114744221378
7607    0.114734285758
7633    0.113995136961
7635    0.113979057867
7637    0.113979056704
7639    0.113979054433
7641    0.113979053653
7667    0.113116323001
7693    0.112333307307
7695    0.112333307306
7697    0.112333175291
7699    0.112324338303
7701    0.112324338246
7727    0.111639092034
7729    0.111633086202
7731    0.111632706711
7733    0.111632706036
7735    0.111632685995
7737    0.111632685935
7739    0.111623835432
7741    0.111620507502
7743    0.111620507484
7745    0.11162050613
7747    0.111620493149
7749    0.111617642029
7751    0.111601633917
7753    0.111585816578
7755    0.111585812966
7757    0.111585809324
7759    0.111585809322
7761    0.111585808368
7763    0.111578976754
7765    0.111569722536
7767    0.11156590423
7769    0.111558746438
7771    0.111557673539
7773    0.111548814481
7775    0.111528401116
7777    0.11152314778
7779    0.111510049705
7781    0.111510046593
7783    0.111510024289
7785    0.111490687713
7811    0.110731946893
7813    0.110731946462
7815    0.110731946459
7817    0.11073141096
7819    0.11073141096
7821    0.110710712037
7823    0.110709929466
7825    0.110703950918
7827    0.110703949522
7829    0.110703948823
7831    0.110703947564
7833    0.110683337782
7835    0.110675333371
7837    0.110675301449
7839    0.110663698693
7841    0.110663273035
7843    0.11066326691
7845    0.110653707329
7871    0.109914020862
7873    0.109898603754
7875    0.109898602899
7877    0.109898599323
7879    0.109898598579
7905    0.109024856788
7931    0.108333423783
7933    0.108333423783
7935    0.108333314628
7937    0.108325635812
7939    0.108325635765
7965    0.107721980619
7967    0.107716281877
7969    0.107715954493
7971    0.107715953832
7973    0.107715935691
7975    0.107715935631
7977    0.107707492309
7979    0.107704469673
7981    0.107704469655
7983    0.107704468347
7985    0.107704456586
7987    0.107701731631
7989    0.10768607826
7991    0.107670613686
7993    0.10767061037
7995    0.107670606888
7997    0.107670606887
7999    0.107670606086
8001    0.107664040024
8003    0.107655262397
8005    0.107651523585
8007    0.107644794192
8009    0.107643739057
8011    0.107635032069
8013    0.107614780908
8015    0.107609690006
8017    0.107597221502
8019    0.107597218586
8021    0.107597197045
8023    0.10757803688
8049    0.106819115716
8051    0.106819115275
8053    0.106819115274
8055    0.106818693774
8057    0.106818693774
8059    0.106798075871
8061    0.106797387917
8063    0.10679156706
8065    0.106791565774
8067    0.106791565025
8069    0.106791563368
8071    0.106771082892
8073    0.106763564631
8075    0.106763535571
8077    0.10675251686
8079    0.106752132527
8081    0.106752126636
8083    0.10674292388
8109    0.105995550403
8111    0.105980738128
8113    0.105980737541
8115    0.105980732671
8117    0.105980731965
8143    0.105095370054
8169    0.104489856683
8171    0.104489856683
8173    0.104489766227
8175    0.104483141373
8177    0.104483141335
8184    0.104354525308
8186    0.104349097384
8188    0.104348814468
8190    0.104348813817
8192    0.104348797359
8194    0.104348797298
8196    0.104340733847
8198    0.104337976783
8200    0.104337976767
8202    0.104337975498
8204    0.104337964925
8206    0.104335358996
8208    0.104320051809
8210    0.104304931404
8212    0.104304928323
8214    0.104304924982
8216    0.104304924981
8218    0.104304924312
8220    0.104298605351
8222    0.104290276085
8224    0.104286613616
8226    0.104280286645
8228    0.104279248951
8230    0.104270690973
8232    0.104250600088
8234    0.10424566572
8236    0.104233737599
8238    0.104233734847
8240    0.104233714074
8242    0.104214729874
8268    0.103448915892
8270    0.103448915438
8272    0.103448915438
8274    0.103448582463
8276    0.103448582463
8278    0.103428072664
8280    0.103427461871
8282    0.10342179187
8284    0.103421790671
8286    0.103421789934
8288    0.103421787903
8290    0.103401434766
8292    0.103394372352
8294    0.103394345718
8296    0.103383836076
8298    0.103383488252
8300    0.103383482554
8302    0.103374618678
8328    0.102614852743
8330    0.102600602894
8332    0.102600602811
8334    0.102600596714
8336    0.102600596058
8362    0.101704973042
8368    0.101598121498
8370    0.101598121496
8372    0.101598046438
8374    0.10159168132
8376    0.101591681266
8378    0.101570649542
8380    0.101565463969
8382    0.101565219074
8384    0.101565218435
8386    0.101565203469
8388    0.101565203409
8390    0.101557494644
8392    0.101554968839
8394    0.101554968823
8396    0.10155496759
8398    0.101554958148
8400    0.10155246458
8402    0.101537495294
8404    0.101522710762
8406    0.10152270787
8408    0.101522704656
8410    0.101522704655
8412    0.1015227041
8414    0.101516615797
8416    0.101508708434
8418    0.101505119612
8420    0.101499170713
8422    0.101498150145
8424    0.101489738185
8426    0.101469805703
8428    0.101465022539
8430    0.10145356128
8432    0.101453558668
8434    0.101453538632
8436    0.101434730762
8462    0.1006575111
8464    0.100657510629
8466    0.100657510628
8468    0.100657246457
8470    0.100657246457
8472    0.100636870446
8474    0.100636322754
8476    0.100630797276
8478    0.100630796147
8480    0.100630795462
8482    0.100630793095
8484    0.100610565546
8486    0.100603930734
8488    0.100603906176
8490    0.100593847005
8492    0.100593531525
8494    0.100593525992
8496    0.10058498422
8522    0.0998102496151
8524    0.099796535497
8526    0.0997965353285
8528    0.0997965281025
8530    0.0997965276634
8556    0.0988935991995
8558    0.0988725942684
8560    0.0988725942594
8562    0.0988725318881
8564    0.0988662653199
8566    0.09886626524
8568    0.0988453628103
8570    0.0988403950125
8572    0.0988401826914
8574    0.0988401820614
8576    0.0988401684228
8578    0.0988401683641
8580    0.0988327910554
8582    0.0988304668545
8584    0.0988304668402
8586    0.0988304656396
8588    0.098830457251
8590    0.0988280698266
8592    0.0988134304622
8594    0.098798973828
8596    0.0987989710899
8598    0.0987989679891
8600    0.098798967989
8602    0.0987989675309
8604    0.0987930951796
8606    0.098785584938
8608    0.098782067409
8610    0.0987764737668
8612    0.0987754700161
8614    0.0987672011728
8616    0.0987474253267
8618    0.0987427885348
8620    0.0987317356929
8622    0.0987317331993
8624    0.0987317138584
8626    0.0987130834571
8652    0.0979218518668
8654    0.0979218513741
8656    0.0979218513739
8658    0.0979216407577
8660    0.0979216407577
8662    0.0979014222545
8664    0.0979009262982
8666    0.0978955394673
8668    0.0978955383934
8670    0.097895537781
8672    0.0978955351194
8674    0.0978754316151
8676    0.0978691980451
8678    0.0978691752815
8680    0.0978595228497
8682    0.0978592361039
8684    0.0978592307162
8686    0.0978509953749
8712    0.0970605777843
8714    0.097047383785
8716    0.0970473837426
8718    0.097047375499
8720    0.0970473751667
8746    0.0961413294856
8748    0.0961204487513
8750    0.0961204487345
8752    0.0961203968311
8754    0.0961142266848
8756    0.0961142265811
8758    0.0960934524077
8760    0.0960886804737
8762    0.0960884961129
8764    0.0960884954924
8766    0.0960884830362
8768    0.096088482978
8770    0.0960814156528
8772    0.0960792674066
8774    0.0960792673926
8776    0.0960792662219
8778    0.0960792588036
8780    0.0960769717119
8782    0.0960626545475
8784    0.0960485181043
8786    0.0960485154908
8788    0.0960485124951
8790    0.0960485124946
8792    0.0960485121178
8794    0.096042842487
8796    0.0960357061316
8798    0.0960322577924
8800    0.0960269980069
8802    0.0960260107729
8804    0.0960178822149
8806    0.0959982612949
8808    0.0959937664569
8810    0.09598307761
8812    0.0959830752207
8814    0.0959830565301
8816    0.0959646053772
8842    0.0951584137245
8844    0.0951584132085
8846    0.0951584132084
8848    0.0951582443663
8850    0.0951582443663
8852    0.0951382047183
8854    0.0951377512829
8856    0.095132497617
8858    0.0951324965887
8860    0.0951324960558
8862    0.0951324931466
8864    0.0951125122714
8866    0.0951066553005
8868    0.0951066340988
8870    0.0950973578311
8872    0.0950970966791
8874    0.0950970914235
8876    0.0950891478313
8902    0.0942839458016
8904    0.0942712672459
8906    0.0942712672381
8908    0.0942712581001
8910    0.0942712577957
8936    0.0933671710464
8938    0.0933464132887
8940    0.0933464132629
8942    0.0933463700171
8944    0.0933402942441
8946    0.0933402941216
8948    0.0933196472235
8950    0.0933150516555
8952    0.0933148913397
8954    0.0933148907288
8956    0.0933148793303
8958    0.093314879273
8960    0.0933081020555
8962    0.0933061075683
8964    0.0933061075552
8966    0.0933061064122
8968    0.0933060998773
8970    0.0933039076853
8972    0.0932899052407
8974    0.0932760815244
8976    0.0932760790146
8978    0.0932760761164
8980    0.0932760761162
8982    0.0932760758084
8984    0.0932705969416
8986    0.0932638126727
8988    0.0932604316088
8990    0.0932554856011
8992    0.0932545145873
8994    0.0932465235464
8996    0.0932270558877
8998    0.0932226989329
9000    0.093212342443
9002    0.0932123401454
9004    0.0932123220667
9006    0.0931940524754
9032    0.0923733922541
9034    0.0923733917107
9036    0.0923733917101
9038    0.0923732555387
9040    0.0923732555388
9042    0.0923534135427
9044    0.0923529951386
9046    0.0923478695057
9048    0.0923478685139
9050    0.0923478680604
9052    0.0923478649503
9054    0.0923280053813
9056    0.092322501942
9058    0.0923224821112
9060    0.0923135627945
9062    0.0923133244999
9064    0.092313319372
9066    0.0923056537612
9092    0.0914879360859
9094    0.0914757766957
9096    0.0914757766953
9098    0.0914757667938
9100    0.0914757665032
9126    0.0905792846478
9128    0.0905586490587
9130    0.0905586490242
9132    0.090558612954
9134    0.0905526295759
9136    0.0905526294388
9138    0.0905321088763
9140    0.0905276723115
9142    0.0905275327139
9144    0.0905275321117
9146    0.0905275216597
9148    0.0905275216044
9150    0.0905210160751
9152    0.090519156131
9154    0.0905191561186
9156    0.0905191550014
9158    0.0905191492626
9160    0.0905170468876
9162    0.09050335191
9164    0.0904898336895
9166    0.0904898312643
9168    0.0904898284573
9170    0.0904898284566
9172    0.0904898282058
9174    0.090484529253
9176    0.0904780766137
9178    0.0904747610559
9180    0.0904701099782
9182    0.0904691548955
9184    0.0904612986664
9186    0.0904419826455
9188    0.0904377597898
9190    0.0904277154232
9192    0.0904277132064
9194    0.0904276957113
9196    0.0904096104215
9222    0.0895762090438
9224    0.0895762084704
9226    0.0895762084702
9228    0.0895760979329
9230    0.0895760979329
9232    0.089556469805
9234    0.0895560803329
9236    0.0895510779155
9238    0.0895510769534
9240    0.0895510765745
9242    0.0895510733073
9244    0.0895313337952
9246    0.0895261622824
9248    0.0895261436617
9250    0.089517571581
9252    0.0895173537513
9254    0.0895173487502
9256    0.0895099481925
9282    0.0886831073176
9284    0.0886714766118
9286    0.0886714766111
9288    0.0886714660818
9290    0.0886714658022
9316    0.0877884903789
9318    0.0877679763058
9320    0.087767976263
9322    0.087767946152
9324    0.0877620532491
9326    0.0877620531008
9328    0.087741657971
9330    0.0877373649303
9332    0.0877372432165
9334    0.0877372426235
9336    0.0877372330205
9338    0.0877372329664
9340    0.0877309820358
9342    0.0877292399908
9344    0.0877292399785
9346    0.0877292388856
9348    0.0877292338612
9350    0.0877272165444
9352    0.0877138219989
9354    0.0877006022594
9356    0.0877005999051
9358    0.0877005971842
9360    0.0877005971842
9362    0.0877005969803
9364    0.0876954680519
9366    0.0876893278411
9368    0.0876860761342
9370    0.087681702295
9372    0.0876807628573
9374    0.0876730387963
9376    0.0876538728305
9378    0.0876497805187
9380    0.0876400379722
9382    0.0876400358286
9384    0.0876400188998
9386    0.0876221209597
9412    0.0867787427219
9414    0.0867787421168
9416    0.0867787421168
9418    0.086778651768
9420    0.0867786517681
9422    0.0867592512144
9424    0.0867588857016
9426    0.0867540019656
9428    0.0867540010283
9430    0.0867540007152
9432    0.0867539973328
9434    0.0867343766869
9436    0.0867295168483
9438    0.0867294993026
9440    0.0867212723321
9442    0.0867210728705
9444    0.0867210680024
9446    0.0867139203462
9472    0.0858822183145
9474    0.0858711291133
9476    0.0858711291115
9478    0.0858711180942
9480    0.085871117825
9506    0.0850075147116
9508    0.0849871215588
9510    0.0849871215094
9512    0.0849870963571
9514    0.0849812920665
9516    0.0849812919108
9518    0.0849610213386
9520    0.084956858015
9522    0.0849567517666
9524    0.0849567511819
9526    0.084956742342
9528    0.0849567422893
9530    0.0849507300877
9532    0.0849490915181
9534    0.0849490915069
9536    0.0849490904371
9538    0.0849490860478
9540    0.0849471493323
9542    0.084934048392
9544    0.0849211203232
9546    0.0849211180289
9548    0.0849211153892
9550    0.0849211153891
9552    0.0849211152254
9554    0.0849161472775
9556    0.0849103014637
9558    0.0849071120442
9560    0.0849029988292
9562    0.0849020747578
9564    0.0848944802803
9566    0.0848754628211
9568    0.0848714976756
9570    0.0848620550182
9572    0.0848620529407
9574    0.084862036571
9576    0.0848443292179
9602    0.0839945753299
9604    0.0839945746928
9606    0.0839945746922
9608    0.08399450031
9610    0.08399450031
9612    0.0839753386569
9614    0.0839749930386
9616    0.083970223706
9618    0.0839702227892
9620    0.083970222534
9622    0.0839702190746
9624    0.0839507161558
9626    0.083946149
9628    0.0839461324124
9630    0.0839382541012
9632    0.0839380711656
9634    0.0839380664377
9636    0.0839311602433
9662    0.0830994695111
9664    0.0830889355877
9666    0.0830889355844
9668    0.0830889242194
9670    0.0830889239609
9696    0.0822502648777
9698    0.0822299920716
9700    0.0822299920164
9702    0.0822299709982
9704    0.0822242535089
9706    0.0822242533484
9708    0.0822041064825
9710    0.0822000605495
9712    0.082199967698
9714    0.0821999671215
9716    0.0821999589684
9718    0.0821999589174
9720    0.082194170696
9722    0.0821926231021
9724    0.0821926230913
9726    0.0821926220437
9728    0.0821926182179
9730    0.0821907579273
9732    0.0821779439581
9734    0.0821653009438
9736    0.0821652986996
9738    0.0821652961375
9740    0.0821652961374
9742    0.0821652960053
9744    0.0821604807328
9746    0.0821549123839
9748    0.0821517837622
9750    0.0821479155687
9752    0.0821470065879
9754    0.0821395391671
9756    0.0821206687028
9758    0.0821168274773
9760    0.0821076895326
9762    0.082107687516
9764    0.0821076717097
9766    0.0820901582455
9792    0.0812382640994
9794    0.081238263429
9796    0.0812382634289
9798    0.0812382017334
9800    0.0812382017334
9802    0.0812192881064
9804    0.0812189590597
9806    0.0812143000871
9808    0.0812142991875
9810    0.0812142989812
9812    0.0812142954781
9814    0.0811949091901
9816    0.0811906169019
9818    0.0811906011731
9820    0.0811830788754
9822    0.0811829108426
9824    0.0811829062667
9826    0.0811762307488
9852    0.0803497763614
9854    0.080339810372
9856    0.0803398103681
9858    0.080339798794
9860    0.0803397985456
9886    0.0795311445581
9888    0.0795109915418
9890    0.0795109914807
9892    0.0795109739153
9894    0.0795053414638
9896    0.0795053413015
9898    0.0794853173139
9900    0.079481377761
9902    0.079481296536
9904    0.079481295968
9906    0.0794812884342
9908    0.0794812883852
9910    0.0794757104291
9912    0.0794742429678
9914    0.0794742429573
9916    0.0794742419299
9918    0.0794742386009
9920    0.0794724508192
9922    0.0794599173764
9924    0.0794475529843
9926    0.0794475507822
9928    0.0794475482949
9930    0.0794475482946
9932    0.0794475481898
9934    0.079442877944
9936    0.0794375711537
9938    0.0794345019034
9940    0.0794308640754
9942    0.0794299699171
9944    0.0794226270837
9946    0.0794039021329
9948    0.0794001816684
9950    0.0793913583685
9952    0.0793913564077
9954    0.0793913411767
9956    0.0793740248467
9982    0.0785246559962
9984    0.0785246552934
9986    0.0785246552933
9988    0.0785246037289
9990    0.0785246037289
9992    0.0785059452535
9994    0.0785056300594
9996    0.0785010776161
9998    0.0785010767299
10000    0.0785010765647
10002    0.0785010730478
10004    0.0784818023312
10006    0.0784777681922
10008    0.0784777532334
10010    0.0784705963412
10012    0.0784704417766
10014    0.0784704373644
10016    0.0784639823385
10042    0.0776480945912
10044    0.0776387063757
10046    0.0776387063725
10048    0.0776386947231
10050    0.0776386944858
10076    0.0768644286039
10078    0.076844394834
10080    0.0768443947692
10082    0.0768443800911
10084    0.0768388309631
10086    0.0768388307998
10088    0.0768189288813
10090    0.0768150858671
10092    0.0768150147486
10094    0.0768150141887
10096    0.0768150072135
10098    0.0768150071661
10100    0.0768096267094
10102    0.0768082299771
10104    0.0768082299677
10106    0.0768082289609
10108    0.07680822607
10110    0.0768065071233
10112    0.0767942479381
10114    0.0767821559108
10116    0.0767821537443
10118    0.0767821513277
10120    0.0767821513278
10122    0.0767821512441
10124    0.0767776189562
10126    0.0767725587787
10128    0.0767695475269
10130    0.0767661262953
10132    0.0767652466943
10134    0.0767580260343
10136    0.0767394451491
10138    0.0767358423372
10140    0.0767273470821
10142    0.0767273451732
10144    0.0767273305347
10146    0.0767102144082
10172    0.0758682653158
10174    0.0758682645811
10176    0.0758682645806
10178    0.0758682211501
10180    0.0758682211501
10182    0.0758498231569
10184    0.0758495195846
10186    0.0758450700357
10188    0.0758450691612
10190    0.0758450690302
10192    0.0758450655262
10194    0.0758259093582
10196    0.0758221176769
10198    0.0758221034122
10200    0.0758153217566
10202    0.0758151793908
10204    0.0758151751548
10206    0.0758089309861
10232    0.0750088185889
10234    0.075000013896
10236    0.0750000138937
10238    0.0750000022939
10240    0.0750000020675
10266    0.074263714692
10268    0.0742437996433
10270    0.0742437995747
10272    0.0742437873159
10274    0.0742383198397
10276    0.0742383196771
10278    0.0742185390386
10280    0.0742147837595
10282    0.0742147214392
10284    0.0742147208868
10286    0.074214714417
10288    0.0742147143713
10290    0.0742095195269
10292    0.0742081853612
10294    0.0742081853519
10296    0.0742081843636
10298    0.0742081818564
10300    0.0742065282957
10302    0.0741945372693
10304    0.0741827115148
10306    0.0741827093797
10308    0.074182707032
10310    0.074182707032
10312    0.0741827069663
10314    0.074178306086
10316    0.0741734784768
10318    0.0741705238965
10320    0.0741673063249
10322    0.0741664410218
10324    0.0741593401749
10326    0.0741409019353
10328    0.0741374136879
10330    0.0741292617653
10332    0.0741292599049
10334    0.0741292458794
10336    0.0741123327436
10362    0.0732827340595
10364    0.0732827332953
10366    0.0732827332953
10368    0.0732826964316
10370    0.0732826964315
10372    0.073264562673
10374    0.0732642688938
10376    0.0732599187851
10378    0.07325991792
10380    0.0732599178168
10382    0.0732599143463
10384    0.0732408717343
10386    0.0732373077805
10388    0.0732372941404
10390    0.0732308966123
10392    0.073230765318
10394    0.0732307612702
10396    0.0732247188302
10422    0.0724452718506
10424    0.072437051515
10426    0.0724370515138
10428    0.0724370400781
10430    0.0724370398628
10456    0.0717414669983
10458    0.0717216701684
10460    0.0717216700976
10462    0.0717216598677
10464    0.0717162724167
10466    0.0717162722559
10468    0.0716966121231
10470    0.0716929367017
10472    0.0716928820544
10474    0.0716928815097
10476    0.0716928754968
10478    0.0716928754532
10480    0.0716878551471
10482    0.0716865764621
10484    0.0716865764532
10486    0.0716865754833
10488    0.0716865733119
10490    0.0716849818993
10492    0.0716732530911
10494    0.0716616876773
10496    0.0716616855681
10498    0.071661683287
10500    0.0716616832869
10502    0.0716616832353
10504    0.0716574076738
10506    0.0716527994313
10508    0.0716499002392
10510    0.0716468741695
10512    0.0716460229086
10514    0.0716390395676
10516    0.0716207425816
10518    0.0716173658056
10520    0.0716095729192
10522    0.0716095711043
10524    0.0716095577164
10526    0.0715928499825
10552    0.070780390879
10554    0.070780390089
10556    0.0707803900887
10558    0.0707803585578
10560    0.0707803585578
10562    0.0707624914084
10564    0.0707622059201
10566    0.0707579519638
10568    0.0707579511067
10570    0.070757951026
10572    0.0707579476092
10574    0.0707390175885
10576    0.0707356675306
10578    0.0707356544553
10580    0.0707296478953
10582    0.0707295266694
10584    0.0707295228204
10586    0.070723673442
10612    0.0699693032595
10614    0.0699616628076
10616    0.0699616628073
10618    0.0699616516376
10620    0.0699616514337
10646    0.0693086619229
10648    0.0692889828288
10650    0.0692889827561
10652    0.0692889742288
10654    0.0692836652171
10656    0.0692836650582
10658    0.0692641246759
10660    0.0692605220586
10662    0.0692604741111
10664    0.0692604735739
10666    0.0692604679759
10668    0.0692604679336
10670    0.0692556118431
10672    0.069254382483
10674    0.069254382475
10676    0.0692543815226
10678    0.0692543796445
10680    0.0692528473359
10682    0.0692413749622
10684    0.0692300641079
10686    0.0692300620216
10688    0.0692300598038
10690    0.0692300598037
10692    0.069230059764
10694    0.0692259038525
10696    0.0692215025667
10698    0.0692186575153
10700    0.069215811523
10702    0.0692149740555
10704    0.0692081059658
10706    0.0691899488687
10708    0.0691866804494
10710    0.0691792614123
10712    0.0691792596405
10714    0.0691792469123
10716    0.0691627465338
10742    0.0683719184034
10744    0.0683719175902
10746    0.0683719175898
10748    0.0683718904168
10750    0.0683718904167
10752    0.0683542910676
10754    0.0683540126357
10756    0.0683498516984
10758    0.0683498508479
10760    0.0683498507858
10762    0.0683498474369
10764    0.0683310290725
10766    0.068327879924
10768    0.0683278673585
10770    0.0683222557309
10772    0.068322143678
10774    0.0683221400363
10776    0.0683164754793
10802    0.0675909960767
10804    0.0675839257169
10806    0.0675839257169
10808    0.067583914899
10810    0.0675839147057
10836    0.0669745397815
10838    0.0669549779634
10840    0.0669549778893
10842    0.0669549707935
10844    0.066949738674
10846    0.0669497385191
10848    0.0669303171451
10850    0.0669267810125
10852    0.0669267389254
10854    0.0669267383952
10856    0.0669267331727
10858    0.0669267331324
10860    0.06692203163
10862    0.0669208462473
10864    0.0669208462389
10866    0.0669208453032
10868    0.0669208436806
10870    0.0669193676153
10872    0.0669081460375
10874    0.0668970841077
10876    0.0668970820412
10878    0.0668970798854
10880    0.0668970798854
10882    0.0668970798548
10884    0.0668930382963
10886    0.0668888322981
10888    0.0668860401771
10890    0.0668833635238
10892    0.0668825396036
10894    0.0668757845602
10896    0.0668577660148
10898    0.0668546028042
10900    0.0668475704359
10902    0.0668475687049
10904    0.0668475566546
10906    0.0668312650709
10932    0.0660661318531
10934    0.0660661310213
10936    0.0660661310209
10938    0.0660661074288
10940    0.0660661074289
10942    0.0660487760703
10944    0.0660485036801
10946    0.0660444327721
10948    0.0660444319272
10950    0.0660444318795
10952    0.0660444286116
10954    0.0660257209931
10956    0.0660227605597
10958    0.0660227484558
10960    0.0660175323287
10962    0.0660174286493
10964    0.0660174252206
10966    0.0660119376386
10992    0.065318489356
10994    0.0653119742865
10996    0.0653119742853
10998    0.0653119638915
11000    0.0653119637096
11024    0.0648096292181
11026    0.0647901857523
11028    0.0647901856773
11030    0.0647901797843
11032    0.0647850230513
11034    0.0647850228982
11036    0.0647657198325
11038    0.0647622445185
11040    0.0647622075629
11042    0.0647622070406
11044    0.0647622021594
11046    0.0647622021213
11048    0.0647576462262
11050    0.0647565001697
11052    0.0647565001622
11054    0.0647564992425
11056    0.0647564978428
11058    0.0647550753289
11060    0.0647440990463
11062    0.0647332805418
11064    0.0647332784927
11066    0.0647332763971
11068    0.0647332763971
11070    0.064733276374
11072    0.0647293442138
11074    0.064725322529
11076    0.0647225821596
11078    0.0647200647512
11080    0.0647192541371
11082    0.0647126099827
11084    0.0646947286682
11086    0.0646916674798
11088    0.06468503174
11090    0.0646850300477
11092    0.0646850186921
11094    0.0646689367815
11120    0.0639330353101
11122    0.0639330344646
11124    0.063933034464
11126    0.0639330138336
11128    0.0639330138336
11130    0.0639159498113
11132    0.0639156826266
11134    0.0639116988911
11136    0.0639116980502
11138    0.0639116980139
11140    0.0639116948373
11142    0.063893097075
11144    0.063890313902
11146    0.0638903022166
11148    0.063885475963
11150    0.0638853799394
11152    0.0638853767285
11154    0.0638800586545
11180    0.0632207742299
11182    0.0632147467967
11184    0.0632147467921
11186    0.0632147364834
11188    0.0632147363097
11190    0.0631937328966
11192    0.0631744170374
11194    0.0631744169622
11196    0.0631744120817
11198    0.0631693292717
11200    0.0631693291228
11202    0.0631501438486
11204    0.0631467242663
11206    0.0631466918103
11208    0.0631466912945
11210    0.0631466867241
11212    0.0631466866869
11214    0.0631422680092
11216    0.0631411572325
11218    0.0631411572251
11220    0.0631411563211
11222    0.0631411551147
11224    0.0631397836154
11226    0.0631290472435
11228    0.0631184667803
11230    0.0631184647462
11232    0.0631184627079
11234    0.0631184627079
11236    0.0631184626904
11238    0.0631146352738
11240    0.0631107875735
11242    0.0631080978021
11244    0.0631057301454
11246    0.0631049326
