26 5.32191589301
52 5.24219807927
78 5.21066542331
104 5.18414808508
130 5.16747922415
156 5.06685290246
182 5.06571042799
208 5.04870543424
234 5.0475914645
260 5.0449051251
282 4.92089124838
308 4.89499726728
310 4.89498748566
336 4.87410042623
338 4.87409523546
364 4.77940947467
385 4.65579992043
411 4.63617459872
413 4.63616365572
439 4.63206975409
450 4.50753578228
476 4.47962126084
478 4.47961819371
504 4.45762509937
506 4.45762458155
532 4.33619083125
558 4.33328198404
571 4.33244774985
597 4.32946448689
599 4.3294430965
625 4.20609679753
645 4.08234815506
655 4.08181403916
657 4.08180424017
659 4.08178629426
661 4.08178461131
687 3.96709116733
689 3.96708779305
715 3.95977110657
717 3.95976745512
743 3.95152081058
769 3.88971716996
795 3.88140348155
821 3.85114750414
847 3.84296050885
873 3.76284076383
899 3.67727685342
925 3.65152405063
951 3.62729891612
977 3.61875131153
996 3.49420530824
1022 3.38347841509
1024 3.38347322323
1050 3.37329949456
1052 3.3732978078
1078 3.24949557209
1104 3.23758670487
1106 3.23757255588
1132 3.22634756071
1134 3.22633615058
1160 3.15553728295
1180 3.03173843902
1206 3.00248205737
1208 3.00247157673
1234 2.99104250363
1255 2.86707130695
1276 2.74311973638
1278 2.74311101898
1280 2.74309835107
1282 2.74309258128
1308 2.62836997515
1334 2.60398801554
1360 2.59727658993
1386 2.57745193084
1394 2.57722044774
1420 2.45458792605
1422 2.45457500538
1439 2.45305756308
1441 2.45304472514
1443 2.45302966575
1469 2.38168656967
1495 2.26078515051
1521 2.2318406023
1538 2.23023178577
1564 2.21948935745
1590 2.11898016789
1605 1.99514792233
1631 1.97858574743
1633 1.97857976318
1659 1.97603817357
1669 1.85143018943
1695 1.72865595129
1697 1.72865527017
1708 1.72805422506
1710 1.72805404377
1736 1.69993846718
1738 1.69993815727
1764 1.67846757839
1766 1.67846757033
1792 1.66212041435
1818 1.57352501721
1844 1.45511060399
1870 1.43179561225
1895 1.42812262768
1921 1.42250526402
1947 1.37220705438
1973 1.34214318271
1999 1.32468167223
2025 1.31642209511
2051 1.30937766527
2077 1.30516678678
2103 1.30318537578
2129 1.30105557389
2136 1.30089558656
2162 1.29982284053
2164 1.29980210371
2190 1.29879096178
2192 1.29877119884
2194 1.29876545857
2220 1.28350176387
2222 1.28349964068
2248 1.27202816284
2250 1.27202759938
2261 1.27171483575
2263 1.27170740186
2272 1.27147090251
2274 1.27146790104
2279 1.2713677697
2281 1.2713660692
2307 1.25548718128
2309 1.2554871806
2335 1.24371358445
2337 1.24371322072
2339 1.24370509686
2365 1.24023138945
2367 1.24021746757
2393 1.23671539501
2395 1.23669595398
2397 1.23668154207
2399 1.23667519097
2401 1.23666344542
2403 1.23665940799
2405 1.23665140166
2407 1.23664918023
2417 1.23632465383
2419 1.23632172681
2421 1.23629949155
2423 1.23629583065
2449 1.22859924552
2475 1.21467350259
2501 1.20763217293
2527 1.20159196055
2553 1.19499309616
2579 1.19272538573
2605 1.18618625576
2629 1.18529005602
2655 1.18361993717
2662 1.1834655231
2664 1.18346042089
2679 1.18285245419
2681 1.18285197073
2683 1.18283193972
2685 1.18283193275
2687 1.18282460139
2713 1.17168942328
2715 1.1716829645
2741 1.16157337072
2743 1.16156645372
2769 1.15738399174
2771 1.15737884035
2797 1.15570494122
2799 1.15570361472
2810 1.15542775986
2812 1.15542396587
2814 1.15542253475
2816 1.15541994617
2818 1.15541927189
2820 1.15541755193
2822 1.15540689229
2848 1.13921368092
2850 1.13919525667
2876 1.12706010787
2878 1.12703883733
2880 1.12702261135
2906 1.12636075786
2908 1.1263505162
2934 1.12558490104
2936 1.12557866132
2962 1.12199885133
2964 1.1219935824
2990 1.12051693559
2992 1.12051484821
3002 1.12026779994
3004 1.12024931252
3006 1.12024550867
3012 1.12011632217
3014 1.12011561801
3016 1.12009454305
3018 1.12009400273
3020 1.12007172882
3022 1.12007172485
3024 1.12005224591
3026 1.12005224267
3052 1.10790585743
3054 1.1079028611
3080 1.09911362878
3082 1.09910752314
3108 1.09282184043
3134 1.09159688038
3137 1.09154853961
3141 1.09147416499
3143 1.09145586213
3145 1.0914330665
3171 1.08182575792
3197 1.07638629759
3223 1.07337608407
3249 1.07242370309
3260 1.07213088605
3268 1.0719518296
3270 1.07193074389
3273 1.07188248494
3275 1.07186459118
3301 1.07070064275
3303 1.07068333418
3329 1.06958260422
3331 1.06956544345
3333 1.06956319465
3359 1.06068207684
3361 1.06068172051
3387 1.05428999929
3389 1.05428999693
3391 1.05428104641
3393 1.05427720733
3395 1.05425884265
3397 1.05425764506
3399 1.05423594869
3401 1.05423496266
3427 1.04561289123
3429 1.04561272045
3455 1.03948049986
3457 1.03947949693
3459 1.03947620648
3485 1.03593789241
3487 1.03592786026
3513 1.032401184
3515 1.032383369
3517 1.03237537995
3519 1.03237271508
3521 1.03236695399
3523 1.03236527234
3525 1.03236219983
3527 1.03236008014
3529 1.03233830529
3531 1.03233535252
3533 1.03231408134
3535 1.03231038942
3561 1.02700290259
3587 1.0241506905
3613 1.01911950526
3639 1.01809197518
3665 1.01334367259
3667 1.01333341992
3676 1.01310853893
3678 1.01309112838
3680 1.01307129609
3682 1.01304964055
3684 1.01304703571
3686 1.01302870236
3688 1.01302866897
3690 1.01301195823
3692 1.01301185238
3694 1.01300951291
3720 1.00475330189
3722 1.00475006982
3748 0.997383994019
3750 0.997378979399
3752 0.997358242685
3754 0.997355468414
3756 0.997334241661
3758 0.997333853584
3760 0.997318350466
3762 0.997317248989
3764 0.997316562436
3766 0.997315797621
3768 0.997315528664
3770 0.997315020352
3772 0.997308284187
3798 0.988194588873
3800 0.988179860834
3826 0.981611762059
3828 0.981593050463
3830 0.981583236365
3856 0.980888869271
3858 0.9808838516
3884 0.980035774485
3886 0.98003348665
3888 0.98001641389
3890 0.980012880566
3892 0.979991950687
3894 0.979990675634
3896 0.979971225139
3898 0.979961745347
3900 0.979960305885
3902 0.979942043975
3904 0.979941964344
3906 0.979924616504
3908 0.979924391794
3910 0.97990630566
3912 0.979906261358
3914 0.979892335785
3916 0.979892316186
3942 0.975648029284
3944 0.975644477797
3970 0.972511388007
3972 0.972503985789
3998 0.970309733876
4000 0.970291576566
4002 0.970270816929
4004 0.970250194092
4006 0.970236070734
4008 0.970215984651
4034 0.968787059292
4060 0.967881598109
4066 0.967757567084
4068 0.967738393521
4070 0.967717297283
4072 0.967696146382
4074 0.967677123166
4076 0.9676551106
4078 0.967640582138
4104 0.966383712383
4106 0.966369010066
4132 0.965176988263
4134 0.96516177206
4136 0.965160634122
4162 0.96034971051
4164 0.960349677672
4190 0.956966539842
4192 0.956966357149
4194 0.95695812685
4196 0.956956066511
4198 0.956939048716
4200 0.956938609834
4202 0.956918842245
4204 0.956917612157
4230 0.952536020162
4232 0.952535798109
4258 0.949491194349
4260 0.949489887004
4262 0.949488916479
4288 0.945963593496
4290 0.945956284609
4316 0.942483111255
4318 0.942466763331
4320 0.942462170546
4322 0.942461043092
4324 0.942458386055
4326 0.94245768223
4328 0.942456858729
4330 0.94245472464
4332 0.942434307336
4334 0.942431334821
4336 0.942412299997
4338 0.942408580808
4364 0.939147087082
4373 0.938938619211
4399 0.935604351213
4401 0.935589934845
4427 0.932365149071
4429 0.932355959389
4431 0.932334790405
4433 0.932318952556
4435 0.932301071461
4437 0.932281254991
4439 0.932279530111
4441 0.932264177482
4443 0.932264173884
4445 0.932250174088
4447 0.932249903965
4449 0.93224941704
4475 0.926427896045
4477 0.926426204366
4503 0.921313022115
4505 0.921308966892
4507 0.92129232438
4509 0.921290790114
4511 0.921274924241
4513 0.921274850175
4515 0.921264828473
4517 0.921264511374
4519 0.921264167157
4521 0.921263939771
4523 0.921263837768
4525 0.921263686611
4527 0.921259389088
4553 0.916448784305
4555 0.916437070929
4581 0.913047946914
4583 0.913031921618
4585 0.913025739641
4611 0.912266937472
4613 0.91226449403
4639 0.911341168554
4641 0.911340466476
4643 0.911325581451
4645 0.911322941667
4647 0.911305030514
4649 0.911304232771
4651 0.911288274981
4653 0.911281167094
4655 0.911280528109
4657 0.91126549026
4659 0.911265490049
4661 0.911251170732
4663 0.911250988555
4665 0.911236978668
4667 0.911236922464
4669 0.911228000072
4671 0.911227975919
4697 0.909889798083
4699 0.909886636775
4725 0.908812995964
4727 0.908805469365
4753 0.908055431073
4755 0.908039937069
4757 0.908022528458
4759 0.908004661945
4761 0.90799436855
4763 0.907976931179
4765 0.907960137207
4767 0.907938486749
4769 0.907916352899
4771 0.907898779401
4773 0.907879637934
4775 0.907860136452
4777 0.907842938688
4779 0.907822578656
4781 0.907810770234
4807 0.90646201439
4809 0.906449435585
4835 0.905167427656
4837 0.905153797217
4839 0.905153048392
4865 0.902639564915
4867 0.902639564902
4893 0.900895952402
4895 0.900895627431
4897 0.900888170161
4899 0.900887004268
4901 0.900871519507
4903 0.900871384029
4905 0.90085378938
4907 0.900852185893
4933 0.898694691701
4935 0.89869448263
4961 0.897216313918
4963 0.897214866948
4965 0.89721476803
4991 0.893782830623
4993 0.893777446769
5019 0.890435033818
5021 0.890419953372
5023 0.890417148633
5025 0.890416665196
5027 0.8904155535
5029 0.890415256257
5031 0.890415198954
5033 0.890413060615
5035 0.890394241436
5037 0.890391253238
5039 0.890375016036
5041 0.890371272329
5067 0.888437956695
5069 0.888419443753
5095 0.886284275708
5097 0.886274116132
5123 0.884156308863
5125 0.884148324542
5127 0.884129118588
5129 0.884114828003
5131 0.884098716233
5133 0.884080608629
5135 0.884079256897
5137 0.884066366913
5139 0.884066333813
5141 0.884054575555
5143 0.884054193573
5145 0.884054182002
5171 0.880150231024
5173 0.880149303782
5199 0.876733513224
5201 0.87672997137
5203 0.876716569528
5205 0.876715647331
5207 0.876703797762
5209 0.876703795968
5211 0.876697539445
5213 0.876697449709
5215 0.876697268712
5217 0.876697200397
5219 0.876697165669
5221 0.876697120244
5223 0.876694421944
5249 0.874238602323
5251 0.874229346611
5277 0.872523532067
5279 0.872510019639
5281 0.872505910142
5307 0.871681025634
5309 0.871679809831
5335 0.870679790779
5337 0.870679629753
5339 0.87066665438
5341 0.870664663376
5343 0.870649454497
5345 0.870648970764
5347 0.870636139833
5349 0.870630865125
5351 0.870630519488
5353 0.870618102926
5355 0.870618072958
5357 0.870606220987
5359 0.87060604788
5361 0.87059546863
5363 0.870595409547
5365 0.870589935082
5367 0.870589909748
5369 0.870571699452
5371 0.870568969069
5373 0.870545891111
5375 0.870538569707
5377 0.870515529692
5379 0.870502584491
5381 0.87048884065
5383 0.870473638446
5385 0.870465972088
5387 0.870451098756
5389 0.870435592254
5391 0.870415366081
5393 0.870394647098
5395 0.870378541913
5397 0.87036115062
5399 0.870343167452
5401 0.870327602602
5403 0.870308766213
5405 0.870299151405
5431 0.868862909509
5433 0.86885206774
5459 0.867484900931
5461 0.86747257765
5463 0.867471988721
5489 0.86618110802
5491 0.866181105167
5517 0.865293715454
5519 0.865293374633
5521 0.865286764473
5523 0.865286064724
5525 0.865272177478
5527 0.865272150077
5529 0.865256689758
5531 0.865254763597
5557 0.864204778501
5559 0.864204591221
5583 0.863562162623
5585 0.863560667425
5587 0.863560614169
5613 0.860296788955
5615 0.860292767788
5641 0.857149380474
5643 0.857135404561
5645 0.857133534073
5647 0.857133322442
5649 0.857132929572
5651 0.857132802112
5653 0.857132717235
5655 0.857130580448
5657 0.857113433092
5659 0.85711043123
5661 0.857096974164
5663 0.857093207275
5689 0.856015061255
5691 0.856000100141
5717 0.854674146834
5719 0.854666943997
5745 0.853296423695
5747 0.853289522286
5749 0.853272091973
5751 0.85325921912
5753 0.853244702402
5755 0.853228167384
5757 0.853226985038
5759 0.853216152684
5761 0.853216093619
5763 0.853206209315
5765 0.853205763257
5767 0.85320566284
5793 0.850678826947
5795 0.850678299349
5821 0.848452274061
5823 0.848449032225
5825 0.848438134845
5827 0.848437529508
5829 0.848428623595
5831 0.848428611699
5833 0.848424841176
5835 0.84842481661
5837 0.848424716191
5839 0.848424695279
5841 0.848424685947
5843 0.848424672034
5845 0.848423050718
5871 0.847189039464
5873 0.847181770844
5899 0.846333796409
5901 0.846322490887
5903 0.846319612196
5929 0.845428583416
5931 0.845427952323
5957 0.844351723388
5959 0.844351705425
5961 0.844340394519
5963 0.844338876325
5965 0.844326080475
5967 0.844325799272
5969 0.84431574232
5971 0.844311877516
5973 0.844311650319
5975 0.844301369404
5977 0.844301302717
5979 0.844291464648
5981 0.844291297032
5983 0.844283785698
5985 0.844283724647
5987 0.844280218134
5989 0.844280191967
5991 0.844262830548
5993 0.844260120852
5995 0.844237975562
5997 0.844230647869
5999 0.844208537153
6001 0.844197732195
6003 0.844186846529
6005 0.844173904241
6007 0.844168226224
6009 0.844155531724
6011 0.844141219145
6013 0.844122321197
6015 0.844102923452
6017 0.844088166503
6019 0.84407234253
6021 0.844055758053
6023 0.844041653958
6025 0.844024223515
6027 0.844016371717
6053 0.84250052006
6055 0.842491104809
6081 0.841047122009
6083 0.841035890806
6085 0.841035390418
6104 0.840555299425
6106 0.840555298302
6108 0.840532733638
6110 0.840532523902
6112 0.840527058564
6114 0.84052661492
6116 0.84051451114
6118 0.840514510631
6120 0.840501105729
6122 0.840498952632
6126 0.840426909108
6128 0.840426774864
6130 0.840403976324
6132 0.840402614371
6134 0.840402147628
6160 0.837374217557
6162 0.837371314314
6188 0.834486094142
6190 0.834473448934
6192 0.834472054866
6194 0.834471959334
6196 0.834471861743
6198 0.834471805747
6200 0.834471295527
6202 0.834469163121
6204 0.834453714688
6206 0.834450699846
6208 0.834439757832
6210 0.834435968186
6213 0.834388296186
6215 0.834375089176
6241 0.833455732586
6243 0.833449983843
6269 0.832464468521
6271 0.832458572819
6273 0.832442750038
6275 0.832431215233
6277 0.832418137197
6279 0.832403081406
6281 0.832401978888
6283 0.832392877314
6285 0.832392802534
6287 0.832384495193
6289 0.832384014659
6291 0.832383623782
6317 0.830788373178
6319 0.83078806419
6345 0.829358839983
6347 0.829355791515
6349 0.829346808987
6351 0.829346375832
6353 0.829339605812
6355 0.829339561915
6357 0.829337380309
6359 0.829337374014
6361 0.829337314764
6363 0.829337308145
6365 0.829337306875
6367 0.829337302467
6369 0.82933640086
6383 0.829001018017
6385 0.82899546072
6387 0.828972751169
6389 0.828963540675
6391 0.828961366267
6417 0.828007474263
6419 0.828007066341
6445 0.826859131488
6447 0.826859126223
6449 0.826849263033
6451 0.826848090757
6453 0.8268374406
6455 0.826837286539
6457 0.826829657486
6459 0.82682686992
6461 0.82682669476
6463 0.826818156983
6465 0.826818064432
6467 0.826809872987
6469 0.826809705862
6471 0.826804328107
6473 0.826804266796
6475 0.826802055976
6477 0.826802029628
6479 0.826785479649
6481 0.826782789286
6483 0.826761537915
6485 0.826754203434
6487 0.826732984659
6489 0.826723976266
6491 0.82671532351
6493 0.826704299027
6495 0.826700121541
6497 0.826689279543
6499 0.826676074057
6501 0.826658415029
6503 0.826640251351
6505 0.826626732505
6507 0.826612311996
6509 0.82659701631
6511 0.826584218672
6513 0.826568085954
6515 0.826561644681
6541 0.824980457293
6543 0.824972218857
6569 0.823466272215
6571 0.823455969471
6573 0.823455548605
6575 0.823432169451
6577 0.823432168558
6579 0.823409970233
6581 0.823409877576
6583 0.82340561784
6585 0.823405321497
6587 0.823394980595
6589 0.823394974094
6591 0.823383351649
6593 0.82338114512
6595 0.823357729056
6597 0.823357611336
6599 0.823335068246
6601 0.823333760526
6603 0.82333266975
6629 0.820582169518
6631 0.820580015577
6657 0.817984617959
6659 0.817972926799
6661 0.817971755614
6663 0.8179717106
6665 0.817971703478
6667 0.817971677972
6669 0.817970570749
6671 0.817968444008
6673 0.817955172742
6675 0.81795214401
6677 0.817943300804
6679 0.817939487143
6681 0.817924985877
6683 0.817913219128
6701 0.817486964219
6703 0.81748217973
6729 0.816734179093
6731 0.816729179693
6733 0.816714813066
6735 0.816704501762
6737 0.816692721723
6739 0.816679026096
6741 0.816677961687
6743 0.816670320507
6745 0.816670237316
6747 0.816663261045
6749 0.81666276243
6751 0.816662038842
6777 0.815672911962
6779 0.815672727131
6805 0.814762294575
6807 0.814759384075
6809 0.814751863819
6811 0.814751528619
6813 0.81474630624
6815 0.814746229712
6817 0.814745033041
6819 0.814745031641
6821 0.814744995406
6823 0.814744993188
6825 0.814744993114
6827 0.814744991634
6829 0.814744576562
6831 0.814721345523
6833 0.814717155547
6835 0.814694953903
6837 0.814687426339
6839 0.814685744841
6865 0.813673339839
6867 0.813673034273
6893 0.812458958425
6895 0.812458952276
6897 0.812450345412
6899 0.812449427304
6901 0.812440674891
6903 0.812440597637
6905 0.812435054974
6907 0.812433083557
6909 0.812432932614
6911 0.812425820205
6913 0.812425711759
6915 0.812418869079
6917 0.812418701703
6919 0.812414814338
6921 0.812414753055
6923 0.812413387955
6925 0.812413361556
6927 0.812397587494
6929 0.812394915233
6931 0.812374521185
6933 0.812367179567
6935 0.812346817239
6937 0.812339316376
6939 0.812332411389
6941 0.812323015255
6943 0.812319966204
6945 0.812310700216
6947 0.812298521374
6949 0.812282018435
6951 0.812265007866
6953 0.812252626249
6955 0.812239462986
6957 0.812225355281
6959 0.812213726354
6961 0.812198792001
6963 0.812193473434
6989 0.810562685074
6991 0.810555422253
7017 0.809003498855
7019 0.808994001577
7021 0.808993677984
7023 0.808970630211
7025 0.808970625265
7027 0.808948755821
7029 0.80894872757
7031 0.80894543834
7033 0.808945224172
7035 0.808936375377
7037 0.808936352685
7039 0.808926252358
7041 0.808924062676
7043 0.808900877738
7045 0.808900765228
7047 0.80887845073
7049 0.808877174465
7051 0.808875400125
7077 0.806424101432
7079 0.806422453038
7105 0.804129522817
7107 0.804118529201
7109 0.804117431253
7111 0.804117408817
7113 0.804117402772
7115 0.804117390551
7117 0.804115641228
7119 0.804113519589
7121 0.804102225002
7123 0.804099182033
7125 0.804092038928
7127 0.804088201073
7129 0.804078968052
7131 0.804068314211
7133 0.804049129792
7135 0.804044907182
7150 0.803696551101
7152 0.803692365062
7154 0.803679317832
7156 0.803670149096
7158 0.803659540191
7160 0.803647121605
7162 0.803646075244
7164 0.803639667189
7166 0.803639579803
7168 0.803633727793
7170 0.80363321979
7172 0.803632187573
7184 0.803358687256
7186 0.803358597619
7207 0.802841017101
7209 0.802838338103
7211 0.802831750284
7213 0.80283147512
7215 0.802827102441
7217 0.802826997705
7219 0.802826262459
7221 0.802826262241
7223 0.802826238372
7225 0.802826237556
7227 0.802826236057
7229 0.80282623551
7231 0.802826101466
7233 0.802803352069
7235 0.802800175556
7237 0.802778446757
7239 0.802772221834
7241 0.802770921113
7267 0.801705658363
7269 0.801705420889
7295 0.80043215447
7297 0.800432143775
7299 0.800424624241
7301 0.800423893743
7303 0.80041680814
7305 0.800416774639
7307 0.800412979859
7309 0.800411620092
7311 0.800411480694
7313 0.800405535856
7315 0.80040541806
7317 0.800399682141
7319 0.80039951448
7321 0.800396673392
7323 0.800396612178
7325 0.800395792671
7327 0.800395766256
7329 0.800380734049
7331 0.800378078727
7333 0.80035850697
7335 0.800351157869
7337 0.800331617848
7339 0.800325381235
7341 0.800319846989
7343 0.800311833969
7345 0.800309629861
7347 0.80030170529
7349 0.800290478257
7351 0.800275054184
7353 0.800259121148
7355 0.800247784044
7357 0.800235747574
7359 0.800222735014
7361 0.800212151879
7363 0.8001983243
7365 0.800193893826
7391 0.798529777547
7393 0.798523327614
7419 0.79694163749
7421 0.796932854222
7423 0.796932630944
7425 0.796909880355
7427 0.796909870871
7429 0.796888295321
7431 0.796888293571
7433 0.796885781619
7435 0.796885614865
7437 0.79687803013
7439 0.796877990886
7441 0.796869192077
7443 0.796867036623
7445 0.796844069673
7447 0.79684395977
7449 0.796821859763
7451 0.796820609356
7453 0.796818172601
7479 0.794670351074
7481 0.794669052989
7507 0.792675384598
7509 0.79266492692
7511 0.792663805681
7513 0.792663793712
7515 0.792663757686
7517 0.792663751433
7519 0.79266138316
7521 0.792659265723
7523 0.792649816393
7525 0.792646759164
7527 0.79264100529
7529 0.792637143436
7531 0.792629429618
7533 0.79261947625
7535 0.792602502614
7537 0.792598717459
7539 0.792575299612
7541 0.792571826164
7543 0.792559974846
7545 0.792551839945
7547 0.79254228777
7549 0.792531036591
7551 0.792529998516
7553 0.79252465147
7555 0.792524562143
7557 0.792519677782
7559 0.792519164934
7561 0.792517889662
7563 0.792498662328
7565 0.792498626578
7567 0.792475356601
7569 0.792472990725
7571 0.792466952124
7573 0.792466715454
7575 0.792462789944
7577 0.792462662205
7579 0.79246210466
7581 0.792462104654
7583 0.792462087424
7585 0.79246208708
7587 0.792462083668
7589 0.792462083437
7591 0.792462066668
7593 0.792439765171
7595 0.792437342113
7597 0.792416051855
7599 0.792410841632
7601 0.7924098393
7627 0.791299135643
7629 0.791298944365
7655 0.789975348461
7657 0.789975328149
7659 0.789968746897
7661 0.789968155557
7663 0.789962521085
7665 0.78996251012
7667 0.789960127165
7669 0.789959219383
7671 0.789959085418
7673 0.789954098749
7675 0.789953975478
7677 0.789949149467
7679 0.789948981594
7681 0.789946879155
7683 0.789946818009
7685 0.789946344877
7687 0.78994631846
7689 0.789931995459
7691 0.78992935598
7693 0.789910572981
7695 0.789903216062
7697 0.789884465529
7699 0.789879288428
7701 0.789874831567
7703 0.789867993825
7705 0.789866419076
7707 0.789859636803
7709 0.789849291983
7711 0.789834874777
7713 0.789819948726
7715 0.789809570911
7717 0.789798545164
7719 0.789786542251
7721 0.78977689552
7723 0.789764090282
7725 0.789760357131
7751 0.788080696783
7753 0.788074927961
7779 0.78648094816
7781 0.786472812167
7783 0.786472677449
7785 0.786450193024
7787 0.78645017948
7789 0.78642886615
7791 0.786428860079
7793 0.786426966876
7795 0.786426828371
7797 0.786420315522
7799 0.786420262461
7801 0.786412578101
7803 0.786410460728
7805 0.786387709543
7807 0.786387601611
7809 0.786365712951
7811 0.786364486857
7813 0.78636144935
7839 0.784507364839
7841 0.784506316139
7867 0.782796717247
7869 0.782786695292
7871 0.782785482822
7873 0.782785475938
7875 0.782785406252
7877 0.782785402794
7879 0.782782472831
7881 0.782780358159
7883 0.782772470094
7885 0.782769398235
7887 0.782764796604
7889 0.782760910979
7891 0.782753447793
7893 0.782744026904
7895 0.782727392731
7897 0.782723943355
7899 0.782700907427
7901 0.78269804117
7903 0.782687274093
7905 0.782680052341
7907 0.782671453619
7909 0.782661245418
7911 0.782660210898
7913 0.782655775853
7915 0.782655685751
7917 0.782651633401
7919 0.782651118089
7921 0.782649680331
7923 0.782630842669
7925 0.78263082828
7927 0.782607971712
7929 0.782605805992
7931 0.78260026266
7933 0.782600049064
7935 0.782596522744
7937 0.78259637839
7939 0.782595965966
7941 0.782595965949
7943 0.782595952414
7945 0.782595952241
7947 0.78259594717
7949 0.782595947053
7951 0.782595941904
7953 0.782574055571
7955 0.782572194547
7957 0.782551309711
7959 0.78254689506
7961 0.782546129026
7987 0.78139905066
7989 0.781398891406
8015 0.780035566842
8017 0.780035530107
8019 0.780029755818
8021 0.780029268225
8023 0.780024883222
8025 0.780024881591
8027 0.780023577488
8029 0.780022997524
8031 0.78002286595
8033 0.780018667137
8035 0.780018540598
8037 0.780014464171
8039 0.780014296162
8041 0.780012718498
8043 0.780012657417
8045 0.780012399237
8047 0.780012372831
8049 0.779998727763
8051 0.779996103099
8053 0.779978076761
8055 0.779970711718
8057 0.779952719155
8059 0.779948429299
8061 0.779944821274
8063 0.779938982613
8065 0.77993787364
8067 0.779932064593
8069 0.779922537276
8071 0.779909059822
8073 0.779895074915
8075 0.779885578057
8077 0.779875460097
8079 0.779864388091
8081 0.779855580738
8083 0.779843719997
8085 0.779840529523
8111 0.778163880704
8113 0.778158686191
8139 0.776570405292
8141 0.776562868809
8143 0.776562802802
8145 0.776540557452
8147 0.776540540487
8149 0.776519461698
8151 0.776519424537
8153 0.776518020291
8155 0.776517899052
8157 0.776512296039
8159 0.776512232369
8161 0.776505503685
8163 0.776503425
8165 0.77648089606
8167 0.776480789931
8169 0.776459118181
8171 0.776457915826
8173 0.776454356631
8199 0.774874295207
8201 0.774873428867
8227 0.773424743274
8229 0.773415096336
8231 0.773413742078
8233 0.773413737805
8235 0.773413641887
8237 0.773413639807
8239 0.773410219698
8241 0.773408106473
8243 0.77340150935
8245 0.773398422301
8247 0.773394753583
8249 0.773390844163
8251 0.773383625022
8253 0.773374706038
8255 0.773358404491
8257 0.773355265389
8259 0.773332604618
8261 0.773330254217
8263 0.773320470281
8265 0.773314055367
8267 0.773306316847
8269 0.773297041242
8271 0.773296008041
8273 0.773292329025
8275 0.773292238737
8277 0.773288876276
8279 0.773288359757
8281 0.77328682051
8283 0.773268364054
8285 0.773268358392
8287 0.773245907035
8289 0.773243874027
8291 0.773238777645
8293 0.773238578024
8295 0.773235408174
8297 0.773235252064
8299 0.773234956508
8301 0.773234956448
8303 0.773234945027
8305 0.773234944923
8307 0.773234938606
8309 0.773234938536
8311 0.773234879558
8313 0.773213377046
8315 0.773211936816
8317 0.773191425816
8319 0.773187639055
8321 0.773187061279
8347 0.772014090174
8349 0.772013953661
8375 0.770622939997
8377 0.770622878717
8379 0.770617795765
8381 0.770617385922
8383 0.770614061976
8385 0.770614061828
8387 0.770613508493
8389 0.770613160241
8391 0.77061302953
8393 0.770609479851
8395 0.770609351287
8397 0.770605893677
8399 0.770605725594
8401 0.770604523368
8403 0.770604462345
8405 0.770604333126
8407 0.770604306738
8409 0.770591309591
8411 0.770588698769
8413 0.770571398288
8415 0.770564024809
8417 0.77054675988
8419 0.770543212341
8421 0.770540274814
8423 0.77053528579
8425 0.770534518782
8427 0.770529539323
8429 0.770520769308
8431 0.770508168979
8433 0.770495063706
8435 0.770486375759
8437 0.770477074556
8439 0.770466860878
8441 0.770458807071
8443 0.770447818999
8445 0.770445046168
8471 0.768789913309
8473 0.768785206483
8499 0.767220314188
8501 0.767213343463
8503 0.767213322395
8505 0.767191293407
8507 0.767191273636
8509 0.767170406099
8511 0.767170314173
8513 0.76716929287
8515 0.767169182372
8517 0.767164352429
8519 0.767164280943
8521 0.767158373014
8523 0.767156332841
8525 0.767134038877
8527 0.767133934494
8529 0.767112491474
8531 0.767111312508
8533 0.76710731498
8559 0.765775453216
8561 0.765774723739
8587 0.764559418882
8589 0.764550111213
8591 0.764548577118
8593 0.764548574274
8595 0.764548462533
8597 0.764548461171
8599 0.764544625441
8601 0.764542512427
8603 0.764536983713
8605 0.76453388094
8607 0.764530966376
8609 0.764527033114
8611 0.76452005153
8613 0.764511605646
8615 0.764495629988
8617 0.76449277737
8619 0.764470485077
8621 0.764468571455
8623 0.764459679087
8625 0.764453977316
8627 0.764447014766
8629 0.764438573755
8631 0.764437540877
8633 0.764434488718
8635 0.764434398536
8637 0.764431608224
8639 0.764431091183
8641 0.764429493197
8643 0.764411409543
8645 0.764411407403
8647 0.764389353189
8649 0.764387411701
8651 0.764382718964
8653 0.76438252779
8655 0.764379676362
8657 0.764379511975
8659 0.764379308849
8661 0.764379308755
8663 0.764379298562
8665 0.764379298488
8667 0.764379291302
8669 0.764379291251
8671 0.764379140508
8673 0.764357992361
8675 0.764356868462
8677 0.764336701704
8679 0.764333413797
8681 0.76433298616
8707 0.763145682997
8709 0.763145563092
8735 0.761739934464
8737 0.761739839906
8739 0.761735346558
8741 0.761734995279
8743 0.761732556939
8745 0.761732553931
8747 0.761732431029
8749 0.761732240546
8751 0.761732109942
8753 0.761729096248
8755 0.761728966367
8757 0.761726020757
8759 0.761725852654
8761 0.761724921077
8763 0.761724860108
8765 0.761724804187
8767 0.761724777826
8769 0.761712399813
8771 0.761709801912
8773 0.761693197727
8775 0.761685815503
8777 0.761669249021
8779 0.761666321913
8781 0.761663915502
8783 0.761659649324
8785 0.761659130863
8787 0.761654858923
8789 0.761646790221
8791 0.761635008578
8793 0.761622725482
8795 0.761614780185
8797 0.761606215471
8799 0.761596793223
8801 0.761589417262
8803 0.761579235576
8805 0.761576779483
8831 0.759960801213
8833 0.759956511822
8859 0.758431625215
8861 0.758425196318
8863 0.758425195173
8865 0.758403364567
8867 0.758403342552
8869 0.758382667697
8871 0.758382500373
8873 0.758381775671
8875 0.75838167192
8877 0.758377499546
8879 0.758377422421
8881 0.758372220485
8883 0.758370218452
8885 0.758348176259
8887 0.758348073589
8889 0.758326875204
8891 0.758325719339
8893 0.758321363957
8919 0.757209028752
8921 0.757208404566
8947 0.756197435961
8949 0.756188447117
8951 0.756186705532
8953 0.756186703524
8955 0.75618658564
8957 0.75618658468
8959 0.75618240466
8961 0.756180290712
8963 0.756175647121
8965 0.756172528109
8967 0.756170222101
8969 0.756166264935
8971 0.756159514514
8973 0.756151514599
8975 0.756135858195
8977 0.756133269887
8979 0.756111339478
8981 0.756109794253
8983 0.756101710494
8985 0.756096639276
8987 0.75609037662
8989 0.756082683137
8991 0.756081650206
8993 0.756079117882
8995 0.756079027946
8997 0.756076712206
8999 0.756076195032
9001 0.75607456714
9003 0.756056848013
9005 0.756056847263
9007 0.756035182281
9009 0.756033306731
9011 0.756028978807
9013 0.756028792653
9015 0.756026225754
9017 0.756026055508
9019 0.756025923724
9021 0.756025923609
9023 0.756025914129
9025 0.756025914068
9027 0.756025906307
9029 0.756025906265
9031 0.756025644374
9033 0.7560048235
9035 0.75600393846
9037 0.755984088777
9039 0.755981199843
9041 0.755980891405
9067 0.754791469959
9069 0.754791362598
9095 0.753384741134
9097 0.753384604718
9099 0.753380611497
9101 0.753380304551
9103 0.753378589414
9105 0.753378581437
9107 0.753378580106
9109 0.753378490908
9111 0.753378360052
9113 0.753375789916
9115 0.753375659128
9117 0.753373138137
9119 0.753372970056
9121 0.753372235183
9123 0.753372174266
9125 0.753372156137
9127 0.753372129808
9129 0.753360343328
9131 0.753357757476
9133 0.753341821217
9135 0.753334429944
9137 0.753318533841
9139 0.753316124698
9141 0.75331414027
9143 0.753310489336
9145 0.753310149201
9147 0.753306480999
9149 0.753299061549
9151 0.753288044068
9153 0.753276529481
9155 0.753269265897
9157 0.753261367073
9159 0.753252674586
9161 0.753245909866
9163 0.753236473398
9165 0.75323425267
9191 0.751673463467
9193 0.751669534562
9219 0.75019952438
9221 0.750193619653
9223 0.750193613967
9225 0.75017196864
9227 0.750171944913
9229 0.750151449003
9231 0.750151188987
9233 0.750150690801
9235 0.750150591296
9237 0.750146978879
9239 0.750146897728
9241 0.750142304064
9243 0.750140339748
9245 0.75011856831
9247 0.750118467332
9249 0.750097531712
9251 0.750096398668
9253 0.750091759414
9279 0.749169892488
9281 0.749169351186
9307 0.748334220701
9309 0.748325539147
9311 0.748323571669
9313 0.748323570187
9315 0.748323453737
9317 0.748323453016
9319 0.748318993771
9321 0.748316877829
9323 0.748312968312
9325 0.748309832574
9327 0.748308016616
9329 0.748304035472
9331 0.748297509926
9333 0.748289930421
9335 0.748274586741
9337 0.748272242073
9339 0.748250667044
9341 0.748249431156
9343 0.748242080848
9345 0.748237567361
9347 0.748231935888
9349 0.74822491254
9351 0.748223879482
9353 0.748221778289
9355 0.748221688665
9357 0.748219766611
9359 0.748219249542
9361 0.748217610749
9363 0.74820024805
9365 0.748200247823
9367 0.748178964331
9369 0.74817713864
9371 0.748173140678
9373 0.748172957393
9375 0.748170644822
9377 0.748170470368
9379 0.748170391786
9381 0.748170391659
9383 0.748170382584
9385 0.74817038253
9387 0.7481703744
9389 0.748170374364
9391 0.748169994198
9393 0.748149476283
9395 0.748148772473
9397 0.748129215515
9399 0.748126647766
9401 0.748126432956
9427 0.746947277184
9429 0.746947179681
9455 0.745553203931
9457 0.745553017899
9459 0.745549446105
9461 0.74554917288
9463 0.74554803194
9465 0.74554801826
9467 0.745547845383
9469 0.745547814713
9471 0.745547683455
9473 0.745545481258
9475 0.745545349812
9477 0.745543181834
9479 0.74554301381
9481 0.745542423131
9483 0.745542362262
9485 0.745542359734
9487 0.745542333442
9489 0.745531112035
9491 0.74552853741
9493 0.745513241854
9495 0.74550584123
9497 0.745490588523
9499 0.745488611243
9501 0.745486963182
9503 0.745483836148
9505 0.745483621784
9507 0.745480469054
9509 0.745473650464
9511 0.745463346276
9513 0.745452550074
9515 0.74544591216
9517 0.745438617236
9519 0.745430597662
9521 0.745424385678
9523 0.745415637972
9525 0.745413586937
9551 0.743921818824
9553 0.743918204276
9579 0.742515676036
9581 0.742510281179
9583 0.742510248313
9585 0.742488779975
9587 0.742488755045
9589 0.742468429105
9591 0.742468062786
9593 0.742467734448
9595 0.742467637596
9597 0.742464502582
9599 0.742464418563
9601 0.742460349872
9603 0.742458422835
9605 0.742436941822
9607 0.742436842513
9609 0.742416188523
9611 0.742415078026
9613 0.742410220833
9639 0.741651059504
9641 0.741650584818
9667 0.740964666696
9669 0.740956285647
9671 0.740954082189
9673 0.740954081059
9675 0.740953971283
9677 0.740953970714
9679 0.740949289785
9681 0.740947170872
9683 0.740943870869
9685 0.74094071794
9687 0.740939295659
9689 0.74093529045
9691 0.740928983598
9693 0.74092180043
9695 0.740906763051
9697 0.740904642771
9699 0.740883416712
9701 0.740882439223
9703 0.740875754269
9705 0.740871734296
9707 0.74086667195
9709 0.7408602499
9711 0.740859216783
9713 0.740857473192
9715 0.740857383906
9717 0.740855788468
9719 0.740855271662
9721 0.740853634299
9723 0.740836620122
9725 0.740836620074
9727 0.740815710509
9729 0.740813924474
9731 0.740810225187
9733 0.740810043407
9735 0.740807958252
9737 0.74080778071
9739 0.740807739775
9741 0.74080773964
9743 0.740807730783
9745 0.740807730733
9747 0.740807722378
9749 0.740807722344
9751 0.740807224646
9753 0.74078698849
9755 0.740786422902
9757 0.740767137437
9759 0.740764829926
9761 0.740764687338
9787 0.739607850558
9789 0.739607761161
9815 0.738239553201
9817 0.738239311144
9819 0.738236091524
9821 0.738235844071
9823 0.738235142241
9825 0.738235122917
9827 0.738234505644
9829 0.738234501499
9831 0.738234369794
9833 0.738232473563
9835 0.738232341618
9837 0.738230467874
9839 0.738230299935
9841 0.738229815893
9843 0.738229755069
9845 0.738229754682
9847 0.738229728431
9849 0.738219046745
9851 0.73821648257
9853 0.738201801594
9855 0.738194391327
9857 0.738179756084
9859 0.738178138354
9861 0.738176759339
9863 0.738174078639
9865 0.738173950925
9867 0.738171238569
9869 0.738164975865
9871 0.738155337511
9873 0.738145212881
9875 0.738139149101
9877 0.738132403672
9879 0.738125004605
9881 0.738119293994
9883 0.738111182943
9885 0.738109248513
9911 0.736697715928
9913 0.736694378399
9939 0.735369340637
9941 0.735364442379
9943 0.735364362431
9945 0.735343067344
9947 0.735343041702
9949 0.735322881252
9951 0.735322398958
9953 0.735322194857
9955 0.735322099636
9957 0.735319372158
9959 0.735319286091
9961 0.735315671281
9963 0.735313781078
9965 0.735292609712
9967 0.735292512054
9969 0.735272158176
9971 0.735271069952
9973 0.735266052358
9988 0.734923332073
9990 0.734922942643
9992 0.734899211996
9994 0.73489137346
9996 0.734888898291
9998 0.734888897639
10000 0.734888821259
10002 0.734888820926
10004 0.734884368629
10006 0.734882245862
10008 0.734879452577
10010 0.73487628201
10012 0.7348751751
10014 0.734871145714
10016 0.734865051466
10018 0.734858241939
10020 0.734843504493
10022 0.734841590666
10024 0.734820707187
10026 0.734819944233
10028 0.734813862908
10030 0.734810279788
10032 0.734805730518
10034 0.734799848479
10036 0.734798815434
10038 0.734797368473
10040 0.734797279534
10042 0.734795955087
10044 0.734795438658
10046 0.734793810626
10048 0.734777137205
10050 0.734777137204
10052 0.734756594107
10054 0.734754841196
10056 0.734751412458
10058 0.734751231321
10060 0.734749349587
10062 0.734749169712
10064 0.734749153135
10066 0.734749152995
10068 0.734749144242
10070 0.734749144194
10072 0.734749135708
10074 0.734749135675
10076 0.734748526018
10078 0.734728553695
10080 0.734728094108
10082 0.734709062171
10084 0.734706966839
10086 0.734706878435
10112 0.733583602763
10114 0.73358352035
10140 0.732253190792
10142 0.732252888003
10144 0.732249959539
10146 0.732249731875
10148 0.732249348525
10150 0.732249324037
10152 0.732248014152
10154 0.732248012933
10156 0.732247880787
10158 0.732246239637
10160 0.732246107301
10162 0.732244479445
10164 0.732244311614
10166 0.732243907137
10168 0.732243846358
10170 0.732243840315
10172 0.732243814109
10174 0.73223364782
10176 0.73223109335
10178 0.732217001841
10180 0.73220958162
10182 0.732195538877
10184 0.732194219995
10186 0.732193056962
10188 0.732190756698
10190 0.732190686704
10192 0.732188350793
10194 0.732182602169
10196 0.732173585345
10198 0.732164088538
10200 0.73215855148
10202 0.732152307745
10204 0.732145480848
10206 0.732140226474
10208 0.732132703955
10210 0.732130843132
10236 0.730807924394
10238 0.73080483366
10264 0.729564556501
10266 0.729560140853
10268 0.729559997275
10270 0.729538875752
10272 0.729538849862
10274 0.729518854433
10276 0.729518250527
10278 0.729518134148
10280 0.729518039898
10282 0.729515660764
10284 0.729515573227
10286 0.729512351538
10288 0.729510497726
10290 0.729489829866
10292 0.729489733839
10294 0.729469868894
10296 0.729468802692
10298 0.729463593245
10300 0.729439888338
10302 0.729439591154
10304 0.729416018757
10306 0.7294086926
10308 0.729405982752
10310 0.729405982411
10312 0.729405941766
10314 0.729405941587
10316 0.729401793549
10318 0.729399666116
10320 0.729397294671
10322 0.729394106053
10324 0.72939325096
10326 0.729389197288
10328 0.729383309692
10330 0.729376852453
10332 0.729362408727
10334 0.729360684667
10336 0.729340137543
10338 0.729339551414
10340 0.729334017811
10342 0.729330821566
10344 0.729326734775
10346 0.729321338181
10348 0.729320305369
10350 0.729319104483
10352 0.729319015889
10354 0.729317916306
10356 0.729317400343
10358 0.729315786652
10360 0.729299446491
10362 0.729299446486
10364 0.729279262649
10366 0.729277538661
10368 0.729274355202
10370 0.729274174163
10372 0.729272474461
10374 0.729272292767
10376 0.729272289245
10378 0.729272289104
10380 0.729272280385
10382 0.729272280338
10384 0.729272271782
10386 0.72927227175
10388 0.72927155847
10390 0.729251835568
10392 0.729251457749
10394 0.729232664857
10396 0.729230743588
10398 0.729230694158
10424 0.728151005211
10426 0.728150929094
10452 0.726869176654
10454 0.726868810308
10456 0.726866119151
10458 0.726865906766
10460 0.726865736178
10462 0.726865707181
10464 0.726863485004
10466 0.72686346964
10468 0.726863337086
10470 0.726861909168
10472 0.726861776517
10474 0.726860354716
10476 0.726860187013
10478 0.726859842422
10480 0.726859781683
10482 0.726859765813
10484 0.726859739653
10486 0.726850065501
10488 0.726847520042
10490 0.726833993952
10492 0.726826563499
10494 0.72681308932
10496 0.726812018376
10498 0.726811029391
10500 0.726809053576
10502 0.726809020083
10504 0.726807006186
10506 0.726801732831
10508 0.726793296238
10510 0.726784386431
10512 0.726779332518
10514 0.726773548435
10516 0.726767249166
10518 0.726762411318
10520 0.72675543293
10522 0.726753610892
10548 0.725524837742
10550 0.725521969334
10576 0.724371034803
10578 0.724367085888
10580 0.724366865859
10582 0.724345921881
10584 0.72434589618
10586 0.724326068922
10588 0.724325341718
10590 0.724325284015
10592 0.724325190313
10594 0.724323109352
10596 0.724323020748
10598 0.724320140208
10600 0.724318322346
10602 0.724298209608
10604 0.724298115197
10606 0.724278789512
10608 0.724277745078
10610 0.724272354412
10612 0.724248809254
10614 0.724248575528
10616 0.724225161566
10618 0.724218251093
10620 0.724215367865
10622 0.724215367678
10624 0.724215346233
10626 0.724215346126
10628 0.724211422133
10630 0.724209289286
10632 0.724207269529
10634 0.724204062466
10636 0.724203407671
10638 0.724199329601
10640 0.724193642828
10642 0.724187517774
10644 0.724173361681
10646 0.724171811862
10648 0.72415159499
10650 0.724151153335
10652 0.724146116793
10654 0.724143263315
10656 0.724139593324
10658 0.724134633553
10660 0.72413360114
10662 0.724132604405
10664 0.724132516153
10666 0.724131603172
10668 0.724131087754
10670 0.724129491534
10672 0.724113477362
10674 0.724113477339
10676 0.724093645758
10678 0.724091947958
10680 0.724088987051
10682 0.724088805769
10684 0.724087269032
10686 0.724087085871
10688 0.724087085833
10690 0.72408708569
10692 0.724087076964
10694 0.724087076918
10696 0.724087068329
10698 0.724087068298
10700 0.724086261096
10702 0.724066776667
10704 0.724066462309
10706 0.724047897402
10708 0.724046119781
10710 0.724046096559
10736 0.723018481351
10738 0.723018411124
10764 0.721794217622
10766 0.721793786804
10768 0.721791285277
10770 0.72179108477
10772 0.721791036381
10774 0.721791003565
10776 0.72178768106
10778 0.721787639539
10780 0.72178750662
10782 0.72178625744
10784 0.721786124538
10786 0.721784875898
10788 0.721784708336
10790 0.721784409195
10792 0.721784348497
10794 0.721784320905
10796 0.721784294795
10798 0.721775090517
10800 0.721772553413
10802 0.721759569686
10804 0.721752128737
10806 0.72173920015
10808 0.72173833447
10810 0.721737486299
10812 0.721735787344
10814 0.721735774947
10816 0.721734036695
10818 0.721729202573
10820 0.721721307692
10822 0.721712946771
10824 0.721708335942
10826 0.721702974383
10828 0.721697161683
10830 0.721692705299
10832 0.721686230058
10834 0.721684418682
10860 0.720552620382
10862 0.720549954422
10888 0.719490442397
10890 0.71948694174
10892 0.719486636309
10894 0.719465876862
10896 0.719465851744
10898 0.71944619879
10900 0.719445350293
10902 0.719445328342
10904 0.719445234918
10906 0.719443409558
10908 0.719443320172
10910 0.719440736254
10912 0.719438953911
10914 0.719419382051
10916 0.719419289236
10918 0.719400488515
10920 0.719399465585
10922 0.719393959244
10924 0.719370574427
10926 0.719370385101
10928 0.719347129564
10930 0.719340562395
10932 0.719337554426
10934 0.719337554321
10936 0.719337543145
10938 0.719337543073
10940 0.719333786833
10942 0.719331647876
10944 0.719329921775
10946 0.719326695892
10948 0.719326199684
10950 0.719322097101
10952 0.71931660544
10954 0.719310793638
10956 0.7192969192
10958 0.719295529182
10960 0.719275636552
10962 0.719275311671
10964 0.719270726277
10966 0.719268176627
10968 0.719264882196
10970 0.71926031588
10972 0.71925928403
10974 0.719258456674
10976 0.719258368757
10978 0.719257610636
10980 0.719257095832
10982 0.719255519005
10984 0.719239823752
10986 0.719239823706
10988 0.719220337545
10990 0.719218664139
10992 0.719215905323
10994 0.719215723589
10996 0.719214332806
10998 0.71921414842
11000 0.719214143814
11002 0.71921414367
11004 0.719214134916
11006 0.71921413487
11008 0.719214126272
11010 0.719214126241
11012 0.719213235272
11014 0.719193981672
11016 0.719193716874
11018 0.719175372158
11020 0.719173713772
11022 0.719173706144
11048 0.718204903876
11050 0.71820483931
11076 0.717045287052
11078 0.717044792658
11080 0.717042438361
11082 0.717042247173
11084 0.71704224553
11086 0.717042209537
11088 0.717037632414
11090 0.717037556613
11092 0.717037423375
11094 0.71703632444
11096 0.717036191333
11098 0.71703508863
11100 0.717034921223
11102 0.717034656846
11104 0.717034596187
11106 0.717034556368
11108 0.717034530309
11110 0.717025774588
11112 0.71702324522
11114 0.717010781735
11116 0.717003330037
11118 0.716990924978
11120 0.716990228824
11122 0.716989495039
11124 0.716988032477
11126 0.716988030138
11128 0.716986528009
11130 0.716982099659
11132 0.716974710557
11134 0.716966862929
11136 0.716962658346
11138 0.716957686363
11140 0.716952322375
11142 0.716948216346
11144 0.71694220641
11146 0.716940383184
11172 0.715905959827
11174 0.71590348007
11200 0.714935262023
11202 0.714932188258
11204 0.714931792278
11206 0.714911226675
11208 0.714911202484
11210 0.71489173229
11212 0.714890767802
11214 0.714890763677
11216 0.714890670363
11218 0.714889064444
11220 0.714888974479
11222 0.714886648981
11224 0.714884901721
11226 0.714865856754
11228 0.714865765515
11230 0.714847475804
11232 0.714846474106
11234 0.714840904275
11236 0.714817680084
11238 0.714817522356
11240 0.714794425085
11242 0.714788146588
11244 0.714785051548
11246 0.714785051486
11248 0.714785045768
11250 0.714785045714
11252 0.714781417309
11254 0.714779271597
11256 0.714777791095
11258 0.714774546035
11260 0.714774174699
11262 0.71477004748
11264 0.714764745341
11266 0.71475922896
11268 0.714745630305
11270 0.714744386662
11272 0.714724812362
11274 0.714724580592
11276 0.714720404731
11278 0.714718124521
11280 0.714715168421
11282 0.714710956853
11284 0.714709925724
11286 0.714709238905
11288 0.714709151316
11290 0.714708521725
11292 0.714708007595
11294 0.714706451303
11296 0.714691068094
11298 0.714691068028
11300 0.714671920615
11302 0.714670270403
11304 0.71466769525
11306 0.714667512943
11308 0.714666252936
11310 0.714666067496
11312 0.714666051592
11314 0.714666051448
11316 0.714666042651
11318 0.714666042605
11320 0.714666034012
11322 0.714666033981
11324 0.71466506926
11326 0.714646041915
11328 0.714645816073
11330 0.71462768678
11332 0.714626127924
11334 0.714626127194
11360 0.713721038794
11362 0.713720979764
11388 0.712631192236
11390 0.712630636776
11392 0.712628391783
11394 0.712628207995
11396 0.71262819239
11398 0.712628153772
11400 0.712622202456
11402 0.712622087221
11404 0.712621953709
11406 0.712620981431
11408 0.712620848163
11410 0.712619868813
11412 0.712619701572
11414 0.712619463965
11416 0.712619403343
11418 0.712619351609
11420 0.712619325603
11422 0.712610998035
11424 0.712608475817
11426 0.712596511348
11428 0.712589048657
11430 0.712577145939
11432 0.71257658941
11434 0.712575948931
11436 0.712574688334
11438 0.712574688285
11440 0.712573388575
11442 0.712569334938
11444 0.712562418092
11446 0.712555050516
11448 0.712551218313
11450 0.71254660649
11452 0.712541656305
11454 0.71253787288
11456 0.712532293306
11458 0.71253044051
11484 0.711591721542
11486 0.71158941457
11512 0.710710512703
11514 0.710707841625
11516 0.710707353524
11518 0.710686992772
11520 0.710686969795
11522 0.710667692514
11524 0.710666620134
11526 0.710666619983
11528 0.710666526676
11530 0.710665109452
11532 0.710665019053
11534 0.710662919149
11536 0.710661206535
11538 0.710642674748
11540 0.710642585064
11542 0.710624792751
11544 0.710623812011
11546 0.71061821971
11548 0.710595156195
11550 0.710595021329
11552 0.710572082051
11554 0.710566050676
11556 0.710562897271
11558 0.710562897233
11560 0.710562894387
11562 0.710562894341
11564 0.710559365229
11566 0.710557212166
11568 0.710555937429
11570 0.710552672851
11572 0.710552399182
11574 0.710548247201
11576 0.710543129113
11578 0.710537891363
11580 0.710524562727
11582 0.710523452985
11584 0.710504191201
11586 0.710504032386
11588 0.710500228335
11590 0.710498187191
11592 0.710495535816
11594 0.710491644422
11596 0.710490614162
11598 0.710490043957
11600 0.710489956688
11602 0.710489433779
11604 0.710488920379
11606 0.710487385267
11608 0.710472307418
11610 0.710472307331
11612 0.710453492155
11614 0.710451864315
11616 0.710449456213
11618 0.710449273264
11620 0.71044813049
11622 0.71044794412
11624 0.710447911336
11626 0.710447911191
11628 0.710447902348
11630 0.710447902303
11632 0.710447893721
11634 0.71044789369
11636 0.710446864741
11638 0.71042806183
11640 0.710427866807
11642 0.710409950891
11644 0.710408475575
11646 0.710408474752
11672 0.70957018216
11674 0.709570128585
11700 0.70855332059
11702 0.708552707928
11704 0.708550538065
11706 0.708550360254
11708 0.708550284002
11710 0.708550243211
11712 0.708542832659
11714 0.708542675084
11716 0.708542541343
11718 0.708541676146
11720 0.708541542751
11722 0.708540667973
11724 0.708540500906
11726 0.708540284038
11728 0.708540223454
11730 0.708540160559
11732 0.708540134607
11734 0.708532215662
11736 0.708529700039
11738 0.708518214227
11740 0.708510740306
11742 0.708499319589
11744 0.708498877692
11746 0.708498313639
11748 0.70849722571
11750 0.708497222611
11752 0.708496096564
11754 0.708492388814
11756 0.708485912955
11758 0.708478994388
11760 0.708475503429
11762 0.70847122533
11764 0.708466656761
11766 0.708463171025
11768 0.708457989545
11770 0.708456093633
11796 0.707609736704
11798 0.707607591273
11824 0.706814562153
11826 0.706812267037
11828 0.706811688452
11830 0.706791544645
11832 0.706791523113
11834 0.706772450013
11836 0.706771280074
11838 0.706771273355
11840 0.706771179997
11842 0.706769925298
11844 0.70676983457
11846 0.706767932013
11848 0.706766253601
11850 0.706748221572
11852 0.706748133423
11854 0.706730825235
11856 0.706729865178
11858 0.706724282301
11860 0.706701379338
11862 0.706701261286
11864 0.706678479642
11866 0.706672663546
11868 0.706669473411
11870 0.706669473388
11872 0.706669472031
11874 0.706669471988
11876 0.706666021625
11878 0.70666386066
11880 0.706662758628
11882 0.706659474205
11884 0.706659276299
11886 0.706655099422
11888 0.706650160039
11890 0.706645185106
11892 0.706632120835
11894 0.706631133406
11896 0.706612178422
11898 0.706612075444
11900 0.706608609006
11902 0.706606780088
11904 0.706604403106
11906 0.706600800982
11908 0.70659977173
11910 0.706599298291
11912 0.706599211337
11914 0.706598776982
11916 0.706598264364
11918 0.706596750762
11920 0.706581971767
11922 0.706581971663
11924 0.706563482369
11926 0.706561876324
11928 0.706559620289
11930 0.706559436666
11932 0.706558399033
11934 0.706558211824
11936 0.706558157581
11938 0.706558157436
11940 0.706558148546
11942 0.7065581485
11944 0.706558139933
11946 0.706558139902
11948 0.706557055556
11950 0.706538477636
11952 0.706538307152
11954 0.706520604913
11956 0.706519200098
11958 0.706519193701
11984 0.705749071914
11986 0.705749023716
12012 0.704806640613
12014 0.704805975677
12016 0.704803849884
12018 0.704803677002
12020 0.704803506425
12022 0.704803463809
12024 0.704794542255
12026 0.704794341115
12028 0.704794207184
12030 0.704793432785
12032 0.704793299296
12034 0.704792513435
12036 0.704792346547
12038 0.704792145822
12040 0.704792085273
12042 0.704792012187
12044 0.70479198629
12046 0.70478445728
12048 0.704781947725
12050 0.704770921037
12052 0.704763435658
12054 0.704752477416
12056 0.704752129287
12058 0.704751628096
12060 0.704750687889
12062 0.704750678197
12064 0.704749701267
12066 0.704746312659
12068 0.704740248614
12070 0.704733750066
12072 0.704730571732
12074 0.704726603429
12076 0.704722386799
12078 0.704719176239
12080 0.704714363049
12082 0.704712414157
12108 0.703953807825
12110 0.703951814314
12136 0.703240125293
12138 0.703238177378
12140 0.703237512695
12142 0.703217598481
12144 0.703217578562
12146 0.703198721503
12148 0.703197465988
12150 0.703197444836
12152 0.703197351397
12154 0.703196236919
12156 0.70319614594
12158 0.703194416385
12160 0.703192771729
12162 0.703175226332
12164 0.703175139697
12166 0.703158302696
12168 0.70315736304
12170 0.703151814148
12172 0.703129071477
12174 0.703128965988
12176 0.703106341549
12178 0.703100716153
12180 0.703097505466
12182 0.703097505452
12184 0.703097504848
12186 0.703097504805
12188 0.703094118329
12190 0.703091948952
12192 0.703090992157
12194 0.703087687577
12196 0.703087547838
12198 0.70308334593
12200 0.703078580026
12202 0.703073853019
12204 0.703061047568
12206 0.703060171696
12208 0.703041517894
12210 0.703041456266
12212 0.703038296441
12214 0.703036656022
12216 0.703034526063
12218 0.703031185562
12220 0.703030157447
12222 0.703029764313
12224 0.703029677665
12226 0.703029316825
12228 0.703028805037
12230 0.703027313068
12232 0.703012826604
12234 0.703012826482
12236 0.702994656868
12238 0.702993072193
12240 0.702990954701
12242 0.702990770393
12244 0.702989827106
12246 0.702989639127
12248 0.702989559712
12250 0.702989559567
12252 0.702989550632
12254 0.702989550586
12256 0.702989542034
12258 0.702989542003
12260 0.702988410302
12262 0.702970059893
12264 0.702969909073
12266 0.702952422758
12268 0.702951077765
12270 0.702951061637
12296 0.702248960696
12298 0.702248917777
12324 0.701380839036
12326 0.701380127514
12328 0.701378017296
12330 0.701377848587
12332 0.701377561718
12334 0.701377517536
12336 0.7013670643
12338 0.701366819608
12340 0.701366685524
12342 0.701365988341
12344 0.701365854785
12346 0.701365144752
12348 0.70136497805
12350 0.701364789932
12352 0.701364729419
12354 0.701364647176
12356 0.701364621335
12358 0.701357464379
12360 0.701354960395
12362 0.701344374097
12364 0.701336877041
12366 0.70132636253
12368 0.701326090778
12370 0.701325641502
12372 0.70132482777
12374 0.701324809257
12376 0.701323960476
12378 0.701320866201
12380 0.701315186757
12382 0.701309081156
12384 0.701306189143
12386 0.70130250883
12388 0.701298616776
12390 0.70129566091
12392 0.701291188489
12394 0.701289180013
12420 0.700612822594
12422 0.700610972577
12448 0.699999122622
12450 0.699997492545
12452 0.699996748295
12454 0.699977081505
12456 0.6999770633
12458 0.699958439209
12460 0.699957116251
12462 0.699957074954
12464 0.699956981422
12466 0.699955988137
12468 0.699955896966
12470 0.699954319395
12472 0.699952708043
12474 0.699935636453
12476 0.699935551311
12478 0.699919172884
12480 0.699918253347
12482 0.699912757165
12484 0.699890174425
12486 0.699890078468
12488 0.699867610757
12490 0.699862156937
12492 0.699858937727
12494 0.699858937719
12496 0.699858937481
12498 0.699858937436
12500 0.699855604052
12502 0.699853425789
12504 0.699852591374
12506 0.699849266338
12508 0.699849170668
12510 0.69984494359
12512 0.699840346062
12514 0.699835852957
12516 0.699823300888
12518 0.699822526591
12520 0.699804168451
12522 0.699804135961
12524 0.699801254642
12526 0.699799781743
12528 0.699797874111
12530 0.699794770478
12532 0.699793743621
12534 0.699793417131
12536 0.699793330785
12538 0.699793030977
12540 0.699792520063
12542 0.699791049726
12544 0.699776849637
12546 0.699776849496
12548 0.699758993503
12550 0.699757429873
12552 0.699755438708
12554 0.699755253719
12556 0.699754395134
12558 0.699754206438
12560 0.699754098891
12562 0.699754098745
12564 0.699754089768
12566 0.699754089722
12568 0.699754081185
12570 0.699754081155
12572 0.699752909323
12574 0.699734790492
12576 0.69973465553
12578 0.699717388918
12580 0.699716094958
12582 0.699716066086
12608 0.699080538122
12610 0.699080500343
12636 0.698285281869
12638 0.698284529929
12640 0.698282408886
12642 0.698282243814
12644 0.698281828928
12646 0.698281783358
12648 0.698269805925
12650 0.69826951859
12652 0.698269384386
12654 0.698268753061
12656 0.698268619464
12658 0.698267974293
12660 0.698267807781
12662 0.698267629526
12664 0.698267569048
12666 0.69826747867
12668 0.698267452885
12670 0.698260650877
12672 0.698258151988
12674 0.698247988109
12676 0.698240479164
12678 0.698230390393
12680 0.698230180541
12682 0.698229774313
12684 0.69822906895
12686 0.698229040341
12688 0.698228301792
12690 0.698225478843
12692 0.698220158612
12694 0.698214420671
12696 0.698211790803
12698 0.698208379772
12700 0.698204787055
12702 0.698202068265
12704 0.698197911186
12706 0.698195844169
12708 0.69817199789
12710 0.698170402088
12712 0.698146655628
12714 0.698145306176
12716 0.698144480141
12718 0.698125312495
12720 0.698125307058
12722 0.698107159065
12724 0.698105990549
12726 0.698105925104
12728 0.69810583148
12730 0.698104943072
12732 0.698104851753
12734 0.698103408062
12736 0.698101829556
12738 0.698085219169
12740 0.698085135499
12742 0.698069203281
12744 0.698068303576
12746 0.698062874208
12748 0.698040450856
12750 0.698040362241
12752 0.698018050638
12754 0.698012753369
12756 0.698009534527
12758 0.698009534522
12760 0.698009534448
12762 0.698009534399
12764 0.698006246224
12766 0.698004058627
12768 0.698003327546
12770 0.697999981752
12772 0.697999918895
12774 0.697995666485
12776 0.697991232331
12778 0.697986959903
12780 0.697974655831
12782 0.697973973849
12784 0.69795590587
12786 0.697955892273
12788 0.697953263959
12790 0.697951940018
12792 0.69795023242
12794 0.697947343463
12796 0.697946317974
12798 0.697946046796
12800 0.697945960745
12802 0.69794571161
12804 0.69794520161
12806 0.697943752816
12808 0.697929833038
12810 0.697929832881
12812 0.697912284506
12814 0.697910741647
12816 0.697908865756
12818 0.697908680097
12820 0.697907897595
12822 0.697907708226
12824 0.697907570235
12826 0.697907570089
12828 0.697907561073
12830 0.697907561027
12832 0.697907552504
12834 0.697907552473
12836 0.697906346931
12838 0.6978884648
12840 0.697888342701
12842 0.697871300633
12844 0.697870050446
12846 0.69787000679
12848 0.69784745987
12850 0.697847443194
12876 0.697090749066
12878 0.697090014402
12880 0.697087792432
12882 0.697087634836
12884 0.697087257995
12886 0.697087208628
12888 0.697074739985
12890 0.697074411584
12892 0.697074277289
12894 0.697073702213
12896 0.697073568594
12898 0.697072978984
12900 0.697072812665
12902 0.697072642129
12904 0.697072581685
12906 0.697072484127
12908 0.6970724584
12910 0.697065994934
12912 0.697063500676
12914 0.697053741914
12916 0.697046220828
12918 0.69703654047
12920 0.697036380486
12922 0.69703601009
12924 0.697035397654
12926 0.697035358357
12928 0.697034714713
12930 0.697032141741
12932 0.697027157007
12934 0.697021763077
