20 5.25034390633
46 5.21811826815
48 5.21810891126
74 5.19404819056
76 5.19404385836
102 5.1778360767
128 5.13189562787
154 5.11618193991
180 5.08714014625
206 5.073103064
232 5.03224507564
255 4.90831041247
281 4.88039541233
283 4.8803851874
309 4.86288857527
335 4.74105166518
361 4.72469455056
375 4.72361222713
401 4.70899584633
403 4.70897464766
427 4.58415265753
453 4.58283023747
455 4.58281774176
481 4.58144157755
483 4.58143459473
509 4.53562349573
535 4.53086486312
561 4.50185557415
587 4.49665794986
613 4.47944459238
629 4.35530568355
651 4.23126142944
653 4.23125038202
655 4.23123750772
657 4.23123025953
683 4.11081565755
700 3.98694150336
719 3.98490731735
721 3.98489730495
723 3.98487872278
746 3.86098892189
771 3.73717941939
773 3.73716954809
775 3.73715566696
777 3.73714882762
802 3.61343574279
824 3.4895419091
826 3.48952752136
828 3.48951582097
830 3.48950534079
856 3.48208364744
882 3.36729603548
908 3.36034644514
934 3.35303290397
960 3.34632719282
986 3.24218627772
1012 3.14583957868
1038 3.13130067747
1064 3.11195805482
1090 3.11011152009
1116 3.04544816595
1142 3.01058635179
1168 2.98108915066
1194 2.9565261195
1220 2.94357675568
1246 2.82038357628
1272 2.81818895373
1286 2.81709861832
1312 2.81483886988
1314 2.81482093398
1340 2.74447771721
1366 2.62397734682
1392 2.5949918757
1411 2.59292052187
1437 2.5819071175
1463 2.58096880798
1489 2.45751674634
1515 2.45653222212
1522 2.45625920601
1548 2.45525969078
1569 2.331242379
1595 2.32978553293
1597 2.32977268268
1623 2.32826004789
1625 2.32825097429
1651 2.32653094538
1677 2.20286195883
1703 2.2007676542
1709 2.20059466115
1735 2.19843921007
1761 2.18478168454
1787 2.07392478709
1813 2.06170103108
1839 2.05130703396
1865 2.04035849754
1891 2.01909464716
1917 1.89677555047
1943 1.87901986859
1957 1.87797849915
1983 1.86318046251
2009 1.73973679101
2035 1.64433252318
2039 1.64423898943
2065 1.62410787667
2067 1.62408709251
2082 1.49926856437
2084 1.49925834788
2086 1.49925371667
2088 1.49924816369
2114 1.4814536618
2116 1.48145220108
2142 1.46946725866
2144 1.46946711135
2170 1.45836086622
2196 1.4414132786
2222 1.43198198947
2248 1.42306974954
2274 1.41537733301
2300 1.40611529166
2302 1.40611385485
2328 1.39985014791
2330 1.39985014564
2356 1.39614493714
2358 1.39613393767
2384 1.38307219788
2386 1.38305727506
2412 1.37204597718
2414 1.37202946028
2416 1.37202129681
2442 1.36999261917
2444 1.36998964779
2470 1.36780452603
2472 1.36780390668
2498 1.35771772169
2524 1.35292256855
2550 1.3474457632
2576 1.34251108537
2602 1.33967092517
2604 1.33966780569
2606 1.33966524277
2608 1.33966268841
2610 1.33966105109
2612 1.3396586284
2614 1.3396476495
2616 1.33964498463
2618 1.33963115319
2620 1.33962973337
2622 1.33961788057
2624 1.33961347268
2626 1.33960828652
2628 1.33960496014
2630 1.33960121708
2632 1.33959890305
2634 1.33959175317
2636 1.33958632601
2638 1.33958071607
2640 1.33957796643
2642 1.33957386671
2668 1.33338858876
2679 1.33297627965
2705 1.32678595023
2707 1.3267638975
2733 1.32100359345
2735 1.32098711256
2761 1.31788232738
2763 1.31786312378
2773 1.31756699897
2775 1.31754819941
2801 1.3126636255
2827 1.29526509544
2853 1.29282796002
2879 1.28138481154
2905 1.28019909498
2907 1.28018221279
2933 1.278430087
2935 1.27841846343
2961 1.27677132956
2963 1.27676321927
2989 1.27315460665
2991 1.27313541183
3017 1.271542798
3019 1.27152952239
3032 1.27115227761
3058 1.27014096953
3060 1.2701280628
3086 1.26903548827
3088 1.26902629793
3114 1.26791088534
3116 1.26790492681
3142 1.26659427413
3144 1.26659023483
3170 1.26523472032
3172 1.26523142191
3198 1.26354901234
3200 1.26353844255
3226 1.26146389951
3228 1.26145860084
3254 1.25933164276
3280 1.25014355078
3295 1.24949047023
3321 1.24092268704
3323 1.24090206885
3349 1.23356130863
3375 1.2226271277
3377 1.22261469621
3403 1.2133969614
3405 1.21338645228
3431 1.20604918896
3433 1.20604195722
3459 1.20217134463
3461 1.20215983949
3476 1.20161002801
3478 1.20159803748
3480 1.20159311874
3482 1.20159194038
3484 1.20159162507
3486 1.20158935097
3512 1.19378980758
3514 1.19378967827
3540 1.18886621255
3542 1.18886603295
3568 1.1838009443
3594 1.17945876241
3620 1.1751646551
3646 1.17313800457
3672 1.16962744038
3698 1.16803134446
3700 1.16803101976
3726 1.16675979101
3728 1.16675924865
3748 1.16616812254
3750 1.16616280973
3776 1.156953919
3778 1.1569438197
3804 1.14945237905
3806 1.14943910162
3808 1.1494351753
3834 1.14735812962
3836 1.14735767871
3862 1.14502142153
3864 1.14502126679
3890 1.14317308617
3916 1.1387449998
3939 1.13802480304
3965 1.13343454228
3967 1.1334164605
3969 1.13341612429
3971 1.13341491828
3973 1.13341419199
3975 1.13341344587
3977 1.13341212868
3979 1.13340574475
3981 1.13340480044
3983 1.13339585232
3985 1.1333953861
3987 1.13338771011
3989 1.1333862765
3991 1.13338359016
3993 1.13338244664
3995 1.13338050689
3997 1.13337971107
3999 1.13337696099
4001 1.13337579219
4003 1.13337354009
4005 1.13337347047
4007 1.13337182268
4033 1.12851487239
4035 1.12849228698
4061 1.12348768416
4063 1.12346818295
4089 1.11891055153
4091 1.1188987343
4093 1.11887825915
4095 1.11886270998
4097 1.1188450834
4099 1.11882958947
4101 1.11881250849
4127 1.11108447137
4129 1.11105966331
4155 1.10616290975
4161 1.10602843766
4163 1.10601876009
4189 1.10412065571
4191 1.10411471726
4217 1.10239319214
4219 1.10238950016
4221 1.10237448334
4223 1.10235990757
4225 1.10233785343
4227 1.1023272956
4229 1.10230273578
4255 1.10123216999
4257 1.10122482364
4283 1.10002097532
4285 1.10001647859
4311 1.09878888554
4313 1.09878719678
4339 1.0976079882
4341 1.09760664518
4367 1.0963930776
4369 1.09639162953
4395 1.09476938395
4397 1.09476644378
4423 1.09272757569
4425 1.09272743508
4451 1.0906475493
4477 1.08511439794
4479 1.08509845896
4505 1.07975197181
4507 1.07974113116
4533 1.07525373489
4559 1.07049427855
4561 1.07048426531
4587 1.06625311633
4589 1.06624590401
4615 1.06290460131
4617 1.06290238569
4619 1.06287850932
4621 1.06287281627
4623 1.06285050952
4625 1.06284375341
4627 1.06284226333
4629 1.06284214683
4631 1.06284214675
4633 1.06284075851
4659 1.05984367827
4661 1.05984367825
4687 1.05803846886
4689 1.05803785045
4715 1.05614244182
4741 1.05514870832
4767 1.0533952434
4769 1.05337444412
4795 1.0518412335
4797 1.05182751288
4799 1.05182722411
4801 1.05180394956
4803 1.05180341891
4805 1.05177972525
4807 1.05177745275
4833 1.04567526406
4835 1.04566838585
4861 1.04082550972
4863 1.04081471479
4865 1.04081220615
4891 1.03872361458
4893 1.03872361068
4919 1.0363381544
4921 1.03633681174
4931 1.03608497736
4957 1.03205165056
4959 1.03203592999
4985 1.02784439852
4987 1.02783577952
4989 1.02783577758
4991 1.02783520149
4993 1.02783492712
4995 1.02783458729
4997 1.02783349207
4999 1.02782986056
5001 1.02782951944
5003 1.02782367923
5005 1.0278235318
5007 1.02781851677
5009 1.02781806223
5011 1.02781666811
5013 1.02781626897
5015 1.027815262
5017 1.0278149841
5019 1.02781392355
5021 1.02781384648
5023 1.02781291801
5025 1.02781224478
5027 1.0278115643
5053 1.02436617576
5055 1.02434559794
5081 1.02059016137
5083 1.02057359442
5109 1.01720135564
5111 1.01719214226
5113 1.01717409917
5115 1.01716145452
5117 1.01714602149
5119 1.0171333164
5121 1.0171184727
5147 1.01389520269
5149 1.01387431187
5175 1.01185126752
5177 1.01182760725
5179 1.0118218787
5205 1.00983886664
5207 1.00983571132
5233 1.00803185299
5235 1.00803008964
5237 1.0080166884
5239 1.00800495831
5241 1.00798418572
5243 1.00797562756
5245 1.00795172886
5271 1.00683580598
5273 1.00683179911
5299 1.00552784623
5301 1.00552604308
5327 1.00419890854
5329 1.00419850118
5355 1.00313719886
5357 1.0031367146
5383 1.00205169047
5385 1.00205087707
5411 1.00050958942
5413 1.00050920196
5439 0.998530333245
5441 0.99852895853
5467 0.996517657241
5493 0.993548769036
5495 0.99353741782
5521 0.990405937455
5523 0.990400640659
5549 0.987786306841
5575 0.985943735171
5577 0.985935772298
5603 0.984076971683
5605 0.984072288702
5631 0.982578664112
5633 0.982578146306
5635 0.982557069777
5637 0.982554142193
5639 0.982534469745
5641 0.98253043197
5643 0.982529767789
5645 0.982529766344
5647 0.98252971938
5649 0.982528562949
5675 0.981440046349
5677 0.981440025442
5688 0.981164940202
5690 0.981164126509
5705 0.980783286318
5707 0.98075972712
5733 0.97995288923
5735 0.979935184846
5760 0.979231473292
5762 0.979218624769
5764 0.979218300657
5766 0.979196150776
5768 0.979195651226
5770 0.979173078773
5772 0.979172295286
5798 0.975289808557
5800 0.975285077832
5826 0.972255331405
5828 0.972246434522
5830 0.972244291139
5856 0.970137591971
5858 0.970137516452
5884 0.96773563214
5886 0.967732880917
5888 0.967710279631
5914 0.964101009022
5916 0.964089349681
5942 0.960359242062
5944 0.960354749452
5946 0.960354580085
5948 0.960354299185
5950 0.96035415564
5952 0.960354001051
5954 0.960352850164
5956 0.960350848601
5958 0.960350721474
5960 0.96034687135
5962 0.960346827902
5964 0.960343518205
5966 0.960343380888
5968 0.960342656517
5970 0.96034251378
5972 0.960341990439
5974 0.960341890998
5976 0.960341482006
5978 0.960341455866
5980 0.960341059216
5982 0.9603384517
5984 0.960338160301
6010 0.958083772372
6012 0.958065003657
6038 0.955391643079
6040 0.955377963703
6066 0.95299355489
6068 0.952986394651
6070 0.952970470915
6072 0.952960165764
6074 0.952946635008
6076 0.952936186641
6078 0.952921222054
6104 0.9516053924
6106 0.951585500509
6132 0.950759145243
6134 0.950737245319
6136 0.950733731445
6162 0.948685560529
6164 0.948683778812
6190 0.946816799179
6192 0.946815866527
6194 0.946803789385
6196 0.946794245082
6198 0.946774570214
6200 0.946767615513
6202 0.94674432534
6228 0.945601352144
6230 0.945599294125
6256 0.944212503672
6258 0.944212054701
6284 0.942804193017
6286 0.942804134966
6312 0.941845279257
6314 0.941845081872
6340 0.940873560826
6342 0.940872971079
6368 0.939432660598
6370 0.939432657055
6396 0.937537821048
6398 0.937532421352
6424 0.935610817805
6450 0.93414270139
6452 0.934133987389
6478 0.932349043378
6480 0.932346569899
6506 0.930847781738
6518 0.930547403031
6520 0.9305412982
6546 0.929608580465
6548 0.929605544012
6574 0.928834308599
6576 0.928834272149
6578 0.928815664551
6580 0.928814109588
6582 0.928796757127
6584 0.928794183443
6586 0.928793760738
6588 0.928793753408
6590 0.928793657721
6592 0.928792535877
6594 0.928767203188
6596 0.928767182343
6598 0.928744738557
6600 0.928743935553
6602 0.928731797646
6604 0.928710598007
6606 0.928691430172
6608 0.928675170645
6610 0.928650415903
6612 0.928638558444
6614 0.928638207462
6616 0.928617344174
6618 0.928616864961
6620 0.928595580851
6622 0.928595423811
6648 0.92618567341
6650 0.926182394354
6676 0.924324003859
6678 0.924316579568
6680 0.924314335137
6706 0.922213121754
6708 0.922212920517
6734 0.919823045842
6736 0.919819088067
6738 0.919799155157
6764 0.91665288784
6766 0.916644679644
6792 0.913400681968
6794 0.913398976272
6796 0.913398544432
6798 0.913398403571
6800 0.913398305479
6802 0.913398235314
6804 0.913396923014
6806 0.913395869437
6808 0.913395819621
6810 0.913393251535
6812 0.91339324042
6814 0.913391030199
6816 0.913390992449
6818 0.91339061574
6820 0.913390562669
6822 0.91339029045
6824 0.913390253438
6826 0.913390096935
6828 0.913389995186
6830 0.913389818011
6832 0.913385188095
6834 0.913385057537
6860 0.912007662601
6862 0.911990573016
6888 0.910149886369
6890 0.910138827348
6916 0.908497788473
6918 0.908492252666
6920 0.908478234009
6922 0.908469825649
6924 0.908457996651
6926 0.908449386901
6928 0.90843474983
6930 0.908409347551
6932 0.908391050429
6934 0.908366350133
6936 0.908346276738
6938 0.908343974607
6964 0.906257833037
6966 0.906256604356
6992 0.904353029149
6994 0.904352298258
6996 0.90434128774
6998 0.904333428531
7000 0.904314691551
7002 0.904309050032
7004 0.904286342563
7030 0.903138110638
7032 0.903137141365
7058 0.901690181526
7060 0.901690174903
7086 0.900225657887
7088 0.900225657786
7114 0.899352999595
7116 0.899352904578
7142 0.89847916074
7144 0.898478637063
7170 0.897157370448
7172 0.897157200399
7198 0.895368733736
7200 0.895358919002
7226 0.893546287406
7242 0.893136205697
7244 0.893128788581
7270 0.892044078879
7272 0.892042777822
7298 0.89112293558
7300 0.891111696028
7302 0.891107072491
7304 0.891084643578
7306 0.891082621618
7308 0.89105744505
7310 0.891057413985
7312 0.891040985204
7314 0.891040130978
7316 0.891024823537
7318 0.891023073847
7320 0.89102273333
7322 0.891022714853
7324 0.891022594051
7326 0.891021482297
7328 0.890997101161
7330 0.890997079529
7332 0.890975533568
7334 0.890974727919
7336 0.89096318477
7338 0.890943133853
7340 0.89092467772
7342 0.890909425552
7344 0.890885450792
7346 0.890874514722
7348 0.890874144129
7350 0.890854488853
7352 0.890854022089
7354 0.890833948338
7356 0.890833948241
7382 0.889358754144
7384 0.889356465409
7410 0.888228957449
7412 0.888222684013
7414 0.888220094105
7440 0.88615121232
7442 0.886150933339
7468 0.88380243654
7470 0.883797535106
7472 0.88378007656
7498 0.88109952809
7500 0.881094121048
7526 0.878327288554
7528 0.878327030474
7530 0.878326325506
7532 0.878326252221
7534 0.878326173227
7536 0.878326141521
7538 0.87832463058
7540 0.878324113481
7542 0.878324092406
7544 0.878322355803
7546 0.878322353774
7548 0.878320857203
7550 0.878320848746
7552 0.878320652711
7554 0.878320631748
7556 0.878320490061
7558 0.878320475414
7560 0.878320416976
7562 0.878320341509
7564 0.878320258061
7566 0.878314121823
7568 0.878314060113
7594 0.877523390217
7596 0.87750789049
7622 0.876262948796
7624 0.87625414829
7650 0.875138943343
7652 0.875134693769
7654 0.875122432001
7656 0.875115568179
7658 0.875105303045
7660 0.875098198285
7662 0.875085063132
7664 0.8750603298
7666 0.875043672697
7668 0.875019634062
7670 0.875001226413
7672 0.874999733334
7698 0.872901661511
7700 0.872900784942
7726 0.870985351469
7728 0.87098472562
7730 0.870974555485
7732 0.870967998811
7734 0.870950061488
7736 0.8709455159
7738 0.8709233871
7764 0.869793729656
7766 0.86979332947
7792 0.868312910518
7794 0.868312718401
7820 0.866819306512
7822 0.866819274431
7848 0.866016766151
7850 0.866016710666
7876 0.86522520145
7878 0.865224673293
7904 0.864037337428
7906 0.864037145669
7932 0.862374599248
7934 0.862361789103
7960 0.860674718828
7962 0.860660802239
7964 0.860653977499
7987 0.860042333576
7989 0.86004139749
7997 0.859858511523
7999 0.859847722887
8001 0.859844309782
8003 0.859822469927
8005 0.859821163374
8007 0.859796598637
8009 0.859796417305
8011 0.859781912073
8013 0.859781415524
8015 0.859767911698
8017 0.859766631408
8019 0.859766321235
8021 0.859766296795
8023 0.859766164623
8025 0.859765059284
8027 0.859741592841
8029 0.859741570842
8031 0.859720886906
8033 0.85972008079
8035 0.859709105982
8037 0.859690139438
8039 0.859672367766
8041 0.859658062681
8043 0.859634840322
8045 0.859624760766
8047 0.859624376221
8049 0.859605855735
8051 0.859605395893
8053 0.859586459849
8055 0.859586371536
8081 0.858688952974
8083 0.85868734396
8100 0.85824801737
8102 0.858242728552
8104 0.858239645323
8130 0.85623079469
8132 0.856230488875
8158 0.853953121361
8160 0.85394759716
8162 0.85393238273
8188 0.851692871499
8190 0.851689618596
8216 0.849367211621
8218 0.849367142214
8220 0.849366172954
8222 0.849366133027
8224 0.849366064038
8226 0.849366049839
8228 0.849364337752
8230 0.849364111397
8232 0.849364101466
8234 0.849362908284
8236 0.849362908189
8238 0.849361878418
8240 0.849361877358
8242 0.849361775294
8244 0.849361766246
8246 0.849361692464
8248 0.849361686126
8250 0.849361665523
8252 0.849361655383
8254 0.849361613626
8256 0.849354633554
8258 0.849354602563
8260 0.849336562692
8262 0.849323022169
8288 0.848398514887
8290 0.848391497591
8316 0.847561203443
8318 0.847557986787
8320 0.847547258167
8322 0.847541673457
8324 0.847532767727
8326 0.84752691481
8328 0.847515133248
8330 0.847491018306
8332 0.847475851273
8334 0.84745242438
8336 0.847435536523
8338 0.847434586547
8364 0.845351449063
8366 0.8453508017
8392 0.8434487679
8394 0.843448188663
8396 0.843438661489
8398 0.843433113244
8400 0.843415857455
8402 0.843412239528
8404 0.843390703404
8430 0.842303600584
8432 0.842303467972
8458 0.840818363046
8460 0.840817553896
8486 0.839324565152
8488 0.839324474086
8514 0.838576980674
8516 0.838576941612
8542 0.837852938729
8544 0.837852369692
8570 0.83681059564
8572 0.836810530906
8598 0.835290730142
8600 0.835276559693
8626 0.833729258377
8628 0.833719492651
8630 0.833713299434
8632 0.833689146517
8634 0.833688498283
8636 0.833663063583
8638 0.833652790178
8640 0.833650247425
8642 0.833629096054
8644 0.83362826883
8646 0.833604420481
8648 0.833604065957
8650 0.833591258854
8652 0.833590950592
8654 0.833579037671
8656 0.83357803455
8658 0.833577735774
8660 0.833577708705
8662 0.833577571494
8664 0.833576470704
8666 0.833553883714
8668 0.833553861572
8670 0.833534005436
8672 0.833533200039
8674 0.833522768337
8676 0.833504825599
8678 0.833487712322
8680 0.833474297673
8682 0.833451801304
8684 0.83344251765
8686 0.833442124574
8688 0.833424670242
8690 0.833424212413
8692 0.833406345979
8694 0.833406054288
8698 0.833328531865
8700 0.833327479005
8702 0.833302698108
8704 0.833298377037
8706 0.833294704656
8732 0.831375183815
8734 0.831374930178
8760 0.82919965404
8762 0.82919394643
8764 0.829180725777
8790 0.827340097869
8792 0.827338390488
8818 0.825413697299
8820 0.82541269872
8822 0.825411481718
8824 0.825411458741
8826 0.825411396464
8828 0.825411390218
8830 0.825409493379
8832 0.825409413246
8834 0.825409407887
8836 0.825408572964
8838 0.825408572846
8840 0.825407851094
8842 0.82540785109
8844 0.825407797932
8846 0.825407793534
8848 0.825407755097
8850 0.825407752007
8852 0.825407746004
8854 0.825407630438
8856 0.825407608774
8858 0.825401551618
8860 0.825401535512
8862 0.825390233808
8864 0.825378373568
8883 0.824895564972
8885 0.824889979868
8894 0.824681517103
8896 0.824679123443
8898 0.824669733012
8900 0.824665208624
8902 0.824657484459
8904 0.824652675823
8906 0.824642113918
8908 0.824618572164
8910 0.824604759206
8912 0.824581899246
8914 0.824566398492
8916 0.824565812887
8942 0.822523914004
8944 0.822523419538
8970 0.820659238823
8972 0.820658669218
8974 0.820649614331
8976 0.820644847346
8978 0.820628174278
8980 0.820625347414
8982 0.820604432472
9008 0.819581981379
9010 0.819581953262
9036 0.818120731111
9038 0.818119016843
9064 0.81665500437
9066 0.816654846157
9092 0.81594861449
9094 0.815948582502
9096 0.8159230792
9098 0.815922533372
9124 0.815010049858
9126 0.815010047965
9152 0.813616047791
9154 0.813601406584
9180 0.812179245971
9182 0.812169480118
9184 0.812164020928
9186 0.81213986572
9188 0.81213943763
9190 0.81211403584
9192 0.81210425446
9194 0.812102340739
9196 0.812081853301
9198 0.812081343686
9200 0.812058188185
9202 0.812057683251
9204 0.81204637516
9206 0.812046169549
9208 0.812035659972
9210 0.812034825901
9212 0.812034531192
9214 0.812034503058
9216 0.812034363535
9218 0.812033266366
9220 0.812011525025
9222 0.81201150286
9224 0.811992441697
9226 0.811991637678
9228 0.811981724923
9230 0.811964748892
9232 0.811948268987
9234 0.811935691475
9236 0.811913895698
9238 0.81190535129
9240 0.811904956333
9242 0.811888503732
9244 0.811888042083
9246 0.811871181339
9248 0.811870632884
9250 0.811845200693
9252 0.811844500825
9254 0.811819874613
9256 0.811816250289
9258 0.811812053862
9284 0.810002314198
9286 0.810002095255
9312 0.807949696969
9314 0.80794377973
9316 0.80793229879
9342 0.806439814625
9344 0.806439109808
9370 0.804859600951
9372 0.8048567346
9374 0.804855292044
9376 0.804855277989
9378 0.804855221219
9380 0.804855218563
9382 0.804853163197
9384 0.804853146176
9386 0.804853142821
9388 0.804852546424
9390 0.804852545904
9392 0.804852029423
9394 0.804852028944
9396 0.804852001249
9398 0.804851998789
9400 0.804851978758
9402 0.804851977022
9404 0.804851976026
9406 0.804851493256
9408 0.804851481705
9410 0.804846295633
9412 0.804846287038
9414 0.804837543552
9416 0.804827280838
9418 0.804803143022
9420 0.804798724849
9422 0.804773560983
9424 0.80477181366
9426 0.804763591537
9428 0.80475993969
9430 0.804753242431
9432 0.804749298878
9434 0.804739835717
9436 0.804716827732
9438 0.804704245508
9440 0.804681913237
9442 0.804667678955
9444 0.804667335584
9470 0.802691103766
9472 0.802690714054
9498 0.800886821311
9500 0.800886237109
9502 0.800877508672
9504 0.800873346911
9506 0.800857176417
9508 0.800855023645
9510 0.800834769316
9536 0.799895358753
9538 0.799895357727
9564 0.798484196727
9566 0.798481394985
9592 0.797072011561
9594 0.797071792855
9596 0.797046428864
9598 0.797046413866
9600 0.79702348933
9602 0.797023010578
9628 0.796228935398
9630 0.796228912121
9656 0.794955272151
9658 0.794940062076
9684 0.793634877801
9686 0.793625106442
9688 0.793620274277
9690 0.793596111113
9692 0.793595844198
9694 0.79357046999
9696 0.793561158567
9698 0.793559701925
9700 0.793539855002
9702 0.793539552629
9704 0.793517067383
9706 0.793516445307
9708 0.793506460436
9710 0.793506312909
9712 0.793497041312
9714 0.79349631323
9716 0.793496019704
9718 0.793495991176
9720 0.793495850502
9722 0.793494756523
9724 0.793473828501
9726 0.793473806375
9728 0.793455508794
9730 0.79345470654
9732 0.793445289653
9734 0.793429226576
9736 0.793413356097
9738 0.793401565625
9740 0.793380446124
9742 0.79337258805
9744 0.793372190547
9746 0.793356679311
9748 0.793356214644
9750 0.793340299709
9752 0.793339497124
9754 0.793314197881
9756 0.793313722133
9758 0.793289229401
9760 0.79328610625
9762 0.793281445654
9788 0.791597005384
9790 0.791596808459
9816 0.789682625435
9818 0.789676483804
9820 0.789666497026
9846 0.788469563375
9848 0.788469398827
9874 0.787182549352
9876 0.78717707235
9878 0.787175430901
9880 0.787175421733
9882 0.787175369991
9884 0.787175368934
9886 0.787173185497
9888 0.787173185404
9890 0.787173182987
9892 0.787172747148
9894 0.787172746263
9896 0.787172368097
9898 0.787172366976
9900 0.787172352542
9902 0.787172350948
9904 0.787172340506
9906 0.787172339377
9908 0.787172339376
9910 0.787171394995
9912 0.787171388655
9914 0.787167170637
9916 0.787167165924
9918 0.787158629287
9920 0.787149910761
9922 0.787126106447
9924 0.787122640979
9926 0.787097841158
9928 0.787096583298
9930 0.787089381491
9932 0.787086427224
9934 0.787080622398
9936 0.787077376356
9938 0.787068902737
9940 0.787046394976
9942 0.787034931549
9944 0.787013093426
9946 0.78700001585
9948 0.786999829996
9974 0.785110674987
9976 0.785110359145
10002 0.783386160012
10004 0.783385545253
10006 0.783377020384
10008 0.783373327125
10010 0.783357596729
10012 0.783356012861
10014 0.783336465558
10040 0.78249344198
10042 0.782493439463
10068 0.7811543452
10070 0.781150361823
10096 0.77981671333
10098 0.779816456992
10100 0.77979257884
10102 0.779792570415
10104 0.779771736318
10106 0.77977129271
10125 0.779300015091
10127 0.779299847403
10153 0.778142890916
10155 0.778127751133
10181 0.77693599194
10183 0.776926244027
10185 0.776921948386
10187 0.776897824126
10189 0.776897671221
10191 0.776872371978
10193 0.77686350952
10195 0.77686238696
10197 0.776843158175
10199 0.776842988134
10201 0.776821151434
10203 0.776820443087
10205 0.77681162624
10207 0.776811512822
10209 0.776803333362
10211 0.776802673248
10213 0.776802379788
10215 0.776802351144
10217 0.776802209821
10219 0.77680111886
10221 0.776780973178
10223 0.776780951126
10225 0.776763387052
10227 0.776762586806
10229 0.776753643709
10231 0.776738442932
10233 0.776723158923
10235 0.776712108371
10237 0.776691641809
10239 0.776684420729
10241 0.776684020056
10243 0.776669393595
10245 0.776668926668
10247 0.776653901373
10249 0.776652871114
10251 0.776627691038
10253 0.776627359326
10255 0.776602985604
10257 0.776600228448
10259 0.776595153535
10285 0.775046553701
10287 0.775046372293
10313 0.773280434758
10315 0.773274077762
10317 0.773265356463
10343 0.772313969302
10345 0.772313969251
10371 0.771270881947
10373 0.77126224718
10375 0.771260436472
10377 0.771260430103
10379 0.771260383128
10381 0.771260382759
10383 0.771258102472
10385 0.771258095043
10387 0.771258093088
10389 0.771257766625
10391 0.771257765489
10393 0.771257481649
10395 0.771257480034
10397 0.771257472509
10399 0.771257471331
10401 0.771257465885
10403 0.771257465049
10405 0.771257464601
10407 0.771256121121
10409 0.771256117272
10411 0.771252491176
10413 0.771252488323
10415 0.771244159868
10417 0.771236731965
10419 0.771213259039
10421 0.771210558048
10423 0.771186117852
10425 0.771185227798
10427 0.771178917289
10429 0.771176521388
10431 0.771171492036
10433 0.771168809487
10435 0.771161226793
10437 0.771139191551
10439 0.771128745304
10441 0.771107373477
10443 0.771095352694
10445 0.7710952649
10471 0.76931073579
10473 0.769310473667
10499 0.767681643091
10501 0.767680987722
10503 0.767672564763
10505 0.767669233709
10507 0.767653897321
10509 0.767652784508
10511 0.767633993686
10537 0.766895019674
10539 0.766895012719
10565 0.765644688159
10567 0.76563951088
10593 0.76439720508
10595 0.764396925359
10597 0.76437399913
10599 0.764373993598
10601 0.764354693441
10603 0.764354269269
10605 0.764331534429
10607 0.76433093362
10633 0.763268097484
10635 0.763254201737
10661 0.762154441472
10663 0.762144777828
10665 0.762140942052
10667 0.762116950337
10669 0.762116873934
10671 0.762091743171
10673 0.762083309667
10675 0.762082432837
10677 0.762063800726
10679 0.762063712534
10681 0.762042503435
10683 0.762041733645
10685 0.76203394779
10687 0.762033855107
10689 0.762026639125
10691 0.762026023387
10693 0.762025729583
10695 0.762025700937
10697 0.762025559194
10699 0.76202447121
10701 0.762005078073
10703 0.762005056111
10705 0.76198819664
10707 0.761987398563
10709 0.761978908085
10711 0.761964521793
10713 0.761949802162
10715 0.761939447149
10717 0.761919611023
10719 0.761912980895
10721 0.761912576713
10723 0.761898781893
10725 0.761898313192
10727 0.761884124773
10729 0.761882901159
10731 0.761857832708
10733 0.761857594833
10735 0.76183333198
10737 0.761830845936
10739 0.761825401296
10765 0.760418244353
10767 0.760418075154
10793 0.758805292575
10795 0.758798744199
10797 0.758791081269
10823 0.758040298964
10825 0.758040172947
10851 0.757197437792
10853 0.757185282035
10855 0.757183332997
10857 0.757183328305
10859 0.757183285859
10861 0.757183285765
10863 0.757180938499
10865 0.757180912234
10867 0.757180910515
10869 0.757180659521
10871 0.757180658227
10873 0.757180439544
10875 0.757180437601
10877 0.757180433678
10879 0.757180432712
10881 0.75718042987
10883 0.757180429182
10885 0.757180428021
10887 0.757178774102
10889 0.757178771506
10891 0.757175515604
10893 0.757175513688
10895 0.757167392922
10897 0.757161045276
10899 0.75713790075
10901 0.757135811159
10903 0.757111725952
10905 0.757111109631
10907 0.757105577907
10909 0.757103629518
10911 0.757099273903
10913 0.757097047528
10915 0.757090266692
10917 0.757068681836
10919 0.757059160496
10921 0.757038232558
10923 0.75702717758
10925 0.7570271458
10951 0.75536044165
10953 0.755360219876
10979 0.753838340858
10981 0.753837639366
10983 0.753829236264
10985 0.753826184767
10987 0.753811211018
10989 0.75381047689
10991 0.753792491241
10993 0.753767198869
10995 0.753767181876
11021 0.75258776896
11023 0.752582673111
11049 0.751414979235
11051 0.75141468035
11053 0.751392232804
11055 0.751392229099
11057 0.751373920638
11059 0.751373510741
11061 0.751353587407
11063 0.751352423053
11089 0.750383616283
11091 0.750370579404
11117 0.749362489676
11119 0.749352917699
11121 0.749349477037
11123 0.749325625551
11125 0.74932559604
11127 0.749300640108
11129 0.749292616454
11131 0.749291921593
11133 0.749273865533
11135 0.749273825491
11137 0.749253223765
11139 0.749252411213
11141 0.749245535383
11143 0.749245455699
11145 0.74923908969
11147 0.749238503354
11149 0.749238209087
11151 0.749238180485
11153 0.749238038435
11155 0.749236953456
11157 0.749218284202
11159 0.749218262341
11161 0.749202079684
11163 0.749201283897
11165 0.749193225742
11167 0.749179608793
11169 0.749165432283
11171 0.749155731013
11173 0.749136503619
11175 0.749130421484
11177 0.749130013635
11179 0.749117000574
11181 0.749116530405
11183 0.7491031293
11185 0.749101747151
11187 0.749076788506
11189 0.749076612685
11191 0.749052458326
11193 0.749050175822
11195 0.749044403893
11221 0.747779737354
11223 0.747779578707
11249 0.74632024936
11251 0.746313542573
11253 0.746306754382
11255 0.746282739043
11257 0.746282407317
11283 0.745528692638
11285 0.745513639896
11287 0.745511557499
11289 0.745511554163
11291 0.745511532387
11293 0.745511532386
11295 0.745509228883
11297 0.745509179522
11299 0.745509177924
11301 0.745508979698
11303 0.745508978312
11305 0.745508805242
11307 0.745508803096
11309 0.745508801049
11311 0.745508800197
11313 0.745508798714
11315 0.745508798106
11317 0.74550879632
11319 0.745506912782
11321 0.745506910851
11323 0.745503890098
11325 0.745503888681
11327 0.745495973884
11329 0.745490531792
11331 0.745467712044
11333 0.745466109521
11335 0.745442374478
11337 0.745441959402
11339 0.745437108312
11341 0.745435519093
11343 0.745431748715
11345 0.745429892456
11347 0.745423833043
11349 0.745402681563
11351 0.745394001316
11353 0.745373499885
11355 0.74536332782
11357 0.745363322274
11383 0.743823139638
11385 0.743822949185
11411 0.742415467985
11413 0.742414718466
11415 0.742406325496
11417 0.742403710896
11419 0.742389144632
11421 0.742388668495
11423 0.74237159813
11425 0.74234853758
11427 0.742348435526
11453 0.741244785255
11455 0.741239697717
11481 0.74015053287
11483 0.740150222279
11485 0.740128063479
11487 0.740128060646
11489 0.740110568667
11491 0.740110166734
11493 0.740092938704
11495 0.740091158427
11521 0.739214337494
11523 0.739201889585
11549 0.738283372061
11551 0.738273899597
11553 0.738270799088
11555 0.738247097283
11557 0.738247091465
11559 0.738222318844
11561 0.738214686816
11563 0.738214127674
11565 0.738196627874
11567 0.738196613776
11569 0.73817659992
11571 0.738175758158
11573 0.73816968559
11575 0.738169614275
11577 0.73816399812
11579 0.73816343152
11581 0.738163136782
11583 0.738163108242
11585 0.738162965952
11587 0.73816188404
11589 0.738143911133
11591 0.738143889377
11593 0.738128356851
11595 0.738127563449
11597 0.738119918173
11599 0.738107027975
11601 0.738093374148
11603 0.738084287276
11605 0.738065647714
11607 0.738060073507
11609 0.738059661951
11611 0.738047383836
11613 0.738046912392
11615 0.73803425206
11617 0.738032743252
11619 0.738007897632
11621 0.738007763504
11623 0.737983720318
11625 0.737981592601
11627 0.7379755355
11653 0.73685399531
11655 0.73685384648
11681 0.735548255423
11683 0.735541429115
11685 0.735535161915
11687 0.735514014421
11689 0.735513410426
11706 0.735088975551
11708 0.735071276059
11710 0.735069133565
11712 0.735069131138
11714 0.735069118918
11716 0.735069118878
11718 0.735066877601
11720 0.735066804813
11722 0.735066803276
11724 0.73506664245
11726 0.735066641012
11728 0.735066500307
11730 0.735066498039
11732 0.735066496972
11734 0.735066496181
11736 0.735066495406
11738 0.735066494841
11740 0.735066492591
11742 0.735064443461
11744 0.735064441898
11746 0.735061571846
11748 0.735061570707
11750 0.7350538594
11752 0.735049177668
11754 0.735026678826
11756 0.735025462535
11758 0.735002072879
11760 0.735001803421
11762 0.734997547363
11764 0.734996246864
11766 0.73499298476
11768 0.734991429521
11770 0.734986018949
11772 0.73496528854
11774 0.734957373312
11776 0.734937285625
11778 0.734927921
11780 0.734927920709
11806 0.733518713705
11808 0.733518548362
11834 0.732229068943
11836 0.732228272371
11838 0.732219835057
11840 0.732217558184
11842 0.732203381966
11844 0.732203087413
11846 0.732186958251
11848 0.732166180708
11850 0.732165941982
11876 0.731140886772
11878 0.731135755836
11904 0.730127081686
11906 0.730126763607
11908 0.730104728315
11910 0.730104725936
11912 0.730087897454
11914 0.730087500121
11916 0.730072801185
11918 0.730070396167
11944 0.729281968098
11946 0.72926991887
11972 0.728437481863
11974 0.728428117093
11976 0.728425310008
11978 0.728401768675
11980 0.728401768555
11982 0.728377189325
11984 0.72836993154
11986 0.728369474377
11988 0.728352511847
11990 0.728352509313
11992 0.728333064535
11994 0.728332203193
11996 0.728326839671
11998 0.728326773873
12000 0.728321819254
12002 0.728321266078
12004 0.728320970908
12006 0.728320942436
12008 0.728320799952
12010 0.728319721187
12012 0.728302418176
12014 0.728302396527
12016 0.728287488518
12018 0.728286697587
12020 0.728279446563
12022 0.728267242935
12024 0.728254092158
12026 0.728245582651
12028 0.728227510806
12030 0.728222407169
12032 0.728221991942
12034 0.728210404845
12036 0.728209932248
12038 0.728197968996
12040 0.728196361133
12042 0.728171636501
12044 0.728171530853
12046 0.728147606253
12048 0.728145597735
12050 0.728139297611
12076 0.727155723998
12078 0.727155584633
12104 0.72599785985
12106 0.725990954682
12108 0.725985058286
12110 0.725965427793
12112 0.725964533867
12115 0.725913154707
12117 0.725893281201
12119 0.725891119417
12121 0.72589111766
12123 0.725891110111
12125 0.725891109955
12127 0.725888975046
12129 0.725888880481
12131 0.725888878971
12133 0.72588874501
12135 0.725888743542
12137 0.725888626113
12139 0.725888623774
12141 0.725888623217
12143 0.725888622461
12145 0.725888622057
12147 0.725888621517
12149 0.725888618944
12151 0.725886451724
12153 0.725886450374
12155 0.725883677095
12157 0.725883676118
12159 0.725876165294
12161 0.725872123098
12163 0.725849941037
12165 0.725849029324
12167 0.725825980232
12169 0.72582581391
12171 0.72582207818
12173 0.725821010161
12175 0.725818189386
12177 0.725816879594
12179 0.725812052345
12181 0.725791734643
12183 0.725784515334
12185 0.72576483251
12187 0.725756206553
12189 0.725756196963
12215 0.724478576655
12217 0.724478432054
12243 0.723307144616
12245 0.723306304175
12247 0.723297782621
12249 0.723295768738
12251 0.723281972646
12253 0.723281802919
12255 0.723266631152
12257 0.723248127951
12259 0.723247716522
12285 0.722302241664
12287 0.722297031625
12313 0.721369057181
12315 0.721368733935
12317 0.721346679646
12319 0.72134667753
12321 0.721330379836
12323 0.721329985308
12325 0.72131761427
12327 0.721314599037
12353 0.720609816404
12355 0.720598031461
12381 0.719847152825
12383 0.719837904076
12385 0.719835350607
12387 0.719811981385
12389 0.71981197318
12391 0.719787598454
12393 0.71978069831
12395 0.719780318359
12397 0.71976387484
12399 0.719763874788
12401 0.719744980948
12403 0.719744106782
12405 0.719739369155
12407 0.719739307072
12409 0.719734936078
12411 0.719734392173
12413 0.719734096622
12415 0.719734068223
12417 0.719733925579
12419 0.719732850049
12421 0.719716191493
12423 0.719716169953
12425 0.719701861839
12427 0.719701073455
12429 0.719694198831
12431 0.719682643837
12433 0.719669977215
12435 0.719662010205
12437 0.719644486675
12439 0.719639818771
12441 0.719639399947
12443 0.719628462625
12445 0.719627988949
12447 0.719616681732
12449 0.719614997921
12451 0.719590405726
12453 0.719590319858
12455 0.719566524741
12457 0.719564609179
12459 0.719558108402
12485 0.718705199338
12487 0.718705069226
12513 0.717687345238
12515 0.717680401684
12517 0.717674720053
12519 0.717655070868
12521 0.717653909461
12525 0.71757696315
12527 0.717554971236
12529 0.717552835646
12531 0.71755283427
12533 0.717552828631
12535 0.717552828357
12537 0.717550766691
12539 0.717550652853
12541 0.717550651354
12543 0.717550536943
12545 0.71755053546
12547 0.717550434988
12549 0.717550432607
12551 0.717550432317
12553 0.717550431579
12555 0.717550431368
12557 0.717550430841
12559 0.717550428052
12561 0.717548176746
12563 0.71754817552
12565 0.717545464056
12567 0.717545463176
12569 0.717538149505
12571 0.71753464619
12573 0.717512776676
12575 0.717512103541
12577 0.717489390219
12579 0.717489294786
12581 0.717486014188
12583 0.717485133707
12585 0.717482696037
12587 0.717481586918
12589 0.717477283875
12591 0.717457373779
12593 0.717450787635
12595 0.71743150402
12597 0.717423554057
12599 0.717423525356
12625 0.716274860678
12627 0.716274733669
12653 0.715218993861
12655 0.715218114346
12657 0.715209481993
12659 0.715207674451
12661 0.715194254632
12663 0.715194167414
12665 0.715179959249
12667 0.715163670632
12669 0.71516306102
12695 0.714296541143
12697 0.714291228457
12723 0.71344266541
12725 0.713442338242
12727 0.713420143278
12729 0.71342014133
12731 0.713404260015
12733 0.713403867338
12735 0.71339360169
12737 0.713390002471
12739 0.713365197446
12741 0.71335444854
12767 0.712644387093
12769 0.71263534526
12771 0.712633011252
12773 0.712609954681
12775 0.712609928019
12777 0.712585899055
12779 0.712579340708
12781 0.712579019666
12783 0.712563077617
12785 0.712563074525
12787 0.71254471413
12789 0.712543831849
12791 0.712539646732
12793 0.712539587202
12795 0.712535731099
12797 0.712535193721
12799 0.712534897849
12801 0.712534869521
12803 0.712534726749
12805 0.712533654541
12807 0.71251761596
12809 0.712517594531
12811 0.712503862639
12813 0.712503076872
12815 0.712496561531
12817 0.712485619355
12819 0.712473418701
12821 0.712465961354
12823 0.712448967423
12825 0.712444702768
12827 0.71244428045
12829 0.712433954174
12831 0.712433479468
12833 0.71242278972
12835 0.712421048873
12837 0.712396603235
12839 0.712396531328
12841 0.712372879255
12843 0.712371037128
12845 0.712364377756
12871 0.711630570334
12873 0.711630449212
12899 0.710740657955
12901 0.710733713966
12903 0.710728208418
12905 0.710708654833
12907 0.710707226411
12910 0.710656037521
12912 0.710632078732
12914 0.710629986519
12916 0.710629985379
12918 0.71062998072
12920 0.710629980344
12922 0.710627984604
12924 0.710627854231
12926 0.710627852733
12928 0.710627752721
12930 0.710627751231
12932 0.710627663262
12934 0.710627660858
12936 0.710627660706
12938 0.710627659981
12940 0.71062765987
12942 0.710627659351
12944 0.710627656419
12946 0.710625344866
12948 0.710625343715
12950 0.710622671149
12952 0.710622670329
12954 0.710615550241
12956 0.710612501839
12958 0.71059094049
12960 0.710590452702
12962 0.710568070299
12964 0.710568021449
12966 0.710565139059
12968 0.710564410161
12970 0.710562304953
12972 0.710561360363
12974 0.710557528177
12976 0.710538023058
12978 0.710532013055
12980 0.71051312545
12982 0.71050579433
12984 0.71050574023
13010 0.709480827371
13012 0.709480715604
13038 0.708535664965
13040 0.708534752238
13042 0.708525994497
13044 0.708524350084
13046 0.708511307272
13048 0.708511270893
13050 0.708498022757
13052 0.708483847596
13054 0.708483021611
13080 0.707693486001
13082 0.707688056423
13108 0.706916392415
13110 0.706916058773
13112 0.706893778933
13114 0.706893777301
13116 0.706877961309
13118 0.706877571289
13120 0.706868303996
13122 0.706864158335
13124 0.706840847966
13126 0.706830871064
13144 0.706388177464
13146 0.706379373338
13148 0.706377229755
13150 0.706354533281
13152 0.706354480523
13154 0.706330844091
13156 0.706324612419
13158 0.706324336661
13160 0.706308879244
13162 0.706308869948
13164 0.70629102615
13166 0.706290139027
13168 0.706286441665
13170 0.706286383933
13172 0.706282982087
13174 0.706282449429
13176 0.706282153292
13178 0.706282125035
13180 0.706281982165
13182 0.706280913369
13184 0.706265471248
13186 0.706265449929
13188 0.706252271535
13190 0.706251488451
13192 0.706245316001
13194 0.706234952849
13196 0.706223200685
13198 0.7062162221
13200 0.706199739749
13202 0.706195848076
13204 0.706195422376
13206 0.706185670801
13208 0.706185195097
13210 0.706175086606
13212 0.706173303975
13214 0.706149020459
13216 0.706148958561
13218 0.706125464555
13220 0.706123681241
13222 0.706116904453
13224 0.706091896514
13226 0.706091815782
13252 0.705266477016
13254 0.705259739496
13256 0.705254186593
13258 0.705234744781
13260 0.70523334472
13262 0.705207834373
13264 0.705183266116
13266 0.705181224916
13268 0.705181223929
13270 0.705181219832
13272 0.705181219375
13274 0.705179287071
13276 0.705179142804
13278 0.705179141302
13280 0.705179052018
13282 0.705179050523
13284 0.705178971877
13286 0.705178969459
13288 0.70517896938
13290 0.70517896866
13292 0.705178968602
13294 0.705178968088
13296 0.705178965063
13298 0.705176609765
13300 0.705176608659
13302 0.705173959864
13304 0.705173959082
13306 0.705167028879
13308 0.705164365257
13310 0.705143107638
13312 0.70514276237
13314 0.705120706052
13316 0.70512068563
13318 0.705118151748
13320 0.705117545629
13322 0.705115728843
13324 0.705114919553
13326 0.7051115101
13328 0.705092409167
13330 0.705086923501
13332 0.705068430546
13334 0.705061666153
13336 0.705061582995
13362 0.704153327286
13364 0.704153228944
13390 0.703312409477
13392 0.703311469996
13394 0.703302582858
13396 0.703301068409
13398 0.703288406616
13400 0.703288397304
13402 0.703276096554
13404 0.703263902421
13406 0.703262847123
13432 0.702547261209
13434 0.702541707549
13460 0.701843486031
13462 0.701843146624
13464 0.701820785315
13466 0.701820783937
13468 0.701804990126
13470 0.701804602265
13472 0.701795968181
13474 0.701791345787
13476 0.701768996589
13478 0.701759626036
13480 0.701734146024
13482 0.701725629855
13484 0.701723651782
13486 0.701701395214
13488 0.701701310919
13490 0.701678146863
13492 0.701672227405
13494 0.70167198671
13496 0.701656997699
13498 0.701656980582
13500 0.701639637082
13502 0.701638747389
13504 0.701635480625
13506 0.701635424189
13508 0.701632423105
13510 0.701631893976
13512 0.701631597629
13514 0.701631569443
13516 0.701631426497
13518 0.701630361199
13520 0.701615492878
13522 0.70161547167
13524 0.701602824894
13526 0.701602044556
13528 0.701596199271
13530 0.701586383212
13532 0.701575062689
13534 0.70156853376
13536 0.701552545567
13538 0.701548998654
13540 0.701548569691
13542 0.701539358663
13544 0.701538881988
13546 0.701529320707
13548 0.701527508441
13550 0.701503527426
13552 0.701503472809
13554 0.701480273953
13556 0.701478538455
13558 0.701471695874
13560 0.701448776543
13562 0.701448719307
13588 0.700684443794
13590 0.700677850712
13592 0.700672235724
13594 0.700652803174
13596 0.700651439019
13598 0.700625956924
13600 0.700600823229
13602 0.700598837671
13604 0.700598836779
13606 0.700598833011
13608 0.700598832495
13610 0.700596958734
13612 0.700596802965
13614 0.700596801458
13616 0.700596720243
13618 0.700596718746
13620 0.700596647124
13622 0.700596644697
13624 0.700596644656
13626 0.700596643939
13628 0.700596643909
13630 0.700596643396
13632 0.70059664031
13634 0.700594252617
13636 0.700594251537
13638 0.700591616493
13640 0.700591615736
13642 0.700584871663
13644 0.700582534168
13646 0.700561575883
13648 0.700561338779
13650 0.700539603794
13652 0.700539598393
13654 0.700537369615
13656 0.700536863177
13658 0.700535296523
13660 0.700534598838
13662 0.700531568728
13664 0.700512872465
13666 0.700507864081
13668 0.700489765707
13670 0.700483520518
13672 0.700483406592
13698 0.699683454689
13700 0.699683368307
13726 0.69893928045
13728 0.698938320877
13730 0.698929309453
13732 0.698927899358
13734 0.698915624693
13736 0.698915624567
13738 0.698904250484
13740 0.698893883233
13742 0.698892589607
13744 0.698867133645
13746 0.698862087801
13757 0.698603703169
13759 0.698603351825
13761 0.69858095547
13763 0.698580954592
13765 0.69856514619
13767 0.698564764788
13769 0.698556201287
13771 0.69855114736
13773 0.698528898583
13775 0.698520029024
13777 0.69849467366
13779 0.698486439286
13781 0.698484605458
13783 0.698462780288
13785 0.698462660738
13787 0.698439959303
13789 0.698434338233
13791 0.698434124876
13793 0.698419588652
13795 0.698419563085
13797 0.698402704156
13799 0.698401813473
13801 0.698398926873
13803 0.6983988714
13805 0.698396223883
13807 0.698395697509
13809 0.698395401002
13811 0.698395372884
13813 0.698395229887
13815 0.698394168169
13817 0.698379851866
13819 0.698379830767
13821 0.698367694595
13823 0.698366917061
13825 0.698361383881
13827 0.698352084778
13829 0.698341179695
13831 0.698335073034
13833 0.698319562212
13835 0.698316333775
13837 0.698315901666
13839 0.698307199127
13841 0.698306721497
13843 0.698297675447
13845 0.698295843162
13847 0.698272165485
13849 0.698272116239
13851 0.698249213078
13853 0.698247517062
13855 0.698240682449
13857 0.698219721664
13859 0.698219679163
13885 0.697512912285
13887 0.697506433102
13889 0.69750074881
13891 0.697481329232
13893 0.697480004699
13895 0.697454555698
13898 0.697404046054
13900 0.697402117155
13902 0.697402116324
13904 0.697402112789
13906 0.697402112231
13908 0.697400294128
13910 0.697400128935
13912 0.697400127421
13914 0.697400052332
13916 0.697400050834
13918 0.697399984547
13920 0.697399982117
13922 0.697399982095
13924 0.697399981381
13926 0.697399981366
13928 0.697399980856
13930 0.697399977729
13932 0.697397565405
13934 0.69739756434
13936 0.697394936389
13938 0.697394935648
13940 0.697388373899
13942 0.697386313396
13944 0.697365650002
13946 0.697365493593
13948 0.697344075178
13950 0.697344075038
13952 0.697342113447
13954 0.697341688133
13956 0.697340338316
13958 0.697339732991
13960 0.697337043092
13962 0.697318752649
13964 0.697314178778
13966 0.697296475609
13968 0.697290706256
13970 0.697290561286
13996 0.696589806644
13998 0.69658973099
14006 0.696409122885
14008 0.696408212498
14010 0.696399411041
14012 0.696398173783
14014 0.696386557601
14016 0.696386553648
14018 0.696376177837
14020 0.696366171889
14022 0.696364614509
14024 0.696339718625
14026 0.696335093174
14028 0.69630961242
14030 0.696309252452
14032 0.696286820835
14034 0.696286820232
14036 0.696270996991
14038 0.696270619604
14040 0.696262128436
14042 0.696256724219
14044 0.6962345763
14046 0.696226082887
14048 0.696200851647
14050 0.696192892551
14052 0.696191184664
14054 0.696169782345
14056 0.696169625199
14058 0.696147376791
14060 0.696142040892
14062 0.696141848983
14064 0.696127750533
14066 0.696127716502
14068 0.696111326981
14070 0.696110436417
14072 0.696107885473
14074 0.696107830742
14076 0.696105495164
14078 0.696104971043
14080 0.696104674426
14082 0.696104646377
14084 0.696104503352
14086 0.696103445297
14088 0.696089660092
14090 0.696089639105
14092 0.696077993366
14094 0.696077218695
14096 0.696071983196
14098 0.696063172618
14100 0.696052667408
14102 0.696046957244
14104 0.696031907635
14106 0.696028973195
14108 0.696028538057
14110 0.696020313917
14112 0.696019835352
14114 0.696011274501
14116 0.696009429763
14118 0.695986056207
14120 0.695986010971
14122 0.695963404062
14124 0.695961741195
14126 0.695954962883
14128 0.695935787778
14130 0.695935755136
14139 0.695729012108
14141 0.69572277926
14143 0.695716584759
14145 0.695697231004
14147 0.695696154811
14149 0.695670808491
14151 0.695646129418
14153 0.695644257308
14155 0.695644256515
14157 0.695644253157
14159 0.695644252569
14161 0.695642487959
14163 0.695642315107
14165 0.695642313586
14167 0.695642243184
14169 0.695642241684
14171 0.695642179483
14173 0.69564217705
14175 0.695642177038
14177 0.695642176324
14179 0.695642176316
14181 0.695642175807
14183 0.695642172653
14185 0.695639741009
14187 0.695639739953
14189 0.695637114672
14191 0.695637113941
14193 0.695630730704
14195 0.69562890597
14197 0.695608533035
14199 0.695608435445
14201 0.695587328869
14203 0.695587327025
14205 0.695585599493
14207 0.695585240372
14209 0.69558407845
14211 0.695583549808
14213 0.695581164858
14215 0.695563354469
14217 0.695559176187
14219 0.695541940142
14221 0.695536607095
14223 0.695536432034
14225 0.6955108817
14227 0.695510837209
14229 0.695485319363
14231 0.695484524352
14233 0.695476615481
14235 0.69547553915
14237 0.6954649293
14239 0.695464910652
14241 0.695455439458
14243 0.695445506043
14245 0.69544370702
14247 0.695418912783
14249 0.695414624681
14251 0.695389269131
14253 0.695388903735
14255 0.695366436606
14257 0.695366436136
14259 0.695350597791
14261 0.695350222199
14263 0.695341804551
14265 0.695336118037
14267 0.695314071145
14269 0.695305861227
14271 0.695280753499
14273 0.695273062906
14275 0.695271465165
14277 0.695250477095
14279 0.695250281085
14281 0.695228476208
14283 0.695223412823
14285 0.695223237836
14287 0.695209562668
14289 0.695209520526
14291 0.695193585734
14293 0.69519269607
14295 0.6951904415
14297 0.69519038736
14299 0.695188326992
14301 0.695187804811
14303 0.695187508128
14305 0.695187480147
14307 0.695187337113
