26    5.1741818538
52    5.06904904946
78    5.05459832234
104    4.97022174179
130    4.94425378899
156    4.94223978233
182    4.90351709171
208    4.81719066549
234    4.79017388772
260    4.77994908932
286    4.75273279007
312    4.62938650133
338    4.59221005882
364    4.45137618726
390    4.35040338522
402    4.22577777291
404    4.22577357896
430    4.1027218031
456    4.08230518503
482    4.03472268904
508    3.94223229583
534    3.91803831248
560    3.89197685436
586    3.84380854923
612    3.77689570523
638    3.71120060328
664    3.61137702883
674    3.4867145632
700    3.46754526855
726    3.35463534709
752    3.3105992171
778    3.18367979592
804    3.06600611914
806    3.06600566079
808    3.06600565775
834    3.05750963857
860    3.03856554724
886    2.8968483509
903    2.77272343063
905    2.77271809056
907    2.77271794706
930    2.64887928347
941    2.64742948445
967    2.51339104548
993    2.39794473873
1019    2.36947103217
1021    2.36946977696
1047    2.27258351127
1073    2.24384032002
1099    2.17755730867
1125    2.07004344531
1151    2.06705948484
1177    2.04358847263
1203    1.92731199478
1229    1.89060476061
1255    1.87039009815
1281    1.66813810827
1307    1.63412979007
1333    1.61045975603
1359    1.5797407956
1385    1.54946872574
1411    1.53969795259
1437    1.532688404
1463    1.5271161065
1489    1.5247332667
1515    1.50515312659
1541    1.4872966887
1567    1.47443052911
1593    1.46705253979
1619    1.46303080893
1621    1.4630298068
1647    1.44900885296
1673    1.43884008516
1699    1.43648494047
1701    1.43648418304
1703    1.4364840069
1705    1.43648393912
1731    1.4344673008
1757    1.42499071149
1783    1.4203032242
1809    1.40685716222
1835    1.40127788186
1861    1.39305623777
1887    1.38079915009
1913    1.35546417067
1939    1.35186677914
1941    1.35186677884
1967    1.34445544814
1969    1.3444467695
1995    1.33567775248
1997    1.33566122219
2001    1.33558915333
2003    1.33558748071
2005    1.33558747857
2031    1.32914638267
2057    1.32146613644
2083    1.30845276712
2085    1.30845232604
2087    1.30844746901
2089    1.30844746901
2091    1.30844745945
2093    1.30843269956
2119    1.30061372232
2128    1.30034924796
2154    1.28602656523
2156    1.28602656475
2177    1.28518388607
2203    1.28330764077
2229    1.26101895748
2254    1.25943218234
2280    1.25696080387
2306    1.25037957038
2308    1.25037280113
2334    1.24420531849
2360    1.2276466714
2386    1.19772584687
2412    1.18119445493
2438    1.17233946509
2464    1.15828829422
2490    1.1442740002
2516    1.13769489822
2536    1.13701476008
2562    1.13547490834
2588    1.13328621724
2614    1.12077399604
2640    1.11258154225
2666    1.10582165289
2692    1.10032248442
2718    1.09946801795
2720    1.09946786289
2746    1.09193554921
2772    1.08493517703
2774    1.08492494314
2776    1.08492477619
2778    1.0849247685
2780    1.08492476843
2795    1.0845303465
2821    1.08116257849
2829    1.08097965282
2855    1.07414989876
2881    1.07276139664
2907    1.07139403972
2933    1.06660048751
2959    1.05413006804
2961    1.05410855561
2963    1.05410855545
2989    1.05108515375
2991    1.05108404332
3017    1.04726328935
3019    1.047248294
3021    1.04724709522
3023    1.0472432728
3025    1.04724327206
3051    1.0429156299
3077    1.03870836968
3103    1.02851879208
3105    1.02851858522
3107    1.02851444788
3109    1.02851444784
3111    1.02851444779
3113    1.02850249435
3139    1.02122032326
3141    1.02121810773
3167    1.01454589399
3169    1.0145458936
3171    1.01454184707
3179    1.01436975333
3205    1.0040996465
3207    1.00409137241
3233    1.00185596814
3259    1.00004231994
3261    1.00004184676
3287    0.997571588653
3313    0.984314187721
3339    0.970490722073
3365    0.960980352874
3391    0.956410744206
3417    0.948450625503
3443    0.94019094181
3469    0.935867965202
3471    0.935855022276
3486    0.935511298575
3512    0.933735744029
3538    0.925094747421
3564    0.920161039313
3590    0.916490519963
3616    0.912508970953
3618    0.912494758518
3620    0.912494719752
3646    0.907726235043
3672    0.902660986442
3674    0.90265551675
3676    0.902655473593
3678    0.902655464396
3680    0.902655464363
3682    0.902635871897
3708    0.900667695968
3710    0.900657974549
3736    0.897064963502
3740    0.896999096924
3742    0.89698400691
3768    0.894124911151
3794    0.886430865367
3796    0.886423238624
3798    0.886423238566
3824    0.885057754643
3826    0.885057597823
3852    0.882799349084
3854    0.882785637454
3856    0.882785593009
3858    0.882780876464
3860    0.882780876028
3886    0.880008078303
3912    0.877554403363
3938    0.869287108451
3940    0.869287000635
3942    0.869283443678
3944    0.869283443631
3946    0.869283443558
3948    0.869273421966
3974    0.862662516087
3976    0.862661432323
4002    0.859450598285
4004    0.85945059797
4006    0.859449395093
4008    0.85943034435
4034    0.853071604225
4036    0.85306921734
4062    0.851167808416
4079    0.850769106974
4081    0.850769009636
4107    0.849270224426
4133    0.838949489677
4159    0.830913635571
4185    0.824688299577
4211    0.821947681856
4237    0.817006213302
4263    0.811676958804
4289    0.80882331296
4291    0.80881635586
4293    0.808801186167
4319    0.807471925154
4345    0.801267326255
4371    0.79808522964
4397    0.795982143627
4423    0.793112286932
4425    0.793103643739
4427    0.79310363524
4453    0.789816169242
4479    0.785982268239
4481    0.78597733356
4483    0.785977327203
4485    0.785977318425
4487    0.785977318372
4489    0.785958885679
4515    0.784593705096
4517    0.784589412343
4543    0.782582512407
4545    0.782569553108
4547    0.782562911672
4573    0.780761703978
4599    0.775330015231
4601    0.775327217987
4603    0.775327217987
4629    0.774634056025
4631    0.774634030448
4657    0.773018768792
4659    0.773006340073
4661    0.773006339812
4663    0.773001560355
4665    0.773001560119
4691    0.771212826238
4717    0.769602760213
4743    0.762621649473
4745    0.762621586903
4747    0.762618549622
4749    0.762618549568
4751    0.762618549502
4753    0.762609866094
4779    0.756753580101
4781    0.756752705459
4807    0.755088737597
4809    0.755088737285
4811    0.755088373728
4813    0.755070288555
4839    0.750528358027
4841    0.750527689036
4867    0.748986766439
4869    0.748973486063
4871    0.74897345164
4897    0.747927745869
4923    0.739716928462
4949    0.734305020728
4975    0.729900998368
5001    0.728100630245
5027    0.724937437977
5053    0.721410945621
5079    0.719477450365
5081    0.719473918688
5083    0.719463351693
5109    0.718496356706
5135    0.713872459091
5161    0.711757818444
5187    0.710473735357
5213    0.708398926952
5215    0.708393621679
5217    0.708393620675
5243    0.705953367921
5269    0.702962003664
5271    0.70295755193
5273    0.702957548412
5275    0.702957540481
5277    0.702957540439
5279    0.702940174429
5305    0.701995588593
5307    0.701993601244
5333    0.700817146036
5335    0.700809019242
5337    0.700805899935
5363    0.699640502091
5389    0.695489652548
5391    0.695488560838
5393    0.695488560816
5395    0.695470715514
5397    0.69547071008
5423    0.694168509204
5425    0.69415729713
5427    0.694157292292
5429    0.694152741743
5431    0.694152741612
5457    0.692952430622
5483    0.691708412359
5509    0.68561828571
5511    0.685618245497
5513    0.685615617125
5515    0.685615617068
5517    0.685615617008
5519    0.685607877865
5545    0.680526810412
5547    0.680526105965
5573    0.679597050124
5575    0.679597049814
5577    0.679596946022
5579    0.679579706511
5605    0.676153345221
5607    0.676153157272
5633    0.674940776718
5635    0.674932256463
5637    0.674932240292
5663    0.674191576071
5689    0.66734766161
5715    0.663382850726
5741    0.660114218585
5767    0.658866150101
5793    0.656830434625
5819    0.65448843087
5845    0.653126502923
5847    0.653124683647
5849    0.653117359136
5875    0.652412114623
5901    0.64880381621
5927    0.647331423906
5953    0.646499809645
5979    0.6449903299
5981    0.644987035095
5983    0.644987035079
6009    0.643056649733
6035    0.640684130667
6037    0.640680115956
6039    0.640680113634
6041    0.640680106612
6043    0.640680106579
6045    0.640663725432
6069    0.640077911097
6071    0.640076916445
6097    0.639364937495
6099    0.639359594182
6101    0.639358074661
6127    0.63858922663
6153    0.635238365164
6155    0.635237878573
6157    0.635237878519
6159    0.635223819247
6161    0.63522381721
6187    0.63416372929
6189    0.634153625899
6191    0.634153620024
6193    0.634149303787
6195    0.634149303715
6221    0.633297271251
6247    0.632187782445
6273    0.626743889871
6275    0.6267438616
6277    0.626741513011
6279    0.626741512951
6281    0.626741512895
6283    0.626734454573
6309    0.622399569704
6311    0.622399002572
6324    0.622113884438
6326    0.622113884127
6328    0.622113865828
6330    0.622097523228
6356    0.619422353417
6358    0.619422299928
6384    0.618485891785
6386    0.618480094021
6388    0.618480085456
6398    0.618276415204
6424    0.612291440126
6450    0.609246233904
6476    0.606735588599
6502    0.605842188021
6528    0.60453615971
6554    0.602979181958
6580    0.601980326564
6582    0.601979347171
6584    0.601974255348
6586    0.601953121885
6612    0.59895641901
6638    0.597832803954
6653    0.59749489138
6679    0.596389073992
6681    0.596387131702
6683    0.596387131098
6709    0.594785267988
6735    0.592888634877
6737    0.592885015478
6739    0.592885013891
6741    0.592885007743
6743    0.592885007719
6745    0.592869537947
6747    0.592848177251
6749    0.592847629118
6751    0.592826251535
6753    0.592822208268
6755    0.592821227147
6764    0.592639813047
6790    0.589842689888
6792    0.589842465503
6794    0.589842465431
6796    0.589831659208
6798    0.589831658012
6824    0.588973032083
6826    0.588963928462
6828    0.588963923219
6830    0.588959743959
6832    0.588959743917
6858    0.588316701723
6884    0.587238249869
6910    0.582281154287
6912    0.58228113288
6914    0.582278935377
6916    0.582278935314
6918    0.582278935259
6920    0.582272380433
6946    0.578621055704
6948    0.578620597029
6950    0.578601014875
6952    0.578601014561
6954    0.578601012642
6956    0.578585620593
6982    0.576427270876
6984    0.576427239188
7010    0.575714459355
7012    0.575710008694
7014    0.575710002944
7016    0.575688710442
7042    0.570263602665
7068    0.567863874182
7094    0.565880397337
7120    0.565228520807
7146    0.564394465624
7172    0.563358190419
7198    0.5625903073
7200    0.562589688201
7202    0.562586142719
7204    0.562568537719
7230    0.559977117405
7256    0.559065144277
7259    0.559021626258
7285    0.558203545811
7287    0.55820243291
7289    0.558202431667
7315    0.556807555195
7341    0.555284227755
7343    0.555280965654
7345    0.555280964812
7347    0.555280959451
7349    0.555280959407
7351    0.555266333328
7353    0.555245240318
7355    0.55524479617
7357    0.555225288225
7359    0.555221653522
7361    0.555220979359
7363    0.555199840924
7389    0.55282359884
7391    0.552823490005
7393    0.552823489925
7395    0.552815029234
7397    0.552815028329
7423    0.552119242875
7425    0.552111038426
7427    0.552111034003
7429    0.552106877872
7431    0.552106877847
7433    0.552085318763
7459    0.550984639083
7485    0.546412521857
7487    0.546412504667
7489    0.546410337496
7491    0.546410337428
7493    0.546410337373
7495    0.546404167309
7521    0.543355174518
7523    0.543354801148
7525    0.54333791446
7527    0.543337914141
7529    0.543337913596
7531    0.543323471953
7557    0.541541406902
7559    0.541541380615
7565    0.54143259487
7567    0.541429144707
7569    0.541429144556
7571    0.54140801873
7597    0.536320123421
7623    0.534406127856
7649    0.532796139991
7651    0.532775407205
7659    0.532620034956
7685    0.531852394403
7707    0.531345060908
7709    0.531344659124
7711    0.531342209137
7713    0.531327026819
7739    0.529006150762
7765    0.528218157854
7767    0.528197715848
7791    0.527647050764
7793    0.527646380321
7795    0.52764637849
7821    0.526391096492
7847    0.525157835528
7849    0.525154896734
7851    0.525154896465
7853    0.525154891738
7855    0.525154891682
7857    0.525141042943
7859    0.525120271697
7861    0.525119864309
7863    0.52510239135
7865    0.525098877534
7867    0.525098424184
7869    0.525077644995
7895    0.523035034081
7897    0.523034979246
7899    0.523034979163
7901    0.523028288693
7903    0.523028287925
7918    0.522709806694
7920    0.522702406532
7922    0.522702403819
7924    0.522697951736
7926    0.522697951724
7928    0.522677290339
7954    0.521557509038
7980    0.517299217011
7982    0.51729920257
7984    0.517296953141
7986    0.517296953069
7988    0.51729695301
7990    0.517291085788
8016    0.514756274071
8018    0.514755968935
8020    0.514741772451
8022    0.514741772128
8024    0.514741771853
8026    0.514728226524
8052    0.513232147547
8054    0.513232126112
8056    0.513214391658
8058    0.513211784563
8060    0.513211784249
8062    0.513190782098
8088    0.508372841039
8114    0.506802445861
8140    0.505469604847
8142    0.505450681836
8144    0.50543355403
8164    0.504986762749
8172    0.504830266398
8174    0.504829995673
8176    0.50482832488
8178    0.504814633731
8204    0.502679699041
8230    0.501959136364
8232    0.501940328218
8234    0.501919662516
8236    0.501919246375
8238    0.501919243802
8264    0.500772653643
8290    0.499737930839
8292    0.499735291985
8294    0.499735291862
8296    0.499735287416
8298    0.499735287355
8300    0.499722117529
8302    0.499701662892
8304    0.499701287955
8306    0.499685966023
8308    0.499682568559
8310    0.499682283663
8312    0.499661837452
8338    0.497891032443
8340    0.497890995367
8342    0.497890995286
8344    0.497885437482
8346    0.497885436371
8348    0.497863953525
8350    0.497857276646
8352    0.497857274096
8354    0.497852491153
8356    0.497852491146
8358    0.497832589588
8384    0.496700670277
8410    0.492698425878
8412    0.492698413321
8414    0.492695974424
8416    0.492695974345
8418    0.49269597428
8420    0.492690353717
8446    0.490582828448
8448    0.490582578268
8450    0.490570793667
8452    0.490570793336
8454    0.490570793154
8456    0.490558085318
8482    0.489286514113
8484    0.489286496721
8486    0.489272198297
8488    0.489270262472
8490    0.489270262363
8492    0.489249343549
8518    0.484687025367
8544    0.483391951099
8570    0.482266624907
8572    0.482249615063
8574    0.482235230281
8576    0.482213964724
8582    0.48210448802
8584    0.482104299722
8586    0.482103018518
8588    0.482090371006
8614    0.480064844568
8640    0.479374570786
8642    0.479357521305
8644    0.479338826617
8646    0.479338565325
8648    0.479338563746
8674    0.47828112379
8700    0.477401619215
8702    0.477399245115
8704    0.477399245038
8706    0.477399240967
8708    0.477399240906
8710    0.477386706435
8712    0.477366563692
8714    0.47736621762
8716    0.477352941752
8718    0.477349656265
8720    0.47734948746
8722    0.477329351856
8748    0.475781393757
8750    0.475781360653
8752    0.475781360576
8754    0.475776567633
8756    0.475776564903
8758    0.475755123048
8760    0.475749093106
8762    0.475749090597
8764    0.47574395858
8766    0.475743958576
8768    0.475724776051
8794    0.474590384814
8820    0.470800079239
8822    0.470800068031
8824    0.470797334672
8826    0.470797334588
8828    0.470797334515
8830    0.470791921651
8856    0.469031004731
8858    0.469030799015
8860    0.469021080073
8862    0.469021079732
8864    0.469021079588
8866    0.469009153602
8892    0.467918198357
8894    0.467918184295
8896    0.467906848915
8898    0.467905428167
8900    0.467905428097
8902    0.467884566298
8928    0.463577703089
8954    0.462507283452
8980    0.461540523507
8982    0.461525423535
8984    0.461511288279
8986    0.461490200861
8989    0.4614471378
8991    0.461447004111
8993    0.461446036511
8995    0.461434057572
9021    0.459471194343
9047    0.458785515993
9049    0.458770151047
9051    0.458753324655
9053    0.458753160235
9055    0.458753158838
9081    0.457773748671
9107    0.457019568703
9109    0.457017429033
9111    0.457017428973
9113    0.457017425275
9115    0.457017425219
9117    0.457005487216
9119    0.456985651872
9121    0.456985331635
9123    0.45697375455
9125    0.456970576795
9127    0.45697048231
9129    0.456950639932
9155    0.455586248699
9157    0.45558621904
9159    0.455586218971
9161    0.455582141926
9163    0.455582137412
9165    0.455560730863
9167    0.455555280988
9169    0.455555278544
9171    0.455549799048
9173    0.455549799045
9175    0.455531367918
9201    0.454406088402
9227    0.450796261001
9229    0.450796250793
9231    0.450793117802
9233    0.450793117712
9235    0.450793117628
9237    0.450787885028
9263    0.44930160898
9265    0.449301439367
9267    0.449293447054
9269    0.449293446702
9271    0.449293446573
9273    0.449282250736
9299    0.448339407335
9301    0.44833939602
9303    0.448330574527
9305    0.44832953914
9307    0.448329539068
9309    0.448308725966
9335    0.44426056224
9361    0.443375265585
9387    0.442532397428
9389    0.4425191339
9391    0.44250524359
9393    0.442484316952
9395    0.442463163191
9397    0.442463066976
9399    0.44246233564
9401    0.442450782616
9427    0.440522892379
9453    0.439824315398
9455    0.43981051371
9457    0.439795377835
9459    0.439795274772
9461    0.439795273521
9487    0.438887240702
9513    0.438232966797
9515    0.438231035156
9517    0.438231035103
9519    0.438231031738
9521    0.438231031686
9523    0.438219654955
9525    0.438200122598
9527    0.43819982555
9529    0.438189689833
9531    0.438186615682
9533    0.438186566411
9535    0.438167008828
9561    0.436956655705
9563    0.43695662905
9565    0.436956628987
9567    0.436953194569
9569    0.436953188359
9571    0.43693179884
9573    0.436926870097
9575    0.436926867747
9577    0.436921062455
9579    0.436921062454
9581    0.436903462849
9607    0.435799973518
9633    0.432349822939
9635    0.432349813499
9637    0.432346174111
9639    0.432346174016
9641    0.432346173919
9643    0.432341101881
9669    0.431067010478
9671    0.43106687027
9673    0.431060301582
9675    0.431060301219
9677    0.431060301092
9679    0.431049787489
9705    0.430230250286
9707    0.430230241231
9709    0.430223520649
9711    0.430222768556
9713    0.43022276847
9715    0.430202010971
9741    0.426413919159
9767    0.425681955565
9793    0.424938179248
9795    0.424926635237
9797    0.42491298572
9799    0.424892207514
9801    0.42487170098
9803    0.424871631139
9805    0.424871075599
9807    0.424859790574
9833    0.422954141999
9859    0.422231049583
9861    0.422218677965
9863    0.422205035975
9865    0.42220497194
9867    0.422204970818
9893    0.421364094699
9913    0.420936514372
9915    0.420934767756
9917    0.420934767708
9919    0.420934764597
9921    0.42093476455
9923    0.420923916309
9925    0.420904682578
9927    0.420904406403
9929    0.420895509928
9931    0.420892535374
9933    0.420892512163
9935    0.420873236535
9961    0.419794188146
9963    0.419794164123
9965    0.419794164067
9967    0.419791291533
9969    0.419791283852
9971    0.419769891562
9973    0.419765431753
9975    0.41976542952
9977    0.419759337841
9979    0.419759337841
9981    0.419742673607
10007    0.418673853439
10033    0.41537072401
10035    0.415370715174
10037    0.415366460375
10039    0.415366460275
10041    0.415366460161
10043    0.415361534182
10069    0.414246425283
10071    0.414246309093
10073    0.414240905475
10075    0.414240905098
10077    0.41424090497
10079    0.414231029198
10105    0.41351537908
10107    0.413515371883
10109    0.413510375824
10111    0.413509829492
10113    0.413509829386
10115    0.413489144963
10141    0.409958426317
10166    0.40939651296
10192    0.408733398488
10194    0.408723322564
10196    0.408709909954
10198    0.408689273502
10200    0.408669665968
10202    0.408669614837
10204    0.408669193251
10206    0.408658067241
10232    0.406772072094
10258    0.406017347093
10260    0.406006278871
10262    0.405993623476
10264    0.405993584258
10266    0.40599358328
10292    0.405217166204
10294    0.405195671924
10296    0.40519409019
10298    0.405194090144
10300    0.405194087244
10302    0.405194087202
10304    0.405183736794
10306    0.40516479736
10308    0.405164540016
10310    0.40515671817
10312    0.405153839329
10314    0.405153830093
10316    0.405134836428
10342    0.404169235094
10344    0.404169213386
10346    0.404169213336
10348    0.404166823429
10350    0.404166814561
10352    0.404145403348
10354    0.404141366049
10356    0.404141363948
10358    0.40413503857
10360    0.40413503857
10362    0.404119416082
10388    0.403097443116
10414    0.399934199349
10416    0.399934191001
10418    0.399929209365
10420    0.399929209261
10422    0.399929209128
10424    0.399924418221
10450    0.398923507981
10452    0.398923411458
10454    0.398918957948
10456    0.398918957557
10458    0.398918957426
10460    0.398909678343
10486    0.398282377836
10488    0.398282372162
10490    0.39827876254
10492    0.398278364479
10494    0.398278364353
10496    0.398257776491
10522    0.394977270906
10524    0.394956082395
10550    0.394355128834
10552    0.394345181317
10554    0.394332001917
10556    0.394311506487
10558    0.394292966641
10560    0.394292928677
10562    0.394292609899
10564    0.394281575933
10590    0.392419394905
10616    0.391629554734
10618    0.391619675492
10620    0.391607156018
10622    0.39160713251
10624    0.391607132202
10650    0.390893325187
10652    0.390871930154
10654    0.39087049552
10656    0.390870495475
10658    0.390870492757
10660    0.39087049272
10662    0.390860614094
10664    0.390841964677
10666    0.390841724361
10668    0.390834839928
10670    0.390832053051
10672    0.390832050452
10674    0.390813339786
10700    0.389946882893
10702    0.389946863228
10704    0.389946863183
10706    0.389944882631
10708    0.389944872873
10710    0.38992343225
10712    0.389919776039
10714    0.389919774083
10716    0.389913275347
10718    0.389913275346
10720    0.389898786538
10746    0.388934329589
10772    0.385906967631
10774    0.385906959685
10776    0.385901137535
10778    0.385901137427
10780    0.385901137273
10782    0.385896472847
10808    0.384972311026
10810    0.384972230648
10812    0.384968551196
10814    0.38496855079
10816    0.384968550655
10818    0.38495983013
10829    0.384739381133
10831    0.384739376436
10833    0.384736858023
10835    0.384736502784
10837    0.384736502638
10839    0.384716181994
10865    0.381674733907
10867    0.381653963077
10876    0.381478893096
10878    0.381469075548
10880    0.381456125799
10882    0.381435775733
10884    0.381418421991
10886    0.381418393092
10888    0.38141815315
10890    0.381407180066
10916    0.379577310423
10942    0.378751900378
10944    0.378743094699
10946    0.378730712703
10948    0.378730699027
10950    0.378730698759
10976    0.378076824191
10978    0.378055532597
10980    0.378054229379
10982    0.378054229335
10984    0.378054226775
10986    0.378054226743
10988    0.37804479573
10990    0.378026432083
10992    0.378026207193
10994    0.378020143975
10996    0.378017445443
10998    0.378017445219
11000    0.377999018495
11026    0.377220024443
11028    0.377220006584
11030    0.377220006544
11032    0.377218370001
11034    0.377218359638
11036    0.37719688507
11038    0.377193572877
11040    0.377193571074
11042    0.377186961209
11044    0.377186961209
11046    0.377173671746
11072    0.376275265425
11098    0.373380987907
11100    0.3733809803
11102    0.373374202089
11104    0.373374201979
11106    0.373374201799
11108    0.373369656911
11134    0.372490996126
11136    0.37249092837
11138    0.372487544996
11140    0.372487544575
11142    0.372487544058
11144    0.372479356381
11146    0.372457913911
11148    0.37245790992
11150    0.37245615807
11152    0.372455802976
11154    0.372455802752
11156    0.37243583181
11182    0.369625516839
11184    0.369605009326
11189    0.369518296365
11191    0.36950860683
11193    0.369495883266
11195    0.369475686899
11197    0.369459602035
11199    0.369459579145
11201    0.369459399382
11203    0.369448485894
11229    0.367661805426
11255    0.366802916938
11257    0.366795077407
11259    0.366782834186
11261    0.366782826569
11263    0.366782826322
11289    0.366186095014
11291    0.366164910889
11293    0.36616372524
11295    0.366163725198
11297    0.366163722776
11299    0.366163722747
11301    0.366154716874
11303    0.366136634848
11305    0.366136423958
11307    0.366131082446
11309    0.366128468784
11311    0.366128468599
11313    0.366110326159
11339    0.36540907099
11341    0.365409054732
11343    0.365409054695
11345    0.36540770526
11347    0.365407694547
11349    0.365386186993
11351    0.365383185583
11353    0.365383183938
11355    0.365376522085
11357    0.365376522085
11359    0.365364465095
11385    0.3645381355
11411    0.361774023358
11413    0.361774016041
11415    0.361766164982
11417    0.36176616487
11419    0.361766164664
11421    0.361761733528
11447    0.360902477831
11449    0.360902420254
11451    0.360899123929
11453    0.360899123492
11455    0.360899121726
11457    0.360891440351
11459    0.360870116201
11461    0.360870112826
11463    0.360868936324
11465    0.360868581539
11467    0.360868581307
11469    0.360848953367
11495    0.358254243552
11497    0.358233962625
11501    0.358168944962
11503    0.358159381579
11505    0.358146880764
11507    0.35812684926
11509    0.358112086076
11511    0.358112066896
11513    0.358111932791
11515    0.358101101588
11541    0.356369224689
11567    0.355481047566
11569    0.355474076362
11571    0.355461972809
11573    0.355461968836
11575    0.355461968608
11580    0.355375088194
11582    0.355354026329
11584    0.35535294616
11586    0.355352946119
11588    0.355352943845
11590    0.355352943819
11592    0.355344342643
11594    0.355326538119
11596    0.355326339956
11598    0.355321634163
11600    0.355319102029
11602    0.355319100725
11604    0.355301242008
11630    0.354669479557
11632    0.354669464718
11634    0.354669464685
11636    0.354668353615
11638    0.354668342772
11640    0.354646807725
11642    0.354644087229
11644    0.354644085742
11646    0.354637424308
11648    0.354637424308
11650    0.35462659905
11676    0.353875746393
11702    0.351237992726
11704    0.351237985663
11706    0.351228944592
11708    0.351228944479
11710    0.351228944242
11712    0.35122462188
11738    0.350362904884
11740    0.350362855866
11742    0.350359643241
11744    0.350359642789
11746    0.350359639333
11748    0.350352429169
11750    0.350331221126
11752    0.350331218284
11754    0.350330468192
11756    0.350330113872
11758    0.350330113642
11760    0.350310822093
11786    0.347914771258
11788    0.347894705775
11792    0.347829610608
11794    0.347820171829
11796    0.347807890293
11798    0.347788036499
11800    0.347774620067
11802    0.347774601748
11804    0.347774502057
11806    0.347763793726
11832    0.346097710577
11858    0.345186065929
11860    0.34517932794
11862    0.345167375293
11864    0.345167373469
11866    0.345167373224
11868    0.345145871925
11870    0.345124930474
11872    0.345123944937
11874    0.345123944896
11876    0.345123942755
11878    0.345123942733
11880    0.34511572661
11882    0.345098195559
11884    0.345098008983
11886    0.345093864098
11888    0.34509141029
11890    0.3450914074
11892    0.34507383096
11910    0.344694932188
11912    0.344694918554
11914    0.344694918524
11916    0.344693940095
11918    0.344693929294
11920    0.344672464366
11922    0.344669998199
11924    0.344669996867
11926    0.344663379499
11928    0.344663379499
11930    0.344653754113
11956    0.343979276382
11982    0.341462929375
11984    0.341462922537
11986    0.341452575158
11988    0.341452575043
11990    0.341452574773
11992    0.341448356797
12018    0.340565784217
12020    0.34056574241
12022    0.34056261034
12024    0.34056260987
12026    0.340562604495
12028    0.34055583343
12030    0.340534739669
12032    0.340534737288
12034    0.340534292569
12036    0.34053393886
12038    0.340533938633
12040    0.340514977057
12066    0.338300817171
12068    0.33828096533
12072    0.338215798876
12074    0.338206483301
12076    0.338194417567
12078    0.33817475513
12080    0.33816268274
12082    0.338162664671
12084    0.338162590751
12086    0.338152059679
12112    0.33656125376
12138    0.335633127338
12140    0.335626542303
12142    0.335614737524
12144    0.335614736885
12146    0.335614736636
12148    0.335593332321
12150    0.335572508091
12152    0.335571607551
12154    0.335571607511
12156    0.335571605486
12158    0.335571605466
12160    0.335563755886
12162    0.335546495707
12164    0.335546319195
12166    0.335542521945
12168    0.335540144059
12170    0.335540140346
12172    0.335522848075
12174    0.335501359991
12176    0.335501347336
12178    0.335501347307
12180    0.335500373626
12182    0.335500363002
12184    0.335479129023
12186    0.335476893366
12188    0.335476892183
12190    0.335470353212
12192    0.335470353211
12194    0.335461870043
12220    0.334862462645
12246    0.332461515211
12248    0.332461508576
12250    0.332449741082
12252    0.332449740968
12254    0.33244974066
12256    0.332445623109
12282    0.331526673261
12284    0.331526637544
12286    0.331523583063
12288    0.331523582577
12290    0.331523575209
12292    0.331517213776
12294    0.331496232738
12296    0.331496230751
12298    0.33149599334
12300    0.331495640386
12302    0.331495640156
12304    0.331477002295
12330    0.329428854783
12332    0.329409215092
12337    0.329322396874
12339    0.329313203799
12341    0.329301350359
12343    0.329281892911
12345    0.329271135519
12347    0.329271117272
12349    0.329271062532
12351    0.329260769303
12377    0.327752490723
12403    0.326815659947
12405    0.326809220087
12407    0.326797558694
12409    0.326797558572
12411    0.326797558322
12413    0.326776248756
12415    0.326755539053
12417    0.326754714968
12419    0.326754714929
12421    0.326754713005
12423    0.326754712988
12425    0.326747212541
12427    0.326730221522
12429    0.326730053397
12431    0.326726324969
12433    0.326724021104
12435    0.326724018117
12437    0.326707013193
12439    0.326685623287
12441    0.326685611521
12443    0.326685611495
12445    0.326684642695
12447    0.326684632365
12449    0.326663626788
12451    0.326661599653
12453    0.326661598611
12455    0.326655163667
12457    0.326655163667
12459    0.326647745905
12462    0.326604480619
12488    0.324315555942
12490    0.324315549493
12492    0.324302252673
12494    0.324302252555
12496    0.324302252208
12498    0.324298232663
12524    0.323329809803
12526    0.323329779238
12528    0.323326799545
12530    0.323326799042
12532    0.323326789716
12534    0.323320810814
12536    0.323299941131
12538    0.323299939478
12540    0.323299833506
12542    0.323299481441
12544    0.323299481212
12546    0.323281160957
12572    0.321383911595
12574    0.321364493201
12578    0.321299396336
12580    0.321290324014
12582    0.321278679317
12584    0.321259439843
12586    0.321249944572
12588    0.321249925588
12590    0.321249885044
12592    0.321239891548
12618    0.319818876032
12644    0.318881473346
12646    0.318875171495
12648    0.31886364937
12650    0.31886364937
12652    0.318863649121
12654    0.318842432762
12656    0.318821835219
12658    0.31882108
12660    0.318821079962
12662    0.318821078129
12664    0.318821078114
12666    0.31881391039
12668    0.3187971843
12670    0.318797023964
12672    0.31879336256
12674    0.318791129664
12676    0.318791127291
12678    0.318774402982
12680    0.31875311012
12682    0.318753099164
12684    0.318753099141
12686    0.318752135349
12688    0.318752125402
12690    0.318731345642
12692    0.318729506298
12694    0.31872950533
12696    0.318722810631
12698    0.31872281063
12700    0.31871587397
12702    0.31869428133
12728    0.316505722867
12730    0.316505716592
12732    0.316490788486
12734    0.316490788366
12736    0.316490787977
12738    0.316486862967
12764    0.315457990624
12766    0.315457964426
12768    0.31545505688
12770    0.31545505636
12772    0.315455045186
12774    0.315449423846
12776    0.315428664361
12778    0.315428662992
12780    0.315428629122
12782    0.315428278075
12784    0.31542827784
12786    0.315410269282
12812    0.313650628613
12814    0.313631420142
12819    0.313544604688
12821    0.313535652722
12823    0.313524213225
12825    0.313505203672
12827    0.313496897577
12829    0.313496877191
12831    0.313496847103
12833    0.313487212785
12859    0.312155729802
12885    0.31122585451
12887    0.311219684111
12889    0.311208297489
12891    0.31120829741
12893    0.311208297164
12895    0.311187173
12897    0.311166685546
12899    0.31116599245
12901    0.311165992412
12903    0.31116599066
12905    0.311165990647
12907    0.311159140176
12909    0.311142674918
12911    0.311142521821
12913    0.311138925712
12915    0.31113676089
12917    0.311136759033
12919    0.311120308903
12921    0.311099112068
12923    0.31109910185
12925    0.311099101831
12927    0.311098143168
12929    0.311098133669
12931    0.311077577219
12933    0.311075907941
12935    0.311075907043
12937    0.311068996395
12939    0.311068996394
12941    0.311062568174
12943    0.311041021378
12969    0.30894301809
12971    0.308943011975
12973    0.308926361011
12975    0.30892636089
12977    0.308926360455
12979    0.308922526642
13005    0.307824155493
13007    0.307824133002
13009    0.307821295105
13011    0.307821294569
13013    0.307821281704
13015    0.307815994865
13017    0.307795344548
13019    0.307795343416
13021    0.307795339964
13023    0.30779499006
13025    0.307794989827
13027    0.307777287205
13053    0.306142445587
13055    0.306123457274
13059    0.306058286904
13061    0.306049453473
13063    0.306038215613
13065    0.306019446529
13067    0.306012241227
13069    0.306012218697
13071    0.306012196282
13073    0.306002975144
13099    0.304761097089
13125    0.303846487648
13127    0.303840442701
13129    0.3038291881
13131    0.303829187864
13133    0.30382918762
13135    0.303808154935
13137    0.303787775645
13139    0.303787138665
13141    0.303787138628
13143    0.303787136948
13145    0.303787136936
13147    0.303780589089
13149    0.303764380647
13151    0.30376423429
13153    0.303760701801
13155    0.303758602299
13157    0.303758600871
13159    0.303742418709
13161    0.303721316941
13163    0.303721307398
13165    0.303721307381
13167    0.303720353962
13169    0.303720344952
13171    0.303700009318
13173    0.303698494135
13175    0.3036984933
13177    0.30369142396
13179    0.303691423959
13181    0.303685526308
13183    0.303664068035
13209    0.301648640543
13211    0.301648634578
13213    0.301630183206
13215    0.301630183083
13217    0.301630182601
13219    0.30162643679
13245    0.30045135358
13247    0.300451334246
13249    0.300448563625
13251    0.300448563073
13253    0.300448548703
13255    0.300443575024
13257    0.300423032922
13259    0.30042303199
13261    0.300423029631
13263    0.300422680986
13265    0.300422680748
13267    0.300405278433
13293    0.298884292011
13295    0.29886551231
13300    0.298778495442
13302    0.298769780373
13304    0.298758740581
13306    0.298740220951
13308    0.298734017763
13310    0.298733992295
13312    0.298733975495
13314    0.298725213987
13340    0.297571231278
13366    0.296679011515
13368    0.296673086533
13370    0.29666196072
13372    0.296661960323
13374    0.296661960082
13376    0.296641018336
13378    0.296620745394
13380    0.296620159178
13382    0.296620159142
13384    0.296620157527
13386    0.296620157516
13388    0.296613898443
13390    0.296597942881
13392    0.296597802804
13394    0.296594332313
13396    0.296592295514
13398    0.296592294438
13400    0.296576374257
13402    0.296555366653
13404    0.296555357727
13406    0.296555357711
13408    0.296554409644
13410    0.296554401151
13412    0.296534283869
13414    0.296532908344
13416    0.296532907567
13418    0.29652573308
13420    0.296525733079
13422    0.29652036523
13424    0.296499022218
13450    0.29455980475
13452    0.294559798925
13454    0.294539487675
13456    0.294539487551
13458    0.294539487019
13460    0.294535826125
13486    0.293278643365
13488    0.29327862672
13490    0.293275921125
13492    0.293275920557
13494    0.293275904883
13496    0.293271224578
13498    0.293250789813
13500    0.293250789046
13502    0.293250768857
13504    0.293250421582
13506    0.293250421348
13508    0.293233313849
13534    0.291815536808
13536    0.291796976742
13541    0.291709989987
13543    0.291701392339
13545    0.29169054705
13547    0.291672284211
13549    0.291666979233
13551    0.29166694999
13553    0.291666937292
13555    0.291658672981
13581    0.290589562453
13607    0.289726056863
13609    0.289720246823
13611    0.289709246779
13613    0.289709246257
13615    0.289709246018
13617    0.289688394754
13619    0.289668226398
13621    0.289667686172
13623    0.289667686137
13625    0.289667684581
13627    0.289667684571
13629    0.289661701141
13631    0.289645994595
13633    0.289645860379
13635    0.289642450315
13637    0.289640473727
13639    0.289640472939
13641    0.28962480895
13643    0.289603894655
13645    0.289603886293
13647    0.289603886279
13649    0.289602943666
13651    0.289602935701
13653    0.289583034325
13655    0.2895817854
13657    0.289581784677
13659    0.289574555476
13661    0.289574555476
13663    0.289569700459
13665    0.289548488255
13691    0.287680552241
13693    0.28768054655
13700    0.287549258711
13702    0.287549258587
13704    0.287549255121
13706    0.287545673293
13732    0.28619251616
13734    0.286192501848
13736    0.286189859137
13738    0.286189858608
13740    0.286189841832
13742    0.286185432815
13744    0.286165104563
13746    0.286165103933
13748    0.286165054858
13750    0.286164709059
13752    0.286164708823
13754    0.286147890777
13780    0.284824052102
13782    0.284805711454
13787    0.284718716068
13789    0.284710234906
13791    0.284699580578
13793    0.284681580251
13795    0.284677068916
13797    0.284677035038
13799    0.284677025334
13801    0.284669286263
13827    0.283681163774
13853    0.282851777828
13855    0.282846078136
13857    0.282835201037
13859    0.28283520044
13861    0.282835200204
13863    0.282814438997
13865    0.282794373519
13867    0.282793875011
13869    0.282793874976
13871    0.282793873473
13873    0.282793873464
13875    0.282788153217
13877    0.282772691904
13879    0.282772563163
13881    0.282769212005
13883    0.282767293257
13885    0.282767292699
13887    0.282751879321
13889    0.282731057535
13891    0.282731049692
13893    0.282731049679
13895    0.282730112615
13897    0.28273010518
13899    0.282710417303
13901    0.282709283165
13903    0.282709282492
13905    0.282702046378
13907    0.282702046377
13909    0.282697676436
13911    0.282676603204
13937    0.280876297708
13939    0.280876292143
13957    0.280491022062
13959    0.280491021938
13961    0.280491002291
13963    0.280487485318
13989    0.279011439834
13991    0.279011427592
13993    0.279008845732
13995    0.279008845317
13997    0.279008827637
13999    0.279004664929
14001    0.27898444242
14003    0.278984441903
14005    0.278984358803
14007    0.278984014582
14009    0.278984014346
14011    0.278967480524
14037    0.277729209298
14039    0.277711087911
14044    0.277624053066
14046    0.277615687459
14048    0.27760522059
14050    0.277587486946
14052    0.277583667811
14054    0.277583628428
14056    0.277583620911
14058    0.277576425484
14084    0.27666493281
14110    0.275874088716
14112    0.27586849516
14114    0.275857738358
14116    0.27585773774
14118    0.275857737506
14120    0.275837065941
14122    0.275817101664
14124    0.275816641057
14126    0.275816641023
14128    0.275816639568
14130    0.27581663956
14132    0.275811170659
14134    0.275795950874
14136    0.275795827255
14138    0.275792533533
14140    0.275790670371
14142    0.275790669994
14144    0.275775501836
14146    0.275754771816
14148    0.275754764449
14150    0.275754764438
14152    0.275753833013
14154    0.2757538261
14156    0.275734349354
14158    0.275733319309
14160    0.275733318682
14162    0.275726121111
14164    0.275726121111
14166    0.275722201936
14168    0.275701271313
14194    0.273966061878
14196    0.273966056434
14219    0.273459907383
14221    0.273459907261
14223    0.273459873992
14225    0.273456419705
14251    0.271849449159
14253    0.271849438722
14255    0.271846915769
14257    0.271846915439
14259    0.271846897047
14261    0.271842961949
14263    0.271822844424
14265    0.271822844
14267    0.271822725923
14269    0.271822383373
14271    0.271822383139
14273    0.271806128418
14299    0.270645868182
14301    0.270627965892
14306    0.270540868958
14308    0.270532617965
14310    0.270522335088
14312    0.27050487084
14314    0.270501648415
14316    0.270501602664
14318    0.270501596747
14320    0.27049495402
14346    0.269655554912
14372    0.268906672985
14374    0.268901181695
14376    0.268890542681
14378    0.268890542087
14380    0.268890541856
14382    0.268869959473
14384    0.268850094718
14386    0.26884966859
14388    0.268849668557
14390    0.268849667145
14392    0.268849667138
14394    0.268844438327
14396    0.268829456423
14398    0.268829337599
14400    0.268826099886
14402    0.26882429016
14404    0.26882428992
14406    0.268809361758
14408    0.268788722787
14410    0.268788715858
14412    0.268788715848
14414    0.268787790147
14416    0.268787783741
14418    0.268768515775
14420    0.268767580141
14422    0.268767579556
14424    0.268760463714
14426    0.268760463713
14428    0.268756957639
14430    0.268736170766
14456    0.267064468078
14458    0.267064462755
14482    0.266530291444
14484    0.266530291323
14486    0.266530252156
14488    0.266526862738
14514    0.26479626804
14516    0.26479625916
14518    0.264793793261
14520    0.264793792988
14522    0.26479377406
14524    0.264790052136
14526    0.264770038846
14528    0.264770038499
14530    0.264769887307
14532    0.264769546518
14534    0.264769546285
14536    0.264753565644
14562    0.263664495908
14564    0.263646812531
14569    0.263559639229
14571    0.263551501901
14573    0.26354139959
14575    0.263524206128
14577    0.263521492801
14579    0.263521439846
14581    0.2635214351
14583    0.26351534538
14609    0.262743529663
14635    0.262039049216
14637    0.262033656622
14639    0.262023133015
14641    0.262023132481
14643    0.262023132252
14645    0.262002638545
14647    0.261982871627
14649    0.261982476909
14651    0.261982476877
14653    0.261982475505
14655    0.261982475498
14657    0.261977476062
14659    0.261962728443
14661    0.261962614114
14663    0.261959431026
14665    0.261957672687
14667    0.261957672548
14669    0.261942979313
14671    0.261922430697
14673    0.261922424172
14675    0.261922424163
14677    0.261921504264
14679    0.261921498346
14681    0.261902436826
14683    0.26190158683
14685    0.261901586285
14687    0.261894592976
14689    0.261894592975
14691    0.261891461317
14693    0.261870818235
14719    0.260261801699
14721    0.260261796498
14746    0.259702784872
14748    0.259702784753
14750    0.25970273872
14752    0.259699410316
14778    0.257856332632
14780    0.257856325104
14782    0.257853914485
14784    0.257853914267
14786    0.257853894971
14788    0.257850372773
14790    0.257830462981
14792    0.257830462695
14794    0.257830282011
14796    0.257829943068
14798    0.257829942836
14800    0.257814231361
14826    0.256790196035
14828    0.256772731341
14833    0.2566854757
14835    0.256677451087
14837    0.256667525974
14839    0.256650603518
14841    0.256648320634
14843    0.256648259676
14845    0.256648255791
14847    0.256642711452
14873    0.255934115623
14899    0.255275546103
14901    0.255270248911
14903    0.255259838443
14905    0.255259837993
14907    0.255259837765
14909    0.255239432192
14911    0.255219761423
14913    0.255219395358
14915    0.255219395326
14917    0.255219393991
14919    0.255219393984
14921    0.255214613719
14923    0.255200096849
14925    0.255199986739
14927    0.255196856933
14929    0.255195148029
14931    0.255195147961
14933    0.255180684739
14935    0.255160225819
14937    0.255160219665
14939    0.255160219657
14941    0.255159305632
14943    0.255159300181
14945    0.2551404428
14947    0.255139670496
14949    0.255139669988
14951    0.255132837373
14953    0.255132837372
14955    0.255130042073
14957    0.255109542611
14983    0.253562979427
14985    0.253562974348
15009    0.253027104779
15011    0.253027104663
15013    0.25302705857
15015    0.253023793191
15041    0.251090559924
15043    0.251090553562
15045    0.251088196527
15047    0.251088196349
15049    0.251088176832
15051    0.251084843132
15053    0.251065036102
15055    0.251065035868
15057    0.251064830288
15059    0.25106449327
15061    0.25106449304
15063    0.251049045913
15089    0.250084488193
15091    0.250067241892
15097    0.249958363169
15099    0.249950451789
15101    0.249940700564
15103    0.249924048316
15105    0.249922126549
15107    0.249922056848
15109    0.249922053596
15111    0.249917040039
15137    0.249267501822
15163    0.248655496461
15165    0.248650291618
15167    0.248639992124
15169    0.248639991768
15171    0.248639991543
15173    0.248619673517
15175    0.248600097206
15177    0.248599757315
15179    0.248599757284
15181    0.248599755982
15183    0.248599755976
15185    0.248595185157
15187    0.248580895556
15189    0.248580789409
15191    0.248577711584
15193    0.248576050253
15195    0.248576050228
15197    0.248561812253
15199    0.24854144239
15201    0.24854143658
15203    0.248541436573
15205    0.248540528488
15207    0.24854052348
15209    0.248521867955
15211    0.248521166139
15213    0.248521165665
15215    0.248514528882
15217    0.248514528881
15219    0.248512033613
15221    0.248491677883
15247    0.247007741829
15249    0.247007736872
15272    0.246497018237
15274    0.246497018124
15276    0.246496972387
15278    0.246493767689
15304    0.244495181213
15306    0.244495175859
15308    0.244492870785
15310    0.24449287064
15312    0.244492851036
15314    0.24448969524
15316    0.244469990248
15318    0.244469990055
15320    0.244469763575
15322    0.244469428556
15324    0.244469428331
15326    0.244454240835
15352    0.243543653828
15354    0.243526637788
15359    0.243439694704
15361    0.243431894156
15363    0.243422313569
15365    0.243405929856
15367    0.243404309069
15369    0.243404229949
15371    0.243404227165
15373    0.243399723882
15399    0.242805291913
15415    0.242472680811
15417    0.242467566779
15419    0.242457376194
15421    0.242457375899
15423    0.242457375676
15425    0.242437143422
15427    0.242417659859
15429    0.242417343909
15431    0.242417343878
15433    0.242417342608
15435    0.242417342602
15437    0.242412971956
15439    0.242398906177
15441    0.242398803757
15443    0.242395776646
15445    0.242394161111
15447    0.242394161107
15449    0.242380143733
15451    0.242359862289
15453    0.242359856797
15455    0.242359856791
15457    0.242358954706
15459    0.242358950115
15461    0.242340494168
15463    0.242339856312
15465    0.242339855869
15467    0.242333446597
15469    0.242333446596
15471    0.242331217435
15473    0.242311006033
15499    0.240890102287
15501    0.240890097448
15522    0.24042859653
15524    0.24042859642
15526    0.240428555303
15528    0.240425411926
15554    0.23839081382
15556    0.238390809331
15558    0.238388554657
15560    0.238388554534
15562    0.238388534963
15564    0.238385547703
15566    0.238365943997
15568    0.238365943837
15570    0.238365702656
15572    0.238365369707
15574    0.238365369481
15576    0.238350436971
15602    0.237489803815
15604    0.23747300508
15609    0.237386004755
15611    0.237378314061
15613    0.237368900923
15615    0.237352784991
15617    0.237351399301
15619    0.237351325433
15621    0.237351322938
15623    0.237347285295
15628    0.237260501812
15630    0.23723891901
15632    0.237233894875
15634    0.237223811206
15636    0.237223810971
15638    0.237223810749
15640    0.237203663948
15642    0.237184271378
15644    0.237183977355
15646    0.237183977325
15648    0.237183976083
15650    0.237183976078
15652    0.237179796748
15654    0.237165951365
15656    0.237165852456
15658    0.237162874823
15660    0.237161303385
15662    0.237161303385
15664    0.237147502065
15666    0.23712730838
15668    0.237127303182
15670    0.237127303176
15672    0.237126407146
15674    0.237126402946
15676    0.237108144282
15678    0.237107564467
15680    0.237107564054
15682    0.237101410078
15684    0.237101410077
15686    0.237099415885
15688    0.237079349909
15714    0.235721954751
15716    0.235721950024
15734    0.235331809241
15736    0.235331809135
15738    0.235331776376
15740    0.235328695005
15766    0.233288467681
15768    0.233288463927
15770    0.233286258152
15772    0.233286258044
15774    0.233286238606
15776    0.233283411623
15778    0.233263908408
15780    0.233263908275
15782    0.233263657146
15784    0.233263326331
15786    0.233263326108
15788    0.233248643999
15814    0.232433882865
15816    0.232417300815
15821    0.232330266821
15823    0.232322684981
15825    0.232313437658
15827    0.232297611587
15829    0.232296276126
15831    0.232296209774
15833    0.232296206599
15835    0.232292267253
15837    0.232270791435
15839    0.232249277558
15841    0.23224434081
15843    0.232234362135
15845    0.232234361962
15847    0.232234361742
15849    0.232214300018
15851    0.232194996732
15853    0.232194722819
15855    0.232194722789
15857    0.232194721573
15859    0.232194721569
15861    0.232190725121
15863    0.232177096815
15865    0.232177001212
15867    0.232174071869
15869    0.232172542913
15871    0.2321725429
15873    0.23215895327
15875    0.232138846772
15877    0.232138841847
15879    0.232138841842
15881    0.232137951917
15883    0.232137948082
15885    0.232119884498
15887    0.232119357356
15889    0.232119356971
15891    0.23211348185
15893    0.232113481849
15895    0.232111694432
15897    0.232091775529
15923    0.230798305375
15925    0.230798300751
15941    0.230457008247
15943    0.230457008145
15945    0.230456980383
15947    0.230453956646
15973    0.228433615208
15975    0.22843361208
15977    0.228431453773
15979    0.228431453678
15981    0.228431434464
15983    0.228428759287
15985    0.228409355847
15987    0.228409355737
15989    0.228409099019
15991    0.228408770399
15993    0.22840877018
15995    0.228394334038
16021    0.22762176993
16023    0.227605403905
16028    0.22751836629
16030    0.227510892333
16032    0.22750180795
16034    0.227486267873
16036    0.227484962578
16038    0.227484899965
16040    0.227484895902
16042    0.227481007219
16044    0.227459625717
16046    0.227438180623
16048    0.227433328867
16050    0.227423453335
16052    0.22742345321
16054    0.227423452991
16056    0.227403475825
16058    0.227384260124
16060    0.227384004679
16062    0.22738400465
16064    0.227384003459
16066    0.227384003455
16068    0.227380181841
16070    0.227366767342
16072    0.22736667486
16074    0.227363792656
16076    0.227362304638
16078    0.227362304601
16080    0.22734892242
16082    0.227328902564
16084    0.227328897893
16086    0.227328897887
16088    0.227328014115
16090    0.227328010618
16092    0.227310139944
16094    0.22730966061
16096    0.227309660251
16098    0.227304083023
16100    0.227304083023
16102    0.227302477116
16104    0.227282707287
16130    0.226053399171
16132    0.226053394641
16145    0.225782852056
16147    0.225782851959
16149    0.225782832014
16151    0.225779866178
16177    0.223803860333
16179    0.22380385773
16181    0.223801745514
16183    0.223801745424
16185    0.223801726511
16187    0.223799195768
16189    0.223779891396
16191    0.223779891304
16193    0.223779632863
16195    0.223779306496
16197    0.22377930628
16199    0.223765111759
16225    0.223031436088
16227    0.223015285321
16232    0.222928279752
16234    0.222920912709
16236    0.222911988265
16238    0.22289672697
16240    0.222895450939
16242    0.222895391739
16244    0.222895386726
16246    0.22289154777
16248    0.222870259473
16250    0.222848883039
16252    0.222844113977
16254    0.222834339797
16256    0.222834339711
16258    0.222834339494
16260    0.222814446386
16262    0.22279531657
16264    0.222795078105
16266    0.222795078076
16268    0.222795076907
16270    0.222795076903
16272    0.222791422437
16274    0.222778218526
16276    0.222778128991
16278    0.222775292808
16280    0.222773844258
16282    0.222773844186
16284    0.22276066533
16286    0.222740731586
16288    0.222740727151
16290    0.222740727146
16292    0.222739849569
16294    0.222739846386
16296    0.222722166476
16298    0.222721730539
16300    0.222721730202
16302    0.222716465224
16304    0.222716465224
16306    0.222715018384
16308    0.222695399818
16334    0.221530223138
16336    0.22153021869
16347    0.221307527587
16349    0.221307527494
16351    0.221307512082
16353    0.221304600054
16379    0.219391438816
16381    0.219391436656
16383    0.219389369209
16385    0.219389369126
16387    0.219389350577
16389    0.219386956696
16391    0.219367750691
16393    0.219367750614
16395    0.219367493792
16397    0.219367169732
16399    0.219367169519
16401    0.219353212361
16427    0.21865544929
16429    0.218639512901
16434    0.218552580077
16436    0.218545318979
16438    0.21853655154
16440    0.218521562147
16442    0.218520314513
16444    0.218520258432
16446    0.218520252418
16448    0.218516462282
16450    0.218495266133
16452    0.218473958252
16454    0.218469269676
16456    0.218459595115
16458    0.21845959506
16460    0.218459594844
16462    0.218439785318
16464    0.218420739693
16466    0.218420516863
16468    0.218420516835
16470    0.218420515689
16472    0.218420515685
16474    0.218417021029
16476    0.218404024535
16478    0.218403937786
16480    0.218401146538
16482    0.218399736049
16484    0.218399735936
16486    0.218386756391
16488    0.218366908249
16490    0.218366904033
16492    0.21836690403
16494    0.218366032686
16496    0.218366029794
16498    0.218348538528
16500    0.218348141982
16502    0.218348141668
16504    0.21834319861
16506    0.218343198609
16508    0.218341891038
16510    0.218322425965
16536    0.217221023148
16538    0.217221018774
16545    0.217088485797
16547    0.21708848571
16549    0.217088478177
16551    0.217085621183
16577    0.215251268575
16579    0.215251266775
16581    0.215249242825
16583    0.215249242737
16585    0.215249224605
16587    0.215246961662
16589    0.215227853323
16591    0.215227853259
16593    0.215227600873
16595    0.215227279169
16597    0.21522727896
16599    0.215213554986
16625    0.214549030522
16627    0.214533307508
16631    0.21446799967
16633    0.214460841646
16635    0.214452228341
16637    0.214437504276
16639    0.214436284201
16641    0.214436230972
16643    0.214436223917
16645    0.214432481713
16647    0.214411376699
16649    0.214390137269
16651    0.214385527058
16653    0.214375950431
16655    0.214375950398
16657    0.214375950183
16659    0.214356223777
16661    0.214337260649
16663    0.21433705223
16665    0.214337052202
16667    0.214337051076
16669    0.214337051072
16671    0.214333709214
16673    0.214320917009
16675    0.214320832896
16677    0.214318085531
16679    0.214316711759
16681    0.214316711599
16683    0.214303927456
16685    0.214284164414
16687    0.214284160404
16689    0.214284160399
16691    0.214283295322
16693    0.214283292697
16695    0.214265987979
16697    0.214265627193
16699    0.214265626899
16701    0.214261010866
16703    0.214261010866
16705    0.214259825196
16707    0.214240515742
16733    0.213202168975
16735    0.213202164662
16740    0.213114587005
16742    0.213114586922
16744    0.213114582247
16746    0.213111775293
16772    0.211365403959
16774    0.211365402458
16776    0.211363420779
16778    0.211363420692
16780    0.21136340302
16782    0.211361264242
16784    0.211342252874
16786    0.211342252819
16788    0.211342008106
16790    0.211341688805
16792    0.211341688598
16794    0.211328193715
16820    0.21069499863
16822    0.21067947539
16827    0.210592305695
16829    0.21058525166
16831    0.210576789688
16833    0.210562324663
16835    0.21056113134
16837    0.210561080719
16839    0.210561072592
16841    0.210557377457
16843    0.210536362621
16845    0.210515191562
16847    0.210510657677
16849    0.210501177353
16851    0.210501177336
16853    0.210501177123
16855    0.210481533403
16857    0.210462651093
16859    0.210462455975
16861    0.210462455947
16863    0.210462454839
16865    0.210462454835
16867    0.21045925908
16869    0.210446668086
16871    0.21044658647
16873    0.210443881965
16875    0.210442543626
16877    0.210442543414
16879    0.210429950874
16881    0.210410272453
16883    0.210410268633
16885    0.21041026863
16887    0.21040940985
16889    0.210409407471
16891    0.210392287237
16893    0.210391958916
16895    0.210391958641
16897    0.210387670428
16899    0.210387670428
16901    0.210386591496
16903    0.210367439594
16929    0.209391063072
16931    0.209391058813
16934    0.209347764817
16936    0.20934776474
16938    0.209347762319
16940    0.209345003457
16966    0.207692694184
16968    0.207692692929
16970    0.207690752342
16972    0.207690752255
16974    0.207690735077
16976    0.207688714128
16978    0.207669799048
16980    0.207669799
16982    0.207669562749
16984    0.207669245892
16986    0.207669245692
16988    0.207655975887
17014    0.20705143878
17016    0.20703612684
17021    0.206949181979
17023    0.206942230964
17025    0.20693391758
17027    0.20691970557
17029    0.206918538222
17031    0.20691848999
17033    0.206918480769
17035    0.206914831863
17037    0.206893906289
17039    0.206872803526
17041    0.206868344004
17043    0.206858958391
17045    0.206858958384
17047    0.206858958173
17049    0.206839396724
17051    0.20682059356
17053    0.206820410732
17055    0.206820410705
17057    0.206820409616
17059    0.206820409612
17061    0.206817353561
17063    0.206804960746
17065    0.206804881497
17067    0.206802218861
17069    0.206800914728
17071    0.206800914463
17073    0.20678850982
17075    0.206768915555
17077    0.206768911913
17079    0.20676891191
17081    0.206768059453
17083    0.2067680573
17085    0.206751119511
17087    0.206750820666
17089    0.206750820409
17091    0.206746856869
17093    0.206746856869
17095    0.206745871483
17097    0.206726878776
17123    0.205811030148
17125    0.205811025937
17127    0.205789742961
17129    0.205789742888
17131    0.205789741323
17133    0.205787027877
17159    0.204232072758
17161    0.204232071706
17163    0.204230171076
17165    0.20423017099
17167    0.204230154331
17169    0.204228244709
17171    0.204209425239
17173    0.204209425198
17175    0.204209198873
17177    0.204208884502
17179    0.204208884305
17181    0.204195835645
17207    0.203618027292
17209    0.203602925313
17213    0.203537720999
17215    0.203530869998
17217    0.203522702513
17219    0.203508737736
17221    0.203507595612
17223    0.203507549569
17225    0.20350753924
17227    0.203503935744
17229    0.203483098554
17231    0.203462064025
17233    0.203457676974
17235    0.203448384527
17237    0.203448384526
17239    0.203448384315
17241    0.203428904736
17243    0.203410179057
17245    0.203410007599
17247    0.203410007573
17249    0.2034100065
17251    0.203410006497
17253    0.203407084033
17255    0.203394886407
17257    0.203394809404
17259    0.203392187674
17261    0.203390916574
17263    0.203390916253
17265    0.203378695901
17267    0.203359185335
17269    0.203359181861
17271    0.203359181858
17273    0.203358335747
17275    0.203358333801
17277    0.203341576441
17279    0.203341304359
17281    0.203341304118
17283    0.2033376586
17285    0.203337658599
17287    0.203336755317
17289    0.203317923113
17315    0.202460831997
17317    0.20246082783
17319    0.202440115952
17321    0.202440115883
17323    0.202440114338
17325    0.202437443802
17351    0.200981757208
17353    0.200981756329
17355    0.200979894559
17357    0.200979894479
17359    0.200979878359
17361    0.200978073438
17363    0.200959348907
17365    0.200959348872
17367    0.200959134364
17369    0.200958822514
17371    0.20095882232
17373    0.200945990947
17378    0.200859305278
17380    0.200844397153
17382    0.200822876244
17384    0.200816130759
17386    0.200808106524
17388    0.200794383396
17390    0.200793265768
17392    0.200793221731
17394    0.200793210286
17396    0.200789651394
17398    0.200768901706
17400    0.200747935304
17402    0.200743618891
17404    0.200734418081
17406    0.200734418081
17408    0.200734417872
17410    0.200715019741
17412    0.200696369857
17414    0.20069620893
17416    0.200696208904
17418    0.200696207846
17420    0.200696207843
17422    0.200693413117
17424    0.200681407708
17426    0.20068133284
17428    0.200678751075
17430    0.200677511881
17432    0.200677511505
17434    0.200665471899
17436    0.200646044551
17438    0.200646041233
17440    0.20064604123
17442    0.200645201484
17444    0.200645199726
17446    0.200628620774
17448    0.200628372992
17450    0.200628372764
17452    0.200625035609
17454    0.200625035609
17456    0.200624204521
17458    0.200605533727
17484    0.199805140233
17486    0.199805136113
17488    0.199785192029
17490    0.199785191966
17492    0.199785190469
17494    0.199782561102
17520    0.198426742638
17522    0.198426741904
17524    0.198424917931
17526    0.198424917856
17528    0.198424902288
17530    0.198423195882
17532    0.19840456559
17534    0.198404565556
17536    0.198404354236
17538    0.198404044945
17540    0.198404044764
17542    0.198391426918
17544    0.198369836202
17546    0.198355094319
17548    0.198333704898
17550    0.198327064698
17552    0.198319181134
17554    0.198305694311
17556    0.198304600484
17558    0.198304558286
17560    0.198304545725
17562    0.198301030656
17564    0.198280367667
17566    0.19825946934
17568    0.19825522181
17570    0.198246111165
17572    0.198246111162
17574    0.198246110954
17576    0.198226793904
17578    0.198208218178
17580    0.198208067015
17582    0.198208066989
17584    0.198208065947
17586    0.198208065944
17588    0.198205393373
17590    0.198193577279
17592    0.198193504437
17594    0.19819096173
17596    0.198189753369
17598    0.198189752938
17600    0.198177890652
17602    0.198158546092
17604    0.19815854292
17606    0.198158542918
17608    0.198157709552
17610    0.198157707967
17612    0.198141305461
17614    0.198141079744
17616    0.198141079532
17618    0.19813803861
17620    0.198138038609
17622    0.198137271154
17624    0.198118762352
17650    0.197372768874
17652    0.197372764799
17654    0.197353740042
17656    0.197353739984
17658    0.197353738546
17660    0.197351148824
17686    0.196094500668
17688    0.196094500057
17690    0.19609271286
17692    0.196092712789
17694    0.196092697781
17696    0.196091084122
17698    0.196072547415
17700    0.19607254738
17702    0.196072337797
17704    0.196072031095
17706    0.196072030927
17708    0.196059622906
17710    0.196038053482
17712    0.196023475742
17714    0.196002216904
17716    0.195995680279
17718    0.195987934863
17720    0.195974679203
17722    0.195973608499
17724    0.195973567991
17726    0.195973554316
17728    0.195970082314
17730    0.195949505262
17732    0.19592867497
17734    0.195924494626
17736    0.195915472712
17738    0.195915472705
17740    0.195915472498
17742    0.195896236183
17744    0.195877732999
17746    0.1958775909
17748    0.195877590875
17750    0.195877589847
17752    0.195877589844
17754    0.195875034087
17756    0.195863404453
17758    0.195863333542
17760    0.195860829011
17762    0.195859650455
17764    0.195859649971
17766    0.195847961666
17768    0.19582869948
17770    0.195828696446
17772    0.195828696444
17774    0.195827869471
17776    0.195827868043
17778    0.195811640051
17780    0.195811434373
17782    0.195811434173
17784    0.195808675404
17786    0.195808675403
17788    0.195807964187
17790    0.19578961761
17816    0.195095538521
17818    0.195095534494
17820    0.195077538943
17822    0.195077538888
17824    0.195077537519
17826    0.195074986106
17852    0.193915627429
17854    0.193915626921
17856    0.193913875515
17858    0.193913875449
17860    0.193913861004
17862    0.193912334699
17864    0.193893890932
17866    0.193893890897
17868    0.193893683009
17870    0.193893378922
17872    0.193893378767
17874    0.193881176933
17876    0.193859628833
17878    0.193845213176
17880    0.193824084025
17882    0.193817649296
17884    0.19381003955
17886    0.193797010094
17888    0.193795961864
17890    0.193795922906
17892    0.193795908127
17894    0.193792478452
17896    0.193771986607
17898    0.193751224311
17900    0.193747109516
17902    0.193738174934
17904    0.193738174918
17906    0.193738174713
17908    0.193719018801
17910    0.193700586556
17912    0.19370045288
17914    0.193700452855
17916    0.193700451841
17918    0.193700451838
17920    0.193698007791
17922    0.193686561802
17924    0.193686492727
17926    0.193684025519
17928    0.193682875783
17930    0.193682875247
17932    0.193671357667
17934    0.193652177451
17936    0.193652174548
17938    0.193652174545
17940    0.193651353975
17942    0.193651352689
17944    0.193635297304
17946    0.193635109823
17948    0.193635109635
17950    0.193632617492
17952    0.193632617491
17954    0.193631956134
17956    0.193613771682
17982    0.192968985223
17984    0.192968981242
17986    0.192952087214
17988    0.192952087164
17990    0.19295208587
17992    0.192949571596
18018    0.191884598717
18020    0.191884598295
18022    0.191882881731
18024    0.191882881669
18026    0.191882867786
18028    0.191881423796
18030    0.191863072332
18032    0.191863072297
18034    0.191862866062
18036    0.191862564616
18038    0.191862564471
18040    0.191850565257
18042    0.191829038517
18044    0.191814782919
18046    0.191793782565
18048    0.191787448081
18050    0.19177997158
18052    0.19176716354
18054    0.191766137155
18056    0.191766099622
18058    0.191766083752
18060    0.191762695682
18062    0.19174228834
18064    0.191721594007
18066    0.191717543182
18068    0.191708694559
18070    0.191708694534
18072    0.19170869433
18074    0.191689618502
18076    0.191671255608
18078    0.191671129767
18080    0.191671129742
18082    0.191671128741
18084    0.191671128737
18086    0.191668791522
18088    0.191657526403
18090    0.19165745908
18092    0.191655028362
18094    0.191653906504
18096    0.191653905919
18098    0.191642555884
18100    0.191623457244
18102    0.191623454462
18104    0.19162345446
18106    0.1916226403
18108    0.191622639145
18110    0.191606754483
18112    0.191606583529
18114    0.19160658335
18116    0.191604341331
18118    0.19160434133
18120    0.191603724324
18122    0.191585701604
18148    0.190987500002
18150    0.190987496069
18152    0.190971743088
18154    0.190971743042
18156    0.190971741827
18158    0.190969263667
18184    0.189994933063
18186    0.189994932714
18188    0.189993250072
18190    0.189993250014
18192    0.189993236688
18194    0.189991870293
18196    0.189973610504
18198    0.18997361047
18200    0.189973405852
18202    0.189973107067
18204    0.189973106932
18206    0.189961306838
18208    0.189939801499
18210    0.189925703972
18212    0.189904831533
18214    0.189898595675
18216    0.189891250037
18218    0.189878658787
18220    0.18987765364
18222    0.189877617415
18224    0.189877600471
18226    0.189874253302
18228    0.189853929789
18230    0.189833303385
18232    0.189829315
18234    0.189820550997
18236    0.189820550961
18238    0.189820550758
18240    0.189801554706
18242    0.18978325959
18244    0.189783141045
18246    0.189783141021
18248    0.189783140032
18250    0.189783140029
18252    0.18978090498
18254    0.189769817996
18256    0.189769752343
18258    0.189767357309
18260    0.189766262426
18262    0.189766261795
18264    0.189755076202
18266    0.189736058753
18268    0.189736056086
18270    0.189736056084
18272    0.189735248339
18274    0.189735247302
18276    0.189719531502
18278    0.189719375558
18280    0.18971937539
18282    0.189717366435
18284    0.189717366434
18286    0.189716789026
18288    0.18969892738
18298    0.189502236991
18300    0.18950223311
18302    0.189487632929
18304    0.189487632889
18306    0.189487631755
18308    0.189485190184
18334    0.188597106091
18336    0.188597105804
18338    0.188595456191
18340    0.188595456137
18342    0.188595443363
18344    0.188594150143
18346    0.188575981378
18348    0.188575981344
18350    0.188575778304
18352    0.188575482201
18354    0.188575482074
18356    0.188563877645
18358    0.188542393713
18360    0.188528452276
18362    0.188507706843
18364    0.188501568007
