26 5.34897487566
52 5.22509525178
78 5.20420871645
80 5.20418968746
106 5.18731903954
132 5.16775574707
158 5.10988550381
184 5.09336011372
210 5.06364460686
236 5.05019393252
262 4.93416890067
288 4.84930346715
314 4.84280527394
340 4.81798004433
345 4.81787229067
371 4.74298528895
394 4.61920943744
420 4.59109960445
422 4.59109152428
448 4.58141122598
472 4.4576179262
498 4.40653777613
500 4.40651526517
526 4.37699373167
528 4.37697429739
554 4.31415261454
580 4.2729591462
606 4.24234805475
632 4.2147091023
658 4.20142488339
684 4.07752881414
710 3.9545338285
719 3.95411288039
726 3.9538555288
728 3.95383955968
745 3.82958036019
771 3.71537009639
773 3.71536451932
799 3.70774389324
801 3.70774129839
827 3.68736939074
853 3.56485547455
879 3.54603335069
891 3.54521283562
917 3.52978730605
940 3.40585286904
966 3.28234172166
968 3.28233320108
972 3.2822477449
974 3.2822419178
1000 3.18895072526
1026 3.06594190058
1052 3.0449402405
1058 3.04476606749
1084 3.04035836434
1110 2.95945013798
1129 2.83559425311
1155 2.80912005681
1157 2.80910925103
1183 2.80096000991
1209 2.78982605137
1235 2.77915146639
1261 2.76752803901
1287 2.75691843091
1313 2.74586302367
1339 2.64278387022
1365 2.6390037676
1391 2.62259648003
1417 2.61889212081
1443 2.61641514046
1469 2.49713505432
1487 2.37331746104
1510 2.37020147017
1512 2.37019109043
1514 2.37017023008
1526 2.24564862186
1542 2.12129604753
1544 2.12129263618
1546 2.12128198305
1548 2.12128055306
1567 1.99717534998
1593 1.88182351873
1595 1.88181439285
1621 1.87512899434
1623 1.87512403373
1649 1.77759623184
1668 1.65377832689
1694 1.63552797022
1696 1.63552088689
1722 1.63235621635
1724 1.63234810268
1739 1.5077754217
1741 1.50776762875
1743 1.50776063464
1745 1.5077528333
1756 1.38322218052
1772 1.25886128964
1774 1.25885493752
1776 1.25884434806
1778 1.25884179204
1794 1.13455103238
1812 1.0103411833
1814 1.0103337296
1816 1.01032209195
1818 1.01031791046
1844 0.982024637954
1870 0.95949349408
1896 0.941929271558
1922 0.92898861071
1924 0.928978917124
1950 0.918944837692
1952 0.918940420757
1978 0.91135921078
2004 0.901168762518
2030 0.887153477493
2056 0.878135449201
2082 0.871227293911
2108 0.864012115183
2111 0.863961483903
2137 0.85790266365
2139 0.857889067957
2165 0.85626878373
2167 0.856260345376
2193 0.853552052538
2195 0.853549727178
2221 0.85239759925
2223 0.852397219635
2225 0.852372629542
2227 0.852366066464
2253 0.836781630212
2255 0.836771688773
2281 0.828682540486
2283 0.828671187894
2309 0.823129891559
2335 0.806369821624
2361 0.804246207994
2387 0.794124846834
2405 0.793552151487
2407 0.793535860888
2409 0.793522545383
2411 0.793512898423
2413 0.793502280765
2415 0.793496860654
2417 0.793493046561
2424 0.793302123006
2426 0.793301357539
2428 0.793282594173
2430 0.793282281217
2456 0.783254588364
2458 0.783242487158
2484 0.773922385436
2486 0.77391672293
2512 0.766580651731
2514 0.766575257732
2516 0.766551623291
2518 0.766548857287
2520 0.766533193473
2522 0.766531305027
2535 0.766101779612
2537 0.766077637825
2546 0.765833164926
2548 0.765818396882
2550 0.765795085054
2576 0.763807007408
2578 0.763802584262
2598 0.763070233395
2600 0.763069714005
2602 0.763045930048
2628 0.753979111665
2654 0.743052593691
2680 0.734089572564
2706 0.723903104842
2732 0.71603083795
2737 0.715918414962
2763 0.712458197714
2765 0.712436227163
2791 0.709189781349
2793 0.709170866454
2795 0.70915834071
2797 0.709153901352
2799 0.709138107765
2801 0.709135668731
2803 0.709119747896
2805 0.709118859601
2807 0.709115890537
2809 0.709115692323
2811 0.709114010866
2813 0.70911392782
2815 0.70910914053
2817 0.709086114789
2819 0.709084075856
2821 0.70906429725
2823 0.709063200883
2829 0.708924031517
2831 0.708918522518
2837 0.708780924188
2839 0.708778750704
2841 0.708755889174
2843 0.708747706054
2845 0.708745677568
2847 0.708737872152
2849 0.708736814228
2851 0.708728997102
2853 0.708727689439
2855 0.70872440583
2857 0.708724047353
2859 0.708722191465
2861 0.708722047432
2863 0.708719572344
2865 0.708709271753
2867 0.708707958967
2869 0.708701555453
2871 0.7087008195
2897 0.69563693161
2923 0.685781722254
2949 0.67860697097
2975 0.673215483633
2977 0.673212054271
3003 0.668977803908
3005 0.668977748852
3031 0.665872865977
3057 0.660778242134
3083 0.657459837935
3109 0.652768013288
3135 0.651104541515
3161 0.647406558081
3163 0.647391063164
3166 0.647340047739
3168 0.647331842168
3170 0.647308132792
3172 0.647303595452
3174 0.6472881697
3176 0.647286912316
3178 0.647264726885
3180 0.647264621868
3182 0.647242818662
3184 0.647241571011
3210 0.643358497536
3212 0.643353987507
3238 0.641368303175
3240 0.641361355862
3245 0.641253932738
3271 0.635451215641
3273 0.635432318986
3299 0.63195604949
3301 0.631941352017
3303 0.631932253886
3305 0.631923723758
3307 0.631919555325
3309 0.631912751813
3311 0.631911170265
3313 0.631909794034
3315 0.631896201496
3317 0.631896123394
3319 0.63188774025
3321 0.631887729702
3347 0.627806025955
3349 0.627800323239
3375 0.623653694303
3377 0.623652433743
3403 0.620412538745
3405 0.620410422108
3407 0.620395653125
3409 0.620394778382
3411 0.620385777567
3413 0.620385189899
3415 0.620373650636
3417 0.620357395293
3419 0.620336516353
3421 0.620328114815
3423 0.620308236334
3425 0.620296663745
3427 0.620296007881
3429 0.6202738329
3431 0.620273263825
3433 0.620251901028
3459 0.614289761979
3485 0.605553812868
3511 0.599838261651
3537 0.592107847591
3563 0.5874076983
3565 0.587388275116
3591 0.583885004151
3593 0.583868954296
3619 0.580605012312
3621 0.580592050005
3623 0.580584483613
3625 0.5805827716
3627 0.580571396131
3629 0.580570521741
3631 0.580557876469
3633 0.580557749881
3635 0.58055680258
3637 0.580556798642
3639 0.580556261947
3641 0.58055626038
3643 0.580554711186
3645 0.580536616913
3647 0.580536166369
3649 0.580520721793
3651 0.580520525302
3653 0.580506706587
3655 0.580504329864
3657 0.58048463294
3659 0.58048392478
3661 0.580465042602
3663 0.58045683218
3665 0.580456279819
3667 0.580448431092
3669 0.580448145444
3671 0.580440284337
3673 0.580440147094
3675 0.580439103133
3677 0.580439091855
3679 0.580438501255
3681 0.580438496826
3683 0.580438015734
3685 0.580432983405
3687 0.580432748928
3689 0.58043093724
3691 0.580430805959
3717 0.575607371021
3743 0.571887813444
3769 0.569250676117
3795 0.56723338884
3797 0.567232196897
3823 0.565532597758
3825 0.565531420648
3851 0.564299316422
3877 0.561977720133
3898 0.56130203615
3924 0.558970957011
3927 0.558920193863
3953 0.557075353661
3955 0.557063531183
3957 0.557041162673
3959 0.557035606408
3961 0.557014259744
3963 0.557011557119
3965 0.556998263119
3967 0.556997489926
3969 0.556977812072
3971 0.556977797951
3973 0.556958425442
3975 0.556958381355
4001 0.555978584924
4003 0.555976509104
4007 0.555899093771
4009 0.555894767325
4011 0.555875707346
4037 0.553927989739
4039 0.55391377052
4065 0.552739891006
4067 0.552728974329
4069 0.552723475161
4071 0.552718011564
4073 0.552716190134
4075 0.552711832275
4077 0.552711508559
4079 0.552710829518
4081 0.552702885796
4083 0.552702885704
4085 0.552699461292
4087 0.552699450396
4113 0.551265451843
4115 0.551262578378
4141 0.549488763799
4143 0.549488666392
4169 0.54807660463
4171 0.548075710419
4173 0.548066470989
4175 0.548066213387
4177 0.548060976816
4179 0.548060809126
4181 0.548051688966
4183 0.548040921085
4185 0.548023195938
4187 0.5480182485
4189 0.548001335213
4191 0.547991383191
4193 0.547991366284
4195 0.547971361607
4197 0.547968175784
4199 0.547948887261
4225 0.544675786159
4251 0.538507303761
4277 0.535339210573
4303 0.530037617882
4329 0.527556825971
4331 0.527541603535
4357 0.524063338566
4359 0.52405156519
4385 0.520834264257
4387 0.520825490902
4389 0.52082108309
4391 0.52082040733
4393 0.52081205693
4395 0.520811751254
4397 0.520801367121
4399 0.520801329095
4401 0.520801026283
4403 0.520801024515
4405 0.520800852948
4407 0.520800852133
4409 0.520800264221
4411 0.520785846827
4413 0.520785764168
4415 0.520773529325
4417 0.520773510632
4419 0.52076266256
4421 0.520761574664
4423 0.520745325964
4425 0.520745127885
4427 0.520729501972
4429 0.520721260082
4431 0.520721109817
4433 0.520713214991
4435 0.520713138929
4437 0.520705231302
4439 0.520705201649
4441 0.520704869054
4443 0.520704868651
4445 0.520704680323
4447 0.520704680137
4449 0.520704577636
4451 0.520702018407
4453 0.520701976874
4455 0.520701809728
4457 0.520701786504
4483 0.519107872714
4509 0.51776418881
4535 0.516819872721
4554 0.516304588338
4556 0.516304074573
4579 0.515660562243
4581 0.515657115812
4583 0.515631846457
4609 0.514679408716
4611 0.514654005347
4637 0.513528183232
4639 0.513503806862
4665 0.512585869508
4667 0.51257655557
4669 0.512556454434
4671 0.512552518106
4673 0.51253332537
4675 0.512531664036
4677 0.512520220557
4679 0.512519719078
4681 0.512502252555
4683 0.512502251821
4685 0.512485025933
4687 0.512484906157
4689 0.512460925107
4691 0.512459975849
4693 0.512435999132
4695 0.512433159485
4697 0.512417585286
4710 0.512078957665
4712 0.512066957057
4715 0.512015344587
4717 0.512005914207
4719 0.512002223732
4721 0.511998739318
4723 0.511997856286
4725 0.511995077421
4727 0.511995039239
4729 0.511994598906
4731 0.511989601457
4733 0.511989588256
4735 0.511988281386
4737 0.511988241407
4739 0.511968860474
4741 0.511966826113
4767 0.511033657842
4769 0.511033656879
4795 0.510295879209
4797 0.510295464252
4799 0.510289632183
4801 0.510289567662
4803 0.510286560039
4805 0.510286520898
4807 0.510279353741
4809 0.51027214314
4811 0.5102570656
4813 0.51025421728
4815 0.51023979907
4817 0.510231251576
4819 0.510231243487
4821 0.51021318999
4823 0.510207513833
4825 0.510190099928
4851 0.508622445712
4877 0.504600195518
4903 0.502988925767
4929 0.499565430249
4955 0.498350292159
4957 0.498338094194
4983 0.494952520794
4985 0.494943759937
5011 0.491835207585
5013 0.491829286413
5015 0.491826853671
5017 0.491826576973
5019 0.49182032923
5021 0.491820226903
5023 0.491811438628
5025 0.491811415796
5027 0.491811318883
5029 0.49181131389
5031 0.491811258991
5033 0.491811256768
5035 0.491810981191
5037 0.491799486008
5039 0.491799477342
5041 0.491789786586
5043 0.49178978623
5045 0.491781303091
5047 0.491780768827
5049 0.49176734179
5051 0.491767303102
5053 0.491754347928
5055 0.491746073014
5057 0.491746032268
5059 0.491738090037
5061 0.491738070438
5063 0.491730115006
5065 0.491730100253
5067 0.491729994184
5069 0.491729991443
5071 0.49172993131
5073 0.491729930142
5075 0.491729904961
5077 0.491728393729
5079 0.491728386878
5081 0.491728349346
5083 0.491728345517
5085 0.491705934241
5098 0.491375902926
5100 0.491350718392
5102 0.491332458745
5104 0.491332113197
5106 0.491307028948
5108 0.491302218424
5110 0.491277428144
5112 0.491262011291
5114 0.491237167238
5128 0.490885387395
5130 0.490862127041
5138 0.490678262564
5140 0.490670908724
5142 0.49065283962
5144 0.490650098745
5146 0.490632837771
5148 0.490631885008
5150 0.490622049007
5152 0.49062170303
5154 0.490606189547
5156 0.49060617263
5158 0.490590845116
5160 0.490590379613
5162 0.490567658387
5164 0.490567188461
5166 0.490544454457
5168 0.49054238205
5170 0.490528523165
5172 0.490505112617
5174 0.490494374256
5176 0.490469939765
5178 0.490461601456
5180 0.490458965402
5182 0.490456745215
5184 0.49045630062
5186 0.490454530453
5188 0.490454527764
5190 0.490454183071
5192 0.490450276751
5194 0.490450246222
5196 0.490449597853
5198 0.490449537316
5200 0.490442639728
5202 0.49044110575
5204 0.490419193583
5206 0.490419162586
5208 0.4903944748
5210 0.490394260303
5212 0.490390539126
5214 0.490390528732
5216 0.490388831817
5218 0.490388826787
5220 0.490383232935
5222 0.4903783421
5224 0.490365491411
5226 0.490363902416
5228 0.490351587281
5230 0.490344291986
5232 0.490344291979
5234 0.490328034978
5236 0.490321068373
5238 0.490305386622
5254 0.489898673559
5280 0.487377817163
5306 0.486529834693
5332 0.484375753973
5340 0.484192947405
5342 0.484182943904
5368 0.480952229091
5370 0.480945608768
5396 0.478001038195
5398 0.477997063955
5400 0.477995829037
5402 0.477995709163
5404 0.477990946033
5406 0.477990914326
5408 0.477983280804
5410 0.477983261418
5412 0.477983230372
5414 0.477983224228
5416 0.47798320665
5418 0.477983203929
5420 0.477983041678
5422 0.477973871536
5424 0.477973871507
5426 0.477966198332
5428 0.477966188751
5430 0.477959586657
5432 0.477959299606
5434 0.477948185491
5436 0.477948183791
5438 0.477937422636
5440 0.477929114173
5442 0.477929103173
5444 0.477921112831
5446 0.477921108142
5448 0.477913104141
5450 0.477913092357
5452 0.477913058518
5454 0.477913054853
5456 0.477913035631
5458 0.477913034083
5460 0.477913027098
5462 0.477911994825
5464 0.477911994128
5466 0.477911828811
5468 0.477911828423
5470 0.477893890681
5472 0.477869389288
5474 0.477845170323
5476 0.477827589901
5478 0.477826975474
5480 0.477802665955
5482 0.47779830896
5484 0.477774296242
5486 0.47776288212
5488 0.477739052735
5490 0.477715743948
5492 0.477693707278
5494 0.477668846856
5496 0.477662984212
5498 0.477646738008
5500 0.477644848291
5502 0.477629321369
5504 0.477628819713
5506 0.47762038011
5508 0.477620124046
5510 0.477606337173
5512 0.477606296643
5514 0.477592649493
5516 0.477591857766
5518 0.477570362874
5520 0.477570106704
5522 0.477548582515
5524 0.477546927288
5526 0.477534341749
5528 0.477511976172
5530 0.477502357093
5532 0.477478968032
5534 0.477471603488
5536 0.477469628222
5538 0.477468212993
5540 0.477467995447
5542 0.477466867502
5544 0.477466812903
5546 0.477466512395
5548 0.477463185084
5550 0.477463143014
5552 0.477462711597
5554 0.477462638915
5556 0.477456153915
5558 0.477454860574
5560 0.477433642294
5562 0.477433568094
5564 0.477409607676
5566 0.477409479592
5568 0.477407074193
5570 0.47740707401
5572 0.477406140158
5574 0.47740614015
5576 0.477401809868
5578 0.477398442066
5580 0.477387467391
5582 0.477386620079
5584 0.477376080238
5586 0.477369945703
5588 0.477369816327
5590 0.477355276044
5592 0.477348752842
5594 0.477334729698
5596 0.477319244883
5622 0.475749012678
5624 0.475724250625
5650 0.474351277097
5652 0.474328222695
5654 0.474319811521
5680 0.471295778985
5682 0.471290693213
5708 0.468554260318
5710 0.468551628008
5712 0.468551083347
5714 0.468551027019
5716 0.46854732957
5718 0.468547321123
5720 0.468540547315
5722 0.468540528792
5724 0.468540518836
5726 0.468540512369
5728 0.468540506737
5730 0.468540503876
5732 0.468540387403
5734 0.468533068506
5736 0.468533065468
5738 0.468526992614
5740 0.468526973562
5742 0.468521864954
5744 0.468521693635
5746 0.468512478126
5748 0.468512474999
5750 0.468503518754
5752 0.46849517673
5754 0.468495173771
5756 0.468487134991
5758 0.468487134054
5760 0.468479081082
5762 0.468479069991
5764 0.468479059196
5766 0.468479055281
5768 0.468479049129
5770 0.468479047478
5772 0.468479044863
5774 0.468478259292
5776 0.468478259288
5778 0.468477994302
5780 0.468477994299
5782 0.468460881769
5784 0.468437316118
5786 0.46841402479
5788 0.468397170514
5790 0.468396257164
5792 0.468372779076
5794 0.468368983913
5796 0.468345803828
5798 0.468334804985
5800 0.468312223215
5802 0.468289498199
5804 0.468268642469
5806 0.468244398167
5808 0.468239663492
5810 0.468225053559
5812 0.468223760121
5814 0.468209790617
5816 0.468209558537
5818 0.468202331412
5820 0.468202128977
5822 0.468189869452
5824 0.468189806631
5826 0.468177647708
5828 0.468176612423
5830 0.46815627747
5832 0.468156121777
5834 0.46813574173
5836 0.468134323628
5838 0.468122889503
5840 0.468101518872
5842 0.468092904602
5844 0.468070512925
5846 0.468064016239
5848 0.468062464894
5850 0.468061562439
5852 0.468061460458
5854 0.468060741567
5856 0.468060606611
5858 0.46806032478
5860 0.46805747614
5862 0.468057428303
5864 0.468057153969
5866 0.468057075454
5868 0.468050980035
5870 0.468049869035
5872 0.468029318675
5874 0.468029194663
5876 0.468005936672
5878 0.468005848596
5880 0.468004269267
5882 0.468004267833
5884 0.46800377187
5886 0.468003769784
5888 0.468000450253
5890 0.467998090234
5892 0.467988698201
5894 0.467988275998
5896 0.467979236683
5898 0.467974162757
5900 0.467973532294
5902 0.467960610316
5904 0.467955726427
5906 0.467943267799
5908 0.467929995297
5934 0.466944528928
5936 0.466922013699
5962 0.466048992038
5964 0.466027833687
5966 0.466020525424
5992 0.463241468346
5994 0.463237461733
6020 0.460739866459
6022 0.460738136231
6024 0.460737953937
6026 0.460737924495
6028 0.460735005172
6030 0.460735003599
6032 0.460728890502
6034 0.460728872193
6036 0.460728868997
6038 0.460728862447
6040 0.460728860642
6042 0.460728857746
6044 0.460728761356
6046 0.460722917077
6048 0.460722910643
6050 0.460718106989
6052 0.460718081881
6054 0.460714155901
6056 0.460714041669
6058 0.460706386486
6060 0.460706372917
6062 0.460698903266
6064 0.460690527762
6066 0.460690526961
6068 0.460682439506
6070 0.460682439398
6072 0.460674337152
6074 0.460674326228
6076 0.460674322786
6078 0.460674318811
6080 0.460674316837
6082 0.460674315163
6084 0.460674313755
6086 0.460673662034
6088 0.460673661967
6090 0.460673321987
6092 0.460673321949
6094 0.460656998218
6096 0.460634331178
6098 0.460611931186
6100 0.460595775003
6102 0.460594597926
6104 0.460571922111
6106 0.460568516608
6108 0.460546139296
6110 0.460535545412
6112 0.460514141965
6114 0.460491986749
6116 0.460472246729
6118 0.460448602973
6120 0.46044472704
6122 0.460431586419
6124 0.460430708986
6126 0.460418138739
6128 0.460418054558
6130 0.460411879397
6132 0.4604117098
6134 0.460400801947
6136 0.460400720847
6138 0.460389880542
6140 0.46038868007
6142 0.46036944203
6144 0.460369336353
6146 0.46035003843
6148 0.460348760104
6150 0.460338367389
6152 0.460317944878
6154 0.460310232533
6156 0.460288793045
6158 0.46028306934
6160 0.460281796084
6162 0.460281220402
6164 0.460281175704
6166 0.460280717432
6168 0.460280500537
6170 0.460280226689
6172 0.460277774789
6174 0.46027772428
6176 0.460277560697
6178 0.460277479506
6180 0.460271752259
6182 0.460270780612
6184 0.460250873628
6186 0.460250698715
6188 0.460228119397
6190 0.460228051088
6192 0.4602269948
6194 0.460226990221
6196 0.460226740313
6198 0.460226735347
6200 0.460224220321
6202 0.460222533218
6204 0.460214478131
6206 0.460214289558
6208 0.460206520134
6210 0.460202349678
6212 0.460201200046
6214 0.460189705433
6216 0.460185739638
6218 0.460174660185
6220 0.460163172904
6226 0.460033551724
6228 0.460012355336
6243 0.459634648906
6245 0.459614411006
6247 0.459607686397
6273 0.457103392436
6275 0.457099840508
6301 0.454863765929
6303 0.454862398391
6305 0.454862370347
6307 0.454862352927
6309 0.454860012053
6311 0.454860011989
6313 0.454854425115
6315 0.454854406852
6317 0.454854405825
6319 0.454854399258
6321 0.45485439868
6323 0.454854395777
6325 0.454854308642
6327 0.45484963934
6329 0.454849630727
6331 0.454845833401
6333 0.454845804885
6335 0.454842812173
6337 0.454842727594
6339 0.454836356122
6341 0.454836332382
6343 0.454830088584
6345 0.454821679616
6347 0.454821679392
6349 0.454813543
6351 0.454813542999
6353 0.454805391168
6355 0.454805380282
6357 0.454805379186
6359 0.454805375199
6361 0.454805374565
6363 0.454805372885
6365 0.454805371871
6367 0.45480479486
6369 0.454804794706
6371 0.454804402016
6373 0.45480440193
6375 0.454788832304
6377 0.454767028301
6379 0.454745484688
6381 0.454729999426
6383 0.454728601306
6385 0.454706699516
6387 0.45470356718
6389 0.454681963893
6391 0.454671764087
6393 0.454651474019
6395 0.454629874564
6397 0.454611188966
6399 0.454588130406
6401 0.45458491261
6403 0.454573091726
6405 0.454572503042
6407 0.454561190249
6409 0.454561173844
6411 0.454555910457
6413 0.454555761362
6415 0.454546050123
6417 0.454545955006
6419 0.454536283453
6421 0.454534976805
6423 0.454516775849
6425 0.454516696515
6427 0.454498422031
6429 0.454497228673
6431 0.454487778023
6433 0.454468259461
6435 0.454461356514
6437 0.454440826398
6439 0.454435790655
6441 0.454434703535
6443 0.454434336163
6445 0.454434318673
6447 0.454434026489
6449 0.454433736926
6451 0.454433466427
6453 0.454431344198
6455 0.454431292511
6457 0.454431204031
6459 0.454431121658
6461 0.454425742555
6463 0.454424878232
6465 0.454405591222
6467 0.454405367493
6469 0.454383444012
6471 0.454383385986
6473 0.454382664159
6475 0.454382656944
6477 0.454382540955
6479 0.454382533762
6481 0.454380655148
6483 0.454379421909
6485 0.454372497691
6487 0.454372428687
6489 0.45436573531
6491 0.454362330474
6493 0.454360774141
6495 0.454350537605
6497 0.454347088056
6499 0.454337223983
6501 0.454326520539
6503 0.454304205083
6505 0.454283851716
6507 0.454258596811
6509 0.454238909762
6511 0.454232532847
6537 0.45201356352
6539 0.452010311157
6565 0.450040783589
6567 0.450039624441
6569 0.450039622014
6571 0.450039610317
6573 0.45003770717
6575 0.450037707044
6577 0.450032554238
6579 0.450032535982
6581 0.45003253565
6583 0.450032529081
6585 0.450032528895
6587 0.450032525991
6589 0.450032443196
6591 0.450028710423
6593 0.450028700608
6595 0.450025700939
6597 0.450025670598
6599 0.450023411288
6601 0.450023342823
6603 0.450018028691
6605 0.450017997267
6607 0.450012765579
6609 0.450004323143
6611 0.450004323073
6613 0.449996137499
6615 0.449996137454
6617 0.449987935755
6619 0.449987924878
6621 0.44998792453
6623 0.449987920542
6625 0.449987920337
6627 0.449987918657
6629 0.449987917789
6631 0.449987382946
6633 0.449987382743
6635 0.449986953906
6637 0.449986953793
6639 0.449972105219
6641 0.449951130232
6643 0.449930409467
6645 0.449915568924
6647 0.449913990791
6649 0.449892835786
6651 0.449889896371
6653 0.449869039522
6655 0.449859222644
6657 0.449839985094
6659 0.449818927508
6661 0.449801238768
6663 0.44977875042
6665 0.449776040475
6667 0.449765405317
6669 0.449765015792
6671 0.449754833305
6673 0.449754833225
6675 0.44975035919
6677 0.449750223035
6679 0.44974157154
6681 0.449741466072
6683 0.44973283085
6685 0.449731458637
6687 0.449714238166
6689 0.449714173439
6691 0.449696866973
6693 0.44969572679
6695 0.44968712853
6697 0.449668472232
6699 0.449662295519
6701 0.44964263423
6703 0.449638210319
6705 0.449637249976
6707 0.449637015437
6709 0.449637009931
6711 0.449636823613
6713 0.449636473836
6715 0.449636204669
6717 0.449634357102
6719 0.449634304924
6721 0.449634264321
6723 0.449634181456
6725 0.449629131732
6727 0.449628350637
6729 0.449609661342
6731 0.449609392566
6733 0.449588103065
6735 0.449588050581
6737 0.449587545075
6739 0.449587536066
6741 0.449587489277
6743 0.44958748062
6745 0.44958610164
6747 0.449585177943
6749 0.44957921159
6751 0.449579195682
6753 0.449573415305
6755 0.449570656296
6757 0.449568808292
6759 0.449559681061
6761 0.449556534263
6763 0.449547741921
6765 0.449537427311
6767 0.44951522152
6769 0.449495399216
6771 0.449470259866
6773 0.44945110947
6775 0.449444992061
6801 0.447505730343
6803 0.44750275696
6829 0.445790598642
6831 0.445789648335
6833 0.445789595234
6835 0.445789586444
6837 0.445788020158
6839 0.445788019632
6841 0.445783236303
6843 0.445783218046
6845 0.445783217939
6847 0.44578321137
6849 0.445783211311
6851 0.445783208408
6853 0.445783127619
6855 0.445780141559
6857 0.445780131127
6859 0.445777763476
6861 0.445777732178
6863 0.445776046258
6865 0.445775986854
6867 0.445771544632
6869 0.445771507986
6871 0.445767113032
6873 0.445758637087
6875 0.445758637059
6877 0.445750402062
6879 0.445750401954
6881 0.445742150126
6883 0.445742139251
6885 0.445742139142
6887 0.445742135155
6889 0.445742135089
6891 0.44574213341
6893 0.445742132598
6895 0.445741621323
6897 0.445741621099
6899 0.445741167489
6901 0.445741167365
6903 0.445727008277
6905 0.445706829714
6907 0.445686899602
6909 0.445672678511
6911 0.445670956131
6913 0.44565052163
6915 0.445647718982
6917 0.445627582046
6919 0.445618136825
6921 0.445599894657
6923 0.445579365225
6925 0.445562619191
6927 0.445540686413
6929 0.445538371056
6931 0.445528801479
6933 0.445528548227
6935 0.445519381979
6937 0.445519366379
6939 0.445515574793
6941 0.445515446811
6943 0.445507734188
6945 0.44550762125
6947 0.445499905309
6949 0.445498494281
6951 0.445482200779
6953 0.445482144518
6955 0.445465753721
6957 0.445464647885
6959 0.445456821046
6961 0.445438987556
6963 0.445433462329
6965 0.445414631378
6967 0.445410751149
6969 0.44540987839
6971 0.445409728584
6973 0.445409727581
6975 0.445409608756
6977 0.445409210968
6979 0.445408942265
6981 0.44540732415
6983 0.445407271789
6985 0.44540725846
6987 0.445407175419
6989 0.445402437447
6991 0.445401721271
6993 0.445383608463
6995 0.445383299159
6997 0.445362622658
6999 0.445362573224
7001 0.445362209432
7003 0.445362199297
7005 0.445362185048
7007 0.445362175491
7009 0.445361185059
7011 0.445360475013
7013 0.445355321116
7015 0.445355320812
7017 0.44535031615
7019 0.445348099426
7021 0.445346047283
7023 0.445337898723
7025 0.445334935338
7027 0.445327088725
7029 0.445317152656
7031 0.445295060539
7033 0.445275756188
7035 0.445250735446
7037 0.445232107737
7039 0.44522618377
7065 0.443551658149
7067 0.443548946061
7093 0.442077377003
7095 0.442076626943
7097 0.442076481
7099 0.442076473779
7101 0.442075170882
7103 0.442075169969
7105 0.442070709689
7107 0.442070691429
7109 0.442070691395
7111 0.442070684827
7113 0.442070684808
7115 0.442070681906
7117 0.442070601991
7119 0.4420682115
7121 0.44206820077
7123 0.442066333675
7125 0.442066301876
7127 0.442065061441
7129 0.442065007248
7131 0.442061284904
7133 0.442061244931
7135 0.442057542676
7137 0.442049033148
7139 0.442049033132
7141 0.442040748465
7143 0.442040748304
7145 0.442032446082
7147 0.442032435208
7149 0.442032435174
7151 0.442032431189
7153 0.442032431167
7155 0.442032429488
7157 0.4420324287
7159 0.442031930066
7161 0.442031929831
7163 0.442031458963
7165 0.442031458835
7167 0.442017959039
7169 0.441998545624
7171 0.441979375228
7173 0.441965749216
7175 0.441963912181
7177 0.441944172797
7179 0.441941467109
7181 0.441922024537
7183 0.441912939692
7185 0.441895639175
7187 0.441875624374
7189 0.441859770037
7191 0.441838378506
7193 0.441836371828
7195 0.441827760057
7197 0.441827599104
7199 0.441819346708
7201 0.441819297011
7203 0.441816094538
7205 0.441815971656
7207 0.441809091114
7209 0.441808972866
7211 0.441802072697
7213 0.441800640067
7215 0.441785222943
7217 0.441785171779
7219 0.441769647182
7221 0.441768564397
7223 0.441761435849
7225 0.441744387729
7227 0.441739446805
7229 0.441721409581
7231 0.44171801204
7233 0.44171720046
7235 0.44171710472
7237 0.44171710472
7239 0.441717028929
7241 0.441716593747
7243 0.441716325153
7245 0.441714899243
7247 0.441714846833
7249 0.441714845367
7251 0.441714762297
7253 0.44171031947
7255 0.441709654171
7257 0.441692097549
7259 0.441691752417
7261 0.441671668736
7263 0.441671620997
7265 0.441671351355
7267 0.441671340542
7269 0.44167133863
7271 0.441671328545
7273 0.441670636654
7275 0.441670075932
7277 0.441665612138
7279 0.441665607368
7281 0.441661262706
7283 0.441659499034
7285 0.441657306111
7287 0.441650021363
7289 0.441647169781
7291 0.441640158161
7293 0.441630589904
7295 0.441608621568
7297 0.441589822059
7299 0.441564929581
7301 0.441546810862
7303 0.441541032565
7329 0.440110058758
7331 0.440107592208
7357 0.438855108165
7359 0.438854542146
7361 0.438854283085
7363 0.438854276764
7365 0.438853182856
7367 0.438853181642
7369 0.438849009865
7371 0.438848991604
7373 0.438848991592
7375 0.438848985026
7377 0.43884898502
7379 0.438848982119
7381 0.438848902529
7383 0.438846987238
7385 0.438846976372
7387 0.438845505521
7389 0.438845473458
7391 0.43884457648
7393 0.438844525314
7395 0.438841398096
7397 0.438841356114
7399 0.438838228157
7401 0.438829684945
7403 0.438829684932
7405 0.438821350338
7407 0.438821350134
7409 0.438812997257
7411 0.438812986386
7413 0.438812986375
7415 0.438812982391
7417 0.438812982384
7419 0.438812980706
7421 0.438812979927
7423 0.438812487402
7425 0.438812487164
7427 0.438812003907
7429 0.438812003777
7431 0.438799134377
7433 0.438780456088
7435 0.438762015687
7437 0.438748961262
7439 0.438747033313
7441 0.438727964539
7443 0.438725327295
7445 0.438706554471
7447 0.438697818802
7449 0.438681409356
7451 0.438661895902
7453 0.438646885173
7455 0.438626020895
7457 0.4386242573
7459 0.438616506623
7461 0.438616407362
7463 0.438608976884
7465 0.438608883358
7467 0.438606188548
7469 0.438606068753
7471 0.438599925916
7473 0.438599803936
7475 0.438593627985
7477 0.438592184698
7479 0.438577596144
7481 0.438577548161
7483 0.438562843017
7485 0.438561776457
7487 0.43855528015
7489 0.43853898183
7491 0.438534564837
7493 0.43851728648
7495 0.438514317071
7497 0.438513548561
7499 0.438513487335
7501 0.438513486838
7503 0.438513438491
7505 0.43851297461
7507 0.438512705996
7509 0.438511441536
7511 0.438511389132
7513 0.438511388176
7515 0.438511305142
7517 0.438507141787
7519 0.438506516497
7521 0.438489496626
7523 0.438489120214
7525 0.438469609937
7527 0.438469563139
7529 0.43846935699
7531 0.438469345778
7533 0.438469345544
7535 0.438469335158
7537 0.438468869092
7539 0.43846841407
7541 0.43846453731
7543 0.438464518295
7545 0.438460736001
7547 0.43845934871
7549 0.43845705866
7551 0.438450536772
7553 0.438447753174
7555 0.438441479226
7557 0.438432267892
7559 0.43841043774
7561 0.438392130065
7563 0.438367380235
7565 0.438349757094
7567 0.438344091509
7593 0.437132054469
7595 0.437129818887
7621 0.436072621338
7623 0.436072217345
7625 0.436071838634
7627 0.436071832864
7629 0.436070906993
7631 0.436070905556
7633 0.436066995473
7635 0.436066977211
7637 0.436066977207
7639 0.43606697064
7641 0.436066970639
7643 0.436066967738
7645 0.436066888213
7647 0.436065352236
7649 0.43606534132
7651 0.43606418396
7653 0.436064151758
7655 0.436063517049
7657 0.436063467641
7659 0.436060833094
7661 0.436060789975
7663 0.436058138898
7665 0.436049561886
7667 0.436049561871
7669 0.436041177096
7671 0.436041176856
7673 0.436032773063
7675 0.436032762194
7677 0.43603276219
7679 0.436032758207
7681 0.436032758205
7683 0.436032756527
7685 0.436032755752
7687 0.436032265396
7689 0.436032265155
7691 0.436031772641
7693 0.43603177251
7695 0.436019505838
7697 0.436001533854
7699 0.435983794897
7701 0.435971289428
7703 0.435969289241
7705 0.435950867426
7707 0.435948278037
7709 0.435930151241
7711 0.43592175369
7713 0.43590618767
7715 0.435887162537
7717 0.435872950058
7719 0.435852599371
7721 0.435851028427
7723 0.435844052031
7725 0.43584399328
7727 0.435837302154
7729 0.435837160847
7731 0.435834902659
7733 0.435834784618
7735 0.435829296065
7737 0.435829171483
7739 0.435823638748
7741 0.435822191723
7743 0.435808386573
7745 0.435808340649
7747 0.43579441079
7749 0.435793356321
7751 0.435787432592
7753 0.435771850249
7755 0.435767902945
7757 0.435751350245
7759 0.435748760188
7761 0.435748022147
7763 0.435747982961
7765 0.435747981446
7767 0.435747950604
7769 0.435747464902
7771 0.435747196234
7773 0.435746067771
7775 0.435746015393
7777 0.435746006748
7779 0.435745923781
7781 0.43574202508
7783 0.435741431321
7785 0.435724929578
7787 0.435724526106
7789 0.435705570537
7791 0.435705524256
7793 0.435705361592
7795 0.435705350147
7797 0.435705346382
7799 0.43570533583
7801 0.435705037048
7803 0.435704657792
7805 0.435701281153
7807 0.435701244039
7809 0.435697941653
7811 0.435696865046
7813 0.435694507179
7815 0.435688659427
7817 0.435685916645
7819 0.435680294825
7821 0.435671429533
7823 0.435649754653
7825 0.43563192599
7827 0.43560733623
7829 0.43559019555
7831 0.435584621453
7857 0.434565702246
7859 0.434563683719
7885 0.433677546329
7887 0.433677278436
7889 0.433676781901
7891 0.433676776494
7893 0.43367598733
7895 0.433675985726
7897 0.433672315541
7899 0.433672297279
7901 0.433672297278
7903 0.433672290712
7905 0.433672290711
7907 0.43367228781
7909 0.43367220823
7911 0.433670975171
7913 0.433670964243
7915 0.433670054748
7917 0.433670022471
7919 0.433669585618
7921 0.43366953722
7923 0.433667311123
7925 0.433667267432
7927 0.433665012995
7929 0.433656402055
7931 0.433656402036
7933 0.43364796682
7935 0.433647966545
7937 0.433639511577
7939 0.43363950071
7941 0.433639500709
7943 0.433639496728
7945 0.433639496727
7947 0.43363949505
7949 0.433639494277
7951 0.433639003707
7953 0.433639003465
7955 0.433638503701
7957 0.433638503571
7959 0.433626813137
7961 0.433609519788
7963 0.433592454851
7965 0.433580476547
7967 0.433578418635
7969 0.433560620959
7971 0.43355806448
7973 0.433540560853
7975 0.433532490551
7977 0.433517723039
7979 0.433499173479
7981 0.433485716442
7983 0.433465866017
7985 0.433464448675
7987 0.433458168611
7989 0.433458135814
7991 0.433452109864
7993 0.433451920498
7995 0.433450037008
7997 0.433449919835
7999 0.433445011807
8001 0.433444885424
8003 0.433439924225
8005 0.433438477835
8007 0.433425413425
8009 0.433425368893
8011 0.433412172584
8013 0.433411127704
8015 0.433405722654
8017 0.433390824101
8019 0.433387297761
8021 0.433371439058
8023 0.433369184762
8025 0.433368468318
8027 0.433368443213
8029 0.433368440606
8031 0.43336842093
8033 0.433367918726
8035 0.433367650011
8037 0.433366636423
8039 0.433366584076
8041 0.433366561986
8043 0.433366479103
8045 0.433362831028
8047 0.433362262132
8049 0.433346260657
8051 0.433345833929
8053 0.433327415056
8055 0.433327369055
8057 0.433327236641
8059 0.433327225061
8061 0.433327215586
8063 0.433327204945
8065 0.433327026518
8067 0.433326702227
8069 0.433323752332
8071 0.433323696538
8073 0.433320804342
8075 0.433319982263
8077 0.433317576001
8079 0.433312324402
8081 0.433309605458
8083 0.433304560558
8085 0.433296030537
8087 0.433274529363
8089 0.433257167115
8091 0.433232756462
8093 0.433216085424
8095 0.433210590612
8121 0.432359393278
8123 0.432357578216
8149 0.431619155071
8151 0.431618995237
8153 0.431618387536
8155 0.431618382388
8157 0.431617705584
8159 0.431617703848
8161 0.431614255041
8163 0.43161423678
8165 0.43161423678
8167 0.431614230214
8169 0.431614230213
8171 0.431614227314
8173 0.431614147629
8175 0.431613156606
8177 0.431613145687
8179 0.43161243203
8181 0.431612399713
8183 0.431612109794
8185 0.431612061966
8187 0.431610175023
8189 0.431610131113
8191 0.431608207156
8193 0.431599562156
8195 0.431599562131
8197 0.431591076214
8199 0.431591075906
8201 0.431582569504
8203 0.431582558639
8205 0.431582558639
8207 0.431582554658
8209 0.431582554658
8211 0.431582552982
8213 0.431582552209
8215 0.431582059989
8217 0.431582059747
8219 0.431581554032
8221 0.431581553902
8223 0.431570414335
8225 0.431553773054
8227 0.431537355794
8229 0.431525883682
8231 0.431523779228
8233 0.431506583678
8235 0.431504049217
8237 0.431487146727
8239 0.431479393024
8241 0.431465381648
8243 0.431447295204
8245 0.431434553189
8247 0.431415190032
8249 0.431413895842
8251 0.431408242099
8253 0.431408225346
8255 0.431402797922
8257 0.43140256245
8259 0.431400999724
8261 0.431400882831
8263 0.431396490096
8265 0.431396362477
8267 0.431391909361
8269 0.431390466376
8271 0.431378102408
8273 0.431378058862
8275 0.431365556669
8277 0.431364519879
8279 0.431359584812
8281 0.431345339399
8283 0.431342190259
8285 0.431326995363
8287 0.43132503789
8289 0.431324336741
8291 0.431324320639
8293 0.431324317052
8295 0.431324304499
8297 0.431323789851
8299 0.431323521112
8301 0.431322604824
8303 0.431322552508
8305 0.431322513096
8307 0.431322430303
8309 0.431319019553
8311 0.43131847024
8313 0.431302951892
8315 0.431302505272
8317 0.431284605746
8319 0.431284559889
8321 0.431284448836
8323 0.431284437175
8325 0.431284421442
8327 0.431284410759
8329 0.431284315254
8331 0.431284031278
8333 0.43128144611
8335 0.431281372754
8337 0.431278831732
8339 0.431278216298
8341 0.431275774443
8343 0.431271050435
8345 0.431268344675
8347 0.431263810549
8349 0.431255605206
8351 0.431234296449
8353 0.431217388271
8355 0.431193176243
8357 0.431176962323
8359 0.431171541296
8385 0.430464171091
8387 0.430462546037
8389 0.430437922951
8391 0.430437850411
8393 0.430437130463
8395 0.430437125853
8397 0.430436545286
8399 0.430436543274
8401 0.430433410628
8403 0.430433392366
8405 0.430433392366
8407 0.4304333858
8409 0.430433385799
8411 0.4304333829
8413 0.430433303097
8415 0.430432505573
8417 0.430432494672
8419 0.43043193562
8421 0.430431903281
8423 0.430431720205
8425 0.430431672689
8427 0.430430067826
8429 0.430430023918
8431 0.430428375825
8433 0.430419696604
8435 0.430419696571
8437 0.430411159672
8439 0.430411159331
8441 0.430402601216
8443 0.430402590354
8445 0.430402590354
8447 0.430402586375
8449 0.430402586374
8451 0.430402584698
8453 0.430402583926
8455 0.430402089204
8457 0.430402088961
8459 0.430401578142
8461 0.430401578012
8463 0.430390964995
8465 0.430374950231
8467 0.430359155312
