26    5.19960042375
52    5.10250579945
78    4.98663302617
104    4.91240868735
130    4.88399423427
156    4.79813961464
182    4.75083514517
208    4.58964307502
232    4.46586628101
258    4.40492538691
260    4.40492447188
286    4.35230287109
312    4.32114721225
338    4.23270279059
364    4.10907100362
381    3.98459827428
407    3.9579744761
433    3.83519892995
459    3.81552336935
485    3.69985522798
511    3.67906880036
534    3.5548358553
560    3.54735999042
586    3.42513743001
612    3.39845011753
638    3.27286977315
664    3.1795971228
690    3.09777347566
695    3.097636084
721    2.97517415006
747    2.95078038207
773    2.79840961726
799    2.78729692809
825    2.68564527495
827    2.68564524769
853    2.67383896528
879    2.64387939581
905    2.60583574496
931    2.48624934507
943    2.36157847431
969    2.35863818382
987    2.23497440939
1013    2.22303355751
1030    2.09773200846
1049    1.97362872697
1075    1.87544564901
1077    1.87544207361
1103    1.7602366727
1129    1.75191671312
1155    1.60601085548
1157    1.60600267499
1168    1.48132467678
1170    1.48132439553
1184    1.35691223719
1210    1.34864226784
1227    1.22343338746
1253    0.944162015129
1259    0.9437232591
1285    0.921888509492
1311    0.894862275702
1337    0.865970067872
1347    0.865618623926
1373    0.856310685607
1399    0.852827714283
1425    0.851094344227
1451    0.846128676367
1477    0.840197294389
1479    0.840197237561
1505    0.827096384948
1507    0.827096383035
1533    0.819457082342
1559    0.814673391064
1585    0.794437811094
1587    0.794436049921
1589    0.79443599722
1615    0.788669735584
1617    0.788669674247
1643    0.784564342165
1661    0.783626672107
1687    0.770768130292
1689    0.770768051416
1691    0.770767017616
1693    0.770766887719
1719    0.757996656919
1721    0.757980504634
1747    0.753474884665
1773    0.745517682925
1775    0.745517562582
1777    0.745517556434
1803    0.742534328354
1829    0.737900891978
1855    0.727964839428
1881    0.724728676039
1883    0.724728057878
1909    0.716288302381
1935    0.697195080784
1961    0.683078498712
1963    0.683059234111
1965    0.68305921877
1991    0.680516548357
1993    0.680516544859
2019    0.67586430561
2021    0.675857302691
2023    0.675857292784
2049    0.672629657849
2051    0.672629657025
2053    0.672626365417
2055    0.672604327687
2081    0.670382739112
2083    0.670375647763
2085    0.670375638702
2087    0.670375638626
2089    0.670375638464
2115    0.663382014174
2117    0.663375378344
2143    0.647396365465
2145    0.647384336232
2171    0.63562858934
2197    0.619968781671
2223    0.604593300229
2225    0.604589316507
2251    0.603249341274
2263    0.602928090368
2265    0.602923441686
2291    0.600924832273
2317    0.598841573501
2319    0.598841573441
2345    0.596265984467
2347    0.596265983735
2373    0.595085336182
2399    0.593361231412
2425    0.586060335238
2427    0.586060314445
2429    0.586060311529
2455    0.584709576708
2457    0.584709575735
2483    0.583002499879
2485    0.582982414042
2511    0.575297358497
2513    0.57529730813
2515    0.575297300995
2517    0.575296851957
2543    0.568086132843
2545    0.5680724092
2548    0.56802021048
2572    0.56700501697
2574    0.567005015758
2576    0.567005015219
2602    0.566006210349
2628    0.564500350061
2654    0.557205541964
2656    0.557187082608
2658    0.557186484949
2684    0.5521328415
2710    0.540283710719
2736    0.531894082909
2738    0.531893012149
2740    0.531893003394
2766    0.529788338743
2768    0.529788338718
2794    0.526524888221
2796    0.526518699331
2798    0.526518694116
2800    0.526504628512
2802    0.526504627578
2804    0.526504300141
2806    0.526485007921
2826    0.525826903727
2828    0.525820572166
2830    0.525820567055
2832    0.525820566998
2834    0.525820566971
2860    0.519234348423
2862    0.519228814479
2888    0.510309589464
2890    0.510302776046
2916    0.503415598944
2942    0.493483217207
2968    0.483360262029
2970    0.48335926038
2972    0.483343308835
2974    0.483331551876
2976    0.483330426795
3002    0.482286469055
3028    0.481183684895
3030    0.481183684303
3042    0.480853674447
3044    0.480853673925
3046    0.480840105438
3072    0.47981203171
3098    0.475860979902
3100    0.47586097975
3102    0.475860977598
3104    0.475841399119
3106    0.475841399053
3132    0.474712881629
3134    0.474695093942
3160    0.470184431661
3162    0.470184396412
3164    0.470184210238
3166    0.470183785213
3192    0.465741893499
3194    0.46573008036
3196    0.465720838143
3198    0.465706364444
3200    0.465706363801
3202    0.465706363744
3204    0.465682832055
3219    0.465256044609
3245    0.460307751057
3247    0.460300538709
3249    0.460300027165
3275    0.457473602616
3301    0.449765080554
3327    0.444286422214
3329    0.444286331811
3331    0.444286325306
3357    0.44259843013
3359    0.442598430108
3385    0.440242894619
3387    0.440237244693
3389    0.44023724173
3391    0.440231365866
3393    0.440231365143
3395    0.440231293733
3397    0.440213647832
3399    0.440189375558
3401    0.440183849347
3403    0.44018384556
3405    0.44018384556
3407    0.44018384553
3433    0.434117582694
3435    0.434112706805
3461    0.428626491281
3463    0.42862262119
3489    0.424221463657
3515    0.417379752376
3541    0.410214962241
3543    0.410214597845
3545    0.41020619698
3547    0.410200329861
3549    0.410200014169
3558    0.409983821851
3570    0.409674414237
3572    0.409674413668
3574    0.409658136237
3576    0.409658135929
3578    0.409651638406
3589    0.409376566304
3615    0.406868413249
3617    0.406868412049
3619    0.406868409946
3621    0.406857796536
3623    0.406857796505
3648    0.406140737997
3650    0.406125156128
3676    0.403439228567
3678    0.403439201954
3680    0.403438967234
3682    0.403438657509
3708    0.400436599229
3710    0.400426253408
3712    0.400417897752
3714    0.400408136853
3716    0.400408135001
3718    0.400408134997
3720    0.400385760417
3722    0.400361847229
3748    0.397091839684
3750    0.397088761788
3752    0.397088373073
3778    0.395494461968
3804    0.389975291617
3830    0.386093013852
3832    0.386092998826
3834    0.386092993262
3860    0.384762651747
3862    0.384762651729
3888    0.383085725458
3890    0.383080458152
3892    0.383080456306
3894    0.383075047685
3896    0.383075047201
3898    0.383074977292
3900    0.383059020336
3902    0.383035687015
3904    0.383030917834
3906    0.38303091449
3908    0.38303091449
3910    0.383030914461
3936    0.377549773353
3938    0.377545324142
3964    0.373942684795
3966    0.373940484166
3992    0.371002481262
4018    0.366081432273
4044    0.360831826966
4046    0.360831561143
4048    0.360825314447
4050    0.360821555872
4052    0.360821361523
4054    0.360797072546
4056    0.360772313346
4058    0.360772312825
4060    0.360762009378
4062    0.360762009325
4064    0.360758204752
4066    0.360733685367
4092    0.359090560495
4094    0.359090559043
4096    0.35909055692
4098    0.359084358253
4100    0.359084358229
4102    0.359059732868
4104    0.359046162169
4130    0.357396953926
4132    0.357396933268
4134    0.357396735134
4136    0.357396520664
4162    0.355181366591
4164    0.355172161652
4166    0.355164582152
4168    0.355155446963
4170    0.355155444253
4172    0.35515544424
4174    0.355134120953
4176    0.355111448908
4202    0.35294804714
4204    0.352946528365
4206    0.35294623174
4232    0.352004234986
4258    0.347678944694
4284    0.344741234662
4286    0.344741229386
4288    0.344741224299
4314    0.343697335165
4316    0.343697335154
4342    0.342507137901
4344    0.342502161803
4346    0.342502160594
4348    0.342497123056
4350    0.342497122753
4352    0.34249705505
4354    0.342482609168
4356    0.342460203497
4358    0.342456081812
4360    0.342456078528
4362    0.342456078528
4364    0.342456078499
4390    0.337583957813
4392    0.337579808263
4418    0.335153947119
4420    0.33515269596
4446    0.333168042939
4472    0.329559880087
4498    0.325630064771
4500    0.325629831343
4502    0.325623977514
4504    0.325621465512
4506    0.325621289578
4508    0.325597610262
4510    0.325573465371
4512    0.325573464916
4514    0.325566756617
4516    0.325566756512
4518    0.32556439404
4520    0.325540230359
4546    0.324432618721
4548    0.324432617526
4550    0.324432615431
4552    0.324428175378
4554    0.324428175353
4556    0.32440398379
4558    0.324392167457
4584    0.323339277965
4586    0.323339261485
4588    0.323339112165
4590    0.323338963059
4616    0.321580575241
4618    0.321572270302
4620    0.321565385943
4622    0.321556844893
4624    0.321556841808
4626    0.321556841786
4628    0.321536501295
4630    0.321514981819
4656    0.320061592065
4658    0.320060717628
4660    0.32006049462
4662    0.320035015621
4688    0.316376053399
4714    0.31401042576
4716    0.314010422766
4718    0.314010417974
4744    0.313190286051
4746    0.313190286043
4772    0.312337205522
4774    0.31233246557
4776    0.312332464744
4778    0.312327721712
4780    0.312327721527
4782    0.31232765655
4784    0.312314563819
4786    0.312293066219
4788    0.312289452116
4790    0.312289448682
4792    0.312289448682
4794    0.312289448653
4820    0.308016494355
4822    0.308012571888
4848    0.306373619709
4850    0.306372909023
4876    0.305035130717
4902    0.302365716119
4928    0.299364213488
4930    0.299364008481
4932    0.299358519485
4934    0.299356902042
4936    0.299356742553
4938    0.299333488167
4940    0.299309931571
4942    0.299309931171
4944    0.299305545718
4946    0.299305545581
4948    0.299304095794
4950    0.299280094207
4975    0.298564969829
4977    0.298564968832
4979    0.298564966799
4981    0.298561754544
4983    0.29856175452
4985    0.298537790756
4987    0.298527481254
5006    0.298016832111
5008    0.298016818547
5010    0.29801674666
5012    0.298016681325
5038    0.296532996796
5040    0.296525409407
5042    0.29651914882
5044    0.296511170289
5046    0.296511167204
5048    0.296511167176
5050    0.296491747861
5052    0.296471300398
5078    0.295456872721
5080    0.29545626352
5082    0.29545609315
5084    0.29543554261
5110    0.292246962423
5136    0.290283635401
5138    0.290283633312
5140    0.290283628739
5148    0.290103189548
5150    0.290103189547
5167    0.289679511567
5169    0.289674973559
5171    0.289674972977
5173    0.289670464312
5175    0.289670464201
5177    0.289670402314
5179    0.289658522164
5181    0.289637905456
5183    0.289634652127
5185    0.289634648403
5187    0.289634648403
5189    0.289634648375
5215    0.285926383244
5217    0.285922644797
5243    0.284820174965
5245    0.284819771822
5271    0.283923584864
5297    0.281935498894
5323    0.279587262035
5325    0.279587081915
5327    0.279581931995
5329    0.27958091635
5331    0.279580771558
5333    0.279557819356
5335    0.279534827057
5337    0.279534826704
5339    0.279531826794
5341    0.279531826642
5343    0.279530908863
5345    0.279507035985
5347    0.279482048806
5349    0.279482047891
5351    0.279482045948
5353    0.279478951627
5355    0.279478951603
5357    0.279455369015
5359    0.279446337626
5361    0.279422437022
5363    0.279422425474
5365    0.279422415078
5367    0.279422408045
5393    0.2781072796
5395    0.278100270274
5397    0.278094570343
5399    0.278087122346
5401    0.278087119489
5403    0.278087119457
5405    0.278068565399
5407    0.278049118505
5430    0.277424874782
5432    0.277424549357
5434    0.277424448767
5436    0.277407615741
5462    0.274572108523
5488    0.272851262012
5490    0.272851260454
5492    0.272851256065
5494    0.272828525363
5496    0.272828525363
5498    0.272805039057
5500    0.272800680742
5502    0.272800680324
5504    0.272796359435
5506    0.272796359367
5508    0.272796300801
5510    0.27278550793
5512    0.272765738872
5514    0.272762706231
5516    0.272762702112
5518    0.272762702112
5520    0.272762702083
5546    0.269568865775
5548    0.269565284698
5574    0.268827834537
5576    0.268827606181
5578    0.268802326076
5604    0.267309509353
5630    0.265420515109
5632    0.265420356745
5634    0.265415522154
5636    0.265414896252
5638    0.265414764606
5640    0.265392056772
5642    0.265369606451
5644    0.265369606166
5646    0.265366755221
5648    0.265366755065
5650    0.265365862309
5652    0.26534250692
5654    0.265317913137
5656    0.265317912286
5658    0.265317910445
5660    0.265314928468
5662    0.265314928446
5664    0.265291720036
5666    0.265283751765
5668    0.265261801409
5670    0.26526179133
5672    0.265261784872
5674    0.265261778623
5700    0.264068278751
5702    0.264061743448
5704    0.264056548208
5706    0.264049598971
5708    0.264049596455
5710    0.264049596422
5712    0.264031856661
5714    0.264013336119
5716    0.263989674313
5718    0.263989502768
5720    0.263989498728
5722    0.263975097687
5748    0.261401477559
5774    0.259834938687
5776    0.259834937257
5778    0.259834933032
5780    0.259813648676
5782    0.259813648676
5784    0.259792015507
5786    0.259787821837
5788    0.259787821533
5790    0.259783652807
5792    0.259783652766
5794    0.259783597647
5796    0.259773780271
5798    0.259754821429
5800    0.259751881374
5802    0.259751876778
5804    0.259751876778
5806    0.259751876749
5832    0.257013891737
5834    0.257010450688
5836    0.256985170207
5838    0.256985040281
5840    0.256960155343
5866    0.255827265912
5892    0.254262554586
5894    0.254262415208
5896    0.254257874103
5898    0.254257494372
5900    0.254257374491
5902    0.254234899315
5904    0.254212970274
5906    0.254212970034
5908    0.254210259154
5910    0.254210259001
5912    0.25420939036
5914    0.25418654098
5916    0.254162328627
5918    0.254162327829
5920    0.254162326037
5922    0.254159451146
5924    0.254159451125
5926    0.254136610277
5928    0.254129549788
5930    0.254109619463
5932    0.254109610399
5934    0.254109603848
5936    0.254109597761
5962    0.253011456224
5964    0.253005313923
5966    0.253000573601
5968    0.252994091235
5970    0.252994089092
5972    0.25299408906
5974    0.252977116959
5976    0.252959418904
5978    0.252938092611
5980    0.252937963227
5982    0.252937959426
5984    0.25292563884
6010    0.250578042257
6036    0.249147830624
6038    0.24914782931
6040    0.249147825241
6042    0.249127862939
6044    0.249127862939
6046    0.249107792587
6048    0.249103752437
6050    0.249103752215
6052    0.249099708768
6054    0.249099708742
6056    0.24909965711
6058    0.249090715411
6060    0.249072526893
6062    0.249069563344
6064    0.249069558208
6066    0.249069558207
6068    0.249069558177
6094    0.246726211744
6096    0.246722898706
6098    0.246698010949
6100    0.246697936841
6102    0.246673440914
6128    0.245802702929
6154    0.244470023153
6156    0.244469900317
6158    0.244465632542
6160    0.244465405483
6162    0.244465296141
6164    0.244443068549
6166    0.244421641512
6168    0.244421641304
6170    0.244419062191
6172    0.244419062044
6174    0.24441821666
6176    0.244395862207
6178    0.244372020165
6180    0.244372019412
6182    0.244372017632
6184    0.244369244875
6186    0.244369244855
6188    0.24434676528
6190    0.244340503234
6192    0.244322509394
6194    0.244322501062
6196    0.244322494261
6198    0.244322488574
6224    0.243303379243
6226    0.243297566158
6228    0.243293236414
6230    0.243287183941
6232    0.243287182161
6234    0.243287182132
6236    0.243270934917
6238    0.243254018068
6240    0.24323490764
6242    0.243234791667
6244    0.24323478823
6246    0.243224267753
6272    0.241078233978
6298    0.239771253333
6300    0.239771252124
6302    0.2397712482
6304    0.239752477382
6306    0.239752477381
6308    0.239733692711
6310    0.239729797306
6312    0.239729797145
6314    0.239725858909
6316    0.239725858893
6318    0.239725810721
6320    0.239717655494
6322    0.239700196437
6324    0.239697103036
6326    0.239697097315
6328    0.239697097315
6330    0.239697097282
6356    0.237688502624
6358    0.237685308737
6360    0.237660807623
6362    0.237660765195
6364    0.23763665225
6381    0.23720339598
6407    0.236027522443
6409    0.236027413828
6411    0.236023400744
6413    0.236023270102
6415    0.236023170215
6417    0.236001240018
6419    0.235980296891
6421    0.235980296702
6423    0.235977841603
6425    0.235977841465
6427    0.235977018523
6429    0.235955148156
6431    0.235931665932
6433    0.235931665215
6435    0.235931663432
6437    0.235928988128
6439    0.23592898811
6441    0.23590686368
6443    0.235901308234
6445    0.235885111869
6447    0.23588510409
6449    0.235885097335
6451    0.235885092119
6477    0.234934596182
6479    0.234929061907
6481    0.234925103133
6483    0.234919446656
6485    0.234919445204
6487    0.234919445178
6489    0.234903883424
6491    0.234887709055
6493    0.234870654995
6495    0.234870541382
6497    0.234870538284
6499    0.234861586382
6525    0.232897994012
6551    0.231702905999
6553    0.231702904883
6555    0.231702901098
6557    0.231685199481
6559    0.231685199481
6561    0.231667448074
6563    0.231663690085
6565    0.23166368997
6567    0.231659842089
6569    0.231659842078
6571    0.231659797287
6573    0.231652348727
6575    0.231635578431
6577    0.231632255804
6579    0.231632249473
6581    0.231632249473
6583    0.231632249439
6609    0.229902345179
6611    0.229899263417
6613    0.229875142954
6615    0.229875118518
6617    0.229851382617
6619    0.229827264554
6645    0.228751866185
6647    0.228751769451
6649    0.22874799381
6651    0.228747921088
6653    0.228747829695
6655    0.228726258723
6657    0.2287057825
6659    0.228705782327
6661    0.228703443993
6663    0.228703443862
6665    0.228702642586
6667    0.228681245712
6669    0.228658113406
6671    0.22865811272
6673    0.228658110933
6675    0.228655528652
6677    0.228655528635
6679    0.228633753387
6681    0.228628824042
6683    0.228614269209
6685    0.228614261865
6687    0.228614255389
6689    0.228614250635
6715    0.227725601809
6717    0.227720306393
6719    0.227716683159
6721    0.227711391212
6723    0.227711390044
6725    0.227711390021
6727    0.227696477326
6729    0.227681009175
6731    0.227665836882
6733    0.227665719632
6735    0.227665716847
6737    0.227658134155
6763    0.225861217357
6789    0.224767524187
6791    0.224767523155
6793    0.224767519504
6795    0.224750776432
6797    0.224750776432
6799    0.224733830972
6801    0.224730204003
6803    0.224730203923
6805    0.224726435447
6807    0.22472643544
6809    0.224726393914
6811    0.224719580604
6813    0.224703459442
6815    0.224699812971
6817    0.224699806019
6819    0.224699806019
6821    0.224699805981
6847    0.223197736235
6849    0.223194760711
6851    0.223171015007
6853    0.223171000794
6855    0.223147636106
6857    0.223125197339
6883    0.222129997583
6885    0.222129910818
6887    0.222126356666
6889    0.222126313789
6891    0.222126230023
6893    0.222105045197
6895    0.222085019846
6897    0.222085019684
6899    0.222082791341
6901    0.222082791219
6903    0.222082010871
6905    0.222061077165
6907    0.222038285454
6909    0.222038284796
6911    0.222038283009
6913    0.222035789563
6915    0.222035789547
6917    0.222014357707
6919    0.222009983221
6921    0.221996914427
6923    0.22199690744
6925    0.221996901371
6927    0.22199689705
6953    0.22116558111
6955    0.221160492786
6957    0.221157173358
6959    0.221152216598
6961    0.221152215667
6963    0.221152215648
6965    0.221137918346
6967    0.221123122435
6969    0.221109654645
6971    0.221109529568
6973    0.221109527065
6975    0.221103137253
7001    0.219459224475
7027    0.21845692304
7029    0.218456922084
7031    0.218456918561
7033    0.218441034996
7035    0.218441034996
7037    0.218424690776
7039    0.218421189076
7041    0.218421189022
7043    0.218417491857
7045    0.218417491852
7047    0.218417453448
7049    0.218411211453
7051    0.218395701499
7053    0.218391639867
7055    0.2183916323
7057    0.2183916323
7059    0.218391632258
7085    0.217072310589
7087    0.217069436157
7089    0.217046059454
7091    0.217046051049
7093    0.21702305188
7095    0.2170023081
7121    0.216076615961
7123    0.216076537651
7125    0.216073190207
7127    0.216073164063
7129    0.216073087154
7131    0.216052306596
7133    0.216032716986
7135    0.216032716831
7137    0.216030592142
7139    0.216030592028
7141    0.216029831904
7143    0.216009351269
7145    0.215986891329
7147    0.215986890691
7149    0.21598688891
7151    0.215984480338
7153    0.215984480323
7155    0.215963386255
7157    0.215959503438
7159    0.215947773575
7161    0.21594776689
7163    0.215947761278
7165    0.215947757355
7191    0.215170607825
7193    0.215165701226
7195    0.215162657145
7197    0.215158008169
7199    0.215158007433
7201    0.215158007418
7203    0.21514429429
7205    0.215130138669
7207    0.215118203012
7209    0.215118066675
7211    0.215118064428
7213    0.215112709282
7239    0.213609453193
7265    0.212688936469
7267    0.212688935582
7269    0.212688932181
7271    0.21267381972
7273    0.21267381972
7275    0.212657891639
7277    0.212654509915
7279    0.212654509881
7281    0.212650877938
7283    0.212650877934
7285    0.212650842491
7287    0.212645114545
7289    0.21263017991
7291    0.212625614322
7293    0.212625606158
7295    0.212625606156
7297    0.21262560611
7323    0.211449729963
7325    0.211446951991
7327    0.211423938626
7329    0.211423933521
7331    0.211401294264
7333    0.211382173126
7359    0.21051902394
7361    0.210518952857
7363    0.210515798423
7365    0.210515782179
7367    0.210515711443
7369    0.210495346409
7371    0.210476178236
7373    0.210476178087
7375    0.210474151119
7377    0.210474151013
7379    0.210473410443
7381    0.210453373001
7383    0.21043123646
7385    0.210431235844
7387    0.210431234074
7389    0.21042890662
7391    0.210428906606
7393    0.210408144806
7395    0.210404697591
7397    0.210394171234
7399    0.210394164814
7401    0.210394159665
7403    0.210394156106
7429    0.209668767898
7431    0.209664022675
7433    0.209661228383
7435    0.209656861634
7437    0.209656861058
7439    0.209656861046
7441    0.209643703078
7443    0.20963015761
7445    0.209619591069
7447    0.20961944041
7449    0.209619438395
7451    0.209614975319
7477    0.208240924686
7503    0.207393006532
7505    0.207393005708
7507    0.207393002425
7509    0.207378582155
7511    0.207378582155
7513    0.207362901972
7515    0.207359635286
7517    0.207359635266
7519    0.2073560638
7521    0.207356063797
7523    0.207356031142
7525    0.207350765925
7527    0.207336372945
7529    0.207331216884
7531    0.207331208153
7533    0.20733120815
7535    0.2073312081
7561    0.206264943107
7563    0.206262257344
7565    0.206239601742
7567    0.206239598513
7569    0.206217313655
7571    0.206199710667
7597    0.205394009583
7599    0.205393944711
7601    0.205390970588
7603    0.20539096039
7605    0.20539089522
7607    0.205370951983
7609    0.20535219171
7611    0.205352191566
7613    0.205350256767
7615    0.205350256668
7617    0.205349535011
7619    0.205329931101
7621    0.205308110011
7623    0.205308109411
7625    0.205308107657
7627    0.205305857764
7629    0.20530585775
7631    0.205285422835
7633    0.205282361467
7635    0.205272915786
7637    0.205272909601
7639    0.205272904901
7641    0.205272901673
7661    0.204774461376
7663    0.204769861171
7665    0.204767293697
7667    0.204763185393
7669    0.204763184944
7671    0.204763184934
7673    0.204750555104
7675    0.204737591257
7677    0.204728242584
7679    0.204728074741
7681    0.204728072934
7683    0.204724373731
7709    0.203468763688
7735    0.202684752252
7737    0.202684751483
7739    0.202684748315
7741    0.202670949732
7743    0.202670949732
7745    0.202655363686
7747    0.202652207386
7749    0.202652207375
7751    0.202648692475
7753    0.202648692473
7755    0.202648662432
7757    0.202643813939
7759    0.202629931209
7761    0.202624100521
7763    0.202624091259
7765    0.202624091253
7767    0.202624091196
7793    0.201638574923
7795    0.201635977428
7797    0.20161367409
7799    0.201613671928
7801    0.201591736021
7803    0.201575539683
7829    0.200823292523
7831    0.200823233015
7833    0.20082042742
7835    0.200820420978
7837    0.200820360833
7839    0.200800841978
7841    0.200782476759
7843    0.200782476618
7845    0.200780628785
7847    0.200780628694
7849    0.200779925338
7851    0.200760745491
7853    0.20073923228
7855    0.200739231697
7857    0.200739229935
7859    0.200737054232
7861    0.200737054219
7863    0.200716940912
7865    0.200714208038
7867    0.200705511001
7869    0.200705504925
7871    0.200705500756
7873    0.200705497761
7875    0.200680005914
7877    0.200675536724
7879    0.200673175395
7881    0.200669303469
7883    0.200669303121
7885    0.200669303115
7887    0.200657176205
7889    0.200644766887
7891    0.2006364977
7893    0.20063630994
7895    0.20063630832
7897    0.200633258525
7923    0.19948593308
7949    0.198757712436
7951    0.198757711719
7953    0.19875770866
7955    0.198744468704
7957    0.198744468704
7959    0.198728835523
7961    0.198725785202
7963    0.198725785197
7965    0.198722323394
7967    0.198722323392
7969    0.198722295786
7971    0.198717822763
7973    0.198704421085
7975    0.198697834279
7977    0.198697824528
7979    0.198697824519
7981    0.198697824457
8007    0.197768597242
8009    0.197766084339
8011    0.197744127831
8013    0.197744126275
8015    0.19772253394
8017    0.197707636409
8043    0.197005547952
8045    0.197005493095
8047    0.197002845091
8049    0.197002841008
8051    0.197002785407
8053    0.196983690718
8055    0.196965708338
8057    0.196965708199
8059    0.196963942457
8061    0.196963942371
8063    0.196963256732
8065    0.19694449167
8067    0.196923279102
8069    0.196923278533
8071    0.1969232767
8073    0.196921171987
8075    0.196921171975
8077    0.196901375094
8079    0.196898903902
8081    0.196890355558
8083    0.196890349327
8085    0.196890346341
8087    0.19689034327
8089    0.196864953207
8091    0.19686060251
8093    0.196858428716
8095    0.196854772771
8097    0.196854772502
8099    0.196854772497
8101    0.196843124945
8103    0.196831244393
8105    0.196823929445
8107    0.196823719135
8109    0.196823717682
8111    0.196821216027
8137    0.195772622956
8160    0.195194509892
8162    0.195194509216
8164    0.195194506263
8166    0.195181692639
8168    0.195181692638
8170    0.19516590897
8172    0.195162960502
8174    0.195162960501
8176    0.195159548489
8178    0.195159548487
8180    0.195159523143
8182    0.195155388592
8184    0.195142440895
8186    0.19513501961
8188    0.195135009419
8190    0.195135009406
8192    0.195135009336
8218    0.19424144285
8220    0.194239011109
8222    0.194217396111
8224    0.194217394901
8226    0.194196140873
8228    0.194182441914
8236    0.194001708321
8238    0.194001656705
8240    0.193999156137
8242    0.193999151086
8244    0.193999099613
8246    0.193980462388
8248    0.193962851285
8250    0.193962851148
8252    0.193961162928
8254    0.193961162848
8256    0.193960494364
8258    0.193942135002
8260    0.193921216173
8262    0.193921215616
8264    0.19392121373
8266    0.193919176971
8268    0.19391917696
8270    0.193899691419
8272    0.193897453507
8274    0.193889050576
8276    0.193889044233
8278    0.193889042047
8280    0.193889038959
8282    0.193863748899
8284    0.193859506649
8286    0.193857503604
8288    0.193854044759
8290    0.193854044553
8292    0.19385404455
8294    0.193842854257
8296    0.193831477894
8298    0.193824987479
8300    0.193824758472
8302    0.193824757166
8304    0.193822690081
8330    0.192863786202
8332    0.192838275329
8334    0.192838274666
8336    0.192838271816
8338    0.192825462993
8340    0.192825462992
8342    0.192809617709
8344    0.192806767411
8346    0.192806767411
8348    0.192803401822
8350    0.19280340182
8352    0.192803378568
8354    0.19279954928
8356    0.192787030399
8358    0.192778699925
8360    0.192778689341
8362    0.192778689321
8364    0.192778689244
8390    0.191903444819
8392    0.191901091016
8394    0.191879812221
8396    0.191879811207
8398    0.191858890228
8400    0.191845571572
8402    0.191820060002
8404    0.19182001103
8406    0.191817648464
8408    0.191817641205
8410    0.191817593479
8412    0.191799413663
8414    0.19178216278
8416    0.191782162645
8418    0.19178054766
8420    0.191780547585
8422    0.191779895721
8424    0.19176193317
8426    0.191741301479
8428    0.191741300934
8430    0.191741299011
8432    0.191739327328
8434    0.191739327316
8436    0.191720148129
8438    0.19171811884
8440    0.191709858086
8442    0.191709851671
8444    0.191709850026
8446    0.191709846964
8448    0.191684655281
8450    0.191680513335
8452    0.191678665899
8454    0.191675386579
8456    0.191675386421
8458    0.191675386419
8460    0.191664632646
8462    0.191653737164
8464    0.191647897423
8466    0.191647700009
8468    0.191647698823
8470    0.191645901299
8496    0.190767607757
8498    0.190742173948
8500    0.190742173297
8502    0.190742170544
8504    0.19072936897
8506    0.19072936897
8508    0.190713463857
8510    0.190710707919
8512    0.190710707918
8514    0.190707385194
8516    0.190707385193
8518    0.190707363871
8520    0.190703810056
8522    0.19069169664
8524    0.190682386638
8526    0.19068237571
8528    0.190682375684
8530    0.190682375599
8556    0.189810932898
8558    0.189808654024
8560    0.189787706283
8562    0.189787705381
8564    0.189767112351
8566    0.189753934778
8568    0.189728525498
8570    0.189728478912
8572    0.189726245592
8574    0.189726235898
8576    0.189726191577
8578    0.189708455047
8580    0.189691553876
8582    0.189691553742
8584    0.18969000798
8586    0.18969000791
8588    0.189689372155
8590    0.18967179777
8592    0.189651446967
8594    0.189651446432
8596    0.189651444487
8598    0.189649535151
8600    0.189649535141
8602    0.189630657475
8604    0.189628815222
8606    0.189620693485
8608    0.18962068703
8610    0.189620685751
8612    0.189620682745
8614    0.189595587992
8616    0.189591539687
8618    0.189589834191
8620    0.189586718723
8622    0.189586718603
8624    0.189586718603
8626    0.189576381884
8628    0.18956594521
8630    0.189560693796
8632    0.189560520433
8634    0.189560519358
8636    0.189558971181
8662    0.188753000504
8664    0.188727633097
8666    0.188727632456
8668    0.188727629797
8670    0.188714837859
8672    0.18871483786
8674    0.188698874655
8676    0.188696209439
8678    0.188696209434
8680    0.188692925713
8682    0.188692925712
8684    0.188692906167
8686    0.188689601084
8688    0.188677871368
8690    0.188667516625
8692    0.1886675054
8694    0.188667505368
8696    0.188667505274
8722    0.187787750026
8724    0.187785543262
8726    0.187764921516
8728    0.187764920679
8730    0.187744650587
