2 5.37498231797
28 5.27719547059
54 5.27641461843
80 5.25746495928
106 5.25655685322
132 5.13298028235
145 5.00889402594
149 5.00879972507
151 5.00878889607
153 5.00877147126
169 4.88450662039
195 4.77886866137
197 4.77886294992
223 4.7650038479
225 4.76500155896
251 4.64209888514
268 4.51818455208
276 4.51784416375
278 4.51783603613
280 4.51781819297
306 4.46395186246
321 4.33979218307
347 4.30984073903
349 4.30983571749
375 4.29429180397
390 4.16994336579
416 4.16900960002
418 4.16900213927
444 4.16802175178
446 4.1680175427
472 4.10618015366
498 4.08299186315
524 4.05323376532
550 4.03468562189
576 4.02087580415
602 3.92142947698
628 3.79831693505
654 3.78006061552
658 3.77997971287
684 3.77692947411
710 3.70170462191
736 3.58203867859
762 3.55409175499
784 3.55128973002
810 3.54143362435
836 3.49500185719
854 3.37091600489
880 3.34210387734
882 3.34209336131
908 3.3253432598
925 3.20110468924
951 3.086017997
953 3.08601300542
979 3.07915721396
981 3.07915492286
1007 2.95642524699
1033 2.93804286756
1042 2.93759255926
1068 2.92146601379
1070 2.92144179906
1081 2.79631047783
1093 2.6718134203
1095 2.6718100296
1097 2.67180309754
1099 2.67180233921
1125 2.66299106591
1151 2.57002632342
1177 2.56208890077
1203 2.54065983851
1229 2.53327787766
1255 2.49392057963
1281 2.37204017576
1307 2.34663530541
1322 2.34538682076
1348 2.32847661438
1374 2.20488958361
1400 2.1560104738
1402 2.15599574223
1428 2.12680692841
1430 2.12679849326
1456 2.00770688867
1482 1.88491535598
1503 1.88237565553
1511 1.88206969208
1513 1.88204630106
1539 1.76603402314
1565 1.64521003092
1591 1.63982339419
1609 1.63806459815
1612 1.63801336784
1638 1.51801755932
1664 1.39484754763
1684 1.39259431393
1688 1.39250323905
1690 1.39248472306
1716 1.27143592436
1742 1.1935704708
1759 1.19187092971
1785 1.16463572805
1787 1.16461255518
1813 1.04027968592
1839 0.937561290261
1841 0.937554427513
1867 0.921797689963
1869 0.921794795859
1895 0.803964282801
1921 0.798824751047
1925 0.798746132614
1951 0.798069578188
1977 0.794914640935
2003 0.793997173774
2014 0.793675247441
2040 0.79258524299
2042 0.792570789024
2044 0.792568162025
2046 0.79255764503
2048 0.792556374303
2050 0.792549092001
2052 0.792546140757
2075 0.791136305105
2077 0.791135679241
2079 0.791113069504
2081 0.791112891444
2083 0.791098055408
2085 0.791089831684
2087 0.791078091031
2089 0.791074336728
2091 0.791065515772
2117 0.784310686247
2119 0.784309780687
2145 0.780202879885
2147 0.780202670739
2173 0.778156300156
2175 0.778154469453
2201 0.776620031717
2203 0.77661871197
2229 0.774905915907
2231 0.774904894276
2257 0.768784555925
2283 0.753550962023
2309 0.750617378638
2335 0.738917926489
2361 0.737505631619
2370 0.737263500124
2372 0.737258025904
2374 0.737235652928
2376 0.737233665296
2378 0.737216606274
2404 0.734368616918
2406 0.734358352552
2432 0.733051129889
2434 0.733046058007
2440 0.732913861242
2466 0.724764840778
2468 0.724760074134
2494 0.719458931704
2496 0.719457686727
2522 0.716499037922
2524 0.716496137607
2533 0.716216224774
2535 0.716215514644
2537 0.716194968077
2539 0.716194678507
2541 0.716189990271
2567 0.702274222492
2569 0.702259488998
2595 0.690799061751
2597 0.690780314501
2599 0.690779142252
2601 0.690777685712
2603 0.690777672662
2605 0.690777440092
2607 0.69077725293
2633 0.684013019529
2659 0.679073350811
2685 0.672427330699
2711 0.671185999888
2737 0.66516473128
2763 0.654176710906
2765 0.654162770409
2791 0.647156727079
2793 0.647146176242
2819 0.642666149686
2821 0.642654540763
2847 0.626264371628
2849 0.626259969193
2875 0.617109448984
2877 0.617107861888
2879 0.617098032282
2881 0.617091264387
2883 0.617075260818
2885 0.617070227189
2887 0.617050689499
2889 0.617032991737
2891 0.617023840106
2893 0.617004864827
2895 0.61699727354
2897 0.616980278417
2899 0.616966265944
2901 0.616957259566
2903 0.61694349446
2905 0.616936754602
2907 0.616924903825
2909 0.616916449559
2935 0.608132010987
2937 0.608116724782
2963 0.60535330664
2965 0.60533579808
2967 0.605329272767
2993 0.602800307601
2995 0.602799027352
3000 0.60269276091
3002 0.602692535687
3004 0.602682359475
3006 0.60266593998
3008 0.602648498685
3034 0.601900552975
3036 0.601878419448
3062 0.600788237972
3064 0.600769686252
3090 0.599472706994
3092 0.599465450347
3094 0.599464822987
3096 0.599459727186
3098 0.599459428217
3100 0.599456093462
3102 0.599455172249
3104 0.59943445978
3106 0.599434398837
3108 0.599415180839
3110 0.599415180681
3112 0.599407096369
3114 0.59940352653
3116 0.599397205884
3118 0.599396658565
3120 0.599392038276
3133 0.599050174351
3135 0.599049821581
3157 0.598372702456
3159 0.598372050134
3161 0.598348361968
3163 0.598348199868
3189 0.596774684721
3191 0.596774377275
3217 0.594938926178
3219 0.594938460898
3227 0.594751389303
3253 0.585756963572
3259 0.585626536253
3285 0.578964362769
3289 0.578890372923
3291 0.578872780012
3293 0.578870469383
3295 0.578855293881
3297 0.578854970127
3299 0.578845026339
3301 0.578832887824
3303 0.578828394032
3305 0.578806190151
3307 0.578805258264
3309 0.578783093275
3335 0.577707585974
3337 0.577705139594
3363 0.576747939954
3365 0.576747803163
3372 0.576590974507
3374 0.57659003678
3376 0.576571033584
3378 0.576570950939
3380 0.576554254781
3382 0.576554241805
3384 0.576553161489
3410 0.567259288673
3412 0.567249708139
3438 0.559895249893
3440 0.559880121613
3442 0.559879533962
3444 0.559879532366
3446 0.559879448698
3448 0.559878877831
3450 0.559878129425
3476 0.554634786239
3479 0.554584131615
3505 0.549413559277
3507 0.549388999524
3533 0.544804359105
3559 0.542331608641
3561 0.542320315078
3587 0.540541840497
3589 0.540534738179
3615 0.539362173979
3617 0.539356500851
3643 0.534210657863
3645 0.534209430921
3671 0.53142981504
3673 0.531429705614
3675 0.531424359122
3677 0.531419992262
3679 0.531408616982
3681 0.53140543111
3683 0.531389970925
3685 0.531377960293
3687 0.531371396165
3689 0.531358028251
3691 0.531352607187
3693 0.531340606327
3695 0.531331944958
3697 0.531326505826
3699 0.531317707832
3701 0.531313681466
3703 0.531306098249
3705 0.531302174696
3726 0.530529142458
3728 0.530519348609
3730 0.530496708269
3732 0.530484413761
3734 0.53048084396
3736 0.530456870404
3738 0.530456540424
3740 0.530436040384
3742 0.530436040379
3744 0.530429750529
3746 0.530418083996
3748 0.5304052563
3774 0.52951045919
3776 0.529492336066
3802 0.528205399838
3804 0.52819127844
3830 0.526672476767
3832 0.526668768994
3834 0.526668619048
3836 0.526666140478
3838 0.526666071295
3840 0.52666457924
3842 0.52666414877
3844 0.52664653817
3846 0.526646537893
3848 0.526630185215
3850 0.526630159219
3852 0.526625766649
3854 0.526624083781
3856 0.526620707068
3858 0.526620682169
3860 0.52661830928
3862 0.526608159323
3864 0.526607776813
3866 0.526585182154
3868 0.526584590955
3870 0.526562550218
3872 0.526562548035
3898 0.524911251632
3900 0.524911145186
3926 0.522988121969
3928 0.522987735545
3930 0.522967718145
3956 0.51804184379
3958 0.518020323066
3984 0.514401125258
3986 0.514380318136
3988 0.514367095999
3990 0.514365479486
3992 0.514355148865
3994 0.514355028761
3996 0.514349445744
3998 0.514338967619
4000 0.514336300062
4002 0.514316298414
4004 0.514316136068
4006 0.514296126552
4008 0.514286022518
4010 0.51428464758
4012 0.514262210736
4014 0.5142622093
4016 0.514239068541
4018 0.51423865478
4020 0.514223102839
4022 0.514223101446
4024 0.514209483511
4026 0.514209477476
4028 0.514209438609
4054 0.508421829428
4056 0.508415426458
4082 0.503953250208
4084 0.503940695237
4086 0.503939900642
4088 0.50393978518
4090 0.503939649275
4092 0.503937204981
4094 0.503936099849
4120 0.500384347269
4124 0.500306804185
4150 0.496597239988
4152 0.49657567074
4178 0.493310890227
4180 0.493286876772
4182 0.493278270483
4200 0.492795466759
4202 0.492790551219
4208 0.492664438451
4210 0.492661207797
4236 0.491103582797
4238 0.491103283996
4263 0.490327169418
4265 0.490327134304
4267 0.490324431674
4269 0.490321616264
4271 0.49031367502
4273 0.490311670402
4275 0.490299711196
4277 0.490291602553
4279 0.490286889636
4281 0.490277448664
4283 0.490273576745
4285 0.490265078155
4287 0.490259755542
4289 0.490256486275
4291 0.490250846128
4293 0.490248460396
4295 0.490243592253
4297 0.490241886921
4299 0.490219347686
4301 0.490213049445
4303 0.49019234201
4305 0.490183701308
4307 0.490181315674
4309 0.490160497912
4311 0.490160423558
4313 0.490142753881
4315 0.490142684495
4317 0.490138918206
4319 0.490130587803
4321 0.490121057964
4347 0.489073064411
4349 0.489058501343
4375 0.4875681684
4377 0.487557969615
4403 0.485813471873
4405 0.485811532068
4407 0.485811495958
4409 0.485810283154
4411 0.485810267592
4413 0.48580962282
4415 0.485809343901
4417 0.48579436176
4419 0.485794355236
4421 0.485780433139
4423 0.485780377795
4425 0.4857779809
4427 0.48577706452
4429 0.485775264737
4431 0.485775253091
4433 0.485774057406
4435 0.485764974178
4437 0.485764547379
4439 0.485743508781
4441 0.485742949011
4443 0.485722432492
4445 0.485722345417
4471 0.484003057912
4473 0.484002997735
4499 0.482011300572
4501 0.482010852831
4503 0.481990605041
4529 0.479391957625
4531 0.47937223713
4557 0.477448640809
4559 0.477431265222
4561 0.477421091554
4563 0.47741992899
4565 0.477412761403
4567 0.477412731501
4569 0.477409687474
4571 0.477400759971
4573 0.477398552892
4575 0.477380644558
4577 0.477380577341
4579 0.477362616075
4581 0.477353464732
4583 0.47735263038
4585 0.47733157207
4587 0.477331543106
4589 0.477309784264
4591 0.477309534724
4593 0.477296788848
4595 0.477296783436
4597 0.477285663131
4599 0.477285636565
4601 0.477285447227
4627 0.473836088844
4629 0.473831705888
4655 0.47121610375
4657 0.471205461816
4659 0.471204308536
4661 0.471204233571
4663 0.471204096705
4665 0.471199731317
4667 0.471198405458
4693 0.468989913152
4696 0.46894152677
4722 0.466423853243
4724 0.466404762574
4750 0.464185806296
4752 0.464171064557
4754 0.464164622918
4756 0.464142600395
4758 0.464139230749
4760 0.4641155574
4762 0.464113398329
4765 0.464064211247
4767 0.464064132386
4769 0.464041392345
4771 0.4640412307
4773 0.464040043426
4775 0.464038238003
4777 0.46403292358
4779 0.464031677589
4781 0.464022762706
4783 0.464017324956
4785 0.46401393819
4787 0.46400725246
4789 0.464004487213
4791 0.463998449618
4793 0.463995204272
4795 0.463993239454
4797 0.463989611111
4799 0.463988203813
4801 0.463985066799
4803 0.463984462526
4805 0.463963794825
4807 0.463959697797
4809 0.46394075631
4811 0.463934528248
4813 0.463932769799
4815 0.46391468557
4817 0.463914678993
4819 0.463899450067
4821 0.463899265419
4823 0.463897108239
4825 0.463891126653
4827 0.463883967642
4853 0.462686346455
4855 0.462674923889
4881 0.460987255185
4883 0.460980436025
4909 0.459021196487
4911 0.459020148097
4913 0.459020139239
4915 0.459019539483
4917 0.459019536182
4919 0.459019271783
4921 0.459019046612
4923 0.459006295806
4925 0.459006280947
4927 0.458994423836
4929 0.458994352571
4931 0.45899303113
4933 0.458992455339
4935 0.458991494308
4937 0.458991424069
4939 0.458990834636
4941 0.458982718946
4943 0.458982263928
4945 0.458962665574
4947 0.458962122008
4949 0.458943017129
4951 0.458942800491
4977 0.457177979865
4979 0.457177930981
5005 0.455142898552
5007 0.45514232462
5009 0.4551221187
5035 0.453778028027
5037 0.453760321241
5063 0.452745616439
5065 0.452731635641
5067 0.452723609398
5069 0.452722749084
5071 0.452717662527
5073 0.452717661167
5075 0.45271606502
5077 0.452708480272
5079 0.452706634376
5081 0.452690587213
5083 0.452690568957
5085 0.452674432055
5087 0.452666152129
5089 0.452665582563
5091 0.452645810083
5093 0.452645720421
5095 0.452625253592
5097 0.452625063213
5099 0.45261461754
5101 0.452614602504
5103 0.452605524941
5105 0.452605484516
5107 0.452604653266
5133 0.450601819001
5135 0.450598750376
5161 0.449096567657
5163 0.449087384779
5165 0.449085876476
5167 0.449085875712
5169 0.449085749841
5171 0.449079901984
5173 0.449078434276
5199 0.447800395192
5201 0.447776990568
5227 0.446122507739
5229 0.446104917935
5255 0.444632507057
5257 0.444618341362
5259 0.444613585843
5261 0.444592232513
5263 0.444589966473
5265 0.444566983981
5267 0.444565322139
5269 0.444542095106
5271 0.444542080099
5273 0.444520382134
5275 0.444520090546
5277 0.444519676455
5279 0.444518515003
5281 0.444514939029
5283 0.444514168451
5285 0.444507385622
5287 0.444503769645
5289 0.444501333685
5291 0.444496584298
5293 0.444494609862
5295 0.444490304844
5297 0.444488346371
5299 0.444487162571
5301 0.444484818553
5303 0.444483990971
5305 0.444481960172
5307 0.444481828027
5309 0.444462875627
5311 0.444460173761
5313 0.444442846977
5315 0.444438233517
5317 0.444436822541
5319 0.444421107795
5321 0.44442110616
5323 0.44440798296
5325 0.444407695984
5327 0.444406538177
5329 0.44440221559
5331 0.444396771308
5357 0.443065873991
5359 0.443057188287
5385 0.441194081106
5387 0.441190038763
5413 0.439044675753
5415 0.439044083911
5417 0.439044081646
5419 0.439043779677
5421 0.439043779062
5423 0.43904367927
5425 0.439043474633
5427 0.439032620041
5429 0.439032600672
5431 0.439022499561
5433 0.439022420777
5435 0.439021682354
5437 0.439021268305
5439 0.439020753911
5441 0.439020625585
5443 0.439020344364
5445 0.439013105763
5447 0.439012631953
5449 0.43899436756
5451 0.438993832228
5453 0.43897603536
5455 0.438975669456
5481 0.437190858524
5483 0.43719081094
5509 0.435140813678
5511 0.435140074292
5513 0.435120282134
5533 0.43459520566
5535 0.434579758528
5542 0.434427471824
5544 0.434416715799
5546 0.434410052439
5548 0.434409401895
5550 0.434405529178
5552 0.434405523879
5554 0.434404586262
5556 0.434398162854
5558 0.434396601732
5560 0.434382210478
5562 0.434382209705
5564 0.43436769888
5566 0.434360216283
5568 0.434359783601
5570 0.434341211631
5572 0.434341067184
5574 0.434321809047
5576 0.434321641937
5578 0.434313087932
5580 0.434313067132
5582 0.434305665423
5584 0.434305617847
5586 0.4343039996
5612 0.433158288308
5614 0.433156090637
5640 0.432303596257
5642 0.432295543054
5644 0.43229374227
5646 0.432293556031
5648 0.432293441614
5650 0.432286633013
5652 0.432285076765
5676 0.431664903155
5678 0.431642001063
5704 0.430554711165
5706 0.43053867092
5732 0.429556236034
5734 0.429542691187
5736 0.429539156329
5738 0.429518528566
5740 0.429517023473
5742 0.429494788513
5744 0.429493413529
5746 0.429471218419
5748 0.429471218033
5750 0.429450514012
5752 0.429450117303
5754 0.429450036017
5756 0.429449285691
5758 0.429446858812
5760 0.429446385186
5762 0.429441106853
5764 0.429438727757
5766 0.429436973986
5768 0.429433587841
5770 0.429432178572
5772 0.429429095826
5774 0.429427929958
5776 0.429427214425
5778 0.429425692267
5780 0.429425207557
5782 0.429423885472
5784 0.429423883912
5786 0.429406503998
5788 0.429404693162
5790 0.429388843343
5792 0.429385325964
5794 0.429384114616
5796 0.42937045465
5798 0.429370440857
5800 0.429359134664
5802 0.429358770675
5804 0.429358209346
5806 0.429355062692
5808 0.42935086673
5834 0.427917186715
5836 0.427910839847
5862 0.425911151794
5864 0.425909210679
5890 0.423624337733
5892 0.423623984501
5894 0.42362398387
5896 0.423623827425
5898 0.423623827344
5900 0.423623794721
5902 0.423623598038
5904 0.42361435593
5906 0.423614334513
5908 0.423605727526
5910 0.423605645293
5912 0.423605225338
5914 0.423604892504
5916 0.423604616264
5918 0.423604445024
5920 0.423604317437
5922 0.42359787328
5924 0.423597386107
5926 0.423580357681
5928 0.423579826351
5930 0.42356324176
5932 0.423562707953
5958 0.421788202911
5960 0.421788153388
5986 0.419756282745
5988 0.419755352608
5990 0.419736813632
5992 0.419714210148
5994 0.419701343556
5996 0.419677092179
5998 0.419669190301
6000 0.419663454463
6002 0.419662949513
6004 0.419659769119
6006 0.419659743393
6008 0.419659122899
6010 0.419653702461
6012 0.419652367036
6014 0.41963944998
6016 0.419639445766
6018 0.419626385204
6020 0.419619632098
6022 0.419619273362
6024 0.419601822953
6026 0.419601637479
6028 0.419583510541
6030 0.4195833529
6032 0.419576355128
6034 0.419576331521
6036 0.419570304927
6038 0.419570253929
6040 0.419567867246
6056 0.419170319384
6058 0.41916876956
6060 0.419144884308
6062 0.419138027173
6064 0.419135986481
6066 0.419135204425
6068 0.419135115017
6070 0.419127958707
6072 0.419126491505
6074 0.419111107604
6076 0.419089466345
6102 0.418304666993
6104 0.418290161162
6130 0.417573930758
6132 0.417561076603
6134 0.417558428354
6136 0.417538613378
6138 0.417537629319
6140 0.417516227124
6142 0.417515023575
6144 0.417493815459
6146 0.417493813235
6148 0.417474057576
6150 0.417473583697
6152 0.41747358369
6154 0.417473096412
6156 0.417471432699
6158 0.417471143887
6160 0.417466939812
6162 0.417465395557
6164 0.417464131605
6166 0.417461707161
6168 0.417460701802
6170 0.417458483355
6172 0.417457801882
6174 0.417457367597
6176 0.417456372875
6178 0.41745609048
6180 0.417455223862
6182 0.417455177996
6184 0.417439239775
6186 0.417438003084
6188 0.417423504534
6190 0.417420742392
6192 0.41741964879
6194 0.417407771249
6196 0.417407743649
6198 0.417398005423
6200 0.417397587472
6202 0.417397359677
6204 0.417395049896
6206 0.417391769144
6232 0.41589881578
6234 0.415894410788
6260 0.413812066655
6262 0.413811482155
6288 0.411448659587
6290 0.411448434263
6292 0.411448434058
6294 0.411448349531
6296 0.411448349529
6298 0.411448341597
6300 0.411448147835
6302 0.411440277579
6304 0.411440255306
6306 0.411432920169
6308 0.411432836321
6310 0.411432592023
6312 0.411432301531
6314 0.411432152506
6316 0.411431952468
6318 0.41143189912
6320 0.41142617388
6322 0.411425676503
6324 0.411409793595
6326 0.411409263981
6328 0.411393803185
6330 0.411393083771
6356 0.409658130251
6358 0.409658077886
6384 0.407675501499
6386 0.407674365476
6388 0.407657668769
6390 0.40763534274
6392 0.407624815174
6394 0.407600866791
6396 0.407595363219
6398 0.407590403277
6400 0.40758999734
6402 0.407587382795
6404 0.40758733084
6406 0.407586940606
6408 0.407582384935
6410 0.407581229314
6412 0.407569625521
6414 0.407569604483
6416 0.407557838222
6418 0.407551752319
6420 0.407551434738
6422 0.407535032569
6424 0.407534818466
6426 0.407517750486
6428 0.407517596634
6430 0.407511910309
6432 0.407511885448
6434 0.40750701438
6436 0.407506961773
6438 0.407503905483
6440 0.407479905769
6442 0.407478816043
6444 0.407455436946
6446 0.4074495188
6448 0.407447399949
6450 0.407445276172
6452 0.407445203964
6454 0.407438918203
6456 0.407437523009
6458 0.407428358187
6460 0.407407941816
6462 0.407384524517
6464 0.407371451992
6469 0.407272006055
6471 0.407259964086
6473 0.407257962411
6475 0.40723911812
6477 0.407238487759
6479 0.407218077825
6481 0.407216979122
6483 0.40719671503
6485 0.407196706848
6487 0.407177856275
6489 0.407177328442
6491 0.407177273717
6493 0.407176955203
6495 0.407175801177
6497 0.407175626855
6499 0.407172199164
6501 0.40717121414
6503 0.407170302148
6505 0.407168557721
6507 0.407167840999
6509 0.407166235375
6511 0.407165846839
6513 0.407165581856
6515 0.407164926802
6517 0.407164763421
6519 0.40716419062
6521 0.407164020284
6523 0.407149403896
6525 0.407148540975
6527 0.407135278878
6529 0.407133045041
6531 0.407132022038
6533 0.407121691065
6535 0.407121652327
6537 0.407113267154
6539 0.407112812748
6541 0.40711274975
6543 0.407111038251
6545 0.407108433576
6571 0.405608682625
6573 0.405605826135
6599 0.403504634932
6601 0.403504617363
6627 0.401133979481
6629 0.401133824824
6631 0.40113382474
6633 0.401133776427
6635 0.401133776422
6637 0.40113377566
6639 0.401133582773
6641 0.401126880069
6643 0.401126857469
6645 0.401120605351
6647 0.401120520697
6649 0.401120374485
6651 0.401120106408
6653 0.401120025497
6655 0.401119806798
6657 0.401119787494
6659 0.401114712167
6661 0.401114206509
6663 0.401099385607
6665 0.401098856442
6667 0.401084437675
6669 0.401083518517
6695 0.399412428885
6697 0.399412373699
6723 0.397504409231
6725 0.397503060707
6727 0.397488036724
6729 0.397465962353
6731 0.397457492112
6733 0.397433819707
6735 0.397430255683
6737 0.397425946364
6739 0.397425608742
6741 0.397423456981
6743 0.397423378609
6745 0.397423150619
6747 0.397419339083
6749 0.39741832744
6751 0.397407894191
6753 0.397407848269
6755 0.397397237788
6757 0.397391761825
6759 0.397391467454
6761 0.397376045355
6763 0.397375811809
6765 0.39735973542
6767 0.397359582951
6769 0.397354972102
6771 0.39735494672
6773 0.397351020373
6775 0.397350967002
6777 0.397347359494
6779 0.39732386203
6781 0.397323059885
6783 0.397300177236
6785 0.397294918069
6787 0.39729282724
6789 0.397289550178
6791 0.397289481751
6793 0.397284290818
6795 0.397282932564
6797 0.397274254235
6799 0.397255596314
6801 0.397232944283
6803 0.397221241219
6805 0.397196979628
6807 0.397185711921
6809 0.397184184119
6811 0.39716627238
6813 0.39716587945
6815 0.397146424492
6817 0.397145390927
6819 0.397126029717
6821 0.397126015684
6823 0.397108029043
6825 0.39710746451
6827 0.397107288528
6829 0.397107078657
6831 0.397106267235
6833 0.397106163418
6835 0.397103303679
6837 0.397102689585
6839 0.3971020307
6841 0.397100768399
6843 0.3971002579
6845 0.397099088141
6847 0.397098874203
6849 0.397098711429
6851 0.397098276041
6853 0.397098182388
6855 0.397097799989
6857 0.397097477258
6859 0.397084072819
6861 0.397083456066
6863 0.397071325468
6865 0.397069466752
6867 0.397068486386
6869 0.397059497638
6871 0.397059450954
6873 0.397052233304
6875 0.397051754755
6877 0.397051750821
6879 0.397050469217
6881 0.397048367967
6907 0.395596823972
6909 0.395595136052
6935 0.393541178577
6937 0.393540936392
6963 0.391232752706
6965 0.391232638457
6967 0.391232638412
6969 0.39123260886
6971 0.391232608844
6973 0.391232608666
6975 0.391232415831
6977 0.391226707079
6979 0.39122668438
6981 0.39122135474
6983 0.391221269642
6985 0.391221179039
6987 0.391220922689
6989 0.391220878371
6991 0.391220647632
6993 0.391220642472
6995 0.391216154022
6997 0.391215641342
6999 0.391201805318
7001 0.391201275865
7003 0.391187823565
7005 0.391186696152
7031 0.389600431851
7033 0.389600374284
7059 0.387788385615
7061 0.387786825899
7063 0.387773311288
7065 0.38775146933
7067 0.387744780342
7069 0.387721363431
7071 0.387719289584
7073 0.387715527192
7075 0.387715237318
7077 0.387713464309
7079 0.387713361944
7081 0.387713243238
7083 0.387710070582
7085 0.387709174809
7087 0.387699785495
7089 0.387699710348
7091 0.387690132578
7093 0.387685213892
7095 0.387684932531
7097 0.387670427115
7099 0.387670180416
7101 0.387655032834
7103 0.38765488073
7105 0.387651140263
7107 0.38765111469
7109 0.387647950292
7111 0.387647896545
7113 0.387643868865
7115 0.387620864839
7117 0.387620246915
7119 0.387597851041
7121 0.387593064028
7123 0.387591016473
7125 0.387587158814
7127 0.387587092337
7129 0.387582339605
7131 0.387581013019
7133 0.387572543182
7135 0.387555494566
7137 0.387533157693
7139 0.387522695844
7141 0.387498798687
7143 0.387488260121
7145 0.38748708137
7147 0.387470054577
7149 0.387469818596
7151 0.387451271357
7153 0.387450278643
7155 0.387431780783
7157 0.387431762146
7159 0.387414600146
7161 0.387414011059
7163 0.387413687979
7165 0.38741354834
7167 0.387412968922
7169 0.387412908183
7171 0.387410468896
7173 0.387410097633
7175 0.387409620918
7177 0.38740870149
7179 0.387408338283
7181 0.387407479625
7183 0.387407367626
7185 0.38740726678
7187 0.38740697417
7189 0.38740692115
7191 0.387406662805
7193 0.387406187211
7195 0.387393893893
7197 0.387393441364
7199 0.387382346212
7201 0.387380757698
7203 0.38737980304
7205 0.387371979366
7207 0.387371927363
7209 0.387365717005
7211 0.38736522264
7213 0.387365213817
7215 0.387364242862
7217 0.387362519589
7243 0.386009390677
7245 0.386008520228
7271 0.384061930732
7273 0.384060726163
7299 0.381876978591
7301 0.381876888354
7303 0.381876888322
7305 0.38187686888
7307 0.381876868858
7309 0.381876867206
7311 0.381876674117
7313 0.38187181168
7315 0.381871788979
7317 0.381867245219
7319 0.381867159845
7321 0.381867101349
7323 0.381866850826
7325 0.381866826256
7327 0.38186658762
7329 0.381866587096
7331 0.381862627929
7333 0.38186210913
7335 0.381849186648
7337 0.381848656445
7339 0.381836100691
7341 0.38183476331
7367 0.380350010271
7369 0.380349950954
7395 0.378650548535
7397 0.378648786336
7399 0.378636624396
7401 0.378615001842
7403 0.378609828728
7405 0.378586653072
7407 0.378585641349
7409 0.378582339854
7411 0.378582083711
7413 0.378580620887
7415 0.378580497935
7417 0.378580447557
7419 0.378577821966
7421 0.378577019891
7423 0.378568562075
7425 0.378568455911
7427 0.378559801396
7429 0.378555391484
7431 0.378555117185
7433 0.378541469369
7435 0.378541213667
7437 0.378526936252
7439 0.378526784098
7441 0.378523748173
7443 0.378523722553
7445 0.378521172669
7447 0.378521118724
7449 0.378516782078
7451 0.378494262487
7453 0.37849376549
7455 0.378471846794
7457 0.378467405001
7459 0.378465403015
7461 0.378461278979
7463 0.378461214097
7465 0.378456639279
7467 0.378455343048
7469 0.378447080025
7471 0.378431492617
7473 0.378409467611
7475 0.378400121361
7477 0.378376583586
7479 0.378366731447
7481 0.378365811215
7483 0.378349624195
7485 0.378349489756
7487 0.378331805318
7489 0.378330838336
7491 0.378313165855
7493 0.378313143919
7495 0.378296769031
7497 0.378296163693
7499 0.378295690615
7501 0.378295596609
7503 0.378295175617
7505 0.378295140926
7507 0.378293016493
7509 0.378292801389
7511 0.378292455909
7513 0.378291781179
7515 0.378291523122
7517 0.378290887413
7519 0.378290833136
7521 0.378290769988
7523 0.378290570734
7525 0.378290541222
7527 0.378290364225
7529 0.378289748547
7531 0.378278473835
7533 0.378278132397
7535 0.378267984773
7537 0.378266593531
7539 0.378265654198
7541 0.378258841998
7543 0.378258786581
7545 0.378253445126
7547 0.378252940459
7549 0.378252890177
7551 0.378252145104
7553 0.378250708035
7579 0.377035145768
7581 0.377034787604
7607 0.375243051272
7609 0.375240256974
7635 0.373228339932
7637 0.373228264598
7639 0.373228264572
7641 0.373228250866
7643 0.37322825084
7645 0.373228247364
7647 0.373228053923
7649 0.373223912194
7651 0.373223889528
7653 0.373220015382
7655 0.373219929816
7657 0.373219890251
7659 0.373219642248
7661 0.3732196284
7663 0.373219384414
7665 0.37321938425
7667 0.373215901767
7669 0.373215377567
7671 0.373203302638
7673 0.373202771361
7675 0.373191047455
7677 0.373189505584
7703 0.371818199081
7705 0.371818138737
7731 0.370242857199
7733 0.370240907897
7735 0.370229949486
7737 0.370208539117
7739 0.370204632078
7741 0.37018168926
7743 0.370181343491
7745 0.370178431367
7747 0.370178199241
7749 0.370176990628
7751 0.370176850638
7753 0.370176837193
7755 0.370174678627
7757 0.370173952664
7759 0.370166326453
7761 0.370166189195
7763 0.370158360549
7765 0.370154414737
7767 0.370154143974
7769 0.370141298669
7771 0.370141036652
7773 0.370127574632
7775 0.370127422274
7777 0.370124956788
7779 0.370124931182
7781 0.370122876877
7783 0.370122822819
7785 0.370118266795
7787 0.370096222541
7789 0.370095806815
7791 0.370074355784
7793 0.370070171628
7795 0.370068215127
7797 0.370063970683
7799 0.370063907306
7801 0.370059404357
7803 0.370058137853
7805 0.370050078765
7807 0.370035818511
7809 0.370014101564
7811 0.370005757726
7813 0.369982574211
7815 0.369973368078
7817 0.36997264045
7819 0.369957250346
7821 0.369957179577
7823 0.36994031526
7825 0.369939364483
7827 0.369922480933
7829 0.369922456752
7831 0.369906833127
7833 0.369906217116
7835 0.369905603263
7837 0.369905539088
7839 0.369905227297
7841 0.369905208134
7843 0.369903322068
7845 0.369903204887
7847 0.369902954045
7849 0.369902454651
7851 0.369902271616
7853 0.369901796409
7855 0.369901773271
7857 0.369901733205
7859 0.369901595427
7861 0.36990157938
7863 0.369901456127
7865 0.36990071845
7867 0.36989037748
7869 0.369890112304
7871 0.369880831728
7873 0.36987958632
7875 0.369878655905
7877 0.369872721982
7879 0.369872664455
7881 0.369868072379
7883 0.369867561023
7885 0.369867450393
7887 0.369866870686
7889 0.369865652196
7915 0.368812074403
7917 0.368811983252
7943 0.367206208302
7945 0.367201352731
7971 0.365391092672
7973 0.365391027072
7975 0.365391027048
7977 0.365391016813
7979 0.365391016785
7981 0.365391011664
7983 0.365390817862
7985 0.36538728994
7987 0.365387267326
7989 0.365383963805
7991 0.365383878093
7993 0.365383849951
7995 0.365383602613
7997 0.365383594636
7999 0.365383346854
8001 0.365383345349
8003 0.365380291537
8005 0.365379762547
8007 0.365368474124
8009 0.365367941531
8011 0.365356989603
8013 0.365355255637
8039 0.364104537595
8041 0.364104476961
8067 0.362659881935
8069 0.362657766562
8071 0.362647871116
8073 0.36262667085
8075 0.362623799829
8077 0.362601086623
8079 0.362601050873
8081 0.36259846853
8083 0.36259825358
8085 0.362597253461
8087 0.362597099713
8089 0.362597099392
8091 0.362595338139
8093 0.36259467426
8095 0.362587790873
8097 0.362587623549
8099 0.36258053409
8101 0.362577011224
8103 0.362576741895
8105 0.362564647717
8107 0.362564381118
8109 0.362551683327
8111 0.362551530724
8113 0.362549527229
8115 0.362549501661
8117 0.362547846992
8119 0.362547792865
8121 0.362543087403
8123 0.362521509361
8125 0.362521149479
8127 0.36250015671
8129 0.36249616898
8131 0.362494257352
8133 0.362489957165
8135 0.362489895256
8137 0.362485419966
8139 0.362484182694
8141 0.362476324168
8143 0.362463269705
8145 0.362441856806
8147 0.362434413397
8149 0.362411579022
8151 0.362402980665
8153 0.362402397443
8155 0.3623877636
8157 0.362387730849
8159 0.36237164611
8161 0.362370705499
8163 0.36235457592
8165 0.362354550265
8167 0.36233964366
8169 0.362339020686
8171 0.362338280943
8173 0.362338236412
8175 0.362338000664
8177 0.362337990575
8179 0.362336286835
8181 0.362336228796
8183 0.362336046279
8185 0.362335673091
8187 0.362335543539
8189 0.362335184468
8191 0.362335176757
8193 0.362335150923
8195 0.36233505396
8197 0.36233504552
8199 0.362334958082
8201 0.362334117536
8203 0.362324632479
8205 0.362324420451
8207 0.362315933256
8209 0.362314796886
8211 0.362313871432
8213 0.36230870028
8215 0.362308641505
8217 0.362304695587
8219 0.362304179896
8221 0.362304001197
8223 0.362303543442
8225 0.362302493311
8251 0.361420019744
8253 0.361420017435
8279 0.360014528139
8281 0.360007320795
8307 0.358411331597
8309 0.358411272747
8311 0.358411272724
8313 0.35841126475
8315 0.358411264721
8317 0.358411258224
8319 0.358411064086
8321 0.358408058972
8323 0.358408036415
8325 0.358405219218
8327 0.358405133393
8329 0.358405112313
8331 0.358404864608
8333 0.358404859881
8335 0.358404609259
8337 0.358404605921
8339 0.358401936978
8341 0.358401403739
8343 0.358390845344
8345 0.358390311238
8347 0.358380075891
8349 0.358378168343
8375 0.357250711407
8377 0.357250651199
8403 0.35593878792
8405 0.355936531904
8407 0.355927568372
8409 0.355906580463
8411 0.355904538237
8413 0.355882055822
8415 0.355882020094
8417 0.355879717778
8419 0.355879515117
8421 0.355878686133
8423 0.355878521479
8425 0.35587851648
8427 0.355877091878
8429 0.355876478832
8431 0.355870259335
8433 0.355870063657
8435 0.355863636201
8437 0.355860498372
8439 0.355860229225
8441 0.355848838239
8443 0.355848568178
8445 0.355836586814
8447 0.35583643397
8449 0.355834804757
8451 0.355834779235
8453 0.355833446805
8455 0.355833392633
8457 0.35582859124
8459 0.355807470314
8461 0.355807149611
8463 0.355786605821
8465 0.355782771287
8467 0.355780903817
8469 0.355776576087
8471 0.355776515621
8473 0.355772049454
8475 0.355770840947
8477 0.355763179413
8479 0.355751220847
8481 0.355730107916
8483 0.355723473062
8485 0.355700982738
8487 0.355692956013
8489 0.355692481783
8491 0.355678565641
8493 0.35567855375
8495 0.355663210086
8497 0.355662275803
8499 0.355646866685
8501 0.355646840091
8503 0.355632617803
8505 0.355631990321
8507 0.355631141481
8509 0.355631109996
8511 0.355630927788
8513 0.355630922848
8515 0.355629359911
8517 0.355629335493
8519 0.355629202366
8521 0.355628920482
8523 0.355628829019
8525 0.355628554462
8527 0.355628553116
8529 0.355628536135
8531 0.355628466521
8533 0.355628462295
8535 0.35562839896
8537 0.355627473585
8539 0.355618773077
8541 0.355618598653
8543 0.355610837412
8545 0.355609783412
8547 0.355608860491
8549 0.355604351931
8551 0.355604292464
8553 0.355600903569
8555 0.355600385076
8557 0.355600137428
8559 0.35559977031
8561 0.355598850943
8587 0.354883350378
8589 0.35488332468
8615 0.353677899295
8617 0.353668232819
8643 0.352284699882
8645 0.352284646031
8647 0.352284646009
8649 0.352284639624
8651 0.352284639595
8653 0.352284631939
8655 0.352284437503
8657 0.352281877716
8659 0.352281855218
8661 0.352279452542
8663 0.352279366624
8665 0.352279350016
8667 0.352279101388
8669 0.352279098486
8671 0.35227884562
8673 0.352278840493
8675 0.352276516476
8677 0.352275979474
8679 0.352266098855
8681 0.352265563076
8683 0.352255993043
8685 0.352253935369
8711 0.351248532266
8713 0.351248473145
8739 0.350067544128
8741 0.350065175887
8743 0.350057023429
8745 0.3500362536
8747 0.35003485765
8749 0.350012610757
8751 0.350012313945
8753 0.35001025002
8755 0.350010056115
8757 0.35000936772
8759 0.350009194549
8761 0.350009171809
8763 0.35000803113
8765 0.350007459844
8767 0.350001834028
8769 0.350001612088
8771 0.34999577788
8773 0.349992990173
8775 0.349992720472
8777 0.349981987948
8779 0.349981715155
8781 0.349970405555
8783 0.349970252494
8785 0.349968926614
8787 0.349968901142
8789 0.349967828516
8791 0.349967774314
8793 0.349962917363
8795 0.349942244525
8797 0.349941951852
8799 0.349921847899
8801 0.349918135769
8803 0.349916311724
8805 0.349911968761
8807 0.349911909711
8809 0.34990744497
8811 0.349906264756
8813 0.349898796582
8815 0.349887834384
8817 0.349867017334
8819 0.349861108276
8821 0.349838956964
8823 0.349831467706
8825 0.349831076313
8827 0.349817841304
8829 0.349817838981
8831 0.349803199829
8833 0.349802269438
8835 0.349787548683
8837 0.349787521511
8839 0.34977395231
8841 0.349773321943
8843 0.349772380631
8845 0.349772357894
8847 0.349772213822
8849 0.349772211676
8851 0.349770758451
8853 0.349770751125
8855 0.349770653753
8857 0.3497704383
8859 0.349770373929
8861 0.349770161255
8863 0.34977016124
8865 0.349770149822
8867 0.349770098728
8869 0.349770096767
8871 0.349770049831
8873 0.349769055642
8875 0.349761074261
8877 0.349760926839
8879 0.349753829833
8881 0.349752838645
8883 0.349751916784
8885 0.349747983925
8887 0.349747924124
8889 0.349745015286
8891 0.349744494993
8893 0.34974418151
8895 0.349743882307
8897 0.349743065325
8899 0.349720622087
8901 0.349720604104
8927 0.348656569626
8929 0.348646025303
8955 0.347415151266
8957 0.347415103095
8959 0.347415103072
8961 0.34741509843
8963 0.3474150984
8965 0.347415089017
8967 0.347414894326
8969 0.347412713884
8971 0.347412691444
8973 0.347410642115
8975 0.347410556124
8977 0.347410542412
8979 0.347410292579
8981 0.347410290718
8983 0.347410035989
8985 0.347410029317
8987 0.347408013827
8989 0.347407473495
8991 0.347398222282
8993 0.347397684702
8995 0.347388732523
8997 0.347386551711
9023 0.346498855396
9025 0.346498797944
9051 0.345443953489
9053 0.345441502997
9055 0.345434051369
9057 0.3454135079
9059 0.345412601056
9061 0.345390597058
9063 0.345389827351
9065 0.345387966889
9067 0.345387779156
9069 0.34538720636
9071 0.345387026622
9073 0.345386976793
9075 0.345386074262
9077 0.345385537377
9079 0.345380442762
9081 0.345380196828
9083 0.345374894589
9085 0.345372424845
9087 0.34537215417
9089 0.345362038341
9091 0.345361763303
9093 0.345351083707
9095 0.345350930458
9097 0.345349850512
9099 0.345349825086
9101 0.345348961901
9103 0.345348907679
9105 0.345344025324
9107 0.345323791606
9109 0.345323519365
9111 0.34530384622
9113 0.345300234402
9115 0.345298453048
9117 0.345294100306
9119 0.345294042647
9121 0.345289576224
9123 0.34528842383
9125 0.345281145357
9127 0.345271089349
9129 0.345250564074
9131 0.345245306263
9133 0.345223488937
9135 0.345216504856
9137 0.345216176868
9139 0.34520358829
9141 0.345203588279
9143 0.345189618899
9145 0.345188690863
9147 0.345174627723
9149 0.345174600212
9151 0.345161654255
9153 0.345161022073
9155 0.345160003675
9157 0.345159986867
9159 0.345159870287
9161 0.345159869541
9163 0.34515850252
9165 0.345158501812
9167 0.345158430365
9169 0.345158263542
9171 0.34515821841
9173 0.345158051357
9175 0.345158050039
9177 0.345158042158
9179 0.345158003749
9181 0.345158002949
9183 0.3451579673
9185 0.345156918003
9187 0.345149595768
9189 0.345149468012
9191 0.345142978742
9193 0.345142035866
9195 0.345141114192
9197 0.345137681657
9199 0.345137621744
9201 0.345135126508
9203 0.345134605075
9205 0.345134231014
9207 0.345133983128
9209 0.345133246932
9211 0.345114632157
9213 0.345114622399
9239 0.344184244479
9241 0.3441729091
9267 0.343085898454
9269 0.343085854338
9271 0.343085854314
9273 0.343085850824
9275 0.343085850795
9277 0.343085840008
9279 0.343085645102
9281 0.343083787819
9283 0.343083765434
9285 0.343082017337
9287 0.34308193129
9289 0.343081919489
9291 0.343081668326
9293 0.343081667073
9295 0.343081410738
9297 0.343081402812
9299 0.343079662701
9301 0.343079119425
9303 0.343070452882
9305 0.343069913406
9307 0.343061535175
9309 0.343059260285
9335 0.342282579373
9337 0.342282524084
9363 0.341346676484
9365 0.341344173936
9367 0.341337323578
9369 0.341317016578
9371 0.341316466566
9373 0.341294714759
9375 0.341293307895
9377 0.341291621533
9379 0.341291438073
9381 0.341290960423
9383 0.341290775682
9385 0.341290692323
9387 0.341289988261
9389 0.341289479778
9391 0.341284860761
9393 0.341284593141
9395 0.341279768251
9397 0.341277586865
9399 0.341277314989
9401 0.341267776894
9403 0.341267499944
9405 0.341257411353
9407 0.341257257946
9409 0.341256377489
9411 0.341256352108
9413 0.34125565774
9415 0.341255603506
9417 0.34125071812
9419 0.341230914732
9421 0.341230657668
9423 0.341211406514
9425 0.341207879082
9427 0.34120613969
9429 0.341201779696
9431 0.341201723403
9433 0.34119725417
9435 0.341196129126
9437 0.341189036733
9439 0.341179805238
9441 0.341159567722
9443 0.341154894035
9445 0.341133405796
9447 0.341126896409
9449 0.3411266173
9451 0.341114642281
9453 0.341114640073
9455 0.341101307521
9457 0.341100380884
9459 0.341086945972
9461 0.341086918278
9463 0.341074567111
9465 0.341073933827
9467 0.341072852022
9469 0.34107283928
9471 0.341072742761
9473 0.341072742611
9475 0.34107144387
9477 0.341071443357
9479 0.341071390742
9481 0.341071259762
9483 0.341071228265
9485 0.341071095087
9487 0.341071091244
9489 0.341071085645
9491 0.341071056032
9493 0.341071055777
9495 0.341071027997
9497 0.341069935054
9499 0.341063217013
9501 0.341063103771
9503 0.341057170545
9505 0.341056265137
9507 0.341055343159
9509 0.341052345564
9511 0.341052285679
9513 0.341050146688
9515 0.341049624554
9517 0.341049196142
9519 0.341048987365
9521 0.341048315378
9523 0.341033152239
9525 0.341033149209
9551 0.340226515551
9553 0.340214485595
9579 0.339260585757
9581 0.339260544644
9583 0.339260544621
9585 0.339260541927
9587 0.339260541897
9589 0.33926052997
9591 0.339260334887
9593 0.339258752903
9595 0.339258730573
9597 0.339257239298
9599 0.339257153208
9601 0.339257142689
9603 0.339256890165
9605 0.339256889272
9607 0.339256631515
9609 0.339256622605
9611 0.339255127703
9613 0.339254581819
9615 0.339246458535
9617 0.339245917099
9619 0.33923807217
9621 0.339235732915
9647 0.338561786413
9649 0.338561733683
9675 0.337736306377
9677 0.337733781004
9679 0.33772744277
9681 0.337707383374
9683 0.337707081475
9685 0.337685592278
9687 0.337683428133
9689 0.337681891119
9691 0.337681710526
9693 0.337681311269
9695 0.337681122762
9697 0.337681001689
9699 0.337680461749
9701 0.337679976753
9703 0.337675783818
9705 0.337675496761
9707 0.337671100502
9709 0.337669180223
9711 0.337668907036
9713 0.337659910298
9715 0.337659631673
9717 0.337650097625
9719 0.33764994409
9721 0.337649225531
9723 0.337649200191
9725 0.337648641875
9727 0.337648587634
9729 0.337643715712
9731 0.337624333993
9733 0.337624088422
9735 0.3376052506
9737 0.337601796006
9739 0.337600097853
9741 0.337595731877
9743 0.337595676923
9745 0.337591204589
9747 0.337590106423
9749 0.337583196511
9751 0.337574715503
9753 0.337554761765
9755 0.337550611758
9757 0.337529447764
9759 0.337523384281
9761 0.337523143121
9763 0.337511750485
9765 0.337511743427
9767 0.337499016424
9769 0.337498090606
9771 0.337485255812
9773 0.337485228034
9775 0.337473444488
9777 0.337472810578
9779 0.337471677214
9781 0.337471667297
9783 0.337471585595
9785 0.337471585594
9787 0.337470341354
9789 0.337470337287
9791 0.337470298379
9793 0.337470194007
9795 0.337470172151
9797 0.337470064318
9799 0.337470057523
9801 0.337470053417
9803 0.337470029982
9805 0.33747002994
9807 0.337470007717
9809 0.337468880557
9811 0.337462716345
9813 0.337462613946
9815 0.337457189453
9817 0.337456313339
9819 0.337455390799
9821 0.337452771415
9823 0.337452711642
9825 0.337450879383
9827 0.337450356848
9829 0.337449880551
9831 0.337449701834
9833 0.337449081231
9835 0.337436958908
9837 0.337436958895
9863 0.336742896328
9865 0.33673027359
9891 0.335897661645
9893 0.335897622836
9895 0.335897622813
9897 0.335897620696
9899 0.335897620666
9901 0.335897607796
9903 0.335897412574
9905 0.335896065119
9907 0.335896042843
9909 0.335894770543
9911 0.335894684424
9913 0.335894674774
9915 0.335894420906
9917 0.335894420233
9919 0.33589416119
9921 0.335894151527
9923 0.335892874392
9925 0.335892326191
9927 0.335884707828
9929 0.335884164397
9931 0.335876815133
9933 0.335874440629
9935 0.335851333504
9937 0.335851303401
9963 0.335082590625
9965 0.335080148885
9967 0.335074085539
9969 0.335054397748
9971 0.335054156917
9973 0.335033050472
9975 0.335030454584
9977 0.335029045561
9979 0.335028866791
9981 0.335028532049
9983 0.335028340745
9985 0.33502817954
9987 0.335027774048
9989 0.335027308494
9991 0.335023497514
9993 0.335023193159
9995 0.335019182044
9997 0.33501749779
9999 0.335017223255
10001 0.335008733873
10003 0.335008453749
10005 0.334999440133
10007 0.334999286494
10009 0.334998699394
10011 0.334998674094
10013 0.334998225398
10015 0.334998171158
10017 0.334993324785
10019 0.334974356169
10021 0.334974119478
10023 0.334955686441
10025 0.334952296265
10027 0.334950638629
10029 0.334946267395
10031 0.334946213755
10033 0.334941738372
10035 0.334940666613
10037 0.334933935597
10039 0.334926137951
10041 0.334906464002
10043 0.334902783245
10045 0.334881938665
10047 0.334876293889
10049 0.334876082391
10051 0.33486524255
10053 0.334865229227
10055 0.334853078051
10057 0.334852152702
10059 0.334839891119
10061 0.334839863322
10063 0.334828621438
10065 0.334827987224
10067 0.334826812374
10069 0.334826804445
10071 0.334826733813
10073 0.334826733728
10075 0.334825533324
10077 0.334825523702
10079 0.334825494793
10081 0.334825410324
10083 0.334825395263
10085 0.334825306544
10087 0.334825296807
10089 0.334825293694
10091 0.334825274656
10093 0.334825274655
10095 0.334825256408
10097 0.334824102697
10099 0.33481844615
10101 0.334818351945
10103 0.334813392873
10105 0.334812539849
10107 0.334811616638
10109 0.33480932623
10111 0.33480926662
10113 0.33480769836
10115 0.33480717563
10117 0.334806657721
10119 0.334806502305
10121 0.334805923086
10123 0.334796423188
10125 0.33479642023
10127 0.334772771893
10129 0.334760730999
10155 0.333990198218
10157 0.333990162762
10159 0.333990162738
10161 0.333990161306
10163 0.333990161277
10165 0.333990146867
10167 0.333989951539
10169 0.33398880388
10171 0.333988781655
10173 0.333987696068
10175 0.333987609933
10177 0.333987600876
10179 0.33398734571
10181 0.333987345174
10183 0.333987084957
10185 0.333987074727
10187 0.33398599041
10189 0.333985443398
10191 0.333978294425
10193 0.333977746603
10195 0.333970858118
10197 0.333968484627
10199 0.333947229949
10201 0.333947210253
10227 0.333232429896
10229 0.333230035107
10231 0.333224217527
10233 0.333204897226
10235 0.333204706182
10237 0.333183978465
10239 0.333180939238
10241 0.333179640545
10243 0.333179462829
10245 0.333179181366
10247 0.333178988016
10249 0.333178785569
10251 0.333178488935
10253 0.333178039478
10255 0.333174571127
10257 0.333174251468
10259 0.333170586677
10261 0.333169115372
10263 0.333168839497
10265 0.333160825719
10267 0.333160544233
10269 0.333152019151
10271 0.333151865432
10273 0.333151385146
10275 0.333151359882
10277 0.333150999492
10279 0.333150945257
10281 0.333146133249
10283 0.333127569323
10285 0.333127339644
10287 0.333109303017
10289 0.333105971093
10291 0.333104353253
10293 0.333099977257
10295 0.333099924908
10297 0.333095446682
10299 0.333094400861
10301 0.333087845191
10303 0.333080670047
10305 0.333061271943
10307 0.333058011441
10309 0.333037481515
10311 0.333032229778
10313 0.333032041618
10315 0.333021726517
10317 0.33302170632
10319 0.333010102758
10321 0.33300917769
10323 0.332997463602
10325 0.332997435826
10327 0.332986710828
10329 0.332986076532
10331 0.332984868654
10333 0.332984862141
10335 0.332984799876
10337 0.332984799595
10339 0.332983634727
10341 0.332983618661
10343 0.332983597068
10345 0.332983527602
10347 0.332983517314
10349 0.332983443126
10351 0.332983430676
10353 0.332983428234
10355 0.332983412364
10357 0.332983412321
10359 0.332983396954
10361 0.332982222881
10363 0.332977031698
10365 0.332976943751
10367 0.332972410464
10369 0.332971575802
10371 0.332970651901
10373 0.332968647741
10375 0.332968588323
10377 0.332967247191
10379 0.332966724412
10381 0.33296617073
10383 0.332966033526
10385 0.332965487837
