26    5.25297619356
48    5.12934370378
66    5.12744487255
68    5.12742930832
70    5.12740906884
96    5.05226421558
98    5.05226421558
124    5.02401955374
135    4.89932857071
161    4.7764802883
187    4.77279796495
189    4.77279337286
191    4.77279156924
198    4.77255646024
224    4.76879529076
226    4.76879436453
252    4.70985390081
254    4.70985390081
280    4.67965049679
306    4.59394984007
332    4.48854389867
358    4.40083146159
384    4.3761828423
410    4.36935264979
436    4.35646310721
462    4.33305662034
488    4.33122300922
512    4.20687914588
514    4.20687914588
516    4.20686980411
542    4.08504160693
568    4.02636804802
594    3.90442185127
610    3.90296242552
612    3.9029424461
638    3.87299730008
651    3.87206629873
653    3.87204686886
679    3.75456528627
681    3.75456528627
707    3.74965931233
724    3.62517854465
744    3.50182288597
770    3.39419336427
772    3.39418904078
774    3.39418651473
776    3.39417395264
802    3.38162347609
804    3.38162254495
830    3.25813815595
832    3.25813815595
835    3.2580858338
861    3.13511673426
887    3.01236497992
913    2.93705291035
923    2.93655646412
925    2.93653888391
930    2.93639337322
956    2.90838519717
958    2.90837380182
984    2.84757098787
986    2.84757098787
1012    2.81729249606
1028    2.69278125906
1054    2.6582394428
1080    2.62717513008
1082    2.62716420017
1084    2.62715800499
1110    2.60219450768
1136    2.5786576581
1138    2.57865417618
1164    2.53917416026
1166    2.53917416026
1192    2.51211941287
1218    2.39034457184
1244    2.38850266107
1270    2.27509144002
1286    2.27366737836
1288    2.27364812133
1314    2.27174488742
1340    2.26380003597
1342    2.26378461362
1357    2.13934025334
1359    2.13934025334
1361    2.13933374487
1387    2.02404925673
1413    2.00681707461
1439    1.99093986412
1465    1.98394755006
1473    1.9837144152
1499    1.96856757171
1525    1.95430222157
1527    1.95428147002
1553    1.83354731096
1555    1.83354731096
1572    1.8318450115
1574    1.83184432756
1593    1.70812491803
1619    1.67620317465
1621    1.67620290057
1623    1.67620262594
1625    1.67618847881
1651    1.65225811131
1653    1.65225810159
1679    1.64766120744
1681    1.64766120744
1707    1.64319321078
1733    1.52513049904
1759    1.52304948544
1785    1.41881300496
1811    1.41436023867
1813    1.41434020668
1839    1.41218300376
1865    1.39764867005
1867    1.39763413245
1893    1.31017755872
1895    1.31017641153
1921    1.28494965656
1923    1.28493478401
1925    1.2849318735
1927    1.28491701958
1929    1.28491512427
1931    1.28490240961
1957    1.27662415244
1959    1.2766240385
1985    1.27318258623
1987    1.27318218733
1989    1.27317055437
2015    1.26854330213
2017    1.26854314633
2019    1.26854308403
2021    1.26853380392
2047    1.26393807353
2049    1.26393787868
2075    1.24938893299
2077    1.24938893286
2103    1.24238590086
2105    1.24236299687
2129    1.24080235132
2155    1.23478398586
2160    1.23467575964
2162    1.23465188295
2164    1.23463072936
2190    1.23319667862
2192    1.23317106627
2194    1.23316278991
2196    1.2331627898
2198    1.23316199313
2200    1.23315416201
2226    1.21862968235
2228    1.21860473259
2230    1.21859187042
2232    1.21858095306
2258    1.2117221267
2260    1.21170127895
2262    1.21168774173
2264    1.21167975361
2266    1.21167975357
2268    1.21166264314
2270    1.21166074881
2272    1.21165263412
2295    1.21023277205
2297    1.21023252999
2299    1.21023238791
2301    1.21022707664
2303    1.21020524789
2305    1.21020522983
2307    1.21020114602
2309    1.21020114597
2311    1.2101904713
2313    1.21017758727
2315    1.21015843612
2341    1.20092658834
2343    1.20091929562
2345    1.2009133356
2347    1.20089825582
2373    1.19781362207
2375    1.19781025789
2401    1.18442316899
2403    1.18442316856
2429    1.17849654909
2431    1.17849513681
2457    1.1615271798
2483    1.1439226229
2485    1.14392161546
2487    1.14392104268
2513    1.13255382314
2539    1.12044627853
2541    1.120445865
2567    1.10270963596
2569    1.10270963593
2595    1.09184034638
2597    1.09182741419
2623    1.08964992977
2632    1.08936618267
2634    1.0893548965
2636    1.08934534098
2662    1.08714746924
2664    1.0871257499
2666    1.08711663458
2668    1.08711112228
2670    1.08711112226
2672    1.08711070551
2674    1.08709362799
2700    1.07380415099
2726    1.06214638762
2728    1.06213057219
2730    1.06211638496
2756    1.0511051265
2782    1.04079603574
2784    1.04078327561
2786    1.04077389639
2788    1.04077389636
2790    1.04075641338
2792    1.04075625936
2794    1.04074719426
2820    1.02397052324
2822    1.02397036318
2824    1.02397020282
2826    1.02396438228
2852    1.01210862459
2854    1.01210787964
2880    1.00803850188
2882    1.00803850188
2908    1.00434538919
2910    1.00432892927
2936    1.00243560905
2962    1.00029165756
2964    1.00028085016
2966    1.00027134532
2992    0.99826423376
2995    0.998214541182
2997    0.998207740347
3023    0.9915407983
3025    0.991538624672
3051    0.989508321902
3053    0.989499184722
3055    0.989498887416
3057    0.989489383185
3059    0.989489214359
3061    0.989481072403
3078    0.988910766041
3080    0.988910681856
3094    0.988484095443
3096    0.988484095414
3098    0.988477401705
3124    0.983921547472
3126    0.983921525934
3128    0.983921517283
3130    0.983916165302
3156    0.979483407804
3158    0.979483163803
3184    0.976213490943
3186    0.976213490468
3212    0.974707132932
3214    0.974691402425
3216    0.97466918995
3220    0.974587992693
3222    0.974567258418
3224    0.974547523097
3226    0.974528403083
3228    0.97450694558
3230    0.974485419068
3232    0.974480794925
3234    0.97448079469
3236    0.9744807904
3238    0.974478049148
3264    0.971211418383
3266    0.971193946891
3268    0.971186740046
3270    0.971180620289
3296    0.969679344043
3298    0.969664760881
3300    0.969655565152
3302    0.969649825558
3304    0.969649825516
3306    0.969635836712
3308    0.969635212597
3310    0.969631758209
3312    0.969611683886
3314    0.969611679099
3316    0.969611676288
3318    0.969609416263
3320    0.969590921577
3322    0.969590908481
3324    0.969589198732
3326    0.969589198684
3328    0.969582149251
3330    0.969576286809
3332    0.969564402387
3352    0.968838500442
3354    0.968835634108
3356    0.968833291216
3358    0.968823952571
3360    0.968799536122
3362    0.968798392463
3388    0.966406215334
3390    0.966406213477
3414    0.965529035492
3416    0.965529008058
3442    0.958188000133
3468    0.950318535434
3470    0.950318449064
3472    0.950318399949
3498    0.945558817858
3524    0.940392640924
3526    0.940392556379
3552    0.933801081125
3554    0.933801080775
3580    0.930138556806
3582    0.930132160704
3608    0.927844957678
3610    0.927825386382
3612    0.927819044289
3614    0.927813669298
3640    0.925528004993
3642    0.925510235513
3644    0.925504335778
3646    0.925502087615
3648    0.925502087575
3650    0.925501897685
3652    0.92549188264
3678    0.916164806541
3704    0.907511424723
3706    0.907502103
3708    0.907493740603
3734    0.90003943335
3760    0.892581756873
3762    0.892574363403
3764    0.892567956384
3766    0.892567956317
3768    0.892552004534
3770    0.892551483817
3772    0.892547716582
3798    0.884461704391
3800    0.884461159123
3802    0.88446061286
3804    0.884458184965
3830    0.878891304892
3832    0.878889734757
3858    0.87514297123
3860    0.875142971173
3886    0.871949454013
3888    0.871939480609
3914    0.870163905305
3916    0.87014042499
3918    0.870134509994
3920    0.870129310775
3946    0.86825075531
3948    0.86822862183
3950    0.868225570214
3954    0.868145091466
3956    0.868143233968
3963    0.867969652073
3965    0.867964101153
3967    0.867964044669
3969    0.867957966357
3971    0.867957942393
3973    0.867952732864
3975    0.867941301574
3977    0.867941231347
3979    0.867917829128
3981    0.867917751093
3983    0.867913502936
4009    0.863704618343
4011    0.863704604057
4013    0.8637045983
4015    0.863701193164
4041    0.859675592467
4043    0.859675201634
4058    0.859241224233
4060    0.85924122337
4062    0.859219446184
4064    0.859206919558
4066    0.85918764354
4068    0.859164296095
4070    0.859147199372
4072    0.85913092602
4074    0.859114428
4076    0.85909504556
4078    0.859077027337
4080    0.859073927896
4082    0.859073927596
4084    0.859073619072
4086    0.859072879878
4103    0.858567266122
4105    0.858555047076
4107    0.858551105887
4109    0.858547758869
4111    0.858524178277
4113    0.858514001608
4115    0.858507941791
4117    0.858503867712
4119    0.85850386767
4121    0.858492360495
4123    0.8584919979
4125    0.85849052866
4127    0.858473511081
4129    0.858473505281
4131    0.858473501875
4133    0.858472540093
4135    0.858456859555
4137    0.858456819345
4139    0.858456220331
4141    0.858456220288
4143    0.858451391814
4145    0.858448291245
4147    0.858440937267
4149    0.858419837499
4151    0.858418592074
4153    0.858417573972
4155    0.858411804325
4157    0.858391394701
4159    0.858391038185
4161    0.858366237308
4163    0.858366234225
4165    0.858346257885
4167    0.858346233527
4193    0.855283141285
4219    0.852112509398
4221    0.85211250194
4223    0.852112497699
4249    0.850152294988
4275    0.84810896314
4277    0.848108921373
4303    0.845842984333
4305    0.845842983022
4331    0.84476956991
4333    0.844766522375
4359    0.842446603316
4361    0.842430532432
4363    0.842426858461
4365    0.842423741829
4391    0.840127081116
4393    0.840112464312
4395    0.840108317362
4397    0.840106939825
4399    0.840106939754
4401    0.840105834474
4403    0.840099863504
4429    0.833935823772
4455    0.82785533412
4457    0.827849970469
4459    0.82784515889
4485    0.823043100688
4511    0.817885179694
4513    0.817881175205
4515    0.817876811074
4517    0.817876810975
4519    0.817862480895
4521    0.817862020322
4523    0.817860438163
4549    0.814078648822
4551    0.814077962256
4553    0.81407727446
4555    0.814076250788
4581    0.811496497837
4583    0.811494375033
4609    0.808040880857
4611    0.808040880573
4637    0.805223657274
4639    0.80521710684
4665    0.803545299719
4667    0.803525020279
4669    0.803521924672
4671    0.803519205202
4697    0.801753553459
4699    0.801734396854
4701    0.801733304258
4703    0.801716284179
4705    0.801714802575
4707    0.801691571875
4709    0.801688239882
4711    0.801688213512
4713    0.801684317151
4715    0.801684308696
4717    0.801680967884
4719    0.801670703155
4721    0.801670638159
4723    0.801648849135
4725    0.801648614978
4727    0.801645909795
4753    0.797829656631
4755    0.79782964069
4757    0.797829634248
4759    0.797827459315
4785    0.794230674055
4787    0.79423009741
4789    0.79420717902
4791    0.794207177833
4793    0.79419001667
4795    0.794180130862
4797    0.794163552567
4799    0.794142396466
4801    0.794128309877
4803    0.794114901569
4805    0.794100804274
4807    0.794083395192
4809    0.794068303483
4811    0.794065872342
4813    0.794065872036
4815    0.794065299443
4817    0.794065208317
4819    0.794041472908
4821    0.794032945774
4823    0.794030787794
4825    0.794028955068
4827    0.79400672399
4829    0.79399962484
4831    0.793995514866
4833    0.793992669227
4835    0.793992669186
4837    0.793983146311
4839    0.793982856638
4841    0.793982232322
4843    0.793967801466
4845    0.793967785611
4847    0.793967776296
4849    0.793967367394
4851    0.793954069445
4853    0.793954016322
4855    0.793953876247
4857    0.793953876208
4859    0.793950436362
4861    0.793948663317
4863    0.793944114194
4865    0.793924622625
4867    0.79392409942
4869    0.793923671692
4871    0.793920104894
4873    0.793901235943
4875    0.793901160198
4877    0.793880171794
4879    0.793880167941
4881    0.793863875717
4883    0.793863812292
4909    0.792612071178
4935    0.791377380808
4937    0.791377379708
4939    0.791377379081
4963    0.790655326658
4987    0.789939064654
4989    0.789939027353
5010    0.789309739958
5012    0.789309736995
5014    0.789294461978
5016    0.789293142942
5042    0.786952581279
5044    0.78693933962
5046    0.786937141524
5048    0.786935275239
5074    0.784638528044
5076    0.784626462632
5078    0.784623292237
5080    0.784622067471
5082    0.784622067375
5084    0.784620114943
5086    0.784616450654
5112    0.780697275922
5138    0.77658723367
5140    0.776584222275
5142    0.776581520929
5168    0.773584390001
5194    0.770124380771
5196    0.770122391189
5198    0.770119454249
5200    0.770119454122
5202    0.770106744842
5204    0.770106461557
5206    0.770105790948
5232    0.768334575334
5234    0.768333886763
5236    0.768333196973
5238    0.768332760823
5264    0.76712636544
5266    0.767123900958
5292    0.763980381746
5294    0.763980380895
5320    0.761477766632
5322    0.761473269104
5348    0.759893562917
5350    0.759876089203
5352    0.759874556773
5354    0.759873211281
5380    0.758207807621
5382    0.758191265125
5384    0.758191037254
5386    0.758175795819
5388    0.758174623994
5390    0.758153403111
5392    0.758151428316
5394    0.75815141591
5396    0.758148904352
5398    0.758148901919
5400    0.758146747463
5402    0.758137535176
5404    0.75813747502
5406    0.758117173204
5408    0.758116735138
5410    0.758115005972
5436    0.75474695484
5438    0.754746935991
5440    0.754746928355
5442    0.754745533132
5468    0.751612419481
5470    0.751611640875
5472    0.751590807969
5474    0.751590806484
5476    0.751577601445
5478    0.751569836106
5480    0.75155555175
5482    0.751536402267
5484    0.751524788603
5486    0.751513734089
5488    0.751501671582
5490    0.751486059029
5492    0.751473392501
5494    0.751471342301
5496    0.751471342003
5498    0.751470590249
5500    0.751470579756
5502    0.751448163308
5504    0.751442208917
5506    0.751441005998
5508    0.751439984354
5510    0.751419023758
5512    0.751414069106
5514    0.751411130943
5516    0.751409184312
5518    0.751409184271
5520    0.751401254706
5522    0.751400987503
5524    0.751400722701
5526    0.751388483566
5528    0.751388463184
5530    0.75138845121
5532    0.751388277665
5534    0.751376998908
5536    0.751376940792
5538    0.751376935201
5540    0.751376935165
5542    0.75137438174
5544    0.751373289505
5546    0.751370473617
5548    0.751352514124
5550    0.75135230151
5552    0.75135212769
5554    0.751349921821
5556    0.751332523755
5558    0.751332520159
5560    0.751314180019
5562    0.751314175697
5564    0.751300316463
5566    0.751300239124
5568    0.751274870911
5570    0.751250427257
5572    0.75125042661
5574    0.751250426243
5576    0.75122554182
5578    0.751201478832
5580    0.751201437827
5582    0.751177001858
5584    0.7511769972
5586    0.751164608575
5588    0.75116413341
5614    0.748844205552
5616    0.74883327154
5618    0.748831901985
5620    0.748830738197
5646    0.746574597643
5648    0.746564616153
5650    0.746561985318
5652    0.746560650783
5654    0.746560650671
5656    0.746558129261
5658    0.746555790078
5684    0.744121627204
5710    0.741416384939
5712    0.741414737421
5714    0.741413259579
5740    0.739578864667
5766    0.737303545372
5768    0.737302672412
5770    0.737300742036
5772    0.737300741886
5774    0.737289576871
5776    0.737289428783
5778    0.737289142141
5804    0.736444074296
5806    0.736443423598
5808    0.736442771751
5810    0.736442583838
5814    0.736364287741
5816    0.736361675645
5842    0.733571856473
5844    0.733571854647
5870    0.731336828072
5872    0.731333561742
5898    0.729837580912
5900    0.729822505423
5902    0.729821808249
5904    0.729821196447
5930    0.728247016534
5932    0.728232712437
5934    0.728232712221
5936    0.728219071716
5938    0.728218144146
5940    0.728198750403
5942    0.728197599912
5944    0.728197593988
5946    0.72819596421
5948    0.728195963788
5950    0.728194564982
5952    0.72818630329
5954    0.728186247614
5956    0.728167318685
5958    0.728166646856
5960    0.728165536931
5986    0.725266966498
5988    0.725266945056
5990    0.725266936351
5992    0.725266037067
6018    0.722600314499
6020    0.722599334641
6022    0.722580419164
6024    0.722580417425
6026    0.722570507405
6028    0.722564440837
6030    0.722552114673
6032    0.722534777537
6034    0.72252519668
6036    0.72251607707
6038    0.722505745435
6040    0.722491746056
6042    0.72248109195
6044    0.72247929163
6046    0.722479291341
6048    0.722478397659
6050    0.72247824264
6052    0.722457073432
6054    0.722452913299
6056    0.722452227155
6058    0.722451644399
6060    0.722431880757
6062    0.722428421464
6064    0.722426206678
6066    0.722424910735
6068    0.722424910694
6070    0.722418265324
6072    0.722418004973
6074    0.72241789296
6076    0.722407511727
6078    0.722407489735
6080    0.722407476814
6082    0.722407403342
6084    0.722397836431
6086    0.722397776419
6088    0.722397754018
6090    0.722397753986
6092    0.722395778465
6094    0.72239504901
6096    0.722393304994
6098    0.722376867801
6100    0.722376785975
6102    0.722376719078
6104    0.722375354505
6106    0.722359420414
6108    0.722359413363
6110    0.722342256675
6112    0.722342252409
6114    0.722329419429
6116    0.722329347248
6118    0.722304883489
6120    0.72228117838
6122    0.722281177488
6124    0.72228117698
6126    0.722257180777
6128    0.722233843816
6130    0.722233802654
6132    0.722210641636
6134    0.722210634955
6136    0.722200882017
6138    0.722200771047
6164    0.719941506641
6166    0.719932465345
6168    0.719931570619
6170    0.719930809719
6196    0.71775312293
6198    0.717744853197
6200    0.71774251015
6202    0.717740959732
6204    0.717740959611
6206    0.717738106306
6208    0.717736539591
6234    0.716244842576
6260    0.714496074766
6262    0.714495198931
6264    0.714494413319
6290    0.71338506677
6316    0.711907246328
6318    0.711906936465
6320    0.711905715252
6322    0.711905715082
6324    0.711895969092
6326    0.71189586298
6328    0.711895740706
6332    0.711817792561
6334    0.711817120608
6336    0.711816447461
6338    0.711816367081
6340    0.711791156921
6342    0.711788498786
6368    0.709366959522
6370    0.709366956339
6396    0.707370774694
6398    0.707368243816
6424    0.705948855187
6426    0.705935832713
6428    0.705935557898
6430    0.70593531686
6456    0.70444459571
6458    0.704432211119
6460    0.704432077291
6462    0.704419877674
6464    0.704419142851
6466    0.704401411084
6468    0.704400756387
6470    0.704400753483
6472    0.704399687339
6474    0.704399687337
6476    0.704398771704
6478    0.704391369269
6480    0.704391317745
6482    0.704373657567
6484    0.704372741558
6486    0.704372025969
6512    0.701931502494
6514    0.701931479201
6516    0.701931469728
6518    0.701930887226
6544    0.699708281149
6546    0.699707113615
6548    0.699689936064
6550    0.699689934131
6552    0.699682694363
6554    0.699677984946
6556    0.699667336389
6558    0.699651637025
6560    0.69964372804
6562    0.699636199796
6564    0.699627345377
6566    0.69961479501
6568    0.699605813039
6570    0.699604179562
6572    0.699604179281
6574    0.699603177513
6576    0.69960281331
6578    0.699582823315
6580    0.69957991534
6582    0.699579512461
6584    0.699579170281
6586    0.699560534986
6588    0.699558118975
6590    0.699556362698
6592    0.699555530685
6594    0.699555530645
6596    0.699549924222
6598    0.699549665622
6600    0.699549618417
6602    0.699540812577
6604    0.699540790085
6606    0.69954077687
6608    0.69954074587
6610    0.699532630602
6612    0.699532569811
6614    0.699532468788
6616    0.699532468758
6618    0.699530877965
6620    0.699530349672
6622    0.699529268957
6624    0.699514223153
6626    0.699514194507
6628    0.699514171088
6630    0.699513326821
6632    0.699498732147
6634    0.699498699649
6636    0.699482647423
6638    0.699482643214
6640    0.699470763256
6642    0.699470693813
6644    0.699447101065
6646    0.699424068284
6648    0.699424067321
6650    0.699424066773
6652    0.699400925971
6654    0.699378249871
6656    0.699378209301
6658    0.699356328648
6660    0.699356319675
6662    0.699348910503
6664    0.699348907738
6690    0.697186372437
6692    0.697178888364
6694    0.69717827482
6696    0.697177752658
6722    0.695111337222
6724    0.695104478078
6726    0.695102276486
6728    0.695100479499
6730    0.695100479377
6732    0.695097454905
6734    0.69509634714
6760    0.694188621745
6786    0.693072033513
6788    0.693071583301
6790    0.693071179475
6804    0.692716768777
6830    0.69176555914
6832    0.691765499955
6834    0.691764771321
6836    0.691764771138
6838    0.691756294751
6840    0.691756179945
6842    0.691756127999
6845    0.69170480465
6847    0.691704108825
6849    0.691703411756
6851    0.691703376872
6853    0.691678295719
6855    0.691675598136
6881    0.689592362795
6883    0.689592357823
6909    0.687817374473
6911    0.687815273946
6937    0.686465031572
6939    0.686453768795
6941    0.686453687599
6943    0.68645361642
6969    0.685038184405
6971    0.685027447872
6973    0.685026982268
6975    0.68501607909
6977    0.685015496469
6979    0.684999276875
6981    0.684998916354
6983    0.684998914868
6985    0.684998210624
6987    0.684998210488
6989    0.684997605213
6991    0.684990979687
6993    0.684990932007
6995    0.684974445159
6997    0.684973293021
6999    0.684972829614
7025    0.682955866206
7027    0.682955841888
7029    0.682955831984
7031    0.682955452785
7057    0.681133652195
7059    0.681132320014
7061    0.681116697896
7063    0.681116695831
7065    0.681111563207
7067    0.681107934329
7069    0.681098727286
7071    0.681084508274
7073    0.681077974838
7075    0.681071755908
7077    0.681064165611
7079    0.681052916855
7081    0.681045326009
7083    0.681043805466
7085    0.681043805194
7087    0.681042723129
7089    0.681042153943
7091    0.681023278378
7093    0.681021244693
7095    0.681020999588
7097    0.681020791409
7099    0.68100321996
7101    0.681001532118
7103    0.681000073748
7105    0.680999565707
7107    0.680999565667
7109    0.68099480288
7111    0.680994544372
7113    0.680994524577
7115    0.680987054695
7117    0.68098703209
7119    0.680987018808
7121    0.680987005787
7123    0.680980121601
7125    0.680980060428
7127    0.680979863445
7129    0.680979863418
7131    0.680978533901
7133    0.680978121466
7135    0.680977451428
7137    0.680963678145
7139    0.680963669796
7141    0.680963662969
7143    0.680963140583
7145    0.680949771862
7147    0.680949711971
7149    0.680934690689
7151    0.680934686537
7153    0.680923691574
7155    0.680923624087
7157    0.680900870399
7159    0.680878452349
7161    0.680878451379
7163    0.680878450827
7165    0.680856134046
7167    0.680834062154
7169    0.680834022413
7171    0.680813417143
7173    0.680813405675
7175    0.68080801873
7177    0.680807989304
7203    0.678772139946
7205    0.678765952094
7207    0.678765511174
7209    0.678765135666
7235    0.676836004839
7237    0.676830321913
7239    0.676828175491
7241    0.676826133773
7243    0.676826133655
7245    0.676823128376
7247    0.676822294289
7255    0.676637887198
7275    0.676108232639
7277    0.676108017421
7279    0.676107824388
7281    0.676083944793
7292    0.675818352845
7294    0.675818350943
7296    0.675817985355
7298    0.675817985167
7300    0.67581076989
7302    0.675810646007
7304    0.675810624435
7306    0.675784922955
7308    0.675784206085
7310    0.675783487924
7312    0.67578347289
7314    0.675758173745
7316    0.675755442914
7342    0.673976411266
7344    0.673976404113
7370    0.672402539242
7372    0.672400675086
7398    0.671113705509
7400    0.671103952752
7402    0.671103942557
7404    0.671103933626
7430    0.669757313418
7432    0.669747993508
7434    0.669747092842
7436    0.669737355674
7438    0.669736893325
7440    0.669722049916
7442    0.669721860591
7444    0.669721859781
7446    0.669721389156
7448    0.669721388751
7450    0.66972098391
7452    0.66971506085
7454    0.669715016731
7456    0.669699615571
7458    0.669698250235
7460    0.669697948849
7486    0.668056754901
7488    0.668056730339
7490    0.668056720322
7492    0.668056472261
7518    0.666584176526
7520    0.666582708807
7522    0.666568464454
7524    0.666568462318
7526    0.666564948895
7528    0.666562176862
7530    0.666554211436
7532    0.666541330676
7534    0.666535929404
7536    0.66653078813
7538    0.666524281842
7540    0.666514202233
7542    0.66650777023
7544    0.666506326905
7546    0.666506326641
7548    0.666505185933
7550    0.666504441237
7552    0.666486618474
7554    0.666485195521
7556    0.66648504001
7558    0.666484907926
7560    0.666468339556
7562    0.666467160119
7564    0.666465899661
7566    0.666465611254
7568    0.666465611215
7570    0.666461536026
7572    0.666461277106
7574    0.66646126886
7576    0.666454931933
7578    0.666454909344
7580    0.66645489607
7582    0.666454890632
7584    0.66644905051
7586    0.666448989101
7588    0.666448699473
7590    0.666448699449
7592    0.666447550661
7594    0.666447207203
7596    0.666446791554
7598    0.666434182521
7600    0.66643418096
7602    0.666434179684
7604    0.666433856469
7606    0.666421610119
7608    0.666421527237
7610    0.66640746837
7612    0.666407464275
7614    0.666397291048
7616    0.666397225252
7618    0.666375279922
7620    0.666353427886
7622    0.666353426932
7624    0.666353426389
7626    0.666331903464
7628    0.666310387869
7630    0.66631034903
7632    0.666291000985
7634    0.666290986894
7636    0.666287284549
7638    0.666287160045
7664    0.664400480255
7666    0.664395382777
7668    0.664395052018
7670    0.664394770151
7696    0.662621199861
7698    0.662616508209
7700    0.662614366898
7702    0.66261211449
7704    0.662612114385
7706    0.662609322305
7708    0.662608676883
7710    0.662583463954
7712    0.66256021701
7714    0.662560085155
7716    0.66255996689
7718    0.662536508756
7720    0.662511419982
7722    0.662511418457
7724    0.662511288269
7726    0.662511288085
7728    0.662505247705
7730    0.66250511419
7732    0.662505105658
7735    0.662453668712
7737    0.662452932711
7739    0.662452195376
7741    0.662452188998
7743    0.66242705348
7745    0.662424288383
7771    0.660912304908
7773    0.660912295218
7799    0.659519081781
7801    0.659517324965
7827    0.658289051863
7829    0.658280596372
7831    0.65828059475
7833    0.658280593329
7859    0.656997683604
7861    0.65698958281
7863    0.656988197907
7865    0.656979509057
7867    0.656979141815
7869    0.656965551203
7871    0.656965458698
7873    0.656965458216
7875    0.656965139364
7877    0.656965138707
7879    0.656964864146
7881    0.656959576168
7883    0.656959535348
7885    0.656945139366
7887    0.656943594041
7889    0.656943397253
7915    0.655624962613
7917    0.655624938489
7919    0.65562492864
7921    0.655624765612
7947    0.654448631054
7949    0.654447059837
7951    0.654434026331
7953    0.654434024177
7955    0.654431720801
7957    0.654429625018
7959    0.654422731026
7961    0.654411060273
7963    0.654406591242
7965    0.654402337329
7967    0.654396762005
7969    0.654387732524
7971    0.654382267227
7973    0.654380877082
7975    0.654380876825
7977    0.65437969385
7979    0.65437880866
7981    0.654361980285
7983    0.654360984148
7985    0.654360880672
7987    0.654360792783
7989    0.654345170311
7991    0.65434434595
7993    0.654343219546
7995    0.654343073533
7997    0.654343073495
7999    0.654339560877
8001    0.654339301435
8003    0.65433929803
8005    0.654333921963
8007    0.654333899426
8009    0.654333886182
8011    0.654333883929
8013    0.654328929315
8015    0.65432886773
8017    0.654328497124
8019    0.654328497102
8021    0.654327475422
8023    0.654327174125
8025    0.65432691613
8027    0.654315372636
8029    0.65431537261
8031    0.65431537259
8033    0.654315172634
8035    0.654303954061
8037    0.654303853679
8039    0.654290693415
8041    0.654290689377
8043    0.654281279108
8045    0.654281214903
8047    0.654260048533
8049    0.65423872269
8051    0.654238721758
8053    0.654238721228
8055    0.654217963271
8057    0.654196964821
8059    0.654196926899
8061    0.654178803826
8063    0.654178787056
8065    0.654176429577
8067    0.654176178479
8093    0.652453205451
8095    0.652449003019
8097    0.652448745493
8099    0.652448525906
8125    0.650840987404
8127    0.650837110978
8129    0.650834947741
8131    0.65083258054
8133    0.650832580448
8135    0.650829949029
8137    0.650829422642
8139    0.65080467982
8141    0.650781840993
8143    0.65078175814
8145    0.650781683826
8147    0.650758680626
8149    0.65073400972
8151    0.650733998517
8153    0.650733975001
8155    0.650733974823
8157    0.650728857993
8159    0.650728718107
8161    0.650728714785
8163    0.650703001286
8165    0.650702248502
8167    0.650701494346
8169    0.650701491561
8171    0.650676186418
8173    0.650673392559
8199    0.649394107117
8201    0.649394094646
8227    0.648160898272
8229    0.648159158091
8255    0.646986462342
8257    0.646979122595
8259    0.646979100554
8261    0.646979081253
8287    0.645756317437
8289    0.645749267012
8291    0.645747378864
8293    0.645739632122
8295    0.645739340145
8297    0.645726890315
8299    0.64572685016
8301    0.645726849842
8303    0.645726630329
8305    0.645726629481
8307    0.64572644024
8309    0.645721726248
8311    0.645721688484
8313    0.645708223622
8315    0.645706537196
8317    0.645706408259
8343    0.644658248276
8345    0.644658225141
8347    0.644658215689
8349    0.644658108085
8375    0.643727344197
8377    0.643725701778
8379    0.643713726517
8381    0.643713724391
8383    0.643712297348
8385    0.643710732274
8387    0.643704764076
8389    0.643694187525
8391    0.643690486458
8393    0.643686963538
8395    0.643682188488
8397    0.643674102153
8399    0.643669444472
8401    0.643668091136
8403    0.643668090888
8405    0.643666877803
8407    0.643665884532
8409    0.64364999522
8411    0.643649297497
8413    0.643649225009
8415    0.643649163439
8417    0.643634433004
8419    0.643633856698
8421    0.643632822609
8423    0.643632762321
8425    0.643632762283
8427    0.643629711738
8429    0.643629451788
8431    0.643629450397
8433    0.643624889271
8435    0.643624866795
8437    0.643624853587
8439    0.643624852662
8441    0.643620649112
8443    0.64362058738
8445    0.643620149718
8447    0.643620149698
8449    0.64361921874
8451    0.643618943699
8453    0.643618783455
8455    0.643608215363
8457    0.643608215044
8459    0.643608214783
8461    0.643608091112
8463    0.643597813831
8465    0.643597700763
8467    0.643585379638
8469    0.643585375659
8471    0.643576673704
8473    0.643576611046
8475    0.643556195421
8477    0.643535364259
8479    0.643535363352
8481    0.643535362835
8483    0.643515342118
8485    0.643494829839
8487    0.643494792833
8489    0.643477848808
8491    0.64347782937
8493    0.643476487786
8495    0.643476099252
8521    0.641923720886
8523    0.641920250365
8525    0.641920043617
8527    0.641919867236
8553    0.640481645267
8555    0.64047843676
8557    0.640476239622
8559    0.640473826695
8561    0.640473826614
8563    0.640471297298
8565    0.64047085805
8567    0.640446577687
8569    0.640424139336
8571    0.640424087769
8573    0.640424041516
8575    0.640401484953
8577    0.640377225168
8579    0.640377199616
8581    0.640377199082
8583    0.640377198909
8585    0.640372812866
8587    0.64037266578
8589    0.640372664526
8592    0.640321305116
8594    0.640320536931
8596    0.640319767337
8598    0.640319766051
8600    0.640294672209
8602    0.640291847823
8628    0.639211512841
8630    0.639211497384
8656    0.638119121424
8658    0.638117330293
8684    0.636997955516
8686    0.636991576461
8688    0.636991523056
8690    0.636991476309
8716    0.635826191818
8718    0.635820047426
8720    0.635817653286
8722    0.635810752798
8724    0.635810520426
8726    0.635799109636
8728    0.635799095669
8730    0.635799095433
8732    0.635798941501
8734    0.635798940525
8736    0.635798807648
8738    0.635794612178
8740    0.635794577248
8742    0.635781975286
8744    0.635780188333
8746    0.635780103612
8772    0.634953794126
8774    0.634953772397
8776    0.634953763512
8778    0.634953692213
8804    0.63422265115
8806    0.63422096806
8808    0.634209914389
8810    0.634209912327
8812    0.634209095887
8814    0.634207944474
8816    0.634202776907
8818    0.634193189931
8820    0.634190121793
8822    0.634187201333
8824    0.634183114515
8826    0.634175875123
8828    0.634171893196
8830    0.634170565425
8832    0.634170565184
8834    0.634169330908
8836    0.634168256664
8838    0.634153254027
8840    0.634152765032
8842    0.634152711495
8844    0.634152666021
8846    0.634138776832
8848    0.634138373861
8850    0.634137404246
8852    0.63413738859
8854    0.634137388553
8856    0.634134719023
8858    0.63413445862
8860    0.634134458061
8862    0.634130588132
8864    0.634130565718
8866    0.634130552545
8868    0.634130552171
8870    0.634126985663
8872    0.634126923804
8874    0.634126432442
8876    0.634126432424
8878    0.63412556706
8880    0.634125308553
8882    0.634125208946
8884    0.634115533848
8886    0.634115532759
8888    0.634115531868
8890    0.634115455408
8892    0.634106040277
8894    0.63410591825
8896    0.634094380805
8898    0.634094376884
8900    0.63408633242
8902    0.634086271279
8904    0.634066579244
8906    0.634046218642
8908    0.634046217759
8910    0.634046217256
8912    0.634026907092
8914    0.634006857283
8916    0.634006821185
8918    0.633990998303
8920    0.633990976262
8922    0.633990343138
8924    0.633989817908
8950    0.632608172721
8952    0.632605302158
8954    0.632605132132
8956    0.632604987012
8982    0.631333282907
8984    0.631330622965
8986    0.631328389831
8988    0.631325969292
8990    0.631325969221
8992    0.63132351152
8994    0.631323136774
8996    0.631299311123
8998    0.631277265928
9000    0.631277234228
9002    0.631277205795
9004    0.631255087652
9006    0.631231232366
9008    0.631231190947
9010    0.631231160979
9012    0.631231160811
9014    0.631227356895
9016    0.631227205736
9018    0.631227205283
9020    0.631201586428
9022    0.631200804712
9024    0.631200021554
9026    0.631200020917
9028    0.631174816501
9030    0.631171966472
9056    0.630261408217
9058    0.630261389715
9084    0.629291953922
9086    0.629290058756
9112    0.628222730961
9114    0.628217180036
9116    0.628217093654
9118    0.628217018072
9144    0.627107570326
9146    0.627102208412
9148    0.627099314046
9150    0.627093173328
9152    0.6270929882
9154    0.627082524025
9156    0.627082521211
9158    0.627082521017
9160    0.627082410808
9162    0.627082409754
9164    0.627082314483
9166    0.627078587147
9168    0.62707855484
9170    0.627066752894
9172    0.627064904601
9174    0.627064848815
9182    0.626882710546
9184    0.626882699703
9186    0.62688269527
9188    0.626882649132
9190    0.62685714987
9192    0.626855583883
9194    0.626845013752
9196    0.626845011934
9198    0.626844357348
9200    0.626843525375
9202    0.626839093163
9204    0.626830401184
9206    0.626827854496
9208    0.626825430384
9210    0.626821971513
9212    0.626815492535
9214    0.62681207654
9216    0.626810766563
9218    0.62681076633
9220    0.626809517356
9222    0.626808383622
9224    0.626794218038
9226    0.626793875102
9228    0.626793833471
9230    0.62679379811
9232    0.626780702221
9234    0.626780420394
9236    0.626779496368
9238    0.626779496008
9240    0.626779495972
9242    0.626777141855
9244    0.626776881057
9246    0.626776880836
9248    0.626773597152
9250    0.626773574796
9252    0.626773561658
9254    0.626773561508
9256    0.626770535336
9258    0.626770473366
9260    0.626769939966
9262    0.62676993995
9264    0.626769122566
9266    0.6267688745
9268    0.626768812529
9270    0.626759955002
9272    0.626759953153
9274    0.626759951642
9276    0.626759904397
9278    0.626751278937
9280    0.626751150669
9282    0.626740345131
9284    0.626740341268
9286    0.626732906991
9288    0.626732847346
9290    0.626713852679
9292    0.62669394477
9294    0.626693943912
9296    0.626693943424
9298    0.626675318048
9300    0.626655713163
9302    0.626655677962
9304    0.626640908851
9306    0.626640884319
9308    0.62664068179
9310    0.626640027003
9336    0.625423770565
9338    0.625421392958
9340    0.625421250584
9342    0.625421129016
9368    0.624308411342
9370    0.624306203007
9372    0.62430393806
9374    0.624301530528
9376    0.624301530465
9378    0.624299128248
9380    0.624298801753
9382    0.624275422929
9384    0.624253763748
9386    0.624253744576
9388    0.624253727379
9390    0.624232039446
9392    0.624208582052
9394    0.62420852501
9396    0.624208434692
9398    0.624208434527
9400    0.624205097415
9402    0.624204941047
9404    0.624204940899
9406    0.624179240925
9408    0.624178446974
9410    0.624177651551
9412    0.624177651199
9414    0.624152371081
9416    0.624149496521
9442    0.623382133933
9444    0.623382112382
9470    0.622519667173
9472    0.622517624526
9498    0.62150153521
9500    0.621496698968
9502    0.621496582485
9504    0.621496480603
9530    0.620441709002
9532    0.620437023691
9534    0.620433639107
9536    0.620428180128
9538    0.620428032476
9540    0.62041843091
9542    0.620418430908
9544    0.620418430733
9546    0.620418349995
9548    0.620418348901
9550    0.620418278996
9552    0.620414973972
9554    0.620414944101
9556    0.620403884131
9558    0.620402068745
9560    0.620402034326
9562    0.620376633427
9564    0.620376626454
9566    0.620376623602
9568    0.620376595131
9570    0.620351345273
9572    0.620349859305
9574    0.620339701061
9576    0.620339699485
9578    0.620339150122
9580    0.620338562553
9582    0.620334763704
9584    0.620326881307
9586    0.620324764819
9588    0.620322750199
9590    0.620319828414
9592    0.620314032075
9594    0.620311091189
9596    0.620309793636
9598    0.62030979341
9600    0.620308534455
9602    0.620307357744
9604    0.620293982368
9606    0.620293741684
9608    0.62029370773
9610    0.62029367889
9612    0.620281331145
9614    0.620281134006
9616    0.620280242592
9618    0.620280237022
9620    0.620280236986
9622    0.620278145025
9624    0.620277883891
9626    0.620277883807
9628    0.620275097383
9630    0.620275075082
9632    0.620275061976
9634    0.620275061917
9636    0.620272494081
9638    0.620272432015
9640    0.620271866261
9642    0.620271866247
9644    0.620271084337
9646    0.620270842832
9648    0.620270804234
9650    0.620262695304
9652    0.62026269285
9654    0.620262690843
9656    0.620262661672
9658    0.620254759562
9660    0.620254626973
9662    0.620244505104
9664    0.620244501299
9666    0.620237633252
9668    0.620237575081
9670    0.62021925263
9672    0.620199784856
9674    0.620199784022
9676    0.620199783546
9678    0.620181818241
9680    0.62016264596
9682    0.620162611644
9684    0.620148822575
9686    0.620148795692
9688    0.620148780559
9690    0.620148006724
9716    0.61908773355
9718    0.619085761911
9720    0.619085641148
9722    0.619085537993
9748    0.618120947649
9750    0.618119111945
9752    0.61811682311
9754    0.618114439604
9756    0.618114439548
9758    0.61811208418
9760    0.618111794136
9762    0.618088854376
9764    0.618067574391
9766    0.618067563043
9768    0.618067552864
9770    0.618046287159
9772    0.618023221258
9774    0.618023149748
9776    0.618022982732
9778    0.618022982573
9780    0.618020022297
9782    0.618019861548
9784    0.618019861509
9787    0.61796871598
9789    0.617967910522
9791    0.617967103561
9793    0.617967103337
9795    0.617942123484
9797    0.617939221825
9804    0.617783248733
9806    0.617783224495
9832    0.616985782745
9834    0.616983569791
9860    0.616018600599
9862    0.616014381887
9864    0.61601423665
9866    0.616014109663
9892    0.6150140636
9894    0.615009964129
9896    0.615006085793
9898    0.615001238213
9900    0.615001120316
9902    0.61499230506
9904    0.614992303504
9906    0.614992303334
9908    0.614992242701
9910    0.614992241591
9912    0.614992189007
9914    0.614989264606
9916    0.614989236995
9918    0.614978865453
9920    0.614977125605
9922    0.614977104738
9924    0.614951952031
9926    0.614951946188
9928    0.614951943799
9930    0.614951926327
9932    0.614926923391
9934    0.614925501323
9936    0.614915734839
9938    0.614915733472
9940    0.614915277432
9942    0.614914874482
9944    0.614911616066
9946    0.614904466046
9948    0.614902704751
9950    0.614901028227
9952    0.614898561278
9954    0.614893377635
9956    0.614890836391
9958    0.614889547547
9960    0.614889547328
9962    0.61488828181
9964    0.614887074559
9966    0.614874445108
9968    0.614874276046
9970    0.614874247162
9972    0.614874222628
9974    0.614862580426
9976    0.614862442501
9978    0.614861574688
9980    0.614861549997
9982    0.614861549962
9984    0.61485967675
9986    0.614859415337
9988    0.614859415305
9990    0.614857050675
9992    0.614857028427
9994    0.614857015352
9996    0.61485701533
9998    0.614854836282
10000    0.614854774134
10002    0.614854183821
10004    0.614854183808
10006    0.614853428402
10008    0.614853190957
10010    0.614853166885
10012    0.614845743404
10014    0.61484574051
10016    0.614845738144
10018    0.614845720152
10020    0.614838480648
10022    0.614838345069
10024    0.614828861855
10026    0.614828858107
10028    0.614822515402
10030    0.614822458684
10032    0.614804784211
10034    0.614785748074
10036    0.614785747264
10038    0.614785746802
10040    0.61476841775
10042    0.614749669746
10044    0.614749636304
10046    0.614736750015
10048    0.614736720946
10050    0.61473668701
10052    0.614735806211
10078    0.613819402265
10080    0.613817765654
10082    0.613817662322
10084    0.613817574028
10110    0.612988195937
10112    0.612986668329
10114    0.612984365421
10116    0.612982011753
10118    0.612982011704
10120    0.612979698469
10122    0.612979436212
10124    0.612956927757
10126    0.612936020318
10128    0.612936013798
10130    0.612936007949
10132    0.612915156583
10134    0.612892475841
10136    0.612892391424
10138    0.612892141058
10140    0.612892140904
10142    0.612889486841
10144    0.612889326851
10146    0.612889326845
10148    0.612864323869
10150    0.612863510955
10152    0.612862696522
10154    0.612862696361
10156    0.612838113328
10158    0.612835190488
10160    0.612810908758
10162    0.612810882032
10188    0.612065192616
10190    0.612062778233
10216    0.611151965774
10218    0.611148281378
10220    0.611148112525
10222    0.61114796494
10248    0.61020539373
10250    0.610201802293
10252    0.610197443992
10254    0.610193144409
10256    0.610193050157
10258    0.610184951886
10260    0.610184946724
10262    0.610184946552
10264    0.610184899811
10266    0.610184898703
10268    0.610184858097
10270    0.610182276429
10272    0.61018225091
10274    0.610172518392
10276    0.610170860206
10278    0.61017084769
10280    0.610145940782
10282    0.610145935634
10284    0.610145933529
10286    0.610145922879
10288    0.610121164418
10290    0.610119801635
10292    0.610110407821
10294    0.610110406634
10296    0.610110032871
10298    0.610109767056
10300    0.610106969988
10302    0.610100482581
10304    0.610099014758
10306    0.61009761758
10308    0.610095535748
10310    0.610090901923
10312    0.610088697502
10314    0.610087414808
10316    0.610087414596
10318    0.610086144994
10320    0.610084916457
10322    0.610072991119
10324    0.61007287225
10326    0.610072846789
10328    0.610072825162
10330    0.610061848339
10332    0.610061751824
10334    0.610060901315
10336    0.61006084848
10338    0.610060848446
10340    0.610059158489
10342    0.610058896845
10344    0.610058896834
10346    0.610056889997
10348    0.6100568678
10350    0.610056854754
10352    0.610056854745
10354    0.610055005507
10356    0.61005494329
10358    0.61005433457
10360    0.610054334559
10362    0.61005359917
10364    0.610053364162
10366    0.610053349125
10368    0.610046553293
10370    0.610046550098
10372    0.610046547486
10374    0.610046536404
10376    0.610039903883
10378    0.610039766225
10380    0.610030879687
10382    0.610030875998
10384    0.610025020617
10386    0.610024965332
10388    0.610007915521
10390    0.609989305593
10392    0.609989304806
10394    0.609989304357
10396    0.609972588648
10398    0.609954259615
10400    0.609954227034
10402    0.609942165416
10404    0.609942134336
10406    0.609941912427
10408    0.60994093724
10434    0.609154779553
10436    0.609153419941
10438    0.60915333104
10440    0.609153255055
10466    0.608445199317
10468    0.608443926918
10470    0.608441620358
10472    0.608439299539
10474    0.608439299496
10476    0.608437025753
10478    0.608436784848
10480    0.60841470003
10482    0.608394158689
10484    0.608394155094
10486    0.60839415187
10488    0.608373707116
10490    0.60835140532
10492    0.608351309671
10494    0.60835097558
10496    0.608350975429
10498    0.608348571814
10500    0.608348411175
10502    0.608348411174
10504    0.608323894505
10506    0.608323074995
10508    0.608322253949
10510    0.608322253818
10512    0.608298155946
10514    0.608295212355
10516    0.608272122222
10518    0.608272093106
10544    0.607573275699
10546    0.60757062966
10572    0.60671618754
10574    0.606712966167
10576    0.606712779977
10578    0.606712617289
10604    0.605829305781
10606    0.605826155613
10608    0.605821337862
10610    0.605817529133
10612    0.60581745369
10614    0.605810009394
10616    0.605809999883
10618    0.605809999705
10620    0.60580996269
10622    0.605809961595
10624    0.605809929385
10626    0.605807656008
10628    0.605807632426
10630    0.605798493314
10632    0.605796914917
10634    0.605796907514
10636    0.605772244015
10638    0.605772239455
10640    0.60577223759
10642    0.605772231152
10644    0.605747714741
10646    0.60574640861
10648    0.60573736935
10650    0.605737368319
10652    0.60573706659
10654    0.605736900361
10656    0.605734497313
10658    0.605728609468
10660    0.605727384308
10662    0.605726218112
10664    0.605724462292
10666    0.605720321752
10668    0.605718401787
10670    0.605717123495
10672    0.605717123289
10674    0.605715851408
10676    0.605714608412
10678    0.605703347706
10680    0.605703264035
10682    0.605703240929
10684    0.605703221303
10686    0.605692871984
10688    0.605692804433
10690    0.605691966805
10692    0.605691880396
10694    0.605691880362
10696    0.605690344517
10698    0.60569008269
10700    0.605690082686
10702    0.605688379369
10704    0.60568835722
10706    0.605688344202
10708    0.605688344199
10710    0.605686774748
10712    0.605686712473
10714    0.605686090144
10716    0.605686090133
10718    0.605685370039
10720    0.605685136412
10722    0.605685127002
10724    0.605678905894
10726    0.605678902501
10728    0.605678899726
10730    0.605678892913
10732    0.605672816432
10734    0.605672677315
10736    0.605664348292
10738    0.605664344661
10740    0.605658941257
10742    0.605658887384
10744    0.605642439791
10746    0.605624252774
10748    0.605624252008
10750    0.605624251572
10752    0.605608127151
10754    0.605590213879
10756    0.605590182146
10758    0.605578868397
10760    0.605578835485
10762    0.605578291712
10764    0.605577234556
10779    0.605209576722
10781    0.605208452588
10783    0.605208389445
10785    0.605208335467
10787    0.605183351855
10789    0.605182308285
10791    0.605180165609
10793    0.605177879132
10795    0.605177879094
10797    0.605175643298
10799    0.605175418913
10801    0.605153750076
10803    0.605133568475
10805    0.60513356661
10807    0.605133564937
10809    0.605113519134
10811    0.605091590095
10813    0.605091484832
10815    0.605091070543
10817    0.605091070397
10819    0.605088872922
10821    0.605088711743
10823    0.60508871174
10825    0.605064665391
10827    0.605063839371
10829    0.605063011799
10831    0.60506301168
10833    0.605039383183
10835    0.605036418783
10837    0.605014307603
10839    0.605014276233
10842    0.604962830058
10844    0.604959942918
10870    0.604157557293
10872    0.604154737764
10874    0.60415453618
10876    0.604154360092
10902    0.603325554209
10904    0.603322787859
10906    0.603317515949
10908    0.603314146573
10910    0.603314086107
10912    0.603307238463
10914    0.60330722457
10916    0.603307224381
10918    0.603307194272
10920    0.603307193195
10922    0.60330716695
10924    0.603305170537
10926    0.603305148749
10928    0.603296560852
10930    0.603295059136
10932    0.603295054833
10934    0.603270632206
10936    0.603270628179
10938    0.603270626533
10940    0.60327062268
10942    0.60324634576
10944    0.603245094037
10946    0.603236392076
10948    0.60323639118
10950    0.603236151991
10952    0.603236055813
10954    0.603233989435
10956    0.603228644129
10958    0.603227619777
10960    0.603226644725
10962    0.603225164811
10964    0.603221466714
10966    0.603219787481
10968    0.603218512404
10970    0.603218512205
10972    0.603217239353
10974    0.603215986902
10976    0.603205353489
10978    0.603205294516
10980    0.603205273059
10982    0.603205254833
10984    0.603195497239
10986    0.60319544995
10988    0.603194622083
10990    0.603194499278
10992    0.603194499244
10994    0.603193093486
10996    0.603192831517
10998    0.603192831516
11000    0.603191385679
11002    0.603191363575
11004    0.603191350585
11006    0.603191350583
11008    0.603190018487
11010    0.603189956165
11012    0.603189323927
11014    0.603189323918
11016    0.603188615664
11018    0.603188382733
11020    0.603188376829
11022    0.60318268195
11024    0.603182678432
11026    0.603182675556
11028    0.603182671378
11030    0.603177104237
11032    0.603176964081
11034    0.603169155983
11036    0.603169152409
11038    0.603164168084
11040    0.603164115593
11042    0.603148248503
11044    0.603130628224
11046    0.603130627478
11048    0.603130627054
11050    0.603115072596
11052    0.60309771678
11054    0.603097685866
11056    0.603086729467
11058    0.603086696022
11060    0.603086000759
11062    0.603084851191
11064    0.603059275826
11066    0.603058361845
11068    0.60305832585
11070    0.603058295079
11072    0.603033457889
11074    0.603032606556
11076    0.603030627538
11078    0.603028376083
11080    0.60302837605
11082    0.603026177241
11084    0.603025965714
11086    0.603004705302
11088    0.602984877229
11090    0.602984876349
11092    0.60298487556
11094    0.602965221195
11096    0.602943658817
11098    0.602943545426
11100    0.602943056748
11102    0.602943056606
11104    0.602941029868
11106    0.602940869742
11108    0.602940869734
11110    0.602917265071
11112    0.602916434275
11114    0.602915601917
11116    0.602915601801
11118    0.602892414686
11120    0.602889429895
11122    0.602867077329
11124    0.602867044444
11126    0.602841912997
11128    0.602838761537
11154    0.602089490162
11156    0.602087019808
11158    0.602086808467
11160    0.602086623907
11186    0.60131302396
11188    0.601310591946
11190    0.601304889253
11192    0.601301912867
11194    0.601301864339
11196    0.601295561261
