26 5.25264003644
52 5.13061697635
69 5.12905917132
82 5.12822331362
84 5.1282055513
110 5.00727127192
136 4.91869472934
152 4.91721327708
178 4.89391984906
180 4.89390308911
206 4.77590402088
232 4.65339275351
258 4.64909777619
267 4.64865875041
269 4.64864126056
295 4.64672393278
321 4.52914014325
347 4.52627843055
373 4.5213727929
399 4.51840983659
425 4.39581869435
451 4.37876825557
460 4.37836050378
486 4.36321832221
488 4.3632035584
514 4.24017140337
533 4.1163863167
547 4.11530845021
549 4.11529907604
551 4.11528189272
577 3.99797476391
603 3.87696286475
629 3.87217070867
646 3.87060216591
648 3.87057923823
674 3.84670128754
688 3.72232550526
714 3.70284614666
716 3.70283830733
742 3.68734411766
768 3.57760095964
794 3.45451234706
820 3.4437825141
824 3.44369771373
841 3.44286259799
867 3.39357646468
893 3.2706366266
919 3.24144372874
928 3.24105698123
954 3.22476086856
980 3.10167555054
1006 3.06157600617
1012 3.06140278441
1038 3.03435783615
1040 3.0343448757
1066 2.94432070623
1092 2.92790190296
1118 2.90463086162
1144 2.88968771679
1170 2.88439099398
1196 2.76898095062
1221 2.64557588718
1247 2.63953418115
1249 2.63951903128
1256 2.63934042005
1278 2.51545951919
1304 2.39480826237
1306 2.3947986479
1325 2.39264282831
1327 2.39263670068
1353 2.39109502964
1379 2.26833462444
1405 2.26669632889
1417 2.26595443559
1443 2.26428742085
1469 2.23238834357
1495 2.11098657935
1521 2.08727875788
1538 2.08562417571
1564 2.06855821029
1590 2.06696390589
1592 2.0669622576
1618 2.06494726241
1620 2.06494619084
1646 2.0628197525
1672 2.02572572335
1696 1.90179457412
1722 1.87630709085
1724 1.87629498369
1750 1.85899495829
1776 1.78914836024
1791 1.66509696431
1817 1.63594630324
1819 1.63594291906
1845 1.62462470261
1871 1.58974517632
1897 1.48096703557
1923 1.45432356745
1949 1.44296978607
1975 1.42526891373
2001 1.3028718658
2027 1.1877607814
2038 1.18715896563
2064 1.18057199984
2066 1.18055685309
2092 1.14324937805
2118 1.11685266441
2144 1.09848231654
2146 1.09846787669
2148 1.09845978419
2150 1.09844709739
2152 1.09844044795
2154 1.09842964955
2156 1.09841224718
2182 1.0931889642
2184 1.09317744559
2210 1.09188427871
2212 1.09187606976
2214 1.09186106614
2216 1.09184347795
2218 1.09183102661
2220 1.09181807673
2222 1.09180817626
2248 1.0898401439
2250 1.08982624543
2276 1.0869494048
2278 1.08693929862
2304 1.08391280301
2306 1.08389522109
2332 1.07050490326
2334 1.07049571269
2360 1.0592081488
2362 1.05920349389
2364 1.05918831149
2366 1.05918762479
2368 1.05917629086
2370 1.05917604855
2372 1.05916928851
2374 1.05916122901
2377 1.05911399411
2379 1.05909622126
2381 1.05907836388
2383 1.0590617924
2409 1.04796658555
2411 1.04796655891
2437 1.03882213779
2439 1.03881936437
2465 1.0319719462
2467 1.03196192293
2469 1.03195350187
2471 1.03193259947
2473 1.03192966125
2475 1.03191047125
2501 1.02414884077
2503 1.02413796915
2529 1.01926121257
2531 1.01925427168
2557 1.01665866622
2559 1.01664323338
2585 0.999769771841
2587 0.999762120413
2613 0.989367678118
2615 0.989364134681
2641 0.987991952216
2667 0.976300576965
2669 0.976286853541
2695 0.966087829062
2697 0.96608053904
2699 0.966073505162
2701 0.966065577553
2703 0.966048392585
2705 0.966043973049
2707 0.966023931234
2709 0.966018278709
2711 0.965996339079
2713 0.965993567954
2715 0.965973923
2717 0.965972114933
2743 0.964344001971
2745 0.964335226895
2771 0.962554864377
2773 0.962550794209
2799 0.960726298028
2825 0.94983286819
2827 0.949813444451
2853 0.941600328117
2855 0.941585477263
2881 0.935992382696
2907 0.934253152808
2909 0.934251676005
2935 0.932043786126
2937 0.932041031841
2963 0.929729187107
2989 0.918580314894
2991 0.918564713271
3017 0.911169991547
3019 0.911162865536
3045 0.906453544266
3071 0.902875306068
3073 0.902875262293
3099 0.901047181531
3101 0.901044984845
3117 0.900569231851
3143 0.890777516123
3159 0.890071630489
3185 0.882731996531
3187 0.882716545318
3213 0.877994973535
3215 0.877978041046
3224 0.877699395678
3226 0.877688857114
3228 0.877667099796
3230 0.877659240681
3256 0.865327232479
3282 0.857180277273
3308 0.851848479038
3310 0.851839670597
3312 0.851834114999
3314 0.851826312747
3316 0.851821754883
3318 0.851815109041
3320 0.851805031359
3322 0.851783989465
3324 0.851777298946
3326 0.851756580156
3328 0.851751863733
3330 0.851741470631
3332 0.851731403461
3334 0.851722882897
3336 0.851716633527
3338 0.851710005099
3364 0.849785216168
3366 0.849775924117
3392 0.846884019259
3394 0.846878555941
3420 0.843865372889
3422 0.84385527336
3448 0.834665733436
3450 0.834662105689
3476 0.827168342128
3478 0.827167432719
3480 0.827158583671
3482 0.827158279342
3484 0.827152955221
3486 0.827152881509
3488 0.827150822268
3490 0.827145982732
3492 0.827126842657
3494 0.827113763901
3496 0.827099739412
3498 0.827087418784
3524 0.822889794923
3526 0.822889677495
3552 0.819098966387
3554 0.819093727326
3580 0.816319773044
3582 0.816312525183
3584 0.816309987601
3586 0.816293028731
3588 0.816292965417
3590 0.816277391051
3616 0.815370363733
3618 0.815362269984
3642 0.814615938798
3644 0.814611772728
3646 0.814587625314
3648 0.814579611184
3674 0.808607427806
3676 0.808604644442
3702 0.804985420475
3704 0.80498475562
3706 0.804967746926
3732 0.796478772015
3734 0.79647194615
3760 0.789277504286
3762 0.789275677653
3764 0.789271454022
3766 0.789267024131
3768 0.789252998728
3770 0.789250767402
3772 0.789232771683
3774 0.789230644002
3776 0.789213221437
3778 0.789212417374
3780 0.78919619811
3782 0.78919569716
3808 0.787510544225
3810 0.787508525461
3836 0.785587556508
3838 0.785587549382
3864 0.783627062734
3890 0.780634611149
3892 0.78062060544
3918 0.778049416063
3920 0.778041344096
3946 0.776301035463
3972 0.774444580714
3974 0.774440227861
4000 0.772071509324
4002 0.772063669777
4028 0.769605682029
4054 0.766873042598
4056 0.766863004696
4082 0.764935831003
4084 0.764933880791
4110 0.763726769546
4112 0.763715962366
4114 0.763715809319
4116 0.763692412937
4118 0.763686629916
4120 0.76366404503
4146 0.761622991388
4148 0.761607745598
4174 0.75972392459
4176 0.759714800171
4202 0.758486072855
4204 0.758475857357
4206 0.758453077922
4208 0.758447218599
4210 0.758428571728
4212 0.758424352119
4238 0.75526439787
4264 0.753079270899
4290 0.751645644808
4292 0.751640274478
4294 0.751636481083
4296 0.751631675116
4298 0.75162856937
4300 0.751624472377
4302 0.751617995057
4304 0.751599220285
4306 0.751595216101
4308 0.751576672655
4310 0.751574009894
4312 0.751566752471
4314 0.751561315494
4316 0.75155545063
4318 0.751553109051
4320 0.751548666184
4346 0.749755054486
4348 0.749749066888
4374 0.7469549322
4376 0.746952536874
4402 0.744066176581
4404 0.744059908342
4430 0.738140816615
4432 0.738139539481
4458 0.733410668958
4460 0.733410657145
4462 0.733405221218
4464 0.733405075649
4466 0.733402702413
4468 0.733402684066
4470 0.733402354096
4472 0.733399582233
4474 0.733383460141
4476 0.733373751909
4478 0.733363863293
4480 0.7333546119
4506 0.731984525479
4508 0.731984523287
4534 0.730465733733
4536 0.730459918232
4562 0.729352132438
4564 0.729347071606
4566 0.729345821768
4568 0.729332168506
4570 0.729332081753
4572 0.729319545771
4574 0.729309232059
4576 0.729303532492
4578 0.729280720484
4580 0.729278139012
4582 0.729255527597
4584 0.729250924314
4610 0.727218344642
4612 0.727217365784
4638 0.725969170963
4640 0.7259691454
4642 0.725956770326
4668 0.720171108033
4670 0.720167873404
4696 0.715347308021
4698 0.71534718858
4700 0.715344749611
4702 0.715342221279
4704 0.715330771233
4706 0.715329663335
4708 0.715313767049
4710 0.715312883249
4712 0.715298920069
4714 0.715298706595
4716 0.715285318911
4718 0.715285198557
4744 0.713583267957
4746 0.713582994891
4772 0.711564292477
4774 0.711562926275
4800 0.709513620601
4820 0.708968482939
4822 0.70895904089
4848 0.708068998786
4850 0.708065412547
4862 0.707775342098
4888 0.705863429071
4890 0.705856538401
4916 0.703400775881
4918 0.703388373649
4944 0.700866087289
4955 0.700598372966
4957 0.700592028137
4973 0.700181312182
4975 0.700180756397
4977 0.70015713206
4979 0.700147567739
4981 0.700147562289
4983 0.700125981634
4985 0.700119753641
4987 0.700098937214
4989 0.700082687687
4991 0.70007079797
5010 0.699559051907
5012 0.699552347889
5017 0.699451634325
5019 0.699445375151
5021 0.699424638626
5023 0.699421452924
5025 0.699406659748
5027 0.699404477158
5048 0.698821446219
5062 0.698468538718
5067 0.698369372998
5069 0.698366104213
5071 0.698363511417
5073 0.69836054758
5075 0.698358430191
5077 0.698355901046
5079 0.698351679284
5081 0.698334916244
5083 0.698332530066
5085 0.69831592195
5087 0.698314455812
5089 0.698309341566
5091 0.698306622127
5093 0.698302558759
5095 0.698302100399
5097 0.698299119484
5123 0.696708489663
5125 0.696704801318
5151 0.694105572693
5153 0.694104908875
5179 0.691438466463
5181 0.691434165777
5207 0.687776928283
5209 0.687776552288
5235 0.684886769995
5237 0.684886548693
5239 0.684882956807
5241 0.684882880449
5243 0.684881883963
5245 0.684881881366
5247 0.684881879107
5249 0.684880409849
5251 0.684867224578
5253 0.684859974179
5255 0.684853302447
5257 0.68484630307
5259 0.684828536675
5261 0.684828209953
5287 0.684053607377
5289 0.684049084353
5295 0.683925063481
5297 0.683921688998
5299 0.683920662006
5301 0.683909757072
5303 0.683909602202
5305 0.683899593425
5307 0.683890284399
5309 0.683886301887
5311 0.683864946056
5313 0.683863379141
5315 0.683842196559
5317 0.683839222998
5335 0.683353502855
5337 0.683353147424
5342 0.683253566246
5344 0.68325353546
5346 0.683243768463
5372 0.679479022429
5374 0.679477444715
5400 0.676362116226
5402 0.67636201291
5404 0.676360699284
5406 0.676359221652
5408 0.67634989015
5410 0.676349355707
5412 0.676335484019
5414 0.676335063391
5416 0.676323760721
5418 0.676323713802
5420 0.676312727458
5422 0.676312707045
5448 0.674647447839
5450 0.674647438158
5476 0.672590645742
5478 0.672586967309
5504 0.670511657522
5506 0.670500946798
5508 0.670495107059
5510 0.670471894455
5512 0.670470824005
5514 0.670446897135
5540 0.668565716018
5542 0.668555544542
5568 0.66611426076
5570 0.666097003627
5596 0.663616519764
5598 0.6635989619
5600 0.663594861274
5602 0.66357164777
5604 0.663571550418
5606 0.663548753962
5608 0.663540493642
5610 0.663540128146
5612 0.66352049169
5614 0.663516071751
5616 0.663497150737
5618 0.663488703512
5620 0.663478899803
5622 0.663457293171
5624 0.663451924564
5626 0.663428608598
5628 0.663424733634
5630 0.66340710132
5632 0.663405420743
5634 0.6633938227
5636 0.663392753567
5638 0.663376026159
5640 0.663354091657
5642 0.663331101684
5644 0.663329116862
5646 0.663327343151
5648 0.663325513084
5650 0.663324069088
5652 0.663322505455
5654 0.663319708061
5656 0.663304734563
5658 0.663303320871
5660 0.66328843856
5662 0.663287659709
5664 0.663284018259
5666 0.663282787817
5668 0.66327995206
5670 0.663279947784
5672 0.663277946398
5698 0.661935024677
5700 0.661932866797
5726 0.659596940473
5728 0.659596918867
5754 0.657212008748
5756 0.657208723435
5782 0.655007353578
5784 0.655007276141
5810 0.653275221505
5812 0.653274483787
5814 0.653271898655
5816 0.653271854214
5818 0.653271466094
5820 0.65327146609
5822 0.653271227139
5824 0.653270550009
5826 0.653260319242
5828 0.653254893702
5830 0.653250379968
5832 0.653245064063
5834 0.653235338165
5836 0.653234393614
5838 0.653211182309
5840 0.653207861392
5842 0.653184482347
5844 0.653182323352
5846 0.653181451859
5848 0.653172732848
5850 0.653172511696
5852 0.653164512931
5854 0.653156121172
5856 0.653153322326
5858 0.653133321639
5860 0.653132402274
5862 0.653112551395
5864 0.653110385732
5866 0.653088490786
5868 0.653088346805
5870 0.653064829712
5872 0.653064695164
5874 0.653056569545
5900 0.650682887074
5902 0.650682113331
5928 0.648714397663
5930 0.648713765917
5932 0.648713141703
5934 0.648712254391
5936 0.648704667191
5938 0.648704421398
5940 0.648692410295
5942 0.648692174356
5944 0.648682923327
5946 0.648682917142
5948 0.648674004744
5950 0.648674003964
5976 0.647102737889
5978 0.64710273607
6004 0.645074928245
6006 0.645069616572
6032 0.643036262013
6034 0.64302571991
6036 0.643022422156
6038 0.642999408693
6040 0.642999356005
6042 0.642975647129
6068 0.641203834784
6070 0.641190064879
6096 0.638854322098
6098 0.638832170721
6124 0.636483058706
6126 0.636466152097
6128 0.636463378025
6130 0.636440895699
6132 0.636440895698
6134 0.636418833656
6136 0.636411760649
6138 0.63641074504
6140 0.636392916156
6142 0.636389609818
6144 0.636372448545
6146 0.636364685903
6148 0.636356391691
6150 0.636335843091
6152 0.636331541468
6154 0.636309321
6156 0.636306867954
6158 0.636292387378
6160 0.636291526871
6162 0.636282342355
6164 0.636281853517
6166 0.636266104167
6168 0.63624525812
6170 0.636223363704
6172 0.636222162396
6174 0.636220948007
6176 0.636219816323
6178 0.636218831402
6180 0.636217862925
6182 0.63621597309
6184 0.636202593783
6186 0.636201762683
6188 0.636188421401
6190 0.636188028984
6192 0.636185406769
6194 0.636184918143
6196 0.636182923924
6198 0.636182434301
6200 0.63618109088
6226 0.635100481521
6228 0.635099286716
6254 0.633061979486
6256 0.633061779464
6282 0.630986522319
6284 0.630983756024
6310 0.629679917179
6312 0.62967991253
6338 0.628653279884
6340 0.628652038726
6342 0.628650008817
6344 0.628649980011
6346 0.628649843944
6348 0.628649842691
6350 0.628649207881
6352 0.628648963633
6354 0.628641118748
6356 0.628637030416
6358 0.628633953399
6360 0.62862988065
6362 0.628620651769
6364 0.628619209577
6366 0.628596746569
6368 0.628593976314
6370 0.628571363398
6372 0.62857004462
6374 0.628569283066
6376 0.628562272272
6378 0.628561991618
6380 0.628555563941
6382 0.628548009613
6384 0.628546021263
6386 0.628527282837
6388 0.628526765055
6390 0.628508156233
6392 0.628506451206
6394 0.628485168048
6396 0.628485115423
6398 0.628462218878
6400 0.628461967943
6402 0.62845502604
6428 0.626988766229
6430 0.626988423141
6456 0.625761511792
6458 0.625760153875
6460 0.625759922351
6462 0.625759372643
6464 0.62575321607
6466 0.62575311174
6468 0.62574275176
6470 0.625742595237
6472 0.625734930498
6474 0.625734930496
6476 0.625727823504
6478 0.625727822174
6504 0.624296203899
6506 0.624296184249
6532 0.622354973748
6534 0.622347864861
6560 0.620412402276
6562 0.62040193881
6564 0.620400229182
6566 0.620377296972
6568 0.620377035751
6570 0.620353431651
6596 0.618753501707
6598 0.618736380736
6624 0.616578987258
6650 0.615867583222
6676 0.613686326185
6678 0.613669969152
6680 0.613667978904
6682 0.613646113847
6684 0.613646064286
6686 0.613625124964
6688 0.613619094777
6690 0.613617604404
6692 0.613601405983
6694 0.613598611186
6696 0.613583035734
6698 0.613575912325
6700 0.613568881125
6702 0.61354933515
6704 0.613545901893
6706 0.61352472052
6708 0.613523115363
6710 0.613511198436
6712 0.613510771731
6714 0.613503515524
6716 0.613503313097
6718 0.613488488597
6720 0.613468676235
6722 0.613447823589
6724 0.613447099561
6726 0.613446267411
6728 0.613445566298
6730 0.61344489447
6732 0.613444293245
6734 0.613442987638
6736 0.613431029878
6738 0.613430546236
6740 0.61341858224
6742 0.613418400193
6744 0.613416489456
6746 0.613416325015
6748 0.613414911893
6750 0.613413402315
6752 0.613412502265
6778 0.612582750725
6780 0.612582123055
6806 0.610848928119
6808 0.610848002434
6834 0.609081968235
6836 0.609079454165
6862 0.608314893031
6864 0.608314889612
6874 0.608086947377
6876 0.608085419714
6878 0.608083672737
6880 0.608083652504
6882 0.608083608981
6884 0.608083605625
6886 0.608082672339
6888 0.608082623238
6890 0.608076566658
6892 0.608073445102
6894 0.608071379784
6896 0.608068213836
6898 0.60805946606
6900 0.60805771973
6902 0.608035981532
6904 0.608033471745
6906 0.608011599386
6908 0.608010845433
6910 0.608010162426
6912 0.608004490128
6914 0.608004158439
6916 0.607998962215
6918 0.607992172092
6920 0.607990737294
6922 0.607973175124
6924 0.607972898657
6926 0.607955448604
6928 0.607954032673
6930 0.60793338284
6932 0.607933367348
6934 0.607911118816
6936 0.607910764814
6938 0.607904668656
6964 0.607011496625
6966 0.607011366976
6992 0.606251502416
6994 0.606249395837
6996 0.606249351262
6998 0.606248998384
7000 0.606244008445
7002 0.606243970123
7004 0.606235040143
7006 0.606234920226
7008 0.606228484736
7010 0.606228483034
7012 0.606222941907
7014 0.606222936663
7040 0.604963502687
7042 0.604963465242
7068 0.603155466261
7070 0.603146496041
7096 0.601352558064
7098 0.601342112703
7100 0.601341326263
7102 0.601318399396
7104 0.601317002596
7106 0.601293431734
7132 0.599875252403
7134 0.599854361082
7160 0.597890870994
7186 0.597039588365
7212 0.595085651561
7214 0.595069810146
7216 0.595068297109
7218 0.59504701448
7220 0.595046867375
7222 0.595027044143
7224 0.595021925335
7226 0.595020144067
7228 0.595005415532
7230 0.595002866003
7232 0.594988719675
7234 0.594982191059
7236 0.594976218097
7238 0.594957621471
7240 0.594954893705
7242 0.594934697773
7244 0.594933607041
7246 0.594923778138
7248 0.594923576472
7250 0.594917859425
7252 0.594917789511
7254 0.594903839334
7256 0.594885008603
7258 0.594865146533
7260 0.594864712551
7262 0.59486414181
7264 0.594863706431
7266 0.594863248196
7268 0.59486287388
7270 0.59486194877
7272 0.594851259483
7274 0.594850981832
7276 0.594840249582
7278 0.594840176221
7280 0.594838767069
7282 0.594838720735
7284 0.594837712157
7286 0.594834967932
7288 0.594834367588
7292 0.594760758359
7294 0.594760230582
7320 0.593254233993
7322 0.593252792221
7348 0.591717927917
7350 0.591715518407
7352 0.591692282699
7354 0.591692277023
7356 0.591668464303
7358 0.591666910412
7360 0.591665289601
7362 0.591665274598
7364 0.591665247937
7366 0.591665242415
7368 0.59166422648
7370 0.591664226459
7372 0.591659515027
7374 0.59165709731
7376 0.591655738345
7378 0.591653238942
7380 0.591644953817
7382 0.591643032544
7384 0.591621995119
7386 0.591619611085
7388 0.591598454222
7390 0.591598064843
7392 0.591597438388
7394 0.591592818082
7396 0.591592443849
7398 0.591588215862
7400 0.591582122675
7402 0.591581069053
7404 0.591564603286
7406 0.591564467271
7408 0.591548098433
7410 0.591546868334
7412 0.591526871446
7414 0.591526868833
7416 0.591505291824
7418 0.591504854966
7420 0.591499359798
7422 0.591476056082
7424 0.591475975786
7430 0.591351166644
7432 0.591348886653
7434 0.591348881693
7436 0.59134865074
7438 0.591344792532
7440 0.591344783055
7442 0.591337274629
7444 0.591337172545
7446 0.591331692732
7448 0.591331688511
7450 0.591327487314
7452 0.59132747877
7478 0.590257116072
7480 0.59025707496
7506 0.588614283655
7508 0.588603496073
7534 0.586979591338
7536 0.586969131352
7538 0.586968828177
7540 0.586945869951
7542 0.586942697671
7544 0.586919127312
7570 0.585712214531
7572 0.585688137868
7598 0.583955939825
7624 0.58298040604
7650 0.581287813438
7652 0.581272474868
7654 0.581271259822
7656 0.581250548522
7658 0.581250298807
7660 0.58123159796
7662 0.581227272701
7664 0.581225322042
7666 0.581211918492
7668 0.581209488389
7670 0.581196630203
7672 0.581190653882
7674 0.581185568761
7676 0.581167870706
7678 0.581165714868
7680 0.581146453454
7682 0.581145680928
7684 0.581137554921
7686 0.581137466568
7688 0.581132976574
7690 0.5811329606
7692 0.581119836748
7694 0.581101938125
7696 0.581083017864
7698 0.581082759598
7700 0.581082367765
7702 0.581082096601
7704 0.581081784109
7706 0.581081550216
7708 0.581080876157
7710 0.581071319349
7712 0.581071162846
7714 0.581061532769
7716 0.581061510473
7718 0.581060467199
7720 0.581060382499
7722 0.581059665231
7724 0.581056524583
7726 0.581056132461
7728 0.581036882993
7730 0.581036405281
7756 0.579738679386
7758 0.579736730982
7784 0.578412026076
7786 0.578409652309
7788 0.578386886181
7790 0.578386878947
7792 0.578363540109
7794 0.578361966264
7796 0.578360438757
7798 0.578360426498
7800 0.578360409954
7802 0.578360402851
7804 0.578359321221
7806 0.578359284336
7808 0.578355588677
7810 0.578353687259
7812 0.578352816023
7814 0.57835081058
7816 0.578342968797
7818 0.578340947387
7820 0.578320586932
7822 0.578318263209
7824 0.578297797514
7826 0.578297628633
7828 0.578297043086
7830 0.57829325241
7832 0.578292843374
7834 0.578289379284
7836 0.578283921246
7838 0.578283132491
7840 0.578267689028
7842 0.578267630692
7844 0.578252270931
7846 0.57825116262
7848 0.578231986336
7850 0.578231986336
7852 0.578211253613
7854 0.578210753432
7856 0.57820545323
7858 0.578183474452
7860 0.578183416785
7862 0.578159359527
7864 0.578156957793
7866 0.578156862095
7868 0.578156704029
7870 0.578153694238
7872 0.578153693602
7874 0.578147324124
7876 0.578147231139
7878 0.57814249799
7880 0.578142491874
7882 0.578139412839
7884 0.578139402089
7910 0.577259825678
7912 0.577259796986
7938 0.575798969735
7940 0.575786510925
7966 0.574346134477
7968 0.574335654564
7970 0.574335566213
7972 0.574312578382
7974 0.574307277538
7976 0.574283712806
8002 0.5732959344
8028 0.572597329419
8054 0.571106503921
8080 0.570000954418
8106 0.5685779415
8108 0.568563230825
8110 0.568562203225
8112 0.568542725227
8114 0.568542384679
8116 0.568525465591
8118 0.568521829305
8120 0.568519779982
8122 0.568507571348
8124 0.568505198735
8126 0.568493502275
8128 0.568488038217
8130 0.568483699032
8132 0.568466851697
8134 0.568465158323
8136 0.568446783506
8138 0.568446211955
8140 0.568439476776
8142 0.568439442782
8144 0.568435929629
8146 0.568435929065
8148 0.568423586202
8150 0.568406572919
8152 0.568388548369
8154 0.568388396122
8156 0.568388126831
8158 0.568387957314
8160 0.568387744287
8162 0.568387597469
8164 0.568387091415
8166 0.568378546216
8168 0.568378460196
8170 0.568369816874
8172 0.5683698139
8174 0.568369032832
8176 0.568368880528
8178 0.568368367978
8180 0.568364949509
8182 0.568364697174
8184 0.56834997852
8186 0.568349523637
8212 0.567242494679
8214 0.567240054259
8240 0.566106456129
8242 0.566104110034
8244 0.566081803529
8246 0.566081794966
8248 0.566058920279
8250 0.566057331484
8252 0.566055873488
8254 0.566055862702
8256 0.566055852267
8258 0.566055844117
8260 0.566054710776
8262 0.566054589983
8264 0.566051664665
8266 0.566050145024
8268 0.566049605641
8270 0.566047969395
8272 0.566040551634
8274 0.566038471173
8276 0.566018764524
8278 0.56601646851
8280 0.565996670527
8282 0.56599661982
8284 0.565996063902
8286 0.565992929921
8288 0.565992492787
8290 0.565989633618
8292 0.565984753979
8294 0.565984151094
8296 0.565969661208
8298 0.565969642083
8300 0.56595522435
8302 0.565954197044
8304 0.565935821269
8306 0.565935819985
8308 0.565915911704
8310 0.565915364537
8312 0.565910215592
8314 0.565888643113
8316 0.565888600954
8318 0.565864968754
8320 0.565862452816
8322 0.565862191431
8324 0.565862077709
8326 0.565859706199
8328 0.565859705452
8330 0.565854233577
8332 0.565854145504
8334 0.565849999616
8336 0.565849992247
8338 0.565847826802
8340 0.565847814658
8366 0.565148303572
8368 0.565148294293
8394 0.563872671059
8396 0.56385877004
8422 0.562602604491
8424 0.562592121397
8426 0.562592107079
8428 0.562569122088
8430 0.562561602582
8432 0.562538078588
8458 0.561748974538
8484 0.560991436879
8510 0.559749520458
8536 0.558540413896
8562 0.557387721083
8564 0.55737365657
8566 0.557372749905
8568 0.557354546123
8570 0.557354130956
8572 0.557339021706
8574 0.55733598168
8576 0.557333872898
8578 0.557322742214
8580 0.557320395911
8582 0.557309747541
8584 0.557304758168
8586 0.557301046506
8588 0.557285004613
8590 0.557283684006
8592 0.557266150409
8594 0.557265708522
8596 0.557260110895
8598 0.557260100791
8600 0.557257363882
8602 0.557257361118
8604 0.557245756189
8606 0.557229583751
8608 0.557212411007
8610 0.55721232238
8612 0.55721213709
8614 0.557212030621
8616 0.557211885474
8618 0.557211792788
8620 0.557211400842
8622 0.557203759612
8624 0.557203713984
8626 0.557195954432
8628 0.557195954056
8630 0.557195361921
8632 0.557195120627
8634 0.55719475224
8636 0.557191098872
8638 0.557190939555
8640 0.557180050678
8642 0.557179596807
8668 0.556243410427
8670 0.556240512814
8696 0.555277363893
8698 0.555275040019
8700 0.555253183455
8702 0.555253173753
8704 0.555230753697
8706 0.555229153411
8708 0.555227747504
8710 0.555227737509
8712 0.555227730794
8714 0.555227721988
8716 0.555226548231
8718 0.555226321219
8720 0.555223982798
8722 0.555222747826
8724 0.555222429732
8726 0.555221071844
8728 0.555214059085
8730 0.555211941707
8732 0.555192866261
8734 0.555190581493
8736 0.555171428421
8738 0.555171424424
8740 0.555170889904
8742 0.555168277759
8744 0.555167818144
8746 0.555165439878
8748 0.555161086454
8750 0.55516061537
8752 0.55514701512
8754 0.555147012148
8756 0.555133473955
8758 0.555132501062
8760 0.555114891749
8762 0.555114888063
8764 0.55509577028
8766 0.555095188847
8768 0.555090175343
8770 0.555069002838
8772 0.555068972693
8774 0.555045758062
8776 0.555043135278
8778 0.555042670494
8780 0.555042584443
8782 0.555040695695
8784 0.555040691387
8786 0.555035931932
8788 0.555035846767
8790 0.555032166633
8792 0.555032158435
8794 0.555030711646
8796 0.555030698597
8798 0.555008862833
8800 0.555008817105
8826 0.553865917516
8828 0.553852755272
8854 0.552730433655
8856 0.552720053641
8858 0.552720053432
8860 0.552697233626
8862 0.552687624664
8864 0.552664303763
8866 0.552639879472
8892 0.551852996215
8918 0.550785795137
8944 0.5495115758
8970 0.548551550055
8972 0.548538232399
8974 0.548537404322
8976 0.548520594119
8978 0.548520120067
8980 0.54850690274
8982 0.548504377101
8984 0.548502230213
8986 0.548492072364
8988 0.54848973654
8990 0.548480034127
8992 0.548475484275
8994 0.548472301208
8996 0.548457021943
8998 0.548456000673
9000 0.548439265317
9002 0.548438908854
9004 0.548434243002
9006 0.548434241538
9008 0.548432120142
9010 0.548432108203
9012 0.548421200325
9014 0.548405826395
9016 0.548389463631
9018 0.548389412906
9020 0.548389285246
9022 0.548389217982
9024 0.548389119157
9026 0.548389060225
9028 0.548388746964
9030 0.548381913757
9032 0.548381890784
9034 0.54837492303
9036 0.548374917097
9038 0.548374462279
9040 0.548374111467
9042 0.548373845141
9044 0.548369998714
9046 0.548369900765
9048 0.548362147039
9050 0.548361675892
9076 0.547575822187
9078 0.547572514905
9104 0.546759001754
9106 0.546756696407
9108 0.546735280307
9110 0.546735269609
9112 0.546713294826
9114 0.546711685458
9116 0.546710318769
9118 0.546710309185
9120 0.546710304759
9122 0.546710295555
9124 0.546709090383
9126 0.546708750155
9128 0.546706861083
9130 0.5467058402
9132 0.546705665489
9134 0.546704519325
9136 0.546697893042
9138 0.546695750659
9140 0.54667728442
9142 0.546675002552
9144 0.546656472229
9146 0.546656466152
9148 0.546655946964
9150 0.546653751196
9152 0.54665327371
9154 0.546651279333
9156 0.546647404134
9158 0.546647027531
9160 0.546634257401
9162 0.546634257218
9164 0.546621540311
9166 0.546620604219
9168 0.54660372885
9170 0.546603722765
9172 0.546585362979
9174 0.546584756825
9176 0.546579864635
9178 0.546559085609
9180 0.546559064652
9182 0.546536260115
9184 0.546533537595
9186 0.546532856013
9188 0.546532787664
9190 0.546531266145
9192 0.546531257396
9194 0.546527067381
9196 0.546526986039
9198 0.546523903504
9200 0.546523894202
9202 0.546522917536
9204 0.546522903323
9206 0.546504577467
9208 0.546504340406
9234 0.545489144888
9236 0.545476540523
9262 0.544481731271
9264 0.544471565795
9266 0.544471527765
9268 0.544449023901
9270 0.544439368215
9272 0.544416397489
9274 0.544396349896
9300 0.543596470007
9326 0.542697962918
9352 0.541379341715
9378 0.540600501643
9380 0.540587927697
9382 0.540587150707
9384 0.540571723798
9386 0.540571204269
9388 0.540559819456
9390 0.54055773606
9392 0.540555562709
9394 0.540546283322
9396 0.54054394999
9398 0.540535101809
9400 0.54053095868
9402 0.5405282215
9404 0.540513664548
9406 0.540512882581
9408 0.540496904923
9410 0.540496605848
9412 0.540492704446
9414 0.540492704383
9416 0.540491069816
9418 0.540491046908
9420 0.540480797381
9422 0.540466181832
9424 0.540450589369
9426 0.540450561003
9428 0.540450472918
9430 0.540450430112
9432 0.540450362891
9434 0.540450325092
9436 0.540450066905
9438 0.540443956192
9440 0.540443945522
9442 0.540437687433
9444 0.540437672557
9446 0.540437318446
9448 0.54043683942
9450 0.540436645741
9452 0.540432645433
9454 0.540432587449
9456 0.540427317722
9458 0.540426813325
9481 0.53986837251
9483 0.539864790505
9509 0.539172028986
9511 0.539169741774
9513 0.539148757021
9515 0.539148745307
9517 0.539127206764
9519 0.539125588665
9521 0.539124251627
9523 0.539124242239
9525 0.539124239237
9527 0.539124229804
9529 0.539123000329
9531 0.539122549018
9533 0.539121005804
9535 0.539120147348
9537 0.539120061583
9539 0.539119077887
9541 0.539112820204
9543 0.53911065933
9545 0.53909278112
9547 0.539090497959
9549 0.539072569044
9551 0.539072528635
9553 0.53907202028
9555 0.539070158186
9557 0.539069666563
9559 0.539067979971
9561 0.539064538912
9563 0.539064230792
9565 0.539052235492
9567 0.539052230758
9569 0.539040280948
9571 0.53903936983
9573 0.539023197469
9575 0.539023189369
9577 0.539005556607
9579 0.539004932739
9581 0.539000149263
9583 0.538979757289
9585 0.538979743244
9587 0.538957341571
9589 0.538954526162
9591 0.538953629782
9593 0.538953573027
9595 0.538952332565
9597 0.5389523196
9599 0.538948587969
9601 0.538948508889
9603 0.538945888389
9605 0.538945878381
9607 0.538945240036
9609 0.538945225088
9611 0.538930110807
9613 0.538929579722
9639 0.538034688107
9641 0.538022509798
9667 0.537146875269
9669 0.537136943603
9671 0.537136808801
9673 0.537114650493
9675 0.537104995495
9677 0.537082403802
9679 0.537066376287
9705 0.536268720461
9731 0.535527088904
9757 0.534184490874
9763 0.534061185169
9765 0.534049422721
9767 0.534048678541
9769 0.534034690417
9771 0.534034136178
9773 0.534024561435
9775 0.534022856795
9777 0.534020663426
9779 0.534012177685
9781 0.534009842874
9783 0.534001766463
9785 0.533997999446
9787 0.533995638906
9789 0.533981766191
9791 0.533981174507
9793 0.533965916164
9795 0.53396565632
9797 0.533962383126
9799 0.53396238135
9801 0.533961130662
9803 0.533961097332
9805 0.533951469439
9807 0.533937574114
9809 0.533922714182
9811 0.533922698828
9813 0.533922637944
9815 0.533922610457
9817 0.533922564791
9819 0.533922540284
9821 0.533922321197
9823 0.533916856623
9825 0.533916852299
9827 0.533911230428
9829 0.53391120578
9831 0.533910927107
9833 0.533910300429
9835 0.53391015932
9837 0.533906120687
9839 0.533906088476
9841 0.533902591564
9843 0.533902037562
9845 0.533879877426
9847 0.533876463535
9859 0.53360291805
9861 0.533600664747
9863 0.533580102273
9865 0.533580088472
9867 0.533558977178
9869 0.533557340417
9871 0.53355602587
9873 0.533556016554
9875 0.533556014451
9877 0.53355600489
9879 0.533554756688
9881 0.533554201531
9883 0.533552925992
9885 0.533552191838
9887 0.533552157393
9889 0.533551299446
9891 0.533545393097
9893 0.533543217391
9895 0.533525906654
9897 0.53352362011
9899 0.533506271876
9901 0.533506176844
9903 0.533505675964
9905 0.533504082455
9907 0.533503579681
9909 0.533502140964
9911 0.533499093518
9913 0.533498835584
9915 0.533487563607
9917 0.533487550661
9919 0.533476317409
9921 0.533475423239
9923 0.533459924263
9925 0.533459914603
9927 0.533442979148
9929 0.533442342631
9931 0.533437656575
9933 0.533417645099
9935 0.533417636142
9937 0.533395630101
9939 0.53339272833
9941 0.533391628447
9943 0.533391579449
9945 0.533390555458
9947 0.533390538902
9949 0.533387178808
9951 0.533387101176
9953 0.533384841074
9955 0.533384830594
9957 0.533384431787
9959 0.533384416355
9961 0.53337217269
9963 0.533371280994
9989 0.532587718619
9991 0.532575870185
10017 0.531809828216
10019 0.531800215174
10021 0.53179991306
10023 0.531778226157
10025 0.531768725203
10027 0.531746637565
10029 0.531732773991
10055 0.530939302597
10075 0.530457633466
10101 0.529101218946
10103 0.529079642156
10105 0.529068701291
10107 0.529067977626
10109 0.529055413063
10111 0.529054832457
10113 0.529046971885
10115 0.529045590208
10117 0.52904338051
10119 0.529035612184
10121 0.529033274002
10123 0.52902589522
10125 0.529022475772
10127 0.529020433834
10129 0.529007209414
10131 0.529006768063
10133 0.52899219272
10135 0.528991960091
10137 0.528989204053
10139 0.5289891995
10141 0.528988250419
10143 0.528988208114
10145 0.528979167047
10147 0.528965955692
10149 0.52895179237
10151 0.528951784443
10153 0.528951742278
10155 0.528951724433
10157 0.528951693461
10159 0.528951677364
10161 0.528951486401
10163 0.528946599741
10165 0.528946598404
10167 0.528941547044
10169 0.528941513078
10171 0.528941297552
10173 0.528940479545
10175 0.528940380405
10177 0.528936730838
10179 0.52893671605
10181 0.528933590923
10183 0.528932947964
10185 0.528911750326
10187 0.528908522642
10189 0.528884280222
10191 0.528882057845
10193 0.52886190891
10195 0.5288618931
10197 0.528841200384
10199 0.528839547327
10201 0.5288382499
10203 0.528838240589
10205 0.52883823906
10207 0.528838229431
10209 0.528836966861
10211 0.528836317634
10213 0.528835250456
10215 0.52883461225
10217 0.528834603487
10219 0.528833843689
10221 0.528828272099
10223 0.528826083729
10225 0.528809320698
10227 0.528807029788
10229 0.52879024228
10231 0.528790080889
10233 0.528789584971
10235 0.528788208646
10237 0.528787697103
10239 0.528786458946
10241 0.528783767893
10243 0.528783547131
10245 0.528772950596
10247 0.52877292798
10249 0.528762364256
10251 0.528761481556
10253 0.528746627725
10255 0.528746616913
10257 0.528730350404
10259 0.528729704873
10261 0.528725106136
10263 0.528705468705
10265 0.528705463384
10267 0.528683845966
10269 0.528680864049
10271 0.528679577144
10273 0.528679533434
10275 0.528678677281
10277 0.528678657836
10279 0.528675600953
10281 0.528675524351
10283 0.52867354793
10285 0.528673537109
10287 0.528673303803
10289 0.528673288029
10291 0.528663556026
10293 0.52866226237
10319 0.527980192737
10321 0.527968604281
10347 0.527301981481
10349 0.527292725028
10351 0.52729219634
10353 0.527271039532
10355 0.527261948785
10357 0.527240422486
10359 0.527227919232
10385 0.526442242477
10387 0.526418466084
10413 0.525060322119
10415 0.525039966758
10417 0.525029868078
10419 0.52502915656
10421 0.525018003802
10423 0.525017403187
10425 0.525011152972
10427 0.525010045296
10429 0.525007821498
10431 0.525000702077
10433 0.524998359714
10435 0.524991611903
10437 0.524988513421
10439 0.524986741402
10441 0.524974131387
10443 0.524973807874
10445 0.524959881215
10447 0.524959667691
10449 0.524957338187
10451 0.524957330758
10453 0.524956617621
10455 0.524956567989
10457 0.524948080793
10459 0.524935519008
10461 0.524922018181
10463 0.524922014374
10465 0.524921985106
10467 0.524921973365
10469 0.524921952402
10471 0.524921941664
10473 0.524921771165
10475 0.524917401453
10477 0.52491740126
10479 0.524912861579
10481 0.52491281932
10483 0.524912651752
10485 0.524911647322
10487 0.524911578394
10489 0.52490824865
10491 0.524908243505
10493 0.524905174067
10495 0.524904433277
10497 0.524883384543
10499 0.524880340892
10501 0.524856290001
10503 0.524854091161
10505 0.524834347252
10507 0.524834329898
10509 0.524814047294
10511 0.524812383169
10513 0.524811098819
10515 0.524811089475
10517 0.524811088321
10519 0.524811078658
10521 0.52480980512
10523 0.524809072533
10525 0.524808168506
10527 0.524807604978
10529 0.524807604762
10531 0.524806922187
10533 0.52480166943
10535 0.524799469768
10537 0.524783235368
10539 0.524780939672
10541 0.524764693615
10543 0.524764460164
10545 0.524763967325
10547 0.524762767437
10549 0.524762249009
10551 0.524761173899
10553 0.524758805058
10555 0.524758612104
10557 0.524748646442
10559 0.524748613964
10561 0.52473867595
10563 0.524737800968
10565 0.524723565285
10567 0.52472355365
10569 0.524707928935
10571 0.524707276982
10573 0.524702756507
10575 0.524683486694
10577 0.524683483858
10579 0.524662248174
10581 0.524659191999
10583 0.524657737005
10585 0.524657696957
10587 0.524656971816
10589 0.524656950124
10591 0.52465414235
10593 0.524654066566
10595 0.524652315472
10597 0.524652304383
10599 0.52465218115
10601 0.524652165114
10603 0.524644587007
10605 0.524642867801
10607 0.524619346172
10609 0.524608897925
10613 0.524535258124
10615 0.524526550118
10617 0.52452573884
10619 0.524505398868
10621 0.524497255461
10623 0.52447657383
10625 0.524464276513
10651 0.523683993285
10653 0.523661011637
10679 0.522311995237
10681 0.52229290021
10683 0.522283601433
10685 0.522282896432
10687 0.522273074051
10689 0.522272458177
10691 0.522267643772
10693 0.522266767178
10695 0.522264530733
10697 0.522257998582
10699 0.52225565178
10701 0.522249474955
10703 0.522246672633
10705 0.52224512964
10707 0.52223310202
10709 0.522232869983
10711 0.522219559515
10713 0.522219359522
10715 0.5222173825
10717 0.522217372499
10719 0.522216842975
10721 0.522216787558
10723 0.522208822997
10725 0.522196878093
10727 0.52218400731
10729 0.522184005687
10731 0.522183985318
10733 0.522183977471
10735 0.522183963319
10737 0.522183956023
10739 0.522183800562
10741 0.522179893316
10743 0.522179893303
10745 0.522175812626
10747 0.522175763279
10749 0.522175630837
10751 0.522174461085
10753 0.522174413013
10755 0.522171329987
10757 0.522171329063
10759 0.522168316321
10761 0.522167483375
10763 0.522146583681
10765 0.522143696568
10767 0.522119836032
10769 0.522117655403
10771 0.522098308182
10773 0.522098289663
10775 0.522078408854
10777 0.522076737528
10779 0.522075463199
10781 0.522075453804
10783 0.522075452896
10785 0.522075443219
10787 0.52207416135
10789 0.522073356079
10791 0.522072580566
10793 0.522072075618
10795 0.522072072809
10797 0.522071451458
10799 0.522066502227
10801 0.522064292214
10803 0.522048567992
10805 0.522046267371
10807 0.522030544098
10809 0.522030237064
10811 0.522029745893
10813 0.522028690002
10815 0.522028166174
10817 0.52202722425
10819 0.522025146231
10821 0.522024974272
10823 0.522015597956
10825 0.522015556114
10827 0.522006202952
10829 0.522005333112
10831 0.521991689709
10833 0.521991677501
10835 0.521976668531
10837 0.521976011998
10839 0.521971561639
10841 0.521952652996
10843 0.521952651744
10845 0.521931790961
10847 0.521928666069
10849 0.521927062596
10851 0.521927025118
10853 0.521926402946
10855 0.521926379547
10857 0.52192377777
10859 0.521923705866
10861 0.521922238837
10863 0.521922226433
10865 0.521922166745
10867 0.521922149408
10869 0.521914712468
10871 0.521912504168
10873 0.521889233457
10875 0.521879759479
10877 0.521855435906
10879 0.521847255554
10881 0.521846156772
10883 0.521826609462
10885 0.521819231002
10887 0.52179936794
10889 0.521787362857
10915 0.521019952512
10917 0.520997846797
10943 0.51966861221
10945 0.519650801767
10947 0.519642260156
10949 0.519641557901
10951 0.519632979218
10953 0.519632351617
10955 0.519628788911
10957 0.519628105836
10959 0.519625857788
10961 0.519619857476
10963 0.519617506273
10965 0.519611846473
10967 0.519609317198
10969 0.519607968856
10971 0.519596493462
10973 0.519596331572
10975 0.519583606604
10977 0.519583416257
10979 0.519581731132
10981 0.519581718996
10983 0.519581331459
10985 0.519581271578
10987 0.519573800106
10989 0.519562441099
10991 0.519550169577
10993 0.519550169024
10995 0.519550154805
10997 0.519550149461
10999 0.519550139938
11001 0.519550134876
11003 0.519549990553
11005 0.519546497096
11007 0.519546496798
11009 0.519542827981
11011 0.519542772735
11013 0.519542666229
11015 0.519541352933
11017 0.519541319273
11019 0.519538427748
11021 0.519538427733
11023 0.519535472362
11025 0.519534553485
11027 0.51951380282
11029 0.519511049176
11031 0.519487377864
11033 0.519485211614
11035 0.51946625304
11037 0.519466233656
11039 0.519446746613
11041 0.519445070955
11043 0.519443804347
11045 0.519443794893
11047 0.519443794151
11049 0.519443784469
11051 0.519442496326
11053 0.519441628467
11055 0.519440954788
11057 0.519440496141
11059 0.519440483791
11061 0.519439911328
11063 0.519435250963
11065 0.519433031311
11067 0.519417799541
11069 0.519415494025
11071 0.519400275586
11073 0.519399896264
11075 0.519399405708
11077 0.519398467888
11079 0.519397939831
11081 0.519397107234
11083 0.519395291242
11085 0.519395135263
11087 0.519386309669
11089 0.519386259299
11091 0.519377452954
11093 0.519376586494
11095 0.519363510683
11097 0.519363498088
11099 0.51934907998
11101 0.519348420183
11103 0.519344032634
11105 0.519325478862
11107 0.519325478495
11109 0.519304985998
11111 0.519301797614
11113 0.519300064848
11115 0.519300029191
11117 0.519299488509
11119 0.519299463832
11121 0.519297033515
11123 0.519296963854
11125 0.519295724208
11127 0.519295710981
11129 0.519295688276
11131 0.519295670141
11133 0.519288303279
11135 0.519285645115
11137 0.519262494497
11139 0.519253783167
11141 0.519229614851
11143 0.51922193579
11145 0.519220558027
11147 0.519201771048
11149 0.519195014621
11151 0.519175936139
11153 0.519164305496
11179 0.51841692966
11181 0.518395770162
11207 0.517096413834
11209 0.517079896968
11211 0.517072069116
11213 0.517071367139
11215 0.517063941022
11217 0.517063304304
11219 0.517060802852
11221 0.517060280468
11223 0.517058021632
11225 0.517052503256
11227 0.517050147832
11229 0.517044956462
11231 0.517042678686
11233 0.517041496056
11235 0.517030544388
11237 0.517030435451
11239 0.51701826693
11241 0.517018083479
11243 0.51701664061
11245 0.517016626773
11247 0.517016348175
11249 0.517016284906
11251 0.517009278542
11253 0.516998476003
11255 0.516986774476
11257 0.516986774369
11259 0.516986764407
11261 0.51698676069
11263 0.516986754309
11265 0.516986750712
11267 0.51698661469
11269 0.516983491495
11271 0.516983490723
11273 0.516980191536
11275 0.516980131471
11277 0.516980044276
11279 0.516978608121
11281 0.51697858444
11283 0.5169758423
11285 0.516975841259
11287 0.516972943653
11289 0.516971945274
11291 0.51695134342
11293 0.516948703801
11295 0.516925220529
11297 0.516923065897
11299 0.516904488121
11301 0.516904468102
11303 0.516885366973
11305 0.516883689109
11307 0.516882428486
11309 0.516882418973
11311 0.516882418342
11313 0.51688240866
11315 0.516881115845
11317 0.516880194627
11319 0.516879602115
11321 0.516879180318
11323 0.516879154377
11325 0.516878621218
11327 0.516874235658
11329 0.516872006942
11331 0.516857250521
11333 0.516854940214
11335 0.51684020927
11337 0.516839760786
11339 0.516839270066
11341 0.516838429499
11343 0.516837898135
11345 0.516837155714
11347 0.516835575332
11349 0.516835431602
11351 0.516827120749
11353 0.516827062814
11355 0.516818767832
11357 0.516817903551
11359 0.516805371698
11361 0.516805358849
11363 0.516791507754
11365 0.516790845626
11367 0.516786514316
11369 0.516768309171
11371 0.51676830915
11373 0.516748178432
11375 0.516744931457
11377 0.516743087495
11379 0.516743053143
11381 0.516742577396
11383 0.516742551775
11385 0.516740265084
11387 0.516740196635
11389 0.51673913825
11391 0.516739124551
11393 0.516739119766
11395 0.516739101182
11397 0.516731807405
11399 0.516728750216
11401 0.516705721125
11403 0.516697604585
11405 0.516673591414
11407 0.516666388097
11409 0.516664747585
11411 0.516646689749
11413 0.516640442524
11415 0.516622116008
11417 0.516610935282
11443 0.515890186804
11445 0.51587003109
11471 0.514609777352
11473 0.514594547902
11475 0.514587389724
11477 0.51458668648
11479 0.514580318491
11481 0.514579674574
11483 0.51457804125
11485 0.514577650917
11487 0.514575381981
11489 0.514570300588
11491 0.514567941187
11493 0.51456317447
11495 0.514561128101
11497 0.514560086788
11499 0.51454963192
11501 0.514549562126
11503 0.514537922536
11505 0.514537744022
11507 0.514536502664
11509 0.514536487513
11511 0.514536291683
11513 0.514536225876
11515 0.514529658122
11517 0.514519384101
11519 0.514508224748
11521 0.514508224748
11523 0.51450821774
11525 0.51450821509
11527 0.514508210836
11529 0.514508208211
11531 0.5145080784
11533 0.514505286535
11535 0.514505285244
11537 0.514502317851
11539 0.514502253897
11541 0.514502181201
11543 0.514500640931
11545 0.514500624171
11547 0.514497999019
11549 0.514497995907
11551 0.514495156226
11553 0.514494084732
11555 0.514473631304
11557 0.514471089262
11559 0.514447792799
11561 0.514445647794
11563 0.514427443141
11565 0.514427422663
11567 0.514408699762
11569 0.514407021272
11571 0.514405765328
11573 0.514405755757
11575 0.514405755203
11577 0.51440574552
11579 0.514404449277
11581 0.514403482945
11583 0.514402955497
11585 0.514402563218
11587 0.514402521611
11589 0.514402020248
11591 0.514397896012
11593 0.514395658725
11595 0.514381361151
11597 0.514379046199
11599 0.514364786008
11601 0.514364272607
11603 0.514363781147
11605 0.514363021044
11607 0.514362487097
11609 0.514361819414
11611 0.51436045042
11613 0.514360316133
11615 0.514352486497
11617 0.51435242197
11619 0.514344605297
11621 0.51434374238
11623 0.514331731851
11625 0.514331718842
11627 0.514318411899
11629 0.514317748111
11631 0.514313467118
11633 0.514295604415
11635 0.514295604338
11637 0.514275828999
11639 0.514272528015
11641 0.514270589514
11643 0.514270556108
11645 0.514270132449
11647 0.514270106138
11649 0.514267940519
11651 0.514267872716
11653 0.514266959517
11655 0.514266945552
11657 0.514266945549
11659 0.514266926717
11661 0.51425970833
11663 0.514256303499
11665 0.514233396999
11667 0.514225746984
11669 0.514201888747
11671 0.514195136513
11673 0.514193253444
11675 0.514175894713
11677 0.514170066933
11679 0.514152461105
11681 0.514141796699
11707 0.513453484112
11709 0.513434375751
11735 0.512221317517
11737 0.512207354857
11739 0.512200821723
11741 0.512200116322
11743 0.512194710103
11745 0.512194060395
11747 0.512193103221
11749 0.512192819999
11751 0.512190541573
11753 0.512185856655
11755 0.512183493555
11757 0.512179112035
11759 0.512177278342
11761 0.512176357759
11763 0.512166374239
11765 0.512166332552
11767 0.512155195831
11769 0.512155020846
11771 0.512153947509
11773 0.512153931363
11775 0.512153797638
11777 0.512153729952
11779 0.512147575723
11781 0.512137803675
11783 0.512127160049
11785 0.512127159985
11787 0.512127155031
11789 0.512127153092
11791 0.512127150274
11793 0.512127148305
11795 0.512127023153
11797 0.512124527786
11799 0.512124526008
11801 0.512121856494
11803 0.512121789434
11805 0.51212172772
11807 0.51212009981
11809 0.512120087862
11811 0.512117554585
11813 0.512117548919
11815 0.512114767136
11817 0.512113628717
11819 0.512093323184
11821 0.51209086476
11823 0.512067753837
11825 0.512065617031
11827 0.512047777992
11829 0.512047757186
11831 0.512029404988
11833 0.512027727052
11835 0.512026474804
11837 0.512026465179
11839 0.512026464677
11841 0.512026454993
11843 0.512025156297
11845 0.512024152094
11847 0.512023677084
11849 0.512023308589
11851 0.512023250563
11853 0.512022775079
11855 0.512018899245
11857 0.512016653828
11859 0.512002799181
11861 0.512000479748
11863 0.511986674142
11865 0.511986100682
11867 0.511985608064
11869 0.511984914818
11871 0.511984378857
11873 0.511983773412
11875 0.511982593611
11877 0.511982466636
11879 0.511975086978
11881 0.511975016773
11883 0.511967647587
11885 0.511966785489
11887 0.511955274605
11889 0.511955261505
11891 0.511942476796
11893 0.511941811829
11895 0.511937575818
11897 0.511920049444
11899 0.511920049011
11901 0.511900622755
11903 0.511897272039
11905 0.511895254058
11907 0.511895221343
11909 0.511894839743
11911 0.511894812932
11913 0.511892750022
11915 0.51189268255
11917 0.511891886205
11919 0.511891872092
11921 0.511891868033
11923 0.511891849072
11925 0.511884707805
11927 0.511881003791
11929 0.511858220648
11931 0.511850938308
11933 0.511827234708
11935 0.511820909821
11937 0.511818805934
11939 0.511802117412
11941 0.511796637138
11943 0.511779722009
11945 0.511769629372
11971 0.511118610779
11973 0.511100578681
11999 0.509941487495
12001 0.509928757724
12003 0.509922804724
12005 0.509922096741
12007 0.509917555544
12009 0.509916901074
12011 0.50991643301
12013 0.509916235233
12015 0.509913947877
12017 0.509909622914
12019 0.5099072564
12021 0.509903224499
12023 0.509901586022
12025 0.50990076877
12027 0.509891232542
12029 0.509891210188
12031 0.509880551646
12033 0.509880379173
12035 0.509879446279
12037 0.509879429391
12039 0.509879341509
12041 0.509879272447
12043 0.509873507997
12045 0.509864212716
12047 0.509854059677
12049 0.509854059473
12051 0.509854055952
12053 0.509854054492
12055 0.50985405264
12057 0.509854051118
12059 0.509853929462
12061 0.509851699425
12063 0.509851697219
12065 0.509849295183
12067 0.50984922566
12069 0.509849172332
12071 0.509847470972
12073 0.50984746238
12075 0.509845001382
12077 0.509844993025
12079 0.509842268955
12081 0.509841069495
12083 0.509820911214
12085 0.509818524524
12087 0.509795597841
12089 0.509793468211
12091 0.509775987438
12093 0.509775966403
12095 0.509757977538
12097 0.50975630104
12099 0.509755051755
12101 0.50975504208
12103 0.509755041613
12105 0.509755031927
12107 0.509753731539
12109 0.509752695757
12111 0.509752263223
12113 0.509751913998
12115 0.50975183966
12117 0.509751385356
12119 0.509747745545
12121 0.509745492401
12123 0.509732065324
12125 0.509729741587
12127 0.509716374959
12129 0.509715746552
12131 0.509715252479
12133 0.509714615015
12135 0.509714077488
12137 0.509713524114
12139 0.50971251318
12141 0.509712391886
12143 0.509705433092
12145 0.509705358038
12147 0.509698407599
12149 0.509697545961
12151 0.509686513958
12153 0.509686500813
12155 0.509674217321
12157 0.509673551526
12159 0.509669355681
12161 0.5096521596
12163 0.509652158598
12165 0.509633075233
12167 0.50962967877
12169 0.509627594743
12171 0.50962756254
12173 0.509627215115
12175 0.509627187947
12177 0.509625212723
12179 0.509625145409
12181 0.509624443559
12183 0.509624429366
12185 0.509624415516
12187 0.509624396491
12189 0.509617333611
12191 0.509613374273
12193 0.509590715011
12195 0.509583723573
12197 0.509560174246
12199 0.509554253912
12201 0.509551951005
12203 0.509535904916
12205 0.509530714066
12207 0.509514460899
12209 0.509504983216
12211 0.509481198079
12213 0.509463629247
12239 0.508341452153
12241 0.508329405822
12243 0.508323837896
12245 0.50832313199
12247 0.508318939008
12249 0.508318277101
12251 0.508318015795
12253 0.508317884614
12255 0.508315588852
12257 0.50831159061
12259 0.508309220959
12261 0.508305506318
12263 0.508304046776
12265 0.508303318129
12267 0.508294206424
12269 0.50829419648
12271 0.508283992701
12273 0.508283822003
12275 0.508283006802
12277 0.508282989368
12279 0.508282934587
12281 0.508282864527
12283 0.508277467373
12285 0.508268624902
12287 0.508258938533
