26 5.28377409714
50 5.16008450447
76 5.13653000861
78 5.13651987216
104 5.13079813372
124 5.00670348509
150 4.99876803773
152 4.99875166287
178 4.99101588887
180 4.99100383397
206 4.99020869273
232 4.92636526675
234 4.92634470686
260 4.89627473086
262 4.89625844922
283 4.77265744677
309 4.72635213553
311 4.72633610438
337 4.6976019505
339 4.6975905724
353 4.57362111425
370 4.44932632876
372 4.44931269904
374 4.44929992275
376 4.44929038206
402 4.40272008828
428 4.30979932911
454 4.28142012805
480 4.25993748813
506 4.24319186987
532 4.1571875636
557 4.03351749016
583 4.00909686264
585 4.00908557649
611 4.00267750449
637 3.88079094015
663 3.75937004804
676 3.75844314406
692 3.75700338513
694 3.75698472258
707 3.63247211599
722 3.50808650227
724 3.50808241125
726 3.50806953275
728 3.50806771403
754 3.38719978102
780 3.26499669141
798 3.26302398188
810 3.26221152897
812 3.26219051887
838 3.13968056451
864 3.09732077736
875 3.09665669748
901 3.06893293551
903 3.06891077143
905 3.06889359835
931 2.96579374756
957 2.96502994225
983 2.94915051789
1009 2.94826886964
1035 2.82466108698
1061 2.78453473581
1066 2.78438686228
1092 2.7573044083
1094 2.75728305823
1113 2.63231313404
1139 2.62793973857
1141 2.62793010754
1167 2.62350517429
1169 2.62349982939
1195 2.50806496403
1221 2.45232880684
1247 2.44480727599
1273 2.41497460652
1282 2.41466779898
1308 2.41389074667
1334 2.2900070245
1360 2.28891243006
1364 2.28882938156
1390 2.28762814551
1416 2.18528889941
1442 2.06205464017
1468 2.04615762553
1472 2.04606174366
1498 2.04373661529
1524 1.92010754747
1541 1.7960452965
1543 1.79602453597
1545 1.79600964739
1547 1.79599389717
1567 1.67190245807
1590 1.54793877855
1592 1.54792747915
1594 1.54791023884
1596 1.54790284933
1622 1.47152892666
1645 1.34771906802
1671 1.31982548091
1673 1.31981329553
1699 1.31026563121
1725 1.26126535685
1751 1.13911886635
1777 1.10995949821
1791 1.10885898291
1817 1.09229103407
1843 0.97886907648
1869 0.969670410673
1882 0.969132019674
1905 0.968024562942
1907 0.968020367307
1913 0.967876545785
1915 0.967874746854
1917 0.96785035625
1919 0.967844490658
1945 0.960393956439
1947 0.960388528354
1973 0.953307480602
1975 0.953302244713
1977 0.953275555195
2003 0.939912064189
2005 0.939889541086
2031 0.933906102465
2033 0.933886750653
2035 0.933881997963
2061 0.917165536987
2063 0.917161086327
2089 0.907406513381
2091 0.907403007853
2093 0.90740145245
2095 0.907399345762
2097 0.907396413226
2099 0.907396090031
2101 0.907392483222
2127 0.898588120403
2153 0.894333097865
2179 0.888638381958
2197 0.887904344779
2223 0.884603760589
2249 0.88321689348
2251 0.883213966922
2257 0.883067795368
2259 0.883066686776
2261 0.883041448621
2263 0.883027416218
2265 0.883012024387
2267 0.882999067114
2269 0.882986047517
2271 0.88297526802
2273 0.882973522681
2275 0.882971787783
2277 0.882971500722
2279 0.882970663558
2281 0.882970550998
2283 0.88296329322
2285 0.882950471981
2287 0.882934886517
2289 0.882925071023
2291 0.882911252633
2293 0.882900700342
2319 0.865398519237
2321 0.865384240418
2347 0.85478302385
2349 0.854766575249
2351 0.854744329167
2377 0.852614725769
2403 0.851724831017
2405 0.851700365843
2431 0.850575428003
2433 0.850563276346
2459 0.833082417246
2461 0.833069774935
2487 0.822175280569
2489 0.822161805754
2491 0.822157520426
2517 0.817224959096
2519 0.817223084167
2545 0.81221637457
2547 0.812215526614
2549 0.812199350736
2575 0.796606891305
2577 0.796587854035
2603 0.789011506207
2605 0.788992588635
2631 0.788210636254
2633 0.788205445105
2659 0.786969115718
2661 0.786966518771
2687 0.785523811093
2689 0.78550745807
2691 0.785492330078
2693 0.785465825276
2695 0.785456206125
2697 0.785431427391
2699 0.785420433504
2701 0.785415270286
2703 0.785406100099
2705 0.785403000569
2707 0.785396031816
2709 0.785391176271
2711 0.78538788211
2713 0.785384676281
2715 0.785383515267
2717 0.785381414478
2743 0.782717175991
2745 0.782713387418
2771 0.781486335424
2773 0.781485964652
2775 0.781460494768
2801 0.773165170267
2804 0.773112757068
2830 0.767948355899
2832 0.767932645588
2858 0.765129691919
2860 0.765115560318
2862 0.765095361149
2864 0.76507645578
2866 0.765058905568
2868 0.765056631582
2870 0.765034630861
2872 0.765033840053
2874 0.765012980041
2876 0.765011805942
2902 0.758334457139
2904 0.758332394376
2930 0.752125503405
2932 0.752122452989
2958 0.751202174264
2984 0.748492408596
3010 0.747699854065
3036 0.746482911102
3038 0.746455966752
3040 0.746455077393
3066 0.740849969253
3068 0.740848741726
3094 0.737662742028
3096 0.73766163188
3098 0.737661623264
3100 0.737661556397
3102 0.737660734436
3104 0.737660162005
3106 0.737658084686
3132 0.736250067041
3134 0.736223858966
3160 0.735108454879
3162 0.735086179254
3174 0.734755662624
3176 0.734738183618
3178 0.734736541699
3180 0.734713774008
3182 0.73471329684
3184 0.734691420955
3186 0.734683465121
3188 0.734672499159
3190 0.734664926682
3192 0.734655645898
3194 0.73464934781
3196 0.734648948005
3198 0.734648407279
3200 0.734648403544
3202 0.734648171147
3204 0.734648171055
3206 0.73464455397
3208 0.734635622306
3210 0.734625256189
3212 0.734618540957
3214 0.734609256695
3216 0.734604768259
3242 0.728135529714
3244 0.728126734493
3270 0.72437579043
3272 0.724363672225
3274 0.724343416809
3276 0.724319178222
3302 0.723364487662
3304 0.723343831113
3330 0.722080996844
3332 0.722076279607
3358 0.715383767532
3360 0.715376910774
3386 0.71132592356
3388 0.711316815745
3390 0.71131562207
3416 0.70652279447
3418 0.706522421513
3444 0.701726464683
3446 0.701726328203
3448 0.701715191819
3474 0.697876043476
3476 0.697863025731
3502 0.696114608796
3504 0.696102111073
3530 0.695354578613
3532 0.69535180722
3558 0.694051803415
3560 0.694050893609
3586 0.692479866704
3588 0.692467430645
3590 0.692458014991
3592 0.692436330236
3594 0.692430697252
3596 0.692410392229
3598 0.692405708988
3600 0.692403853246
3602 0.692399765346
3604 0.692398653135
3606 0.69239554505
3608 0.692394168367
3610 0.692393191253
3612 0.692392280713
3614 0.692392219301
3616 0.692391622221
3618 0.692378767863
3620 0.692378071442
3622 0.692354097819
3624 0.692353634379
3626 0.692330597147
3652 0.691262356693
3654 0.691243908861
3678 0.690426963582
3680 0.690416468906
3682 0.690389734947
3684 0.690379779089
3686 0.690364381196
3688 0.690349886494
3690 0.690335241515
3692 0.690333956279
3694 0.690315124236
3696 0.690314798557
3698 0.690296936677
3700 0.690296862739
3726 0.68443726914
3728 0.68443635959
3754 0.679122243327
3756 0.679119930115
3782 0.677969155943
3789 0.67779625065
3815 0.676793430255
3817 0.676766427561
3843 0.675827724607
3845 0.675827613325
3871 0.674025974197
3873 0.674025668527
3899 0.673010422973
3901 0.673010119158
3903 0.67300962072
3905 0.673009617135
3907 0.673009317222
3909 0.673008081719
3911 0.67300652813
3913 0.67299307383
3915 0.672969113397
3917 0.67294498661
3919 0.672925236017
3921 0.672899883851
3923 0.672885229198
3925 0.672884272095
3927 0.672864658737
3929 0.672864474107
3931 0.672845607353
3933 0.672841123672
3935 0.672833302782
3937 0.672828860964
3939 0.672822238964
3941 0.672818546264
3943 0.672818377443
3945 0.672818203376
3947 0.672818194957
3949 0.672818135001
3951 0.672818125852
3953 0.672816491743
3955 0.672810255739
3957 0.672803253455
3959 0.67279866564
3961 0.672792319899
3963 0.672790653054
3989 0.670514293856
3991 0.670508900352
4017 0.669246640984
4019 0.669237728226
4021 0.669218119174
4023 0.669196998974
4049 0.66820462216
4051 0.668187357808
4077 0.666835840607
4079 0.66683427548
4105 0.664379702909
4107 0.664375996473
4133 0.662907710752
4135 0.662901438154
4137 0.662901062117
4163 0.658389646641
4165 0.658389557149
4191 0.65393457453
4193 0.653934529874
4195 0.653926731481
4218 0.653123490816
4220 0.653115009664
4222 0.653092868691
4224 0.65308554706
4250 0.652334295383
4252 0.652332880467
4278 0.650968121693
4280 0.650967960654
4306 0.649317117594
4308 0.649307708228
4310 0.649301800525
4312 0.649283988326
4314 0.649280722841
4316 0.649264018162
4318 0.649262053209
4320 0.649261385616
4322 0.649259548032
4324 0.649259149079
4326 0.649257751147
4328 0.649257364088
4330 0.649256754758
4332 0.649256497992
4334 0.649256493059
4336 0.649256324598
4338 0.649245316965
4340 0.649245010644
4342 0.649223511392
4344 0.649222388134
4346 0.649201729351
4348 0.649188518184
4350 0.649174854362
4352 0.649149622199
4354 0.649142531352
4356 0.649117464003
4358 0.649110563539
4360 0.649098832146
4362 0.64908771595
4364 0.649075509622
4366 0.649074752418
4368 0.649058618246
4370 0.649058498647
4372 0.649043191167
4374 0.649043129283
4400 0.644068611607
4402 0.644068137203
4428 0.639671554377
4430 0.63966944463
4456 0.638377474403
4458 0.638350954219
4484 0.637156882291
4487 0.637102864093
4513 0.635925015767
4515 0.635925013182
4520 0.635814347469
4522 0.635814240849
4524 0.635788078137
4526 0.63578793253
4528 0.635786947845
4530 0.635786862357
4532 0.635786746757
4534 0.635785869734
4536 0.635784677889
4538 0.635772290886
4540 0.635750914573
4542 0.635728192358
4544 0.635710726178
4546 0.635686799544
4548 0.635674530542
4550 0.635673952325
4552 0.635657043206
4554 0.635656984921
4556 0.63564070045
4558 0.635638195452
4560 0.635632614823
4562 0.635629998193
4564 0.635625270915
4566 0.635623096858
4568 0.635622981244
4570 0.635622921989
4572 0.635622902146
4574 0.635622888941
4576 0.635622872106
4578 0.635622252689
4580 0.635617896423
4582 0.635613082635
4584 0.635609960603
4586 0.635605538759
4588 0.635605086385
4608 0.634989690637
4610 0.634986443607
4612 0.634963066323
4614 0.634956679427
4616 0.634936508643
4618 0.634918218232
4644 0.633878078009
4646 0.633863871482
4672 0.632449599981
4674 0.632449241852
4700 0.631585801255
4702 0.631583811017
4704 0.631557519475
4706 0.631553266265
4708 0.631553140979
4734 0.627443982465
4736 0.62744394553
4762 0.623433962048
4764 0.623433886993
4766 0.623428409521
4768 0.623404013505
4770 0.623398800988
4772 0.623379535998
4774 0.623375766746
4800 0.622612105453
4802 0.622611423234
4828 0.621200838806
4830 0.621200833984
4856 0.619498683372
4858 0.619491606492
4860 0.619487864216
4862 0.619473170458
4864 0.619471303967
4866 0.619457503143
4868 0.619456698676
4870 0.619456458304
4872 0.619455622398
4874 0.619455479455
4876 0.619454843078
4878 0.619454734442
4880 0.619454329949
4882 0.61945425748
4884 0.619454254547
4886 0.619454206952
4888 0.619444874167
4890 0.619444475023
4892 0.619425269842
4894 0.619424264435
4896 0.619405812833
4898 0.619393771142
4900 0.619383707938
4902 0.619360057235
4904 0.619355314989
4906 0.619331805089
4908 0.619327089227
4910 0.619318118275
4912 0.619309555057
4914 0.619299396629
4916 0.619298928117
4918 0.619285094014
4920 0.619285059087
4922 0.619271930504
4924 0.619271568183
4950 0.615229644863
4952 0.615229354878
4978 0.611750998036
4980 0.611748879669
5006 0.610383389781
5008 0.610357892157
5034 0.609020886134
5036 0.608994080206
5062 0.607615684964
5064 0.607615678816
5066 0.607590076725
5068 0.607590029328
5070 0.607564994321
5072 0.607564909981
5074 0.607563695417
5076 0.60756350858
5078 0.607563444166
5080 0.607562750237
5082 0.607561699393
5084 0.607550306047
5086 0.607531227651
5088 0.607509825545
5090 0.60749438231
5092 0.607471796208
5094 0.607461542336
5096 0.607461177635
5098 0.607446589268
5100 0.607446578086
5102 0.607432511692
5104 0.607431128863
5106 0.607427145509
5108 0.607425595718
5110 0.60742221985
5112 0.60742093318
5114 0.607420832276
5116 0.607420810152
5118 0.607420785651
5120 0.607420783731
5122 0.60742076389
5124 0.607420604022
5126 0.607417568466
5128 0.607414192542
5130 0.607412085521
5132 0.607408936794
5134 0.607408889427
5136 0.607383301931
5138 0.607381376237
5140 0.607359609128
5142 0.607354965577
5144 0.607333837576
5146 0.607318086122
5172 0.606235666676
5174 0.606224176213
5200 0.604759192009
5202 0.604759170774
5204 0.604732932916
5206 0.604731911655
5208 0.604706344353
5210 0.604703422063
5212 0.60470339294
5238 0.601072290046
5240 0.60107225571
5266 0.59756344523
5268 0.597563280546
5270 0.597559458943
5272 0.597537296144
5274 0.597534237976
5276 0.597517736542
5278 0.597516123261
5304 0.596757740629
5306 0.596757432972
5332 0.595326039021
5334 0.595325814369
5360 0.593601050449
5362 0.593595764737
5364 0.59359336665
5366 0.593581189282
5368 0.593580143105
5370 0.593568689168
5372 0.593568372709
5374 0.593568286052
5376 0.593567899205
5378 0.593567848093
5380 0.593567553296
5382 0.593567522901
5384 0.593567236045
5386 0.593567215557
5388 0.593567195582
5390 0.593567182096
5392 0.593559293773
5394 0.593558820787
5396 0.593541649831
5398 0.593540720989
5400 0.593524226957
5402 0.593513263093
5404 0.593505800936
5406 0.593483627378
5408 0.593480496739
5410 0.593458442888
5412 0.593455276954
5414 0.593448388704
5416 0.593441759535
5418 0.593433320468
5420 0.593433014328
5422 0.593421142758
5424 0.593421137258
5426 0.593409868594
5428 0.593409140712
5454 0.590257612418
5456 0.590257411237
5482 0.587621731749
5484 0.587619526625
5510 0.58624520046
5512 0.586219880333
5538 0.584799450482
5540 0.584772564515
5566 0.583249784751
5568 0.583249763236
5570 0.583225263586
5572 0.583225238619
5574 0.583201281903
5576 0.583201224717
5578 0.583199923852
5580 0.583199656578
5582 0.583199608432
5584 0.583199012355
5586 0.583198020468
5588 0.583187550944
5590 0.58317051687
5592 0.583150355446
5594 0.583136703855
5596 0.583115378689
5598 0.583106826118
5600 0.58310658435
5602 0.58309398893
5604 0.583093988865
5606 0.583081828875
5608 0.583081078075
5610 0.583078234142
5612 0.583077309845
5614 0.583074898355
5616 0.583074131745
5618 0.583074035124
5620 0.583074025638
5622 0.583073999582
5624 0.583073999557
5626 0.583073978668
5628 0.583073969706
5630 0.583071852633
5632 0.583069431676
5634 0.583068018197
5636 0.583065721826
5638 0.58306570645
5640 0.583041190686
5642 0.583040028907
5644 0.583019859053
5646 0.583016338618
5648 0.582994471305
5650 0.582980938382
5676 0.581864571505
5678 0.581855427522
5704 0.580350196277
5706 0.580350167894
5708 0.580324613368
5710 0.580324080522
5712 0.580299184946
5714 0.580297047764
5716 0.580297047751
5742 0.577169880451
5744 0.577169848612
5770 0.574170464112
5772 0.57417018835
5774 0.57416744981
5776 0.574147456906
5778 0.574145764446
5780 0.57413188631
5782 0.574131414324
5808 0.57339646856
5810 0.573396339873
5836 0.571970599559
5838 0.57196991874
5864 0.570252397169
5866 0.570248481549
5868 0.570246923316
5870 0.570236781388
5872 0.570236210906
5874 0.570226658254
5876 0.570226541916
5878 0.570226510609
5880 0.570226327121
5882 0.570226308907
5884 0.570226168896
5886 0.57022616044
5888 0.570225943229
5890 0.570225937417
5892 0.570225896433
5894 0.570225892591
5896 0.570219248302
5898 0.570218718181
5900 0.570203352128
5902 0.570202473368
5904 0.570187716524
5906 0.570177745209
5908 0.570172168838
5910 0.570151375125
5912 0.570149342489
5914 0.57012864997
5916 0.570126572718
5918 0.570121259331
5920 0.57011609926
5922 0.57010910283
5924 0.570108891001
5926 0.570098694976
5928 0.570098694938
5930 0.570089014762
5932 0.57008793742
5958 0.567723000497
5960 0.567722848159
5986 0.565807562622
5988 0.565805257038
6014 0.564478425639
6016 0.564453264838
6042 0.563009134252
6044 0.562982313815
6070 0.561378599987
6072 0.561378566807
6074 0.56135512155
6076 0.561355105787
6078 0.56133218042
6080 0.561332136338
6082 0.561330810725
6084 0.561330487193
6086 0.561330445108
6088 0.561329902795
6090 0.561328939953
6092 0.561319328359
6094 0.561304113541
6096 0.56128511802
6098 0.5612730532
6100 0.561252914196
6102 0.561245796822
6104 0.561245627544
6106 0.561234744458
6108 0.561234740579
6110 0.561224219928
6112 0.561223821665
6114 0.56122179082
6116 0.56122123467
6118 0.561219511617
6120 0.561219050936
6122 0.561218955474
6124 0.561218950609
6126 0.561218924086
6128 0.561218923829
6130 0.561218902576
6132 0.561218881313
6134 0.561217399063
6136 0.561215619944
6138 0.56121467571
6140 0.56121295726
6142 0.561212813517
6144 0.561189374666
6146 0.561188658444
6148 0.561170066578
6150 0.561167284763
6152 0.561144930417
6154 0.561133302408
6180 0.559992539699
6182 0.559985381858
6208 0.55845166673
6210 0.55845151602
6212 0.558426610282
6214 0.558426325792
6216 0.558402066595
6218 0.558400406761
6220 0.558400385059
6246 0.555766646891
6248 0.555766617836
6274 0.553253131208
6276 0.553252733959
6278 0.553250693645
6280 0.553232794274
6282 0.553231927553
6284 0.553220499312
6286 0.553220464713
6293 0.553057669661
6295 0.55305754379
6321 0.551653505294
6323 0.551652552905
6349 0.549963008054
6351 0.549960147581
6353 0.54995911813
6355 0.549950648812
6357 0.549950349817
6359 0.549942361686
6361 0.54994232389
6363 0.549942312538
6365 0.549942222467
6367 0.549942216014
6369 0.549942147163
6371 0.549942144835
6373 0.549941970016
6375 0.549941968356
6377 0.549941908189
6379 0.549941907082
6381 0.5499363324
6383 0.549935758543
6385 0.549921994775
6387 0.549921148774
6389 0.549907934332
6391 0.549898876268
6393 0.549894672664
6395 0.549875167922
6397 0.549873876457
6399 0.549854456682
6401 0.549853134214
6403 0.549849014604
6405 0.549844973726
6407 0.54983918671
6409 0.549839031582
6411 0.549830266857
6413 0.549830262777
6415 0.549821939934
6417 0.549820556269
6443 0.548107746624
6445 0.54810762483
6471 0.546772202589
6473 0.546769814489
6499 0.545534567709
6501 0.54550955052
6527 0.544095095223
6529 0.544068490832
6555 0.54244533323
6557 0.542445293366
6559 0.54242285664
6561 0.54242284495
6563 0.542400906118
6565 0.542400868887
6567 0.542399543239
6569 0.542399182111
6571 0.542399142642
6573 0.542398630198
6575 0.542397685143
6577 0.542388869536
6579 0.542375274081
6581 0.542357374054
6583 0.542346714446
6585 0.542327691279
6587 0.54232178337
6589 0.542321657923
6591 0.542312246752
6593 0.542312234029
6595 0.542303123716
6597 0.542302919402
6599 0.542301468928
6601 0.54230113052
6603 0.542299899062
6605 0.542299619198
6607 0.542299523949
6609 0.542299520922
6611 0.542299494286
6613 0.542299493532
6615 0.542299472144
6617 0.54229935972
6619 0.542298317236
6621 0.542296975087
6623 0.542296347664
6625 0.542295026377
6627 0.542294702174
6629 0.54227234402
6631 0.542271890542
6633 0.542254849915
6635 0.542252563679
6637 0.542230000505
6639 0.542220006358
6665 0.541065328616
6667 0.541059836535
6693 0.539510334922
6695 0.539510041629
6697 0.539485763872
6699 0.539485607199
6701 0.539461962963
6703 0.539460601631
6705 0.53946052195
6731 0.537284005266
6733 0.537283979305
6759 0.535212184742
6761 0.53521166508
6763 0.535210073613
6765 0.535193417864
6767 0.535193023748
6769 0.535183207961
6771 0.535183149751
6773 0.535157082741
6775 0.535156921619
6801 0.533787580385
6803 0.533786433264
6829 0.532139600948
6831 0.5321375432
6833 0.532136849712
6835 0.532129748403
6837 0.532129600747
6839 0.532122893877
6841 0.532122884413
6843 0.532122880271
6845 0.532122833964
6847 0.532122831699
6849 0.53212279622
6851 0.532122795592
6853 0.532122647172
6855 0.532122646692
6857 0.532122570886
6859 0.532122570561
6861 0.532117913743
6863 0.532117306409
6865 0.532104965863
6867 0.532104141136
6869 0.532092296902
6871 0.53208407848
6873 0.532080878754
6875 0.532062578218
6877 0.532061780981
6879 0.532043551212
6881 0.532042743016
6883 0.532039530798
6885 0.532036345313
6887 0.532031571144
6889 0.532031451314
6891 0.532023909941
6893 0.53202389878
6895 0.532016736363
6897 0.532015097513
6923 0.530814844905
6925 0.530814744409
6951 0.5299219902
6953 0.529919550836
6979 0.528805730699
6981 0.528780843728
7007 0.527438565459
7009 0.527412318516
7035 0.525822572837
7037 0.525822529781
7039 0.525801057872
7041 0.525801048096
7043 0.525780053061
7045 0.525780019717
7047 0.525778703755
7049 0.525778317729
7051 0.525778279617
7053 0.525777783657
7055 0.525776852109
7057 0.525768774473
7059 0.52575662086
7061 0.525739750186
7063 0.525730334927
7065 0.52571236156
7067 0.525707471668
7069 0.52570737338
7071 0.525699228084
7073 0.52569920587
7075 0.52569130949
7077 0.52569120976
7079 0.525690173647
7081 0.525689964819
7083 0.525689084494
7085 0.525688912144
7087 0.525688816835
7089 0.525688814595
7091 0.525688787957
7093 0.525688786828
7095 0.525688765383
7097 0.525688530591
7099 0.525687793547
7101 0.52568675298
7103 0.525686338863
7105 0.52568529437
7107 0.52568478889
7109 0.525663512904
7111 0.525663216455
7113 0.525647692089
7115 0.52564574467
7117 0.525623266245
7119 0.525614671616
7145 0.524457138605
7147 0.524453027376
7173 0.522900953866
7175 0.522900533623
7177 0.522876873328
7179 0.522876783504
7181 0.522853743223
7183 0.522852573215
7185 0.522852412164
7211 0.521082008231
7213 0.521081985544
7239 0.519397102199
7241 0.519396466459
7243 0.519395154357
7245 0.519379526887
7247 0.519379379305
7249 0.519370914567
7251 0.519370553242
7253 0.519345791314
7255 0.519345585366
7281 0.518024044946
7283 0.518022702722
7309 0.516432533249
7311 0.516431079608
7313 0.516430601831
7315 0.516424618635
7317 0.516424552326
7319 0.516418894024
7321 0.516418892937
7323 0.51641889141
7325 0.516418866142
7327 0.51641886536
7329 0.516418845947
7331 0.516418845783
7333 0.516418714066
7335 0.516418713924
7337 0.516418626083
7339 0.516418625983
7341 0.516414755064
7343 0.516414121902
7345 0.516403046241
7347 0.516402235101
7349 0.516391608772
7351 0.516384161725
7353 0.516381699827
7355 0.516364524422
7357 0.516364051343
7359 0.516346934298
7361 0.516346468175
7363 0.516343947755
7365 0.516341418359
7367 0.516337491365
7369 0.516337394258
7371 0.516330899088
7373 0.51633088054
7375 0.516324710737
7377 0.516322868187
7403 0.515507434003
7405 0.515507349556
7407 0.515483305985
7409 0.515480984726
7435 0.514481023856
7437 0.514456322489
7463 0.513198059234
7465 0.513172359115
7491 0.511656525136
7493 0.511656480957
7495 0.511635932111
7497 0.51163592326
7499 0.511615831182
7501 0.511615800254
7503 0.511614497783
7505 0.511614095035
7507 0.511614057805
7509 0.511613570667
7511 0.511612651002
7513 0.511605257078
7515 0.511594387589
7517 0.511578484126
7519 0.511570170659
7521 0.511553185039
7523 0.511549150807
7525 0.511549069722
7527 0.511542013631
7529 0.511541983003
7531 0.511535132027
7533 0.511535087
7535 0.511534346782
7537 0.511534215662
7539 0.511533586204
7541 0.511533478261
7543 0.511533382833
7545 0.511533380948
7547 0.511533354339
7549 0.51153335298
7551 0.511533331507
7553 0.511532969013
7555 0.511532444743
7557 0.511531615268
7559 0.511531344258
7561 0.511530495434
7563 0.511529829486
7565 0.511509633749
7567 0.511509432645
7569 0.511495380758
7571 0.511493668987
7573 0.511471572063
7575 0.511464174292
7601 0.510315021298
7603 0.510312037864
7629 0.508770659232
7631 0.508770137681
7633 0.508747091139
7635 0.508747037005
7637 0.50872459657
7639 0.508723551743
7641 0.508723296913
7667 0.507301924046
7669 0.50730190465
7695 0.505946349796
7697 0.505945609293
7699 0.505944461295
7701 0.505929841972
7703 0.505929804973
7705 0.505922595548
7707 0.50592178432
7709 0.505898618487
7711 0.505898357789
7737 0.504635922323
7739 0.504634387195
7765 0.503112746146
7767 0.503111742723
7769 0.503111405108
7771 0.503106338542
7773 0.503106313377
7775 0.503101515822
7777 0.50310151573
7779 0.503101515157
7781 0.503101500339
7783 0.503101500076
7785 0.503101488655
7787 0.503101488616
7789 0.503101367542
7791 0.503101367498
7793 0.503101270697
7795 0.503101270664
7797 0.503098070928
7799 0.503097417568
7801 0.503087466691
7803 0.503086663967
7805 0.503077120751
7807 0.503070381799
7809 0.5030684652
7811 0.503052341136
7813 0.503052075811
7815 0.503035999286
7817 0.503035752879
7819 0.503033761637
7821 0.503031737399
7823 0.503028517978
7825 0.503028437386
7827 0.503022837421
7829 0.503022811541
7831 0.503017491262
7833 0.50301550457
7835 0.502988609915
7837 0.502988557656
7839 0.502966582883
7841 0.502964451256
7867 0.502065327463
7869 0.502040839243
7895 0.500879850788
7897 0.500854833012
7923 0.499434154154
7925 0.499434109958
7927 0.499414444318
7929 0.499414435919
7931 0.499395207801
7933 0.499395178546
7935 0.499393891065
7937 0.499393476722
7939 0.499393440187
7941 0.499392957431
7943 0.499392049041
7945 0.499385288163
7947 0.499375562673
7949 0.499360568097
7951 0.499353230102
7953 0.499337173972
7955 0.499333857773
7957 0.499333787783
7959 0.49932766936
7961 0.499327631896
7963 0.499321681678
7965 0.499321663882
7967 0.499321135001
7969 0.499321050922
7971 0.49932060074
7973 0.499320531734
7975 0.499320436192
7977 0.499320434467
7979 0.499320407895
7981 0.499320406406
7983 0.499320384917
7985 0.499319902499
7987 0.499319526956
7989 0.499318847343
7991 0.499318671906
7993 0.499317963362
7995 0.499317164522
7997 0.499298042868
7999 0.499297900707
8001 0.499285268596
8003 0.499283723268
8005 0.499262295136
8007 0.499255919035
8033 0.49812614362
8035 0.498124063884
8061 0.496606238823
8063 0.496605641132
8065 0.496583208591
8067 0.496583173996
8069 0.496561333338
8071 0.496560371791
8073 0.496560019592
8099 0.495430998964
8101 0.495430982731
8127 0.494349567748
8129 0.494348736765
8131 0.49434767361
8133 0.494334036511
8135 0.494334034529
8137 0.494327978186
8139 0.494326661394
8141 0.494305318035
8143 0.494304992537
8169 0.493110854245
8171 0.493109130685
8197 0.491665527846
8199 0.491664855789
8201 0.491664610465
8203 0.491660297847
8205 0.491660291207
8207 0.491656202575
8209 0.491656201148
8211 0.491656200927
8213 0.491656191501
8215 0.491656191417
8217 0.491656184125
8219 0.491656184117
8221 0.491656069802
8223 0.491656069788
8225 0.491655966456
8227 0.491655966444
8229 0.491653338249
8231 0.491652668812
8233 0.491643718729
8235 0.491642920942
8237 0.491634341523
8239 0.491628252072
8241 0.491626740914
8243 0.491611599379
8245 0.491611462763
8247 0.491596359352
8249 0.491596246559
8251 0.491594661577
8253 0.491593027905
8255 0.491590398454
8257 0.491590329997
8259 0.491585496483
8261 0.491585463787
8263 0.491580870992
8265 0.491578810469
8267 0.491553774886
8269 0.491553737167
8271 0.491533830928
8273 0.491531819444
8299 0.490741240529
8301 0.490716913359
8327 0.489664872083
8329 0.489640575553
8355 0.488329268495
8357 0.488329224761
8359 0.488310404277
8361 0.48831039611
8363 0.488291994713
8365 0.488291966756
8367 0.488290694866
8369 0.488290272112
8371 0.488290236199
8373 0.48828975524
8375 0.488288857908
8377 0.488282682816
8379 0.488273976804
8381 0.4882598364
8383 0.488253361947
8385 0.488238180627
8387 0.488235465853
8389 0.488235403103
8391 0.48823009233
8393 0.488230049575
8395 0.488224875925
8397 0.488224870526
8399 0.488224492613
8401 0.488224437335
8403 0.488224115296
8405 0.488224070093
8407 0.488223974456
8409 0.488223972797
8411 0.488223946261
8413 0.488223944702
8415 0.488223923203
8417 0.488223334454
8419 0.488223063273
8421 0.488222491544
8423 0.488222379554
8425 0.488221772956
8427 0.488220868556
8429 0.48820280984
8431 0.488202704844
8433 0.488191431124
8435 0.488190005026
8437 0.488169511321
8439 0.488164005558
8465 0.487063968505
8467 0.487062594971
8493 0.485580342387
8495 0.48557968969
8497 0.485557873123
8499 0.485557849543
8501 0.485536610387
8503 0.485535705006
8505 0.485535258479
8531 0.484646230911
8533 0.484646217603
8559 0.483789099958
8561 0.483788194127
8563 0.483787159545
8565 0.483774472394
8567 0.483774467974
8569 0.483769457406
8571 0.48376763825
8573 0.48374827408
8575 0.483747873862
8601 0.482628948701
8603 0.482627043187
8629 0.481268517311
8631 0.481268085136
8633 0.481267901464
8635 0.481264211199
8637 0.481264210746
8639 0.481260708089
8641 0.481260704906
8643 0.481260704817
8645 0.481260698291
8647 0.481260698266
8649 0.481260693201
8651 0.481260693199
8653 0.481260583102
8655 0.481260583096
8657 0.481260475071
8659 0.481260475066
8661 0.481258331941
8663 0.481257649442
8665 0.481249590381
8667 0.481248795196
8669 0.481241073918
8671 0.481235579752
8673 0.481234372002
8675 0.481220148845
8677 0.481220087814
8679 0.481205894613
8681 0.481205855596
8683 0.481204583739
8685 0.481203253385
8687 0.481201114895
8689 0.48120105425
8691 0.481196877362
8693 0.481196839384
8695 0.481192869952
8697 0.481190788829
8699 0.481167647067
8701 0.481167616452
8703 0.481149727386
8705 0.481147799757
8707 0.481120831252
8709 0.481097402797
8735 0.480124617778
8737 0.480101408147
8763 0.478878971337
8765 0.47887892695
8767 0.478860915238
8769 0.478860907506
8771 0.478843297224
8773 0.478843270485
8775 0.478842014428
8777 0.478841585233
8779 0.47884154991
8781 0.478841069249
8783 0.478840182901
8785 0.478834549499
8787 0.478826752248
8789 0.478813414621
8791 0.4788077045
8793 0.478793346592
8795 0.47879113449
8797 0.478791076489
8799 0.478786461741
8801 0.478786415023
8803 0.478781911252
8805 0.478781910472
8807 0.478781640415
8809 0.478781603004
8811 0.47878137258
8813 0.478781342116
8815 0.478781246408
8817 0.478781244771
8819 0.478781218271
8821 0.478781216676
8823 0.478781195172
8825 0.478780515449
8827 0.478780317824
8829 0.478779824796
8831 0.478779754603
8833 0.478779223044
8835 0.478778237239
8837 0.478761224749
8839 0.478761143674
8841 0.478751158857
8843 0.478749819313
8845 0.478730493139
8847 0.478725727105
8873 0.477664792131
8875 0.47766395191
8901 0.47622807129
8903 0.476227380061
8905 0.476206181438
8907 0.476206164267
8909 0.476185528417
8911 0.476184661368
8913 0.476184128163
8925 0.475879611919
8927 0.475879606958
8948 0.475315444713
8950 0.475314547321
8952 0.475313482558
8954 0.475301756963
8956 0.475301749459
8958 0.475297703015
8960 0.475295656819
8962 0.475278358218
8964 0.475277873734
8990 0.474238758277
8992 0.47423667898
9018 0.472967817684
9020 0.472967555228
9022 0.472967413371
9024 0.472964238751
9026 0.47296423809
9028 0.4729612216
9030 0.472961216874
9032 0.472961216835
9034 0.472961211936
9036 0.47296121193
9038 0.472961208114
9040 0.472961208114
9042 0.472961100547
9044 0.472961100546
9046 0.472960989181
9048 0.472960989179
9050 0.472959256135
9052 0.47295856279
9054 0.472951297469
9056 0.472950503329
9058 0.472943546545
9060 0.472938597481
9062 0.472937618339
9064 0.472924253652
9066 0.472924232987
9068 0.472910891195
9070 0.472910885052
9072 0.472909855558
9074 0.472908761874
9076 0.472907031054
9078 0.472906975489
9080 0.472903361487
9082 0.472903319557
9084 0.472899884594
9086 0.472897807023
9088 0.472875660919
9090 0.472875634274
9092 0.472858900053
9094 0.472857034816
9096 0.472832699558
9098 0.472810082218
9124 0.471918501269
9126 0.471896312841
9152 0.470764777812
9154 0.470764733262
9156 0.470747495519
9158 0.470747488026
9160 0.470730634802
9162 0.470730608967
9164 0.470729368839
9166 0.470728934438
9168 0.47072889969
9170 0.470728418461
9172 0.470727543077
9174 0.470722410264
9176 0.470715423334
9178 0.470702840256
9180 0.470697806546
9182 0.470684223782
9184 0.470682430792
9186 0.470682375895
9188 0.470678361318
9190 0.470678311695
9192 0.470674386131
9194 0.470674386086
9196 0.470674193094
9198 0.470674166937
9200 0.470674002025
9202 0.470673980827
9204 0.470673885069
9206 0.470673883431
9208 0.470673856962
9210 0.470673855348
9212 0.470673833843
9214 0.470673078144
9216 0.470672932617
9218 0.470672497724
9220 0.470672454783
9222 0.47067197912
9224 0.470670932
9226 0.470654943302
9228 0.470654877946
9230 0.470646105491
9232 0.470644829635
9234 0.470626863144
9236 0.4706227243
9262 0.469608977387
9264 0.469608520479
9290 0.468228309327
9292 0.468227591868
9294 0.46820708878
9296 0.468207075463
9298 0.468187118815
9300 0.468186278261
9302 0.468185684809
9304 0.468161275454
9306 0.468161274986
9308 0.468134533874
9310 0.468133727768
9312 0.468132593252
9314 0.468121838045
9316 0.468121835293
9318 0.468118665785
9320 0.46811670944
9322 0.468101496809
9324 0.468100919125
9350 0.467144019152
9352 0.467141775639
9378 0.465964881513
9380 0.465964735195
9382 0.465964622143
9384 0.465961876444
9386 0.465961872546
9388 0.465959261017
9390 0.465959255103
9392 0.465959255086
9394 0.465959251134
9396 0.465959251133
9398 0.465959248046
9400 0.465959248046
9402 0.465959141878
9404 0.465959141877
9406 0.465959028156
9408 0.465959028154
9410 0.465957640253
9412 0.465956937701
9414 0.465950379923
9416 0.465949585811
9418 0.465943310528
9420 0.465938860186
9422 0.465938054525
9424 0.46592549246
9426 0.465925489246
9428 0.465912943998
9430 0.465912943409
9432 0.46591210236
9434 0.465911194264
9436 0.465909801105
9438 0.465909748846
9440 0.465906617711
9442 0.465906572896
9444 0.465903596503
9446 0.465901539715
9448 0.465880418414
9450 0.465880393973
9452 0.465864794369
9454 0.465862980206
9456 0.465841259702
9458 0.465819379694
9484 0.465008998748
9486 0.464987772845
9512 0.463947135894
9514 0.463947091421
9516 0.463930594353
9518 0.463930587
9520 0.463914458249
9522 0.463914433146
9524 0.463913208982
9526 0.463912770155
9528 0.463912735973
9530 0.463912253689
9532 0.463911389264
9534 0.463906718746
9536 0.463900454585
9538 0.463888580786
9540 0.463884145572
9542 0.463871292607
9544 0.463869848082
9546 0.463869795183
9548 0.463866298434
9550 0.463866246723
9552 0.463862820561
9554 0.463862819468
9556 0.463862681545
9558 0.463862662598
9560 0.463862544542
9562 0.463862529267
9564 0.463862433475
9566 0.463862431826
9568 0.463862405388
9570 0.463862403764
9572 0.46386238226
9574 0.463861564205
9576 0.463861455789
9578 0.463861064332
9580 0.463861038916
9582 0.463860605341
9584 0.463859513007
9586 0.463844519996
9588 0.463844465184
9590 0.463836822796
9592 0.463835594504
9594 0.463819133199
9596 0.463815524746
9622 0.462855574866
9624 0.462855372567
9650 0.461538435283
9652 0.461537700527
9654 0.461517979863
9656 0.461517968943
9658 0.461498776516
9660 0.461497954569
9662 0.461497337132
9664 0.461473138685
9666 0.461473138672
9668 0.461446620272
9670 0.461445870126
9672 0.461444674894
9674 0.461434818443
9676 0.461434817897
9678 0.461432395067
9680 0.461430513296
9682 0.461417348548
9684 0.461416669543
9710 0.460542428073
9712 0.460540030994
9738 0.45945536391
9740 0.459455293008
9742 0.459455200107
9744 0.459452812641
9746 0.459452804342
9748 0.459450531507
9750 0.459450524736
9752 0.459450524727
9754 0.459450521344
9756 0.459450521344
9758 0.459450518697
9760 0.459450518697
9762 0.459450413169
9764 0.459450413168
9766 0.459450297794
9768 0.459450297793
9770 0.459449198863
9772 0.459448488341
9774 0.459442561693
9776 0.459441766958
9778 0.459436099595
9780 0.459432105119
9782 0.459431432078
9784 0.459419620565
9786 0.459419620286
9788 0.459407820382
9790 0.459407807688
9792 0.459407113869
9794 0.459406352066
9796 0.459405237776
9798 0.459405187654
9800 0.459402471041
9802 0.459402424158
9804 0.459399841497
9806 0.459397814748
9808 0.459377730312
9810 0.459377707187
9812 0.459363210025
9814 0.459361440726
9816 0.459342260097
9818 0.459321056313
9844 0.458590208292
9846 0.458569892657
9872 0.457618432434
9874 0.457618388144
9876 0.457602599942
9878 0.457602592681
9880 0.457587157272
9882 0.457587132806
9884 0.457585924613
9886 0.457585481872
9888 0.457585448249
9890 0.457584964649
9892 0.457584111181
9894 0.457579867294
9896 0.457574248035
9898 0.457563041052
9900 0.457559135295
9902 0.457546969563
9904 0.457545813838
9906 0.457545762187
9908 0.457542712509
9910 0.457542659322
9912 0.457539664803
9914 0.457539661986
9916 0.457539563417
9918 0.457539549172
9920 0.457539464637
9922 0.457539453215
9924 0.457539357407
9926 0.457539355742
9928 0.457539329333
9930 0.457539327702
9932 0.457539306201
9934 0.457538437651
9936 0.45753835583
9938 0.457537997169
9940 0.457537982809
9942 0.457537581237
9944 0.457536456277
9946 0.457522425573
9948 0.457522377972
9950 0.457515779154
9952 0.457514587013
9954 0.457499727143
9956 0.457496565996
9982 0.456595442205
9984 0.456595385585
10010 0.455347548218
10012 0.455346802533
10014 0.455327834265
10016 0.455327824886
10018 0.455309367334
10020 0.455308558733
10022 0.455307939329
10024 0.455283951144
10026 0.455283950842
10028 0.455257654144
10030 0.455256942407
10032 0.455255694883
10034 0.455246666247
10036 0.455246666245
10038 0.455244867745
10040 0.455243047754
10042 0.455231843557
10044 0.455231056095
10070 0.454438208375
10072 0.454435669131
10098 0.453441747377
10100 0.453441721125
10102 0.45344164253
10104 0.453439555492
10106 0.453439542612
10108 0.453437554221
10110 0.453437546852
10112 0.453437546846
10114 0.453437543817
10116 0.453437543817
10118 0.453437541442
10120 0.453437541441
10122 0.453437436043
10124 0.453437436042
10126 0.453437319518
10128 0.453437319517
10130 0.453436461039
10132 0.453435743491
10134 0.453430380186
10136 0.453429584429
10138 0.453424459701
10140 0.453420881499
10142 0.453420310595
10144 0.453409201048
10146 0.453409194864
10148 0.453398092491
10150 0.453398056844
10152 0.453397478634
10154 0.45339683277
10156 0.453395948019
10158 0.453395899248
10160 0.453393538753
10162 0.45339349041
10164 0.453391246058
10166 0.45338925415
10168 0.453370203379
10170 0.453370181115
10172 0.453356744459
10174 0.453355016525
10176 0.453338255594
10178 0.45331767822
10180 0.453291851486
10182 0.453272577653
10208 0.45237145164
10210 0.452371406359
10212 0.452356296344
10214 0.452356289539
10216 0.452341517447
10218 0.452341493809
10220 0.452340301574
10222 0.452339855265
10224 0.452339822198
10226 0.452339337149
10228 0.452338494633
10230 0.452334644158
10232 0.452329600499
10234 0.452319020446
10236 0.452315582953
10238 0.452304064429
10240 0.452303147164
10242 0.452303096246
10244 0.452300432802
10246 0.452300378589
10248 0.45229775741
10250 0.452297752748
10252 0.452297682304
10254 0.452297671182
10256 0.452297610631
10258 0.452297601764
10260 0.452297505951
10262 0.45229750427
10264 0.452297477888
10266 0.452297476253
10268 0.452297454758
10270 0.452296545758
10272 0.45229648313
10274 0.45229614946
10276 0.452296141886
10278 0.452295764866
10280 0.452294616935
10282 0.452281510383
10284 0.452281467805
10286 0.452275823469
10288 0.452274659389
10290 0.452261448151
10292 0.452258663127
10318 0.451419793751
10320 0.451419792129
10346 0.450245101267
10348 0.450244349113
10350 0.450226104395
10352 0.450226096044
10354 0.450208345147
10356 0.450207546409
10358 0.450206936399
10360 0.450183157578
10362 0.450183156953
10364 0.450157080786
10366 0.450156398426
10368 0.450155106362
10370 0.450146836254
10372 0.45014683576
10374 0.450145548499
10376 0.450143779531
10378 0.450134409783
10380 0.45013350784
10403 0.449526913919
10405 0.449524296283
10431 0.448612172521
10433 0.44861216798
10435 0.448612099684
10437 0.448610268274
10439 0.448610251113
10441 0.448608505064
10443 0.448608497287
10445 0.448608497283
10447 0.448608494475
10449 0.448608494474
10451 0.44860849227
10453 0.448608492269
10455 0.448608386663
10457 0.448608386663
10459 0.448608269342
10461 0.448608269341
10463 0.448607609471
10465 0.448606885633
10467 0.448602025494
10469 0.448601228483
10471 0.448596588431
10473 0.448593389933
10475 0.448592898274
10477 0.448582445321
10479 0.448582428195
10481 0.44857197867
10483 0.448571913971
10485 0.448571427016
10487 0.448570873539
10489 0.448570176986
10491 0.448570129027
10493 0.448568074706
10495 0.448568025355
10497 0.448566071914
10499 0.448564111105
10501 0.448545687094
10503 0.448545665964
10505 0.448532705919
10507 0.448531016975
10509 0.44851542102
10511 0.448495864341
10513 0.448471591094
10515 0.448453298566
10541 0.447601281188
10543 0.447601235465
10545 0.447586774531
10547 0.447586767994
10549 0.447572630738
10551 0.447572607656
10553 0.447571431353
10555 0.447570981724
10557 0.447570949207
10559 0.447570462657
10561 0.447569631081
10563 0.447566143101
10565 0.447561613376
10567 0.447551622829
10569 0.447548599384
10571 0.447537690484
10573 0.447536969265
10575 0.447536918728
10577 0.447534589197
10579 0.447534534287
10581 0.447532236271
10583 0.447532229896
10585 0.447532179555
10587 0.447532170546
10589 0.447532127161
10591 0.447532120018
10593 0.447532024213
10595 0.447532022516
10597 0.447531996159
10599 0.44753199452
10601 0.447531973031
10603 0.447531031935
10605 0.447530983258
10607 0.447530668797
10609 0.447530665215
10611 0.447530307184
10613 0.447529143588
10615 0.447516919089
10617 0.447516880079
10619 0.447512100254
10621 0.447510958515
10623 0.447499396997
10625 0.447496927253
10651 0.446722207675
10653 0.446722187081
10679 0.445623002072
10681 0.445622246531
10683 0.44560469769
10685 0.445604690052
10687 0.445587618731
10689 0.44558682758
10691 0.445586232556
10693 0.44556266203
10695 0.445562661157
10697 0.445536804277
10699 0.445536146473
10701 0.445534818842
10703 0.445527212362
10705 0.445527210842
10707 0.445526300007
10709 0.445524571511
10711 0.445516764215
10713 0.445515744284
10715 0.445490326438
10717 0.445487891465
10743 0.444623616945
10745 0.444623616422
10747 0.44462355563
10749 0.444621952615
10751 0.444621931684
10753 0.444620402292
10755 0.444620394239
10757 0.444620394236
10759 0.44462039157
10761 0.444620391569
10763 0.444620389475
10765 0.444620389475
10767 0.44462028344
10769 0.44462028344
10771 0.444620165571
10773 0.44462016557
10775 0.444619668287
10777 0.444618938743
10779 0.444614528351
10781 0.444613729974
10783 0.444609523136
10785 0.444606670593
10787 0.444606240864
10789 0.444596402183
10791 0.444596371577
10793 0.444586533188
10795 0.444586436594
10797 0.444586022061
10799 0.444585542615
10801 0.444584999662
10803 0.444584952155
10805 0.44458316129
10807 0.444583111254
10809 0.444581408177
10811 0.444579481732
10813 0.444561675375
10815 0.444561655048
10817 0.444549165604
10819 0.44454751292
10821 0.44453304443
10823 0.444514451806
10825 0.444491687764
10827 0.444474320323
10853 0.443670016017
10855 0.443669970159
10857 0.443656130434
10859 0.443656124065
10861 0.443642594372
10863 0.443642571694
10865 0.443641411289
10867 0.443640958526
10869 0.443640926552
10871 0.443640438495
10873 0.443639617843
10875 0.443636463582
10877 0.443632392883
10879 0.443622956697
10881 0.443620299251
10883 0.443609964639
10885 0.443609403783
10887 0.443609353386
10889 0.443607312746
10891 0.443607257374
10893 0.44360523931
10895 0.443605231456
10897 0.443605195481
10899 0.443605187927
10901 0.443605156831
10903 0.443605150874
10905 0.443605055085
10907 0.443605053372
10909 0.44360502704
10911 0.443605025397
10913 0.443605003916
10915 0.443604037578
10917 0.443603999124
10919 0.443603699538
10921 0.443603698144
10923 0.44360335491
10925 0.443602181113
10927 0.443590793444
10929 0.443590757021
10931 0.443586752431
10933 0.443585629007
10935 0.443575677043
10937 0.443573470662
10958 0.44302462564
10960 0.443024541208
10986 0.441993954706
10988 0.441993196509
10990 0.441976316875
10992 0.441976309876
10994 0.441959892033
10996 0.441959108198
10998 0.441958530727
11000 0.441935166859
11002 0.441935165808
11004 0.441909526559
11006 0.441908890597
11008 0.441907543322
11010 0.441900402693
11012 0.441900400282
11014 0.441899646235
11016 0.441897943494
11018 0.441890982904
11020 0.441889851899
11022 0.441865982348
11024 0.441863683873
11050 0.441045929482
11052 0.441045918706
11054 0.441045863445
11056 0.441044452493
11058 0.441044428355
11060 0.44104308136
11062 0.441043073123
11064 0.441043073121
11066 0.441043070547
11068 0.441043070546
11070 0.441043068521
11072 0.44104306852
11074 0.441042961918
11076 0.441042961918
11078 0.441042843677
11080 0.441042843676
11082 0.441042478038
11084 0.44104174327
11086 0.441037735176
11088 0.441036935401
11090 0.441033116065
11092 0.441030578347
11094 0.44103019736
11096 0.44102093347
11098 0.441020888454
11100 0.441011622263
11102 0.441011493116
11104 0.441011136374
11106 0.441010716586
11108 0.441010298325
11110 0.441010251023
11112 0.441008687058
11114 0.441008636564
11116 0.441007149143
11118 0.441005258615
11120 0.440988059105
11122 0.440988039401
11124 0.440976013089
11126 0.440974394988
11128 0.440961012316
11130 0.440943331077
11132 0.440922026854
11134 0.440905532266
11160 0.440147408879
11162 0.440147363063
11164 0.440134117898
11166 0.440134111644
11168 0.440121163435
11170 0.440121141081
11172 0.44011999653
11174 0.440119540783
11176 0.440119509349
11178 0.440119019805
11180 0.440118210055
11182 0.440115362745
11184 0.440111702189
11186 0.44010278738
11188 0.440100453368
11190 0.44009065985
11192 0.440090229384
11194 0.440090178963
11196 0.440088388461
11198 0.440088332796
11200 0.44008655746
11202 0.440086548381
11204 0.440086522674
11206 0.440086516138
11208 0.440086493841
11210 0.440086488713
11212 0.440086392949
11214 0.440086391222
11216 0.440086364913
11218 0.440086363266
11220 0.440086341794
11222 0.440085355787
11224 0.440085324885
11226 0.4400850369
11228 0.440085036552
11230 0.44008470493
11232 0.44008352318
11234 0.440072876314
11236 0.440072842089
11238 0.440069444168
11240 0.440068337364
11242 0.440059752089
11244 0.440057758985
11246 0.440032111125
11248 0.440031985
11274 0.439045485762
11276 0.43904472248
11278 0.439028486357
11280 0.43902848018
11282 0.439012690668
11284 0.439011916519
11286 0.439011357613
11288 0.438988199107
11290 0.438988197919
11292 0.438962774887
11294 0.438962159129
11296 0.438960795798
11298 0.438954090545
11300 0.438954087221
11302 0.438953470451
11304 0.438951789497
11306 0.438945625808
11308 0.43894440377
11310 0.43892203064
11312 0.438919835177
11338 0.438147146338
11340 0.43814711522
11342 0.438147064077
11344 0.438145815139
11346 0.438145788333
11348 0.438144595378
11350 0.438144587019
11352 0.438144587017
11354 0.438144584502
11356 0.4381445845
11358 0.438144582522
11360 0.438144582521
11362 0.438144475268
11364 0.438144475267
11366 0.438144356777
11368 0.438144356776
11370 0.438144096259
11372 0.438143356669
11374 0.438139708696
11376 0.43813890754
11378 0.438135435071
11380 0.43813318347
11382 0.438132841099
11384 0.438124115138
11386 0.438124055794
11388 0.43811532542
11390 0.438115164484
11392 0.438114854116
11394 0.438114482669
11396 0.438114164982
11398 0.438114117725
11400 0.438112749351
11402 0.438112698562
11404 0.438111397071
11406 0.438109543066
11408 0.438092938093
11410 0.438092918912
11412 0.438081346964
11414 0.438079762333
11416 0.438067420519
11418 0.438050601586
11420 0.438030703651
11422 0.438015033287
11443 0.437462487298
11445 0.437462441348
11447 0.437449765232
11449 0.437449759144
11451 0.437437367454
11453 0.437437345505
11455 0.437436216755
11457 0.43743575815
11459 0.437435727249
11461 0.437435236254
11463 0.437434437375
11465 0.437431872121
11467 0.437428578164
11469 0.437420153751
11471 0.437418105455
11473 0.437408821817
11475 0.437408496611
11477 0.437408446059
11479 0.437406872317
11481 0.437406816477
11483 0.437405251779
11485 0.437405241708
11487 0.43740522334
11489 0.437405217528
11491 0.437405201532
11493 0.437405196991
11495 0.437405101259
11497 0.437405099518
11499 0.437405073232
11501 0.43740507158
11503 0.437405050119
11505 0.437404048937
11507 0.437404023659
11509 0.437403744782
11511 0.437403744772
11513 0.437403422328
11515 0.437402230398
11517 0.437392132784
11519 0.437392101053
11521 0.437389007092
11523 0.437387917941
11525 0.437380118472
11527 0.437378287043
11529 0.43735400403
11531 0.437353832122
11557 0.436411108108
11559 0.436410342388
11561 0.436394725177
11563 0.436394719578
11565 0.436379534314
11567 0.43637876787
11569 0.436378227752
11571 0.436355273309
11573 0.436355272009
11575 0.436330063804
11577 0.43632946716
11579 0.436328090888
11581 0.436321792186
11583 0.436321787974
11585 0.436321290501
11587 0.436319627992
11589 0.436314209455
11591 0.436312913229
11593 0.436291980978
11595 0.436289864014
11621 0.435560688369
11623 0.435560630029
11625 0.435560581977
11627 0.435559470139
11629 0.435559441151
11631 0.435558378711
11633 0.43555837027
11635 0.435558370268
11637 0.435558367792
11639 0.43555836779
11641 0.435558365842
11643 0.435558365841
11645 0.435558257892
11647 0.435558257891
11649 0.435558139235
11651 0.435558139234
11653 0.435557961165
11655 0.435557217101
11657 0.435553891753
11659 0.43555308927
11661 0.435549927536
11663 0.435547935593
11665 0.435547624008
11667 0.435539401581
11669 0.435539328589
11671 0.435531100066
11673 0.435530908989
11675 0.435530636039
11677 0.435530303981
11679 0.435530066793
11681 0.43553001947
11683 0.435528819864
11685 0.435528768891
11687 0.435527627859
11689 0.435525808893
11691 0.435509713314
11693 0.435509694722
11695 0.43549851964
11697 0.435496968539
11699 0.435485415629
11701 0.435469423816
11703 0.435450590725
11705 0.435435708
11707 0.435408817099
11709 0.435408770355
11711 0.435396638904
11713 0.435396633177
11715 0.435384774142
11717 0.435384752896
11719 0.435383639888
11721 0.435383178535
11723 0.435383148162
11725 0.435382655759
11727 0.435381867718
11729 0.435379561375
11731 0.435376595225
11733 0.435368632125
11735 0.435366836135
11737 0.435358033045
11739 0.435357792074
11741 0.435357741321
11743 0.435356355578
11745 0.435356299647
11747 0.435354917913
11749 0.435354907056
11751 0.435354893933
11753 0.43535488864
11755 0.43535487716
11757 0.435354873042
11759 0.435354777346
11761 0.435354775593
11763 0.435354749329
11765 0.43535474767
11767 0.435354726221
11769 0.435353713473
11771 0.435353692423
11773 0.435353420743
11775 0.435353420651
11777 0.435353105509
11779 0.435351907375
11781 0.435342333073
11783 0.435342303192
11785 0.43533949286
11787 0.435338418348
11789 0.435331375967
11791 0.435329686944
11793 0.435306748692
11795 0.435306528418
11821 0.434407065799
11823 0.434406299516
11825 0.434391277535
11827 0.434391272358
11829 0.434376668163
11831 0.434375908075
11833 0.434375386571
11835 0.434352634837
11837 0.434352633436
11839 0.43432763862
11841 0.434327060286
11843 0.434325673767
11845 0.434319754387
11847 0.434319749345
11849 0.434319354657
11851 0.43431770777
11853 0.434312981464
11855 0.434311624874
11857 0.434292075146
11859 0.434290018596
11863 0.434208711756
11865 0.434208618081
11867 0.434208572362
11869 0.434207588386
11871 0.434207557634
11873 0.43420661695
11875 0.434206608456
11877 0.434206608454
11879 0.434206606004
11881 0.434206606002
11883 0.434206604074
11885 0.434206604073
11887 0.434206495409
11889 0.434206495409
11891 0.434206376646
11893 0.434206376645
11895 0.434206261694
11897 0.434205513457
11899 0.43420247736
11901 0.434201673623
11903 0.434198790465
11905 0.434197033798
11907 0.434196746896
11909 0.434188995868
11911 0.434188910233
11913 0.434181151805
11915 0.434180932739
11917 0.434180690145
11919 0.434180390354
