26    5.07648385963
52    5.01546891199
78    4.89526252841
104    4.77684328244
130    4.7571785332
156    4.66127433323
182    4.62175175427
208    4.5742023433
210    4.57420233209
236    4.47909310044
262    4.45586110068
288    4.43899632496
314    4.3974624775
340    4.34863117144
366    4.26574207833
392    4.25830855082
418    4.25176987439
444    4.12857651974
470    4.09216227473
496    3.95273628081
522    3.83318599781
548    3.7153656327
550    3.7153618003
576    3.69471773223
602    3.66940437138
628    3.53260559132
654    3.44835243065
674    3.3241363496
700    3.31786164626
718    3.19460379652
744    3.16630355561
759    3.04064145455
785    2.93145889955
811    2.84661991911
813    2.84661903561
839    2.83900590464
865    2.81364227735
891    2.72247013359
917    2.64247653162
943    2.54122134232
969    2.51420725581
995    2.39175245492
1021    2.35075568497
1047    2.21170153476
1065    2.08752645582
1074    1.96280153304
1095    1.96044852353
1115    1.83671405197
1136    1.83419767719
1153    1.70876014568
1179    1.62621023273
1205    1.50265867511
1207    1.50264616184
1233    1.40437039743
1259    1.3600470213
1285    1.24436672518
1311    0.977785489896
1337    0.950923722843
1339    0.950919674867
1365    0.936371303056
1391    0.916556974126
1393    0.916542985177
1401    0.91633696483
1427    0.908949984007
1447    0.908263334111
1473    0.901432844805
1499    0.8896982708
1501    0.889692153506
1527    0.884934046225
1553    0.878055946221
1579    0.868649149235
1605    0.847590614897
1631    0.830794207506
1657    0.823785702273
1683    0.818148354927
1709    0.81362028656
1711    0.813620180153
1737    0.803803980526
1763    0.79409983082
1765    0.794085680907
1770    0.793989340148
1772    0.793989339474
1798    0.783852180498
1824    0.775422406038
1850    0.767624587237
1876    0.760988157201
1878    0.760988060919
1880    0.760986209981
1882    0.760985590518
1908    0.756583485231
1910    0.756572887136
1932    0.755405292157
1958    0.748616609072
1960    0.748616490329
1986    0.742782194989
2012    0.734870745319
2038    0.716293441765
2064    0.708494810183
2090    0.706242348822
2116    0.702491701904
2118    0.702491650606
2144    0.694865902979
2170    0.692005314439
2172    0.692005228521
2174    0.692005223174
2176    0.692004806881
2178    0.692004791048
2180    0.691989063387
2182    0.691984208276
2208    0.68538962664
2210    0.685389407998
2212    0.685389407771
2227    0.684954139314
2253    0.67969106839
2279    0.67634864266
2305    0.665933490675
2331    0.6556564531
2333    0.655655566912
2359    0.649468077679
2385    0.640693520568
2387    0.64069265058
2389    0.640688491675
2415    0.637825169649
2417    0.637822135627
2443    0.634832547182
2469    0.630353715411
2471    0.630345457315
2483    0.630041574009
2509    0.62780398229
2535    0.623063754995
2561    0.609274515549
2587    0.600290345749
2613    0.599358085139
2639    0.594987322044
2665    0.591866253302
2667    0.591866245889
2693    0.587069862794
2719    0.580080162027
2721    0.580079464873
2723    0.580077806254
2725    0.580077802984
2751    0.575530541467
2777    0.571721841794
2803    0.568388677246
2824    0.56768116843
2826    0.567681132425
2828    0.567681017378
2830    0.567680932461
2856    0.56619372688
2858    0.566184184025
2860    0.56617751813
2879    0.565594842498
2881    0.565594842398
2907    0.56166671494
2933    0.55750499349
2959    0.549334282288
2985    0.548196633096
2987    0.548187626063
3012    0.547520584126
3014    0.547520584122
3040    0.544320083363
3066    0.543485545742
3068    0.543485497508
3070    0.543485495153
3072    0.543485452059
3074    0.543485446252
3076    0.54347129546
3078    0.543467801625
3098    0.542846394333
3100    0.542846383131
3102    0.542846382954
3104    0.542844127934
3130    0.540941651218
3141    0.540676021255
3167    0.534238751013
3193    0.52824999292
3195    0.528249732545
3221    0.525098629555
3247    0.520151025328
3249    0.520150946856
3251    0.520149855653
3277    0.518922730163
3279    0.51892213367
3305    0.517028907856
3331    0.514402685406
3333    0.514394984882
3335    0.51438258465
3361    0.513499845286
3387    0.511037418069
3413    0.500403197196
3439    0.494841235631
3441    0.494826477582
3467    0.49157421901
3493    0.489452888356
3495    0.4894528721
3521    0.486655975562
3547    0.481353879112
3549    0.481353838072
3551    0.481353699277
3553    0.481353695176
3579    0.479234482579
3605    0.476893305086
3631    0.474763882193
3633    0.474751509792
3635    0.474751497924
3637    0.474751493202
3639    0.474751492135
3663    0.474124329281
3665    0.474115475003
3667    0.474113550724
3669    0.474102470787
3671    0.474102470768
3697    0.471527117785
3723    0.46914909391
3749    0.464411704942
3751    0.46439485717
3753    0.464392439941
3755    0.464381807153
3757    0.464381806828
3783    0.462486877786
3785    0.462467841736
3787    0.462467811013
3789    0.462467809614
3791    0.462467768048
3793    0.462467765695
3795    0.46245520581
3797    0.462452571186
3799    0.462441425475
3801    0.462441419404
3803    0.462441419379
3805    0.462440603745
3831    0.461487366362
3833    0.461470557229
3859    0.457336412575
3885    0.45350296939
3887    0.453502883599
3913    0.451774813155
3939    0.44851534671
3941    0.448515336665
3943    0.448514914813
3966    0.447994885715
3968    0.447994766984
3994    0.446542368577
4020    0.444662647951
4022    0.444655872424
4024    0.444648905168
4027    0.444608437021
4053    0.443229761893
4079    0.43435501622
4105    0.430443733492
4107    0.430434683172
4133    0.428043281533
4159    0.426546016206
4161    0.426546011741
4187    0.424720831832
4213    0.420470992039
4215    0.420470989163
4217    0.420470979666
4219    0.420470975153
4245    0.419386589093
4271    0.417567095695
4297    0.415889371496
4299    0.415882763686
4301    0.41588276063
4303    0.415882760532
4305    0.4158827599
4307    0.415863580003
4309    0.415855251731
4311    0.415854678019
4313    0.415849017978
4315    0.415849017975
4341    0.41415266449
4367    0.412600078957
4393    0.409498138939
4395    0.409488095139
4397    0.409485981658
4399    0.409479967477
4401    0.409479967258
4427    0.408317434436
4429    0.408299172989
4431    0.408299151536
4433    0.408299150503
4435    0.408299111033
4437    0.408299109975
4439    0.408287936421
4441    0.408285871834
4443    0.408280347717
4445    0.408280342942
4447    0.408280342923
4449    0.40828002375
4465    0.407936078725
4467    0.407920806864
4493    0.40500521921
4519    0.402276323133
4521    0.402276290976
4547    0.401300308634
4573    0.398987999141
4575    0.398987997242
4577    0.398987799647
4579    0.398971908312
4581    0.398971888305
4607    0.397778731099
4633    0.39634205087
4635    0.396335826352
4637    0.396331756631
4639    0.396316647219
4665    0.395469265231
4691    0.387836721447
4717    0.384768311587
4719    0.384763109116
4745    0.383012140085
4771    0.381907858975
4773    0.381907857908
4799    0.380556175634
4825    0.377009424049
4827    0.37700942374
4829    0.37700942365
4831    0.377009419204
4857    0.376392575336
4883    0.374839798681
4909    0.37341391091
4911    0.373407813397
4913    0.373407812938
4915    0.373407812909
4917    0.373407812381
4919    0.373389294613
4921    0.373381406597
4923    0.373381220775
4925    0.373378458492
4927    0.373378458492
4953    0.372216905837
4979    0.370992484689
5005    0.368747814978
5007    0.368741968091
5009    0.368740114293
5011    0.368736656943
5013    0.368736656799
5039    0.36802025418
5041    0.368002706606
5043    0.368002690423
5045    0.368002689568
5047    0.368002652543
5049    0.368002652016
5051    0.367992690313
5053    0.367991024117
5055    0.367987469364
5057    0.367987465409
5059    0.3679874654
5061    0.367987285313
5063    0.367967990746
5065    0.367954206162
5091    0.365660178616
5117    0.363499870641
5119    0.363499856288
5139    0.363076051808
5165    0.361342096153
5167    0.36134209562
5169    0.361341927163
5171    0.361329498478
5173    0.361329496081
5199    0.360358767137
5225    0.359272405957
5227    0.359266734339
5229    0.359264139235
5231    0.359252907524
5252    0.358802431842
5278    0.35214392669
5304    0.349531517311
5306    0.349528566686
5332    0.348250833525
5358    0.347399226812
5360    0.34739922668
5386    0.34625689201
5412    0.343231986792
5414    0.343231986704
5416    0.343231986112
5418    0.343231982068
5420    0.343214610071
5446    0.34184774104
5472    0.340600382807
5474    0.340594747505
5476    0.3405947475
5478    0.340594747396
5480    0.34059474693
5482    0.34057685617
5484    0.340569350885
5486    0.340569283902
5488    0.340567914247
5490    0.340567914247
5516    0.339728778615
5542    0.3385966484
5568    0.336799303877
5570    0.336795891025
5572    0.336794260579
5574    0.336792265219
5576    0.336792265123
5581    0.336709499373
5583    0.336692579875
5585    0.336692566904
5587    0.336692566162
5589    0.336692531764
5591    0.33669253148
5593    0.33668363127
5595    0.336682255737
5597    0.336678968485
5599    0.336678965194
5601    0.336678965164
5603    0.33667879872
5605    0.336659970162
5607    0.336647574562
5633    0.334676050995
5659    0.332815721597
5661    0.332815713576
5663    0.332800334337
5689    0.331436762961
5691    0.331436762682
5693    0.33143658567
5695    0.331426904166
5697    0.331426904139
5723    0.330645592236
5749    0.329834913345
5751    0.329829665752
5753    0.329827809261
5755    0.329819547646
5757    0.329800722481
5783    0.323944168159
5809    0.321591457343
5811    0.321589774385
5837    0.320662224763
5863    0.3199783769
5865    0.319978376896
5891    0.318906274184
5917    0.316304455866
5919    0.316304455829
5921    0.316304454796
5923    0.316304451351
5925    0.316289706382
5951    0.315102704689
5977    0.314022880604
5979    0.314017665534
5981    0.314017665161
5983    0.314017665043
5985    0.314017664619
5987    0.314000369564
5989    0.313993206293
5991    0.31399317886
5993    0.31399242152
5995    0.31399242152
6021    0.313351641964
6047    0.312211198033
6073    0.310645155099
6075    0.310642154387
6077    0.310640711562
6079    0.310639359253
6081    0.31063935915
6083    0.310619516908
6085    0.31060318609
6087    0.310603175213
6089    0.310603174591
6091    0.310603142876
6093    0.31060314271
6095    0.310595173788
6097    0.310594021966
6099    0.310590977889
6101    0.310590975243
6103    0.310590975217
6105    0.310590821041
6107    0.310572438791
6109    0.310561295544
6135    0.308772717594
6161    0.307083169861
6163    0.307083164283
6165    0.307071507573
6191    0.306005230097
6193    0.306005229908
6195    0.306005026178
6197    0.305997509583
6199    0.305997509339
6225    0.305374588282
6251    0.304796963825
6253    0.304791867466
6255    0.304790354771
6257    0.304784294713
6259    0.304767287453
6285    0.299585109051
6311    0.297406381541
6313    0.297405408912
6339    0.296737536809
6365    0.296166004178
6367    0.296166004071
6393    0.295091298686
6419    0.292849294633
6421    0.292849294568
6423    0.292849292625
6425    0.292849289802
6427    0.292836884667
6453    0.291818823488
6479    0.290894379862
6481    0.29088954772
6483    0.29088954672
6485    0.290889546615
6487    0.290889546225
6489    0.290872818733
6491    0.290865967377
6493    0.290865954388
6495    0.290865527924
6497    0.290865527924
6509    0.290636216656
6535    0.289453321898
6561    0.288003821835
6563    0.288001035813
6565    0.287999756809
6567    0.287998866978
6569    0.287998866874
6571    0.287979245452
6573    0.287963472412
6575    0.287963462992
6577    0.287963462485
6579    0.287963433417
6581    0.287963433316
6583    0.287956282573
6585    0.287955308052
6587    0.287952485814
6589    0.287952483779
6591    0.287952483764
6593    0.287952340638
6595    0.287934386784
6597    0.287924354305
6623    0.28625969605
6649    0.284683762676
6651    0.284683758169
6653    0.284674959614
6679    0.283845716421
6681    0.283845716282
6683    0.283845470626
6685    0.283839656005
6687    0.283839655397
6695    0.283694693215
6697    0.28367501198
6699    0.283669920706
6701    0.283668604981
6703    0.283663430343
6705    0.283648518715
6731    0.279032769501
6757    0.276986131204
6759    0.276985559562
6762    0.276945052104
6767    0.276863783904
6769    0.276863782701
6795    0.275755755108
6821    0.273746626877
6823    0.27374662684
6825    0.273746624229
6827    0.273746621781
6829    0.273736267623
6855    0.272872459104
6881    0.272089195631
6883    0.272084713028
6885    0.272084711373
6887    0.272084711288
6889    0.272084710927
6891    0.272068525242
6893    0.272061963387
6895    0.272061957457
6897    0.272061692794
6899    0.272061692794
6901    0.272042105296
6927    0.270820549865
6953    0.269436572491
6955    0.269433979703
6957    0.269432844644
6959    0.269432280597
6961    0.269432280496
6963    0.269412846273
6965    0.269397602576
6967    0.269397594231
6969    0.269397593826
6971    0.269397567309
6973    0.269397567245
6975    0.269391136169
6977    0.269390305321
6979    0.269387685954
6981    0.269387684457
6983    0.269387684451
6985    0.269387551296
6987    0.269370009125
6989    0.269360956921
7015    0.26780013541
7041    0.266317103794
7043    0.266317099861
7045    0.266310487595
7071    0.26567107171
7073    0.265671071599
7075    0.265670765842
7077    0.265665917492
7079    0.265665917081
7081    0.265645793117
7083    0.265626441002
7085    0.265621406321
7087    0.265620339122
7089    0.265616087681
7091    0.265603369354
7117    0.261470244325
7143    0.259537481077
7145    0.25953716977
7147    0.259520885183
7149    0.259500818444
7151    0.259500817763
7177    0.258356564373
7203    0.256541810299
7205    0.256541810247
7207    0.256541807343
7209    0.256541805361
7211    0.256533225884
7237    0.255807478941
7263    0.255149979189
7265    0.255145816223
7267    0.25514581397
7269    0.255145813906
7271    0.255145813571
7273    0.255130146223
7275    0.255123855579
7277    0.255123852419
7279    0.255123682389
7281    0.255123682389
7283    0.25510465916
7309    0.253857377302
7335    0.252516803888
7337    0.252514385813
7339    0.252513377389
7341    0.252513029283
7343    0.252513029189
7345    0.252493767802
7347    0.25247902743
7349    0.252479019918
7351    0.252479019601
7353    0.252478995498
7355    0.252478995456
7357    0.252473198222
7359    0.252472485785
7361    0.252470052325
7363    0.252470051273
7365    0.252470051271
7367    0.252469927136
7369    0.252452781239
7371    0.252444593752
7397    0.250985129496
7423    0.249591810086
7425    0.249591806539
7427    0.249586827984
7435    0.249441443808
7437    0.249441443696
7439    0.249441079755
7441    0.249436509613
7443    0.249436509225
7445    0.249416544096
7447    0.249397529842
7449    0.249392563335
7451    0.24939153654
7453    0.249388138446
7455    0.249377447313
7481    0.245656631213
7507    0.24382719161
7509    0.243827012729
7511    0.24381428879
7513    0.243794492334
7515    0.243794491839
7541    0.242619755773
7567    0.240974140898
7569    0.240974140838
7571    0.240974137932
7573    0.240974136398
7575    0.240967073756
7601    0.240362588738
7621    0.239951934153
7623    0.239948063778
7625    0.239948061014
7627    0.239948060965
7629    0.239948060656
7631    0.239932889552
7633    0.239926854352
7635    0.239926852009
7637    0.239926749605
7639    0.239926749605
7641    0.239908313918
7667    0.238650135714
7693    0.237345005374
7695    0.237342745778
7697    0.237341848881
7699    0.237341639166
7701    0.237341639079
7703    0.237322558673
7705    0.237308297544
7707    0.237308290708
7709    0.237308290465
7711    0.237308268616
7713    0.237308268588
7715    0.237303030246
7717    0.23730241665
7719    0.237300153804
7721    0.237300153095
7723    0.237300153095
7725    0.237300037139
7727    0.237283273086
7729    0.237275848741
7755    0.235921916823
7781    0.234622390448
7783    0.234622387211
7785    0.234617810672
7787    0.234597913441
7789    0.234597913319
7791    0.234597493576
7793    0.234593035764
7795    0.23459303539
7797    0.23457327736
7799    0.23455459307
7801    0.234549688088
7803    0.234548590415
7805    0.234545930126
7807    0.23453705762
7833    0.23117120858
7859    0.229439736581
7861    0.229439627971
7863    0.229430018352
7865    0.229410649344
7867    0.229410648968
7893    0.228215537925
7919    0.226713097448
7921    0.226713097378
7923    0.226713093909
7925    0.226713092766
7927    0.226707142183
7935    0.226562798291
7937    0.226542754873
7939    0.226539152474
7941    0.226539149285
7943    0.226539149254
7945    0.226539148968
7947    0.226524453295
7949    0.226518660006
7951    0.226518658029
7953    0.226518599401
7955    0.226518599401
7957    0.22650081265
7983    0.225247529409
8009    0.22397835074
8011    0.223976235334
8013    0.22397543677
8015    0.223975313451
8017    0.223975313372
8019    0.22395643546
8021    0.22394263122
8023    0.223942624951
8025    0.223942624766
8027    0.223942605001
8029    0.223942604981
8031    0.22393786001
8033    0.223937329709
8035    0.223935223635
8037    0.223935223179
8039    0.223935223179
8041    0.223935114653
8043    0.223918718929
8045    0.22391196837
8071    0.222668858885
8097    0.221468954446
8099    0.221468951483
8101    0.221464473778
8103    0.221444835258
8105    0.221444835129
8107    0.221444362043
8109    0.22144001285
8111    0.221440012476
8113    0.2214204589
8115    0.221402097208
8117    0.221397238866
8119    0.221396006601
8121    0.221393958066
8123    0.221386687129
8149    0.218328550128
8175    0.216692082684
8177    0.216692014167
8179    0.216685048102
8181    0.216666254566
8183    0.21666625428
8209    0.215463693272
8235    0.214078595799
8237    0.214078595718
8239    0.214078590753
8241    0.214078589927
8243    0.214072876898
8245    0.2140529106
8247    0.214033034389
8249    0.214029678145
8251    0.21402967461
8253    0.214029674589
8255    0.214029674324
8257    0.214015435431
8259    0.214009872163
8261    0.214009870402
8263    0.214009838537
8265    0.214009838537
8267    0.213992791811
8293    0.212760378649
8319    0.211532580277
8321    0.211530596437
8323    0.211529884673
8325    0.211529814056
8327    0.211529813985
8329    0.211511166044
8331    0.211497797947
8333    0.211497792165
8335    0.211497792029
8337    0.211497774174
8339    0.211497774161
8341    0.211493465239
8343    0.211493005636
8345    0.211491043782
8347    0.211491043502
8349    0.211491043502
8351    0.211490941743
8353    0.211474901739
8355    0.211468746242
8381    0.210340182784
8407    0.209244609653
8409    0.209244606939
8411    0.209240225728
8413    0.209220841296
8415    0.209220841161
8417    0.209220316873
8419    0.209216072755
8421    0.209216072373
8423    0.209196720759
8425    0.209178680946
8427    0.209173851758
8429    0.209172434194
8431    0.209170878695
8433    0.209164992935
8459    0.206375075025
8485    0.204832133389
8487    0.204832088877
8489    0.204827297284
8491    0.204809226671
8493    0.204809226455
8519    0.203613733321
8545    0.202321027653
8547    0.202321027564
8549    0.202321022875
8551    0.202321022294
8553    0.202315426224
8555    0.202295626851
8557    0.202275915906
8559    0.202272786067
8561    0.202272782254
8563    0.20227278224
8565    0.202272781996
8567    0.202258982361
8569    0.202253638414
8571    0.202253636811
8573    0.202253620529
8575    0.202253620529
8577    0.202237419536
8603    0.201041213508
8629    0.199862682266
8631    0.199860818798
8633    0.199860183737
8635    0.199860144532
8637    0.199860144468
8639    0.199841754787
8641    0.199828803473
8643    0.19982879812
8645    0.199828798022
8647    0.199828781906
8649    0.199828781897
8651    0.199824858814
8653    0.199824459546
8655    0.199822630496
8657    0.199822630332
8659    0.199822630331
8661    0.199822534749
8663    0.19980683863
8665    0.199801208817
8691    0.198788227844
8717    0.19779925495
8719    0.197799252466
8721    0.197794965479
8723    0.197775830669
8725    0.197775830531
8727    0.197775256645
8729    0.197771114201
8731    0.197771113804
8733    0.19775196174
8735    0.197734249999
8737    0.197729433177
8739    0.19772778303
8741    0.197726616793
8743    0.197721908848
8769    0.195166895861
8795    0.193717111479
8797    0.193717081858
8799    0.193714015397
8801    0.193696810174
8803    0.193696810013
8829    0.192523370753
8855    0.191299495732
8857    0.191299495639
8859    0.191299491191
8861    0.191299490816
8863    0.191294008399
8865    0.191274373895
8867    0.191254826344
8869    0.191251904981
8871    0.191251900949
8873    0.19125190094
8875    0.191251900714
8877    0.191238523841
8879    0.191233389393
8881    0.191233387924
8883    0.191233380234
8885    0.191233380234
8887    0.191218130207
8913    0.190072051711
8939    0.188951356857
8941    0.188949603797
8943    0.188949036596
8945    0.188949015642
8947    0.188949015585
8949    0.188930910221
8951    0.188918357571
8953    0.1889183526
8955    0.188918352531
8957    0.188918337994
8959    0.188918337987
8961    0.188914756716
8963    0.188914409153
8965    0.188912702503
8967    0.188912702412
8969    0.18891270241
8971    0.188912612481
8973    0.188897249111
8975    0.188892083965
9001    0.187992811656
9027    0.187109888606
9029    0.187109886331
9031    0.187105691364
9033    0.187086801844
9035    0.187086801703
9037    0.187086179208
9039    0.18708213517
9041    0.187082134751
9043    0.187063179893
9045    0.187045807403
9047    0.187040988784
9049    0.187039059173
9051    0.187038195434
9053    0.18703447321
9079    0.184686126248
9105    0.183329904097
9107    0.183329883985
9109    0.183328122165
9111    0.183311911493
9113    0.183311911375
9139    0.182174965761
9165    0.180998129016
9167    0.180998128924
9169    0.180998124687
9171    0.180998124468
9173    0.180992752515
9175    0.180973280899
9177    0.18095389493
9179    0.180951165746
9181    0.180951161544
9183    0.180951161538
9185    0.180951161329
9187    0.180938191638
9189    0.180933257515
9191    0.180933256171
9193    0.1809332529
9195    0.1809332529
9197    0.180919045783
9223    0.179834942124
9249    0.178780059533
9251    0.178778407983
9253    0.178777900884
9255    0.178777890219
9257    0.178777890167
9259    0.178760091384
9261    0.178747920397
9263    0.178747915768
9265    0.178747915722
9267    0.17874790261
9269    0.178747902605
9271    0.178744624505
9273    0.178744321396
9275    0.178742727657
9277    0.178742727609
9279    0.178742727606
9281    0.17874264286
9283    0.178727601736
9285    0.178722847796
9311    0.177932778693
9337    0.177152709393
9339    0.17715270731
9341    0.177148602214
9343    0.177129953784
9345    0.177129953642
9347    0.177129282908
9349    0.17712533414
9351    0.177125333696
9353    0.177106573757
9355    0.177089554252
9357    0.177084723378
9359    0.177082466962
9361    0.177081835254
9363    0.177078925854
9389    0.174913269663
9415    0.173651385808
9417    0.173651371925
9419    0.173650527067
9421    0.173635418345
9423    0.173635418262
9449    0.172547995057
9475    0.171398466728
9477    0.171398466639
9479    0.171398462591
9481    0.171398462483
9483    0.171393197918
9485    0.171373887284
9487    0.171354661141
9489    0.171352109297
9491    0.171352104967
9493    0.171352104963
9495    0.171352104769
9497    0.171339527519
9499    0.171334785036
9501    0.171334783815
9503    0.171334782611
9505    0.17133478261
9507    0.171321687642
9533    0.170308863767
9559    0.169326312594
9561    0.169324754584
9563    0.169324300776
9565    0.169324295692
9567    0.169324295646
9569    0.169306821297
9571    0.169295015986
9573    0.169295011668
9575    0.169295011639
9577    0.16929499981
9579    0.169294999806
9581    0.169291990933
9583    0.169291726146
9585    0.169290236651
9587    0.169290236626
9589    0.169290236622
9591    0.16929015664
9593    0.169275427843
9595    0.169271038471
9621    0.168583568658
9647    0.16790097975
9649    0.167900977841
9651    0.167896960529
9653    0.167878549112
9655    0.16787854897
9657    0.167877829819
9659    0.167873973302
9661    0.167873972829
9663    0.167855405582
9665    0.167838753174
9667    0.167833903841
9669    0.16783127279
9671    0.16783081702
9673    0.167828568642
9699    0.165825258758
9725    0.164658413673
9727    0.164658403964
9729    0.164658125239
9731    0.164644197457
9733    0.1646441974
9759    0.163617247133
9785    0.162477602644
9787    0.162477602562
9789    0.16247759868
9791    0.162477598642
9793    0.162472438499
9795    0.162453287005
9797    0.162434218989
9799    0.16243183096
9801    0.162431826538
9803    0.162431826535
9805    0.162431826356
9807    0.162419627567
9809    0.162415068416
9811    0.162415067316
9813    0.162415066954
9815    0.162415066954
9817    0.162403125117
9843    0.16146809849
9869    0.160562435484
9871    0.160560963855
9873    0.160560557352
9875    0.160560555145
9877    0.160560555103
9879    0.160543418606
9881    0.160531963904
9883    0.16053195987
9885    0.160531959853
9887    0.160531949177
9889    0.160531949175
9891    0.160529179687
9893    0.160528948006
9895    0.160527554832
9897    0.160527554818
9899    0.160527554814
9901    0.160527479219
9903    0.160513053355
9905    0.160508988038
9931    0.159916040296
9957    0.159323969501
9959    0.159323967749
9961    0.159320036188
9963    0.159301857824
9965    0.159301857683
9967    0.159301089467
9969    0.1592973223
9971    0.159297321795
9973    0.159278945064
9975    0.159262672596
9977    0.159257803035
9979    0.159254749398
9981    0.159254425577
9983    0.159252707779
10009    0.157394509392
10035    0.156322899356
10037    0.156322892506
10039    0.156322868513
10041    0.156310168362
10043    0.156310168326
10069    0.155352128902
10095    0.154207468251
10097    0.154207468178
10099    0.154207464445
10101    0.154207464441
10103    0.154202405857
10105    0.15418341172
10107    0.154164500178
10109    0.154162263622
10111    0.154162259137
10113    0.154162259135
10115    0.154162258968
10117    0.154150425365
10119    0.154146041538
10121    0.154146040555
10123    0.154146040474
10125    0.154146040474
10127    0.154135262698
10153    0.153281745338
10179    0.152455363987
10181    0.152453972289
10183    0.152453607825
10185    0.152453606996
10187    0.152453606958
10189    0.152436817587
10191    0.152425699273
10193    0.152425695498
10195    0.15242569549
10197    0.152425685848
10199    0.152425685846
10201    0.152423129484
10203    0.152422926458
10205    0.152421622356
10207    0.152421622348
10209    0.152421622343
10211    0.152421550797
10213    0.152407418955
10215    0.15240364262
10225    0.152217391063
10234    0.152053132639
10236    0.152053130997
10238    0.152049283193
10240    0.152031333977
10242    0.152031333837
10244    0.152030515537
10246    0.152026834921
10248    0.152026834382
10250    0.152008645984
10252    0.151992763888
10254    0.151987876659
10256    0.151984352924
10258    0.15198412695
10260    0.151982829748
10286    0.150255164266
10312    0.149278131103
10314    0.149278126248
10316    0.149278086736
10318    0.149266627738
10320    0.149266627717
10346    0.14838323032
10372    0.147221383746
10374    0.147221383683
10376    0.147221380085
10378    0.147221380082
10380    0.147216420277
10382    0.147197581705
10384    0.147178824976
10386    0.147176728603
10388    0.147176724081
10390    0.147176724078
10392    0.147176723924
10394    0.147165242831
10396    0.147161026563
10398    0.147161025692
10400    0.147161025678
10402    0.147161025677
10404    0.147151394214
10430    0.146380471677
10456    0.145633642946
10458    0.145632325347
10460    0.145631998281
10462    0.145631998041
10464    0.145631998007
10466    0.145615561307
10468    0.145604765893
10470    0.145604762357
10472    0.145604762353
10474    0.145604753639
10476    0.145604753637
10478    0.145602387262
10480    0.145602209078
10482    0.145600987426
10484    0.145600987401
10486    0.145600987396
10488    0.145600919617
10490    0.145587073513
10492    0.145583545802
10494    0.145563443189
10496    0.145543484711
10498    0.145543483554
10500    0.145539717578
10502    0.14552199376
10504    0.145521993623
10506    0.145521123954
10508    0.145517527203
10510    0.145517526629
10512    0.145499524475
10514    0.145484040268
10516    0.145479141987
10518    0.145475101767
10520    0.145474947459
10522    0.145473979688
10548    0.143864540366
10574    0.14298035578
10576    0.14298035234
10578    0.142980069483
10580    0.142969834041
10582    0.14296983403
10608    0.142164143152
10634    0.140975877578
10636    0.140975877527
10638    0.14097587405
10640    0.140975874022
10642    0.140971010327
10644    0.14095232563
10646    0.140933722142
10648    0.140931755634
10650    0.140931751094
10652    0.140931751092
10654    0.140931750949
10656    0.140920610326
10658    0.140916554095
10660    0.140916553331
10662    0.140916553325
10664    0.140916553324
10666    0.140908025575
10692    0.140218493753
10718    0.139549590842
10720    0.139548342063
10722    0.139548048307
10724    0.13954804827
10726    0.139548048239
10728    0.139531966652
10730    0.139521481393
10732    0.139521478077
10734    0.139521478076
10736    0.13952147019
10738    0.139521470188
10740    0.139519273415
10742    0.139519116796
10744    0.139517971522
10746    0.13951797145
10748    0.139517971445
10750    0.139517907156
10752    0.139504338785
10754    0.139501043091
10756    0.13948106542
10758    0.13946122241
10760    0.139461221514
10762    0.139457535493
10764    0.139440033452
10766    0.139440033317
10768    0.139439110821
10770    0.139435595358
10772    0.13943559475
10774    0.139417776829
10776    0.139402694855
10778    0.139397795724
10780    0.139393194478
10782    0.139393091913
10784    0.139392379142
10810    0.137890774994
10836    0.137096557956
10838    0.137096555531
10840    0.137095844902
10842    0.137086788422
10844    0.137086788418
10870    0.136359418795
10896    0.135138611804
10898    0.135138611764
10900    0.135138608398
10902    0.135138608324
10904    0.135133838166
10906    0.135115305729
10908    0.135096853985
10910    0.135095007891
10912    0.135095003352
10914    0.13509500335
10916    0.135095003217
10918    0.135084191595
10920    0.135080288106
10922    0.135080287441
10924    0.135080287421
10926    0.135080287421
10928    0.135072801072
10954    0.134461587953
10980    0.133867413337
10982    0.133866228585
10984    0.133865964528
10986    0.133865964528
10988    0.1338659645
10990    0.13385023788
10992    0.133840050705
10994    0.133840047591
10996    0.13384004759
10998    0.133840040447
11000    0.133840040446
11002    0.133837995288
11004    0.133837857418
11006    0.133836782946
11008    0.1338367828
11010    0.133836782796
11012    0.133836721739
11014    0.133823423403
11016    0.133820334709
11018    0.133800481741
11020    0.133780753571
11022    0.133780752822
11024    0.133777144931
11026    0.133759861146
11028    0.133759861013
11030    0.133758884145
11032    0.133755447488
11034    0.133755446844
11036    0.133737811185
11038    0.133723132627
11040    0.13371824584
11042    0.133713041577
11044    0.133712975725
11046    0.133712458023
11072    0.132309895876
11098    0.131601661938
11100    0.131601660247
11102    0.131600381462
11104    0.131592437866
11106    0.131592437866
11132    0.130941901255
11158    0.129685663596
11160    0.129685663567
11162    0.129685660302
11164    0.129685660168
11166    0.129680981062
11168    0.129662599316
11170    0.129644297859
11172    0.129642563516
11174    0.129642558991
11176    0.129642558989
11178    0.129642558866
11180    0.129632065286
11182    0.129628307467
11184    0.129628306893
11186    0.129628306816
11188    0.129628306816
11190    0.129621785507
11209    0.12924188848
11223    0.128971606943
11225    0.128970481491
11227    0.128970243943
11229    0.128970243934
11231    0.128970243908
11233    0.128954879401
11235    0.128944978834
11237    0.128944975906
11239    0.128944975905
11241    0.128944969425
11243    0.128944969424
11245    0.128943059995
11247    0.128942938444
11249    0.128941929653
11251    0.128941929414
11253    0.128941929409
11255    0.128941871353
11257    0.128928835663
11259    0.128925932954
11261    0.128906204371
11263    0.128886590408
11265    0.128886589746
11267    0.128883058198
11269    0.128865989203
11271    0.128865989074
11273    0.128864956277
11275    0.128861596032
11277    0.128861595354
11279    0.128844139993
11281    0.128829863047
11283    0.128825004111
11285    0.128819158053
11287    0.128819117677
11289    0.12881874741
11315    0.127507750059
11341    0.126880564462
11343    0.126880563302
11345    0.126878620124
11347    0.126871707911
11349    0.126871707911
11375    0.126294831895
11401    0.125003544629
11403    0.12500354461
11405    0.125003541438
11407    0.125003541233
11409    0.124998950768
11411    0.124980718154
11413    0.124962565525
11415    0.124960934978
11417    0.124960930482
11419    0.12496093048
11421    0.124960930365
11423    0.124950744328
11425    0.124947122353
11427    0.124947121801
11429    0.12494712179
11431    0.124947121789
11433    0.124941156232
11435    0.124921056657
11437    0.124901009257
11439    0.124899938835
11441    0.124899724973
11443    0.124899724722
11445    0.124899724698
11447    0.1248847254
11449    0.124875100525
11451    0.124875097772
11453    0.124875097769
11455    0.124875091881
11457    0.124875091881
11459    0.124873304136
11461    0.124873196805
11463    0.124872248993
11465    0.124872248647
11467    0.124872248642
11469    0.124872193377
11471    0.124859413251
11473    0.124856678701
11475    0.124837074128
11477    0.124817573761
11479    0.124817573152
11481    0.124814116204
11483    0.124797258618
11485    0.124797258491
11487    0.124796168265
11489    0.124792882126
11491    0.124792881415
11493    0.12477560442
11495    0.124761724646
11497    0.12475691067
11499    0.12475038786
11501    0.124750364651
11503    0.124750104415
11529    0.123524268866
11554    0.123012460984
11556    0.12301246019
11558    0.123009799808
11560    0.123003790165
11562    0.123003790164
11570    0.122860496816
11596    0.121537735467
11598    0.121537735456
11600    0.121537732371
11602    0.121537732091
11604    0.121533227927
11606    0.121515142891
11608    0.121497137627
11610    0.121495603563
11612    0.121495599109
11614    0.121495599107
11616    0.121495599
11618    0.121485710431
11620    0.121482211441
11622    0.121482210848
11624    0.121482210805
11626    0.121482210805
11628    0.12147633218
11630    0.121456352946
11632    0.121436417724
11634    0.121435398796
11636    0.121435206124
11638    0.121435205345
11640    0.121435205323
11642    0.121420560804
11644    0.121411201223
11646    0.12141119863
11648    0.121411198624
11650    0.121411193267
11652    0.121411193267
11654    0.121409514785
11656    0.12140941986
11658    0.121408528702
11660    0.12140852824
11662    0.121408528236
11664    0.121408475572
11666    0.121395944231
11668    0.12139336258
11670    0.121373881622
11672    0.12135449428
11674    0.121354493705
11676    0.121351109663
11678    0.12133446021
11680    0.121334460086
11682    0.121333311059
11684    0.121330096806
11686    0.121330096062
11688    0.121312995556
11690    0.121299506639
11692    0.121294750434
11694    0.121287786723
11696    0.121287774636
11698    0.121287589764
11724    0.120141525013
11726    0.12012153886
11728    0.120121538215
11730    0.1201181537
11732    0.120112298634
11734    0.12011229863
11736    0.120092222929
11762    0.118744531784
11764    0.118744531778
11766    0.118744528773
11768    0.11874452842
11770    0.118740108307
11772    0.118722169395
11774    0.118704310115
11776    0.118702865815
11778    0.118702861407
11780    0.118702861404
11782    0.118702861304
11784    0.118693260576
11786    0.118689878893
11788    0.118689878266
11790    0.118689878174
11792    0.118689878174
11794    0.118684084712
11796    0.118664224867
11798    0.118644400843
11800    0.118643430146
11802    0.118643256447
11804    0.118643254909
11806    0.11864325489
11808    0.118628955153
11810    0.118619850953
11812    0.118619848508
11814    0.118619848498
11816    0.118619843617
11818    0.118619843616
11820    0.118618263391
11822    0.1186181793
11824    0.11861734082
11826    0.118617340239
11828    0.118617340235
11830    0.118617290002
11832    0.118605000928
11834    0.118602558996
11836    0.118583201208
11838    0.118563926332
11840    0.118563925778
11842    0.11856061299
11844    0.118544168465
11846    0.118544168343
11848    0.118542959361
11850    0.118539814856
11852    0.118539814082
11854    0.118522888219
11856    0.118509784937
11858    0.118505067376
11860    0.118498182745
11862    0.118498177483
11864    0.118498008367
11890    0.117425703387
11892    0.117405819351
11894    0.117405818859
11896    0.117401739414
11898    0.117395953108
11900    0.117395953101
11902    0.117375964976
11928    0.116012473097
11930    0.116012473095
11932    0.116012470166
11934    0.116012469745
11936    0.116008131519
11938    0.115990337373
11940    0.115972622782
11942    0.115971262064
11944    0.115971257708
11946    0.115971257705
11948    0.115971257612
11950    0.115961935519
11952    0.115958665833
11954    0.115958665176
11956    0.115958665021
11958    0.115958665021
11960    0.115952955023
11962    0.115933213708
11964    0.115913500027
11966    0.115912574547
11968    0.115912417856
11970    0.11591241537
11972    0.115912415352
11974    0.115898450851
11976    0.115889592607
11978    0.115889590301
11980    0.115889590286
11982    0.11588958583
11984    0.11588958583
11986    0.115888094114
11988    0.115888019496
11990    0.115887230036
11992    0.115887229336
11994    0.115887229333
11996    0.115887181374
11998    0.115875128332
12000    0.115872814648
12002    0.115853579615
12004    0.115834416711
12006    0.115834416172
12008    0.115831173036
12010    0.115814930365
12012    0.115814930248
12014    0.115813660269
12016    0.115810583462
12018    0.115810582659
12020    0.115793829676
12022    0.115781101045
12024    0.115776459255
12026    0.11576962594
12028    0.115769624295
12030    0.115769475743
12056    0.114766913001
12058    0.114747084823
12060    0.114747084466
12062    0.114742371264
12064    0.114736653591
12066    0.114736653581
12068    0.114716753241
12094    0.113348624718
12096    0.113348624717
12098    0.113348621858
12100    0.113348621378
12102    0.113344362945
12104    0.113326712259
12106    0.113309141088
12108    0.113307858258
12110    0.113307853955
12112    0.113307853952
12114    0.113307853864
12116    0.113298801569
12118    0.113295638866
12120    0.113295638184
12122    0.113295637956
12124    0.113295637956
12126    0.11329000977
12128    0.11327038615
12130    0.11325078201
12132    0.113249898966
12134    0.113249757537
12136    0.113249753953
12138    0.113249753936
12140    0.113236115503
12142    0.113227494215
12144    0.113227492038
12146    0.113227492018
12148    0.113227487943
12150    0.113227487943
12152    0.113226076083
12154    0.113226009754
12156    0.113225265944
12158    0.113225265131
12160    0.113225265127
12162    0.113225219301
12164    0.113213396282
12166    0.11321120078
12168    0.113192088051
12170    0.113173036637
12172    0.113173036109
12174    0.113169861063
12176    0.113153817242
12178    0.113153817127
12180    0.113152485368
12182    0.113149474282
12184    0.113149473452
12186    0.113132891614
12188    0.113120525545
12190    0.113115990611
12192    0.113109183513
12194    0.113109183336
12196    0.113109056857
12222    0.112172678237
12224    0.112152865384
12226    0.112152865143
12228    0.112147606352
12230    0.112141957104
12232    0.112141957091
12234    0.112122144662
12260    0.110761906128
12262    0.110761906127
12264    0.110761903334
12266    0.110761902806
12268    0.11075772214
12270    0.110740213653
12272    0.11072278466
12274    0.110721574466
12276    0.110721570219
12278    0.110721570216
12280    0.110721570135
12282    0.110712779142
12284    0.110709718679
12286    0.110709717979
12288    0.11070971767
12290    0.11070971767
12292    0.110704169688
12294    0.110684662954
12296    0.110665167603
12298    0.110664324417
12300    0.110664196696
12302    0.110664191899
12304    0.110664191884
12306    0.110650870705
12308    0.110642477775
12310    0.110642475717
12312    0.110642475692
12314    0.110642471958
12316    0.110642471958
12318    0.110641132269
12320    0.110641073201
12322    0.110640371934
12324    0.110640371013
12326    0.11064037101
12328    0.110640327186
12330    0.110628728396
12332    0.110626642177
12334    0.110607651279
12336    0.110588710875
12338    0.110588710354
12340    0.110585601874
12342    0.110569753967
12344    0.110569753856
12346    0.110568359813
12348    0.110565412541
12350    0.110565411687
12352    0.110548999287
12354    0.110536982958
12356    0.110532580526
12358    0.110525777284
12360    0.110525777187
12362    0.110525672158
12388    0.109652209025
12390    0.109632376464
12392    0.109632376315
12394    0.109626679874
12396    0.10962109877
12398    0.109621098754
12400    0.109601374306
12426    0.108262165116
12428    0.108262165115
12430    0.108262162384
12432    0.108262161821
12434    0.108258056959
12436    0.108240689457
12438    0.108223401423
12440    0.108222259017
12442    0.10822225483
12444    0.108222254826
12446    0.108222254749
12448    0.108213716888
12450    0.108210754166
12452    0.10821075345
12454    0.108210753054
12456    0.108210753054
12458    0.108205283715
12460    0.108185893079
12462    0.108166505807
12464    0.108165700094
12466    0.108165584699
12468    0.108165578602
12470    0.108165578587
12472    0.10815256618
12474    0.108144393386
12476    0.108144391438
12478    0.108144391408
12480    0.108144387982
12482    0.108144387981
12484    0.108143113629
12486    0.108143060928
12488    0.108142399337
12490    0.108142398319
12492    0.108142398315
12494    0.108142356374
12496    0.108130976215
12498    0.108128991362
12500    0.108110121798
12502    0.108091291929
12504    0.108091291414
12506    0.108088248011
12508    0.108072593149
12510    0.108072593041
12512    0.10807113651
12514    0.108068251214
12516    0.108068250337
12518    0.108052005693
12520    0.108040325847
12522    0.108036076639
12524    0.108029257605
12526    0.108029256741
12528    0.108029171305
12554    0.107215537629
12556    0.107195655562
12558    0.107195655482
12560    0.107189641279
12562    0.107184127973
12564    0.107184127955
12566    0.107164491524
12592    0.105859300071
12594    0.105859300066
12596    0.105859297395
12598    0.105859296812
12600    0.105855265853
12602    0.105838038167
12604    0.105820889896
12606    0.105819810802
12608    0.105819806674
12610    0.10581980667
12612    0.105819806599
12614    0.105811514008
12616    0.105808644758
12618    0.10580864403
12620    0.105808643545
12622    0.105808643544
12624    0.105803251326
12626    0.105783976019
12628    0.105764696155
12630    0.105763925702
12632    0.105763821397
12634    0.10576381394
12636    0.105763813927
12638    0.105751102119
12640    0.105743141598
12642    0.105743139755
12644    0.105743139719
12646    0.105743136568
12648    0.105743136567
12650    0.105741921467
12652    0.105741874354
12654    0.105741249793
12656    0.105741248686
12658    0.105741248684
12660    0.105741208514
12662    0.10573004158
12664    0.105728151005
12666    0.105709402258
12668    0.105690682451
12670    0.105690681941
12672    0.105687702163
12674    0.105672237538
12676    0.105672237432
12678    0.105670718515
12680    0.10566789342
12682    0.105667892524
12684    0.105651813978
12686    0.105640457182
12688    0.105636377449
12690    0.105629525588
12692    0.105629523491
12694    0.105629455203
12720    0.104872681571
12722    0.104852725123
12724    0.104852725088
12726    0.104846517168
12728    0.104841071258
12730    0.104841071238
12732    0.104821522843
12758    0.103562476743
12760    0.103562476736
12762    0.103562474122
12764    0.103562473531
12766    0.103558514633
12768    0.103541425638
12770    0.103524415956
12772    0.103523396035
12774    0.103523391966
12776    0.103523391962
12778    0.103523391895
12780    0.103515337002
12782    0.10351255717
12784    0.103512556433
12786    0.103512555856
12788    0.103512555856
12790    0.103507239276
12792    0.103488078548
12794    0.103468905456
12796    0.10346816821
12798    0.103468073896
12800    0.10346806504
12802    0.103468065028
12804    0.103455645943
12806    0.103447890165
12808    0.103447888418
12810    0.103447888377
12812    0.103447885473
12814    0.103447885473
12816    0.103446724202
12818    0.103446682
12820    0.103446092025
12822    0.10344609084
12824    0.103446090837
12826    0.103446052337
12828    0.103435093396
12830    0.103433290718
12832    0.103414662252
12834    0.103396052038
12836    0.103396051532
12838    0.103393133962
12840    0.103377856828
12842    0.103377856725
12844    0.103376275828
12846    0.103373509223
12848    0.103373508311
12850    0.10335759423
12852    0.103346547065
12854    0.103342649018
12856    0.103335749782
12858    0.103335746247
12860    0.103335692495
12886    0.102632887157
12888    0.102612836011
12890    0.102612836001
12892    0.102606555395
12894    0.102601176428
12896    0.102601176408
12898    0.102581716068
12924    0.101379486565
12926    0.101379486555
12928    0.101379483995
12930    0.10137948341
12932    0.101375594789
12934    0.101358643398
12936    0.101341771153
12938    0.101340806576
12940    0.101340802568
12942    0.101340802563
12944    0.1013408025
12946    0.10133297801
12948    0.101330283743
12950    0.101330283
12952    0.101330282331
12954    0.101330282331
12956    0.101325039948
12958    0.101305993065
12960    0.101286926138
12962    0.101286220192
12964    0.101286134884
12966    0.101286124609
12968    0.101286124598
12970    0.101273990635
12972    0.101266432392
12974    0.101266430735
12976    0.101266430689
12978    0.101266428008
12980    0.101266428007
12982    0.10126531573
12984    0.101265277845
12986    0.101264720195
12988    0.101264718941
12990    0.101264718939
12992    0.101264682015
12994    0.101253926001
12996    0.101252205446
12998    0.101233696715
13000    0.101215195621
13002    0.10121519512
13004    0.101212338374
13006    0.101197246042
13008    0.101197245943
13010    0.101195603769
13012    0.101192894003
13014    0.101192893076
13016    0.101177141847
13018    0.101166391074
13020    0.101162683296
13022    0.101155724465
13024    0.101155719467
13026    0.101155677734
13052    0.100504005757
13054    0.100483843763
13056    0.100483843763
13058    0.100477602475
13060    0.100472289958
13062    0.100472289937
13064    0.100452917675
13090    0.0993162818017
13092    0.0993162817898
13094    0.0993162792805
13096    0.0993162787113
13098    0.0993124586367
13100    0.0992956437982
13102    0.0992789078576
13104    0.0992779950783
13106    0.0992779911305
13108    0.0992779911251
13110    0.099277991066
13112    0.0992703899441
13114    0.0992677775815
13116    0.0992677768364
13118    0.0992677760753
13120    0.0992677760753
13122    0.0992626064831
13124    0.0992436727279
13126    0.0992247113849
13128    0.0992240349685
13130    0.0992239577872
13132    0.0992239460899
13134    0.0992239460786
13136    0.0992120899
13138    0.0992047222853
13140    0.0992047207128
13142    0.0992047206606
13144    0.0992047181805
13146    0.0992047181802
13148    0.0992036505776
13150    0.0992036164932
13152    0.0992030890792
13154    0.0992030877678
13156    0.0992030877653
13158    0.0992030523299
13160    0.0991924943384
13162    0.0991908506586
13164    0.0991724611015
13166    0.0991540686616
13168    0.0991540681634
13170    0.0991512708919
13172    0.0991363607309
13174    0.0991363606336
13176    0.0991346581793
13178    0.0991320036589
13180    0.0991320027194
13182    0.0991164127549
13184    0.0991059454329
13186    0.0991024332769
13188    0.0990954047988
13190    0.0990953984295
13192    0.0990953664304
13218    0.0984920410095
13221    0.0984516963638
13223    0.0984516963596
13225    0.0984455928339
13227    0.0984403669929
13229    0.0984403669727
13231    0.0984210856006
13257    0.0973566674066
13259    0.097356667393
13261    0.0973566649338
13263    0.0973566643899
13265    0.0973529111844
13267    0.0973362318794
13269    0.0973196311321
13271    0.0973187668669
13273    0.0973187629788
13275    0.0973187629736
13277    0.0973187629176
13279    0.0973113783816
13281    0.0973088444426
13283    0.0973088436967
13285    0.0973088428454
13287    0.0973088428454
13289    0.0973037446736
13291    0.0972849233473
13293    0.0972660670348
13295    0.0972654184979
13297    0.0972653486548
13299    0.0972653355462
13301    0.0972653355361
13303    0.0972537500528
13305    0.0972465664489
13307    0.0972465649546
13309    0.097246564897
13311    0.0972465625981
13313    0.0972465625981
13315    0.0972455358073
13317    0.0972455050708
13319    0.0972450059569
13321    0.0972450045973
13323    0.0972450045947
13325    0.0972449705667
13327    0.0972346058422
13329    0.097233034249
13331    0.097214763297
13333    0.097196479044
13335    0.0971964785492
13337    0.0971937394348
13339    0.0971790088691
13341    0.0971790087745
13343    0.0971772473104
13345    0.0971746464959
13347    0.0971746455475
13349    0.0971592152806
13351    0.0971490188277
13353    0.0971457052949
13355    0.0971383939307
13357    0.0971383863492
13359    0.0971383623685
13385    0.096580483841
13387    0.0965602920417
13389    0.0965602920242
13391    0.0965544082973
13393    0.0965492471791
13395    0.0965492471595
13397    0.0965300536806
13423    0.0955422417864
13425    0.0955422417722
13427    0.0955422393607
13429    0.095542238849
13431    0.0955385508859
13433    0.0955220061186
13435    0.0955055394691
13437    0.0955047206714
13439    0.0955047168427
13441    0.0955047168374
13443    0.0955047167849
13445    0.0954975422867
13447    0.0954950834618
13449    0.0954950827183
13451    0.0954950817797
13453    0.0954950817797
13455    0.0954900536917
13457    0.0954713441038
13459    0.0954525922849
13461    0.0954519700925
13463    0.0954519068821
13465    0.0954518923825
13467    0.0954518923733
13469    0.0954405707279
13471    0.0954335647869
13473    0.0954335633668
13475    0.0954335633039
13477    0.0954335611684
13479    0.0954335611682
13481    0.095432571732
13483    0.0954325439488
13485    0.0954320713433
13487    0.0954320699443
13489    0.0954320699423
13491    0.0954320372459
13493    0.0954218611753
13495    0.0954203572811
13497    0.0954022043528
13499    0.0953840278187
13501    0.0953840273274
13503    0.0953813450823
13505    0.0953667915862
13507    0.0953667914943
13509    0.0953649725289
13511    0.095362423936
13513    0.0953624229802
13515    0.0953471508606
13517    0.0953372132536
13519    0.0953340977203
13521    0.0953267162616
13523    0.0953267076635
13525    0.095326689689
13534    0.0951637598623
13537    0.0951235864372
13539    0.0951235863988
13541    0.0951179867751
13543    0.0951129120255
13545    0.0951129120073
13547    0.0950938172184
13573    0.0941848378074
13575    0.0941848377933
13577    0.0941848354275
13579    0.0941848349521
13581    0.0941812106467
13583    0.0941647994183
13585    0.0941484657628
13587    0.0941476896057
13589    0.0941476858354
13591    0.0941476858291
13593    0.0941476857799
13595    0.0941407149872
13597    0.0941383281245
13599    0.0941383273841
13601    0.0941383263606
13603    0.0941383263606
13605    0.0941333670461
13607    0.0941147684921
13609    0.0940961206198
13611    0.0940955233397
13613    0.0940954661271
13615    0.094095450269
13617    0.0940954502602
13619    0.0940843858033
13621    0.0940775514273
13623    0.0940775500753
13625    0.0940775500073
13627    0.0940775480201
13629    0.0940775480197
13631    0.0940765928387
13633    0.0940765676618
13635    0.094076119902
13637    0.0940761184722
13639    0.0940761184696
13641    0.0940760870351
13643    0.0940660951254
13645    0.0940646548964
13647    0.0940466193747
13649    0.0940285500628
13651    0.0940285495747
