26 5.37230766619
52 5.25285002011
78 5.2495376648
101 5.24606786073
127 5.2426144205
153 5.12019796463
179 5.09374026956
190 5.09304673203
216 5.07194295746
218 5.07192005473
244 4.96112126225
246 4.96111375257
272 4.95156515074
274 4.9515571222
289 4.95086919974
304 4.82629469667
330 4.78681408008
332 4.78680747085
358 4.75992093545
360 4.7599186371
386 4.71205292739
411 4.58816697987
437 4.55861666454
439 4.55860686206
465 4.54182399795
491 4.43412236415
517 4.31167694236
543 4.29944621102
553 4.29888998371
573 4.29772388175
599 4.23540522834
601 4.23540519496
627 4.20541637139
629 4.20541590939
655 4.19151270318
681 4.07263706831
707 4.06184456457
732 4.05778410611
758 4.04757489271
760 4.04755440829
786 3.95548583629
812 3.93869429488
838 3.91607073467
864 3.90149864519
890 3.89612656785
916 3.78201459253
942 3.65873317381
968 3.6498610453
971 3.64980541252
982 3.64937235911
998 3.52501109637
1024 3.44437647141
1026 3.44437159205
1052 3.41764728411
1054 3.41764561637
1080 3.29442977058
1106 3.26003323677
1109 3.25998228743
1135 3.234992877
1137 3.23497503091
1154 3.11115100612
1180 2.98900626896
1182 2.98899590364
1196 2.98786988173
1198 2.98786193706
1224 2.89411153717
1250 2.89293191701
1276 2.87212399756
1302 2.87098943343
1328 2.86665002524
1354 2.74233130217
1380 2.64359846676
1382 2.64357614046
1408 2.62530864521
1410 2.62529009456
1429 2.50083561936
1455 2.39362091835
1457 2.39360846281
1483 2.38070399686
1485 2.38069590154
1511 2.37861348199
1537 2.26150051043
1563 2.25949266328
1589 2.25390980998
1615 2.25175057139
1641 2.23687421955
1667 2.11302252076
1693 2.10084434147
1696 2.10078799848
1722 2.08990798031
1735 1.96540818533
1761 1.84651236987
1763 1.8465086809
1788 1.84256160912
1790 1.84256018436
1816 1.71978273774
1842 1.59696975639
1850 1.5966010035
1859 1.59617152888
1861 1.59615130468
1887 1.48082300498
1889 1.48081369253
1915 1.47405117212
1917 1.47404223486
1924 1.47384750941
1950 1.46898101061
1976 1.46396127029
2002 1.45882575161
2028 1.45587415371
2030 1.45586071637
2056 1.45233750835
2058 1.45232794613
2084 1.44863897625
2086 1.44862564575
2112 1.43295250365
2114 1.43293726659
2140 1.42114793558
2142 1.42113110551
2144 1.42111512583
2146 1.42111062472
2148 1.42109139262
2150 1.4210859456
2152 1.42106385194
2154 1.42106068961
2180 1.40362359307
2182 1.4036231724
2208 1.3928797608
2210 1.39287975781
2236 1.38455476706
2238 1.38454517825
2264 1.37951722042
2266 1.37951525655
2292 1.37685147486
2294 1.37683804639
2297 1.37678799169
2299 1.37676617469
2301 1.37674926462
2303 1.37672908535
2329 1.3707081346
2331 1.3707080396
2357 1.36783521878
2359 1.3678352112
2385 1.3665377742
2387 1.36651612881
2413 1.35668661101
2415 1.35667134516
2441 1.34744987283
2443 1.34743937442
2466 1.34632895341
2492 1.33290678889
2494 1.33287998228
2520 1.32174524782
2522 1.32171950959
2524 1.32170115757
2526 1.32168434458
2528 1.32166393079
2530 1.3216530405
2532 1.32163813658
2534 1.32163470866
2560 1.3131214492
2562 1.31312114063
2588 1.31041363846
2590 1.31041363675
2592 1.31040537829
2618 1.2932860044
2620 1.2932771199
2646 1.28153734467
2648 1.28153011617
2650 1.28152776951
2652 1.28151967887
2654 1.28151680748
2656 1.28151100572
2658 1.2815072426
2673 1.28095690283
2699 1.27941111267
2704 1.27929922995
2730 1.27782790526
2732 1.27780211713
2734 1.27779599451
2760 1.27475088578
2762 1.27474133342
2771 1.27447556845
2773 1.27446679566
2775 1.27446447096
2796 1.27314059872
2798 1.27313758629
2800 1.2731141304
2802 1.27311184813
2828 1.27112200743
2833 1.27100150761
2859 1.26882592467
2861 1.26880037554
2887 1.2664998836
2913 1.25635040184
2915 1.25633439444
2941 1.24789834031
2943 1.24788586141
2969 1.24063730233
2971 1.24063506538
2973 1.24062126479
2975 1.24062108572
2977 1.24060896814
2979 1.24060892031
2981 1.2405912678
2983 1.24056715393
2985 1.240553783
2987 1.24053631717
2989 1.2405256767
2991 1.24051225275
2993 1.24050749125
2995 1.24048803284
2997 1.24048406699
2999 1.24046630712
3025 1.23526370217
3051 1.2300302471
3077 1.22481048357
3103 1.22171264976
3105 1.221704199
3131 1.21801436579
3133 1.21800970413
3159 1.21420108864
3161 1.21419479446
3187 1.20509863227
3189 1.20508899492
3215 1.19849109623
3217 1.19847834233
3219 1.19846626149
3221 1.19846175601
3223 1.19844588523
3225 1.19844042412
3227 1.19842116014
3229 1.19842001002
3255 1.19231906116
3257 1.19231906113
3283 1.18866393084
3285 1.18866355076
3311 1.18757152841
3313 1.18756720879
3331 1.18701277131
3333 1.18701254045
3335 1.18698739145
3337 1.18697751017
3339 1.18696036497
3341 1.18694289105
3343 1.18693211722
3345 1.1869159275
3347 1.18688943114
3349 1.18688919968
3356 1.18671749225
3358 1.18671747179
3360 1.18669156708
3362 1.1866768642
3388 1.17884092386
3390 1.17883224227
3416 1.17161981002
3418 1.17161518602
3420 1.17159336917
3446 1.16232816454
3448 1.16230668652
3474 1.15483632247
3476 1.15481655224
3478 1.15480409247
3480 1.1547936955
3482 1.15478079422
3484 1.15477441069
3486 1.15476666325
3488 1.15476533861
3507 1.15407004488
3509 1.15407004364
3511 1.15404539698
3513 1.15404529512
3515 1.15404252872
3541 1.14615132579
3543 1.14614795322
3569 1.14090860747
3571 1.14090613925
3573 1.14090603912
3575 1.14090064672
3577 1.14089972101
3579 1.14089602753
3581 1.14089364297
3583 1.14087645605
3609 1.13923412431
3611 1.13921189932
3637 1.13765009513
3639 1.13762675782
3641 1.13762510879
3643 1.13760079102
3645 1.13759671286
3647 1.13757401863
3649 1.13757018398
3651 1.13756991386
3653 1.13754941406
3655 1.13754849272
3657 1.13753174553
3659 1.13753094071
3685 1.13553251226
3687 1.13550799978
3713 1.13325203658
3715 1.1332273232
3741 1.1308414095
3767 1.12471050533
3769 1.12469991429
3795 1.11946661341
3797 1.11945949499
3823 1.11505744041
3825 1.11505674772
3827 1.1150462099
3829 1.11504620869
3831 1.11503694809
3833 1.11503693896
3835 1.11502741
3837 1.11501131815
3839 1.11500430466
3841 1.1149929769
3843 1.11498743127
3845 1.11497839861
3847 1.11497670429
3849 1.11496231148
3851 1.11496117715
3853 1.11494797659
3879 1.10979044384
3905 1.10473278153
3931 1.09981374583
3957 1.09672776409
3959 1.09672281231
3985 1.09304355533
3987 1.0930419581
4013 1.08929706939
4015 1.08929434218
4041 1.08429878823
4043 1.08429262601
4069 1.08075511051
4071 1.08074527147
4073 1.08073609078
4075 1.08073158271
4077 1.08071863353
4079 1.08071315811
4081 1.08069680291
4083 1.08069598426
4109 1.07863526945
4111 1.07863523416
4137 1.07740650925
4139 1.07740585462
4141 1.07738991487
4143 1.07738709227
4145 1.07736426713
4147 1.07736424306
4149 1.07734269338
4151 1.07733560073
4153 1.07732363951
4155 1.07730976827
4157 1.07730274489
4159 1.07728987067
4161 1.07726966164
4163 1.07726941462
4165 1.07724523227
4167 1.07724521155
4169 1.07722151265
4171 1.07721133962
4197 1.07125302659
4199 1.07124832466
4225 1.06582802222
4227 1.06582645189
4229 1.06580779491
4255 1.05978297867
4257 1.05976586191
4283 1.05498501451
4285 1.05497051197
4287 1.05496194483
4289 1.05495548082
4291 1.05494741466
4293 1.05494371204
4295 1.05494009236
4297 1.05493924794
4299 1.05491531965
4301 1.05491530323
4303 1.0548924875
4305 1.05489229209
4307 1.05489140843
4333 1.05144624838
4335 1.05144501877
4361 1.04918982167
4363 1.04918907969
4365 1.04918896373
4367 1.04918510023
4369 1.04918476072
4371 1.04918222239
4373 1.04918038253
4375 1.04916628668
4401 1.04744185671
4403 1.04742236944
4429 1.04578202903
4431 1.04576077422
4433 1.04576044093
4435 1.04573914144
4437 1.04573740236
4439 1.0457175348
4441 1.04571593509
4443 1.04571593402
4445 1.0457005845
4447 1.04570025667
4449 1.04568906021
4451 1.04568871129
4477 1.04374646714
4479 1.04372300565
4505 1.04145122102
4507 1.0414291356
4533 1.03902589141
4559 1.03566333095
4561 1.03565621737
4587 1.03261125783
4589 1.03260761806
4615 1.03006433832
4617 1.03006395465
4619 1.03005590038
4621 1.03005586728
4623 1.03004878368
4625 1.03004874483
4627 1.03004356531
4629 1.03003278831
4631 1.03002912292
4633 1.03002179987
4635 1.03001892764
4637 1.03001289051
4639 1.03001254026
4641 1.03000178674
4643 1.03000171121
4645 1.02999179705
4671 1.02524907957
4697 1.02070850875
4723 1.01639351349
4749 1.01348030628
4751 1.01347768111
4777 1.00998392805
4779 1.00998375527
4805 1.00647284991
4807 1.00647184572
4833 1.00380859364
4835 1.00380461967
4861 1.00195293579
4863 1.00194520945
4865 1.00193827105
4867 1.00193376073
4869 1.00192330896
4871 1.00191781935
4873 1.0019041569
4875 1.00190334361
4890 1.00147892741
4892 1.00147888574
4894 1.00145243542
4896 1.00145178312
4898 1.0014375286
4900 1.00143555492
4902 1.00141466658
4904 1.00141465909
4906 1.0013949486
4908 1.00138992473
4910 1.00138154881
4912 1.00137050123
4914 1.00136594561
4916 1.00135567387
4918 1.00133740863
4920 1.00133715825
4922 1.00131504748
4924 1.00131502639
4926 1.00129333963
4928 1.0012860769
4954 0.996925479483
4956 0.996923067957
4982 0.992971885769
4984 0.992971604251
4986 0.992955215716
5012 0.98918650707
5014 0.989172926774
5040 0.986200537406
5042 0.986190325612
5044 0.986184301563
5046 0.986180247183
5048 0.98617521568
5050 0.986173092704
5052 0.986171656018
5054 0.986170967825
5056 0.986148854919
5058 0.986148816566
5060 0.986127741005
5062 0.986127497405
5064 0.986127227946
5090 0.984658308557
5092 0.984657849137
5118 0.983701866804
5120 0.983701675533
5122 0.983701177409
5124 0.983698399965
5126 0.983698257398
5128 0.983696522425
5130 0.983694931136
5132 0.983683351299
5158 0.981890920082
5160 0.981873736165
5186 0.980169299568
5188 0.980149838596
5190 0.98014981659
5192 0.980131140695
5194 0.98013040832
5196 0.980112995348
5198 0.980112395154
5200 0.980112351216
5202 0.980101193116
5204 0.980101048897
5206 0.980094234632
5208 0.98009404297
5234 0.978268392353
5236 0.978246280768
5262 0.976027922105
5264 0.976009132897
5290 0.973660244724
5316 0.971935009861
5318 0.971930115471
5344 0.970208982614
5346 0.970207338745
5372 0.968764831677
5374 0.968764529039
5376 0.968758369058
5378 0.968758316197
5380 0.968752894305
5382 0.968752841121
5384 0.968750000101
5386 0.968742753193
5388 0.968740847617
5390 0.968736134015
5392 0.968734659679
5394 0.968730662574
5396 0.968730656369
5398 0.968722537068
5400 0.968722414463
5402 0.968714887502
5428 0.964645780119
5454 0.960831359366
5480 0.957277903113
5506 0.954669409304
5508 0.954668206195
5534 0.951499997661
5536 0.951499860986
5562 0.948350109721
5564 0.948349853523
5590 0.946950677937
5592 0.946948094816
5618 0.945992084598
5620 0.945985901494
5622 0.945980721067
5624 0.945976208013
5626 0.945967850743
5628 0.945962347018
5630 0.945951038497
5632 0.945950182892
5634 0.945924902076
5636 0.945924869733
5638 0.945899552984
5640 0.945898931851
5642 0.945885871381
5644 0.945884419696
5646 0.945864955481
5648 0.945864885797
5650 0.945846545299
5652 0.945843043504
5654 0.945837139132
5656 0.945828305989
5658 0.945825383616
5660 0.945817155871
5662 0.945800653664
5664 0.945800399166
5666 0.945780177796
5668 0.945780156224
5670 0.945760306194
5672 0.945754902887
5698 0.942654328033
5700 0.942653172471
5726 0.939834558037
5728 0.939834556286
5730 0.939819919936
5756 0.937518759282
5758 0.937508020879
5784 0.935690245252
5786 0.935683326987
5788 0.935678964321
5790 0.93567639291
5792 0.93567323892
5794 0.935672040226
5796 0.935671624428
5798 0.935670995668
5800 0.9356506096
5802 0.935650559546
5804 0.935631136965
5806 0.93563087149
5808 0.935630793796
5815 0.935463042836
5817 0.935462821164
5819 0.935436424202
5821 0.935436349958
5823 0.935435523032
5825 0.935433531252
5827 0.935433480403
5829 0.935432311391
5831 0.935431011979
5833 0.935421471139
5859 0.933578079649
5861 0.933562841379
5887 0.931811465267
5889 0.931793572689
5891 0.931793563187
5893 0.93177716943
5895 0.931776867783
5897 0.931761588179
5899 0.931761413397
5901 0.931761305156
5903 0.931753467286
5905 0.931753386497
5907 0.93174980089
5909 0.931749670268
5935 0.930094474126
5937 0.930073878003
5963 0.927974248672
5965 0.927958771787
5991 0.925730533696
6017 0.924890365285
6019 0.924886894133
6045 0.923919404338
6047 0.923918782709
6073 0.923098583707
6075 0.923098306223
6077 0.923093592831
6079 0.923093532262
6081 0.923089380151
6083 0.923089321483
6085 0.923087744353
6087 0.923082848159
6089 0.923081864768
6091 0.923078847943
6093 0.923078100735
6095 0.923075491914
6097 0.923075431915
6099 0.923069239015
6101 0.923068585177
6103 0.923062810491
6129 0.919774063725
6155 0.916744273106
6181 0.913966947412
6207 0.911745051124
6209 0.911744614652
6235 0.908987911737
6237 0.908986753889
6263 0.906268226391
6265 0.90626821083
6283 0.905763515052
6285 0.90576187023
6287 0.905737155521
6289 0.905732337441
6291 0.905728625084
6293 0.905724109178
6295 0.905717567553
6297 0.905712050546
6299 0.905702887159
6301 0.905702013025
6303 0.905677829868
6305 0.905677800982
6307 0.905653566833
6309 0.905652959877
6311 0.905640995952
6313 0.905639870825
6315 0.905621728296
6317 0.905621573691
6319 0.90560450492
6321 0.905602113322
6323 0.905597918854
6325 0.905590826507
6327 0.905588978578
6329 0.905582360017
6331 0.9055674569
6333 0.905567197682
6335 0.905548700178
6337 0.905548678042
6339 0.905530505129
6341 0.905526287333
6367 0.903368703502
6369 0.903368198957
6395 0.901387013345
6397 0.901386774381
6399 0.901373578026
6425 0.899989123574
6427 0.899980649709
6453 0.898878334819
6455 0.898873830895
6457 0.898870562146
6459 0.89886891024
6461 0.898866910822
6463 0.898866248896
6465 0.898866203243
6467 0.898865597638
6469 0.898846917047
6471 0.898846861805
6473 0.898829070514
6475 0.898828795468
6477 0.898828774419
6479 0.898802838211
6481 0.898802711765
6483 0.89877717341
6485 0.898777143565
6487 0.898776135308
6489 0.898774697152
6491 0.898774675869
6493 0.898773893004
6495 0.89877273871
6497 0.898764842158
6523 0.896889882252
6525 0.896876294399
6551 0.89509720624
6553 0.89508070712
6555 0.895080657575
6557 0.895066250039
6559 0.895066130547
6561 0.895052706443
6563 0.895052684184
6565 0.89505253455
6567 0.895047239676
6569 0.895047183411
6571 0.895045729056
6573 0.895045624765
6599 0.893600084874
6601 0.893581054171
6627 0.891652773181
6629 0.891640322885
6655 0.889585153765
6657 0.889568167012
6659 0.889565692278
6663 0.889484384741
6665 0.889484124613
6672 0.889319634581
6674 0.889319369836
6676 0.88931576204
6678 0.88931569715
6680 0.88931251609
6682 0.889312454322
6684 0.88931156491
6686 0.889308238515
6688 0.889307736255
6690 0.889305819542
6692 0.889305447699
6694 0.889303781687
6696 0.889303613115
6698 0.889298845443
6700 0.889297590065
6702 0.889293116859
6728 0.886760860928
6754 0.884459491478
6780 0.882376039606
6806 0.880567962552
6808 0.880567866304
6834 0.878252498464
6836 0.878249625787
6862 0.875978023877
6864 0.875977996879
6866 0.875951881466
6868 0.875950858319
6870 0.875926761592
6872 0.875922960207
6874 0.875920428766
6876 0.875915909413
6878 0.875910905266
6880 0.875905375013
6882 0.875897956246
6884 0.875897077868
6886 0.875873943087
6888 0.875873915617
6890 0.875850715901
6892 0.875850116652
6894 0.875839160751
6896 0.875838244758
6898 0.875821329802
6900 0.875821092257
6902 0.875805204613
6904 0.875803613733
6906 0.875800607115
6908 0.875794886602
6910 0.875793739898
6912 0.875788391345
6914 0.875774938541
6916 0.875774674153
6918 0.87575775001
6920 0.875757727231
6922 0.875741086126
6924 0.875737622712
6950 0.874260475054
6952 0.874260284187
6978 0.872881030466
6980 0.872880336053
6982 0.872868373125
7008 0.872043029536
7010 0.872036347553
7020 0.871785869638
7022 0.87178310181
7024 0.871780520026
7026 0.871779446737
7028 0.871778129083
7030 0.871777777164
7032 0.871777772247
7034 0.871777175472
7036 0.871760066644
7038 0.871760009311
7040 0.871743720731
7042 0.871743441503
7044 0.871743438135
7046 0.871718345868
7048 0.871718268063
7050 0.87169355928
7052 0.871693547953
7054 0.871692457158
7056 0.871691409162
7058 0.871691397406
7060 0.871690876246
7062 0.871689792309
7064 0.871683214603
7090 0.869797622606
7092 0.86978544098
7118 0.867999100706
7120 0.86798385995
7122 0.867983788031
7124 0.867971110159
7126 0.867971065991
7128 0.86795925685
7130 0.867959253057
7132 0.867959081739
7134 0.867955657549
7136 0.867955611682
7138 0.867955299554
7140 0.867955207751
7166 0.866747536354
7168 0.866730734505
7194 0.865018204195
7196 0.865008199933
7222 0.863170051468
7224 0.863154326215
7226 0.863152566147
7228 0.86312681365
7230 0.86312673044
7232 0.863099915134
7234 0.86309965444
7236 0.86309689216
7238 0.863096825806
7240 0.863094387828
7242 0.863094324919
7244 0.863093813007
7246 0.863091538319
7248 0.863091285522
7250 0.863090079297
7252 0.863089899114
7254 0.863088869312
7256 0.86308865863
7258 0.863084957381
7260 0.863083225795
7262 0.8630797304
7288 0.861201689369
7314 0.859512193972
7340 0.857996847581
7366 0.856584584547
7368 0.856584582132
7394 0.854695286907
7396 0.854690378812
7422 0.852840653927
7424 0.852840503883
7426 0.852815008908
7428 0.852814359748
7430 0.852790866717
7432 0.852787758853
7434 0.852786071897
7436 0.852781547525
7438 0.852777715755
7440 0.852772171566
7442 0.852766124932
7444 0.852765248028
7446 0.852743114926
7448 0.852743088117
7450 0.852720877209
7452 0.852720283197
7454 0.852710254572
7456 0.852709475286
7458 0.852693701174
7460 0.852693391926
7462 0.852678601697
7464 0.852677579814
7466 0.852675402257
7468 0.852670765613
7470 0.852670071726
7472 0.852665728108
7474 0.85265359051
7476 0.852653320627
7478 0.852637832858
7480 0.852637809371
7482 0.852622567664
7484 0.852619581062
7510 0.851623171516
7512 0.851623115962
7538 0.85067037258
7540 0.850669173028
7542 0.85065841956
7544 0.850633004693
7546 0.85062796336
7548 0.850601469903
7550 0.850599883828
7552 0.850597713055
7554 0.850597008508
7556 0.850595971013
7558 0.850595795299
7560 0.850595757345
7562 0.850595163662
7564 0.850579493954
7566 0.850579435877
7568 0.850564522694
7570 0.850564241608
7572 0.850564241608
7574 0.850539965091
7576 0.850539913144
7578 0.850516006355
7580 0.850516002478
7582 0.850514880019
7584 0.850514108122
7586 0.850514099932
7588 0.850513755446
7590 0.850512709338
7592 0.850507183457
7618 0.848632524656
7620 0.848621547102
7646 0.846848728041
7648 0.8468346417
7650 0.846834573296
7652 0.846823402952
7654 0.846823388605
7656 0.846812986405
7658 0.846812931908
7660 0.846812750617
7662 0.846810637862
7664 0.846810596728
7666 0.846810595388
7668 0.846810510193
7694 0.845838645122
7696 0.845823743944
7722 0.844339689402
7724 0.844331786651
7750 0.842722608004
7752 0.842706948121
7754 0.842705663845
7756 0.842679967177
7758 0.842679954084
7760 0.842653197682
7762 0.84265293793
7764 0.842650822572
7766 0.842650755855
7768 0.842648886795
7770 0.842648823515
7772 0.842648521148
7774 0.84264695368
7776 0.842646829087
7778 0.842646079338
7780 0.842645995442
7782 0.842645389022
7784 0.842645204524
7786 0.842642309056
7788 0.842640274776
7790 0.842637521362
7816 0.841283001287
7842 0.840073445444
7868 0.838995907074
7894 0.837932400504
7896 0.837932384731
7922 0.836425223041
7924 0.83641827868
7950 0.834941360718
7952 0.834941051003
7954 0.834916165098
7956 0.834915744385
7958 0.834892840953
7960 0.834890217142
7962 0.834889126201
7964 0.834884595418
7966 0.834881658162
7968 0.834876099416
7970 0.83487113598
7972 0.834870262851
7974 0.834849086984
7976 0.834849060545
7978 0.834827795016
7980 0.834827205313
7982 0.834818029979
7984 0.834817341545
7986 0.83480262808
7988 0.834802260499
7990 0.834788490128
7992 0.834787864518
7994 0.834786268695
7996 0.834782490719
7998 0.834782085056
8000 0.834778538802
8002 0.834767593604
8004 0.834767318001
8006 0.834753141746
8008 0.834753117497
8010 0.834739154383
8012 0.834736463577
8019 0.834571857832
8021 0.834571834796
8045 0.833900227985
8047 0.83389872853
8049 0.833889322172
8051 0.833864268122
8053 0.833860174252
8055 0.833834053683
8057 0.833833064514
8059 0.833831217738
8061 0.833830744985
8063 0.833829921326
8065 0.83382984031
8067 0.833829748975
8069 0.833829156134
8071 0.833814804136
8073 0.833814745875
8075 0.833801091683
8077 0.833800809737
8079 0.833800808277
8081 0.833777320505
8083 0.833777282888
8085 0.833754151671
8087 0.833754150592
8089 0.833753021021
8091 0.833752445468
8093 0.83375243881
8095 0.833752213057
8097 0.833751190209
8099 0.833746498174
8125 0.831903961857
8127 0.831894020764
8153 0.830154836924
8155 0.830141824571
8157 0.830141775807
8159 0.830131920744
8161 0.830131917199
8163 0.830122742082
8165 0.830122598684
8167 0.830122413581
8169 0.830121174027
8171 0.830121135204
8173 0.830120807969
8175 0.830120726833
8201 0.82936591888
8203 0.829352617624
8229 0.828091892273
8231 0.828085758873
8257 0.826700246424
8259 0.826684668124
8261 0.826683699519
8263 0.826658077254
8265 0.826658076819
8267 0.826631399176
8269 0.826631139461
8271 0.826629519263
8273 0.826629452527
8275 0.826628019224
8277 0.826627955833
8279 0.826627771425
8281 0.826626681565
8283 0.826626622021
8285 0.82662616354
8287 0.826626126839
8289 0.826625795125
8291 0.826625669746
8293 0.826623387961
8295 0.826621201747
8297 0.826619015948
8323 0.825661601603
8349 0.824811106138
8375 0.824057144352
8401 0.823282285207
8403 0.823282235513
8429 0.822100038328
8431 0.822091278752
8457 0.820928498454
8459 0.820928028807
8461 0.820903740247
8463 0.820903461393
8465 0.820881133681
8467 0.820878855158
8469 0.820878177613
8471 0.820873639191
8473 0.820871384885
8475 0.820865811027
8477 0.820861706074
8479 0.820860837675
8481 0.820840576729
8483 0.820840550548
8485 0.82082018904
8487 0.820819603323
8489 0.820811213336
8491 0.820810585994
8493 0.820796858929
8495 0.820796445504
8497 0.820783623094
8499 0.820783265747
8501 0.820782080577
8503 0.820778984819
8505 0.82077875897
8507 0.820775847232
8509 0.820765982771
8511 0.820765701312
8513 0.820752722703
8515 0.820752697616
8517 0.820739902827
8519 0.820737380712
8521 0.820715319322
8523 0.820715308346
8525 0.820688869007
8527 0.820687289806
8529 0.820678853978
8531 0.820654283118
8533 0.820650816982
8535 0.820625191997
8537 0.820624488742
8539 0.820622898874
8541 0.82062257354
8543 0.820621913776
8545 0.820621881162
8547 0.820621725347
8549 0.820621132518
8551 0.820607987079
8553 0.820607928862
8555 0.820595427171
8557 0.820595144811
8559 0.820595140757
8561 0.820572415791
8563 0.820572386438
8565 0.820550005386
8567 0.820550005212
8569 0.820548880048
8571 0.820548444952
8573 0.820548439043
8575 0.82054829267
8577 0.820547286471
8579 0.820543251299
8605 0.818752689972
8607 0.818743646242
8633 0.817056656076
8635 0.817044654466
8637 0.817044629442
8639 0.817035923408
8641 0.817035923023
8643 0.817027819565
8645 0.817027564439
8647 0.817027378561
8649 0.817026688457
8651 0.817026650886
8653 0.817025563138
8655 0.817025484973
8657 0.817002529462
8659 0.816991030832
8685 0.81588302917
8687 0.815878285648
8713 0.814651594975
8715 0.814636213399
8717 0.814635457493
8719 0.814610049677
8721 0.814610033766
8723 0.814583574156
8725 0.814583314265
8727 0.814582073173
8729 0.814582006518
8731 0.814580907096
8733 0.814580843684
8735 0.814580726822
8737 0.814579961107
8739 0.814579933948
8741 0.814579659617
8743 0.814579645155
8745 0.814579484113
8747 0.81457941867
8749 0.814577607199
8751 0.814575376229
8753 0.814573627478
8757 0.814492428282
8759 0.814465594819
8761 0.814438893228
8763 0.814416715024
8765 0.814416710261
8791 0.813436038491
8793 0.813427208202
8819 0.812459741913
8821 0.812459121596
8823 0.812435418037
8825 0.812435231992
8827 0.812413466011
8829 0.812411448299
8831 0.812411050718
8833 0.812406503519
8835 0.812404770995
8837 0.812399181465
8839 0.812395759703
8841 0.81239489645
8843 0.812375509902
8845 0.812375483936
8847 0.812355986829
8849 0.812355405001
8851 0.812347737772
8853 0.812347151773
8855 0.812334342158
8857 0.812333893445
8859 0.812321952177
8861 0.812321768905
8863 0.812320875569
8865 0.81231832347
8867 0.812318206573
8869 0.812315801304
8871 0.812306916025
8873 0.812306628771
8875 0.812294743874
8877 0.812294717932
8879 0.812282990746
8881 0.812280558419
8883 0.812258858824
8885 0.812258852881
8887 0.812232796165
8889 0.812231149951
8891 0.812223561408
8893 0.81219946395
8895 0.812196530259
8897 0.812171390823
8899 0.812170908199
8901 0.812169523234
8903 0.812169292909
8905 0.81216875936
8907 0.812168749335
8909 0.812168524227
8911 0.812167931155
8913 0.812155890434
8915 0.812155832349
8917 0.812144385649
8919 0.812144103084
8921 0.812144096601
8923 0.812122109327
8925 0.812122084915
8927 0.812100429407
8929 0.812100429407
8931 0.812099313973
8933 0.812098980053
8935 0.812098974565
8937 0.812098880945
8939 0.812097888372
8941 0.81209436709
8967 0.810373449864
8969 0.810365187924
8995 0.808746637718
8997 0.80873559545
8999 0.808735588748
9001 0.80872788799
9003 0.808727887949
9005 0.808720721842
9007 0.808720340401
9009 0.808720153206
9011 0.808719555928
9013 0.808719519627
9015 0.808717958105
9017 0.808717882782
9019 0.808699144604
9021 0.808689132085
9047 0.807724432477
9049 0.807720794666
9075 0.806642766293
9077 0.806627590695
9079 0.806626980415
9081 0.806601798736
9083 0.806601755385
9085 0.806575526096
9087 0.806575266019
9089 0.806574315249
9091 0.806574248696
9093 0.806573405172
9095 0.806573341777
9097 0.806573264379
9099 0.806572719886
9101 0.806572708387
9103 0.806572549043
9105 0.80657254436
9107 0.806572488571
9109 0.806572425371
9111 0.806571009114
9113 0.806568772512
9115 0.806567392852
9117 0.806540827511
9119 0.806514367852
9121 0.806488044113
9123 0.806470988184
9125 0.806470981522
9151 0.805663088175
9153 0.805654251756
9179 0.804853738734
9181 0.804852990244
9183 0.804829859649
9185 0.804829732169
9187 0.804808514538
9189 0.804806687807
9191 0.804806473434
9193 0.804801916517
9195 0.804800582975
9197 0.804794977356
9199 0.804792101702
9201 0.804791243813
9203 0.804772693329
9205 0.80477266756
9207 0.804753997364
9209 0.804753419429
9211 0.80474641742
9213 0.804745859417
9215 0.804733903494
9217 0.80473342797
9219 0.804722306008
9221 0.804722228145
9223 0.804721543761
9225 0.804719426341
9227 0.804719372555
9229 0.804717372906
9231 0.804709374662
9233 0.804709081676
9235 0.804698195894
9237 0.804698169087
9239 0.804687417758
9241 0.804685057552
9243 0.804663711495
9245 0.804663708533
9247 0.804638027155
9249 0.804636324892
9251 0.804629477268
9253 0.804605844094
9255 0.804603361988
9257 0.804578698727
9259 0.804578382943
9261 0.804577162338
9263 0.804576994151
9265 0.80457655827
9267 0.804576556836
9269 0.804576261803
9271 0.804575668472
9273 0.804564639394
9275 0.804564581473
9277 0.804554100679
9279 0.804553818025
9281 0.804553809636
9283 0.804532536151
9285 0.804532514783
9287 0.804511561358
9289 0.804511561281
9291 0.804510458012
9293 0.804510197571
9295 0.804510192362
9297 0.804510133543
9299 0.804509153231
9301 0.804506030961
9327 0.802869639026
9329 0.802862062938
9355 0.801325380804
9357 0.801315254252
9359 0.801315254246
9361 0.801308434568
9363 0.801308434055
9365 0.801302089315
9367 0.80130157201
9369 0.801301385142
9371 0.801300852095
9373 0.801300816487
9375 0.801298762891
9377 0.801298689758
9379 0.801283694925
9381 0.80127491626
9407 0.800441972783
9409 0.800439212137
9435 0.799497834877
9437 0.799482875883
9439 0.799482366805
9441 0.79945742505
9443 0.799457350892
9445 0.799431366235
9447 0.799431106025
9449 0.799430377629
9451 0.79943031118
9453 0.799429663846
9455 0.799429600484
9457 0.799429546672
9459 0.799429154174
9461 0.799429149893
9463 0.799429061117
9465 0.79942906017
9467 0.79942905092
9469 0.799428989782
9471 0.799427870948
9473 0.799425632294
9475 0.799424531988
9477 0.799398336284
9479 0.799372245717
9481 0.799346295083
9483 0.799333421324
9485 0.799333369313
9487 0.799306700219
9489 0.799298756485
9511 0.798710238287
9513 0.798709375162
9515 0.798686805225
9517 0.798686717928
9519 0.798666035342
9521 0.798664360868
9523 0.798664260183
9525 0.798659692694
9527 0.798658664495
9529 0.798653042387
9531 0.798650605234
9533 0.798649752842
9535 0.798632001756
9537 0.798631976179
9539 0.79861409702
9541 0.798613523011
9543 0.798607133121
9545 0.798606593956
9547 0.798595432477
9549 0.79859493674
9551 0.798584576608
9553 0.79858455468
9555 0.798584021107
9557 0.798582252406
9559 0.798582232474
9561 0.798580558791
9563 0.798573363806
9565 0.798573065156
9567 0.798563092146
9569 0.798563064466
9571 0.798553205197
9573 0.798550903058
9575 0.798529902641
9577 0.798529901354
9579 0.798504588261
9581 0.798502839274
9583 0.798496640539
9585 0.798473462723
9587 0.798471363546
9589 0.798447167256
9591 0.798446974147
9593 0.798445886093
9595 0.798445759189
9597 0.798445399266
9599 0.79844539916
9601 0.798445036251
9603 0.798444442731
9605 0.798434340035
9607 0.798434282287
9609 0.798424685821
9611 0.798424403149
9613 0.798424393384
9615 0.798403810539
9617 0.798403791091
9619 0.798383517013
9621 0.798383516792
9623 0.798382426784
9625 0.7983822202
9627 0.798382215205
9629 0.798382179136
9631 0.798381210461
9633 0.798378395232
9659 0.796838185922
9661 0.796831215854
9687 0.795386678052
9689 0.795377427794
9691 0.79537741951
9693 0.795371373493
9695 0.795371372465
9697 0.795365748812
9699 0.795365089708
9701 0.795364903954
9703 0.795364412339
9705 0.795364377149
9707 0.795361835256
9709 0.795361764002
9711 0.795350014783
9713 0.795342267699
9734 0.794788365509
9736 0.794786291802
9762 0.793955823223
9764 0.793941116261
9766 0.793940678444
9768 0.793916022496
9770 0.793915918479
9772 0.793890224593
9774 0.793889964308
9776 0.793889406265
9778 0.793889339912
9780 0.793888843023
9782 0.793888779705
9784 0.793888740334
9786 0.793888453033
9788 0.793888451802
9790 0.793888405274
9792 0.793888405262
9794 0.793888404769
9796 0.793888345592
9798 0.793887451139
9800 0.793885210365
9802 0.793884322088
9804 0.793858491264
9806 0.793832765023
9808 0.793807182689
9810 0.793795843851
9812 0.793795698698
9814 0.793771275406
9816 0.793764097575
9818 0.7937373786
9820 0.793736417547
9822 0.793714396054
9824 0.793714335767
9826 0.793694175238
9828 0.793692620437
9830 0.793692584089
9832 0.793688005268
9834 0.793687210972
9836 0.793681572009
9838 0.793679488611
9840 0.793678641814
9842 0.793661655118
9844 0.793661629731
9846 0.793644507345
9848 0.793643937309
9850 0.793638110531
9852 0.793637583845
9854 0.793627161778
9856 0.793626650864
9858 0.79361699917
9860 0.793616998079
9862 0.793616574291
9864 0.793615086347
9866 0.793615081953
9868 0.793613671172
9870 0.793607203325
9872 0.793606899088
9874 0.793597760069
9876 0.793597731507
9878 0.7935886878
9880 0.793586432499
9882 0.793565770221
9884 0.793565769792
9886 0.793540818225
9888 0.793539030396
9890 0.79353340085
9892 0.793510669721
9894 0.793508895186
9896 0.793485156913
9898 0.793485050377
9900 0.79348406978
9902 0.793483970757
9904 0.793483670218
9906 0.793483667951
9908 0.793483240857
9910 0.793482647245
9912 0.793473392869
9914 0.793473335295
9916 0.793464548481
9918 0.793464265847
9920 0.793464255139
9922 0.793444340577
9924 0.793444322365
9926 0.793424705665
9928 0.793424705305
9930 0.793423629036
9932 0.793423462334
9934 0.793423457524
9936 0.793423436141
9938 0.793422478822
9940 0.793419897285
9966 0.791984151486
9968 0.791977720938
9994 0.790632385165
9996 0.790623973504
9998 0.790623940796
10000 0.790618575443
10002 0.790618574114
10004 0.790613584759
10006 0.790612780907
10008 0.790612596077
10010 0.790612119887
10012 0.790612085169
10014 0.790609192196
10016 0.790609122817
10018 0.790599830442
10020 0.790593002959
10022 0.790568296212
10024 0.790566746596
10050 0.789799317842
10052 0.789784942608
10054 0.789784555514
10056 0.789760288983
10058 0.78976015799
10060 0.789734858282
10062 0.789734597979
10064 0.789734170448
10066 0.789734104186
10068 0.789733722688
10070 0.789733659424
10072 0.789733629118
10074 0.789733415217
10076 0.789733415045
10078 0.789733392884
10080 0.789733392616
10082 0.789733377679
10084 0.789733320376
10086 0.789732596243
10088 0.789730353302
10090 0.789729627002
10092 0.789704156353
10094 0.789678789726
10096 0.789653570943
10098 0.789642375728
10100 0.789642092497
10102 0.78961789129
10104 0.789611431039
10106 0.78958497093
10108 0.789583933534
10110 0.78956244835
10112 0.789562405298
10114 0.789542754105
10116 0.789541288913
10118 0.789541282418
10120 0.78953669159
10122 0.789536076667
10124 0.789530420521
10126 0.78952862389
10128 0.78952778277
10130 0.789511527037
10132 0.789511501839
10134 0.789495103499
10136 0.789494537482
10138 0.789489228568
10140 0.789488709915
10142 0.789478976133
10144 0.789478453844
10146 0.789469460985
10148 0.789469456354
10150 0.789469113205
10152 0.789467852147
10154 0.789467852127
10156 0.789466654189
10158 0.789460844327
10160 0.789460534581
10162 0.789452157676
10164 0.789452128225
10166 0.789443830239
10168 0.789441612776
10170 0.789421281498
10172 0.78942128143
10174 0.789396684905
10176 0.789394864856
10178 0.789389735392
10180 0.789367442514
10182 0.789365943149
10184 0.789342654171
10186 0.789342604851
10188 0.789341711798
10190 0.789341631914
10192 0.789341378054
10194 0.789341372202
10196 0.78934088552
10198 0.789340291921
10200 0.7893318144
10202 0.789331756997
10204 0.789323711485
10206 0.789323428935
10208 0.789323417612
10210 0.789304149736
10212 0.789304132331
10214 0.78928515178
10216 0.789285151302
10218 0.789284088966
10220 0.789283952131
10222 0.789283947491
10224 0.789283935427
10226 0.789282989336
10228 0.789280583217
10254 0.787954272277
10256 0.787948325728
10282 0.786706162102
10284 0.786698551309
10286 0.786698478392
10288 0.786693713048
10290 0.78669371167
10292 0.786689281365
10294 0.786688332464
10296 0.786688147355
10298 0.786687651919
10300 0.786687618047
10302 0.78668475824
10304 0.786684690953
10306 0.786676662201
10308 0.786670757009
10310 0.786648139104
10312 0.786646997319
10330 0.786177757709
10332 0.78616374719
10334 0.786163396537
10336 0.786139564313
10338 0.78613940987
10340 0.78611455035
10342 0.786114290077
10344 0.786113962542
10346 0.786113896364
10348 0.786113603391
10350 0.786113540186
10352 0.786113515708
10354 0.786113353483
10356 0.786113353475
10358 0.786113344535
10360 0.78611334359
10362 0.78611330085
10364 0.786113245346
10366 0.786112651337
10368 0.786110406205
10370 0.786109804482
10372 0.78608468942
10374 0.786059677815
10376 0.786034817951
10378 0.786023768412
10380 0.786023327939
10382 0.785999348568
10384 0.785993478572
10386 0.785967275439
10388 0.785966179687
10390 0.785945218763
10392 0.785945186916
10394 0.785926032611
10396 0.785924635393
10398 0.785924635168
10400 0.785920031734
10402 0.785919554531
10404 0.785913880903
10406 0.785912317887
10408 0.78591148252
10410 0.785895925831
10412 0.785895900823
10414 0.785880195266
10416 0.785879633316
10418 0.78587480048
10420 0.78587428674
10422 0.785865193728
10424 0.78586466291
10426 0.785856282796
10428 0.785856258197
10430 0.785855974824
10432 0.785854897826
10434 0.785854895658
10436 0.78585387071
10438 0.785848656024
10440 0.785848340848
10442 0.785840660464
10444 0.785840630119
10446 0.78583301409
10448 0.785830827228
10450 0.785810820141
10452 0.785810820137
10454 0.785786572417
10456 0.785784725693
10458 0.785780036308
10460 0.785758173459
10462 0.785756907269
10464 0.785734059082
10466 0.785734043254
10468 0.785733221845
10470 0.785733155311
10472 0.785732938345
10474 0.785732928565
10476 0.785732387307
10478 0.785731793824
10480 0.785724027726
10482 0.785723970492
10484 0.785716603711
10486 0.785716321288
10488 0.785716309585
10490 0.785697667521
10492 0.78569765065
10494 0.785679285723
10496 0.785679285148
10498 0.785678236808
10500 0.785678122609
10502 0.785678118131
10504 0.785678111823
10506 0.785677176904
10508 0.785674900112
10534 0.784459936454
10536 0.784454427379
10562 0.783316606849
10564 0.783309758059
10566 0.783309630545
10568 0.783305395138
10570 0.783305393916
10572 0.783301457299
10574 0.783300365452
10576 0.783300180332
10578 0.783299652761
10580 0.783299619602
10582 0.783296819866
10584 0.783296754477
10586 0.783289504789
10588 0.783284388223
10590 0.783263086166
10592 0.783262264934
10594 0.783235489516
10596 0.783221899736
10598 0.783221575398
10600 0.783198253254
10602 0.783198078885
10604 0.783173737024
10606 0.783173476823
10608 0.783173225908
10610 0.783173159807
10612 0.783172934761
10614 0.783172871621
10616 0.783172850973
10618 0.783172725481
10620 0.783172725274
10622 0.783172722733
10624 0.78317272104
10626 0.783172643683
10628 0.783172589911
10630 0.783172095988
10632 0.783169848654
10634 0.783169343412
10636 0.783144579371
10638 0.783119918212
10640 0.783095412652
10642 0.783084510271
10644 0.783083904883
10646 0.783060146814
10648 0.783054764421
10650 0.783028816286
10652 0.783027676754
10654 0.783007228134
10656 0.783007203716
10658 0.782988534096
10660 0.782987189122
10662 0.782987179517
10664 0.782982562935
10666 0.782982191612
10668 0.782976500225
10670 0.782975128479
10672 0.782974298934
10674 0.782959410776
10676 0.782959385957
10678 0.782944343285
10680 0.782943785448
10682 0.782939390088
10684 0.782938879064
10686 0.782930382645
10688 0.782929845416
10690 0.782922035208
10692 0.782921980053
10694 0.782921741398
10696 0.782920814315
10698 0.782920806441
10700 0.782919922659
10702 0.782915246102
10704 0.782914925579
10706 0.782907881849
10708 0.782907850605
10710 0.7829008583
10712 0.782898696204
10714 0.782879006767
10716 0.782879006664
10718 0.782855101708
10720 0.782853232932
10722 0.782848931452
10724 0.78282749057
10726 0.782826421914
10728 0.782804006175
10730 0.782804004809
10732 0.782803242278
10734 0.782803185196
10736 0.782802997552
10738 0.782802984033
10740 0.782802393296
10742 0.782801800027
10744 0.782794685435
10746 0.782794628367
10748 0.782787883028
10750 0.782787600772
10752 0.782787588855
10754 0.782769552393
10756 0.782769535879
10758 0.782751766699
10760 0.782751766048
10762 0.782750731706
10764 0.782750634883
10766 0.782750630563
10768 0.782750627659
10770 0.782749703877
10772 0.782747520181
10798 0.781643138095
10800 0.781638027295
10826 0.780603314413
10828 0.780597187066
10830 0.780596992616
10832 0.780593226096
10834 0.780593225156
10836 0.780589725296
10838 0.780588494765
10840 0.780588309133
10842 0.780587727645
10844 0.780587695317
10846 0.78058499661
10848 0.780584933198
10850 0.780577775264
10852 0.780573344233
10854 0.780552185273
10856 0.78055161643
10858 0.780525014991
10860 0.780511834821
10862 0.780511529553
10864 0.780488706174
10866 0.780488515075
10868 0.780464679736
10870 0.780464419641
10872 0.780464227436
10874 0.780464161409
10876 0.780463988494
10878 0.780463925424
10880 0.780463907341
10882 0.780463808229
10884 0.780463807712
10886 0.780463807501
10888 0.780463805133
10890 0.780463690607
10892 0.780463638509
10894 0.780463222098
10896 0.780460972567
10898 0.780460542581
10900 0.780436125072
10902 0.780411809863
10904 0.780387654076
10906 0.780376899868
10908 0.780376129652
10910 0.780352592155
10912 0.780347614198
10914 0.78032191907
10916 0.780320747352
10918 0.780300799248
10920 0.780300779858
10922 0.780282583006
10924 0.780281278747
10926 0.780281249848
10928 0.780276619641
10930 0.780276329842
10932 0.780270620447
10934 0.780269406097
10936 0.780268582437
10938 0.780254333678
10940 0.780254309049
10942 0.78023990071
10944 0.780239347029
10946 0.780235353493
10948 0.780234843646
10950 0.780226902762
10952 0.780226360699
10954 0.780219080592
10956 0.780218988555
10958 0.780218783656
10960 0.780217979174
10962 0.780217963899
10964 0.780217195793
10966 0.780213005575
10968 0.78021267979
10970 0.780206218078
10972 0.780206185931
10974 0.780199764182
10976 0.78019762214
10978 0.780178244105
10980 0.780178243817
10982 0.780154675814
10984 0.780152788839
10986 0.780148829843
10988 0.780127803062
10990 0.780126901698
10992 0.780104910275
10994 0.780104908245
10996 0.78010419428
10998 0.780104143978
11000 0.780103979768
11002 0.780103962929
11004 0.78010332768
11006 0.780102734714
11008 0.780096216779
11010 0.780096159875
11012 0.780089983537
11014 0.780089701486
11016 0.78008968947
11018 0.780072239081
11020 0.780072222809
11022 0.780055030169
11024 0.780055029455
11026 0.78005400908
11028 0.780053925771
11030 0.780053921605
11032 0.78005392056
11034 0.780053007896
11036 0.780050889089
11062 0.779054106854
11064 0.77904936107
11090 0.778114565239
11092 0.778109116973
11094 0.77810884566
11096 0.778105494698
11098 0.778105494089
11100 0.778102381262
11102 0.77810101818
11104 0.778100833248
11106 0.778100199811
11108 0.77810016788
11110 0.778097559396
11112 0.77809749744
11114 0.778090431365
11116 0.778086574666
11118 0.778065558617
11120 0.778065178024
11122 0.778038749935
11124 0.77802596849
11126 0.778025677012
11128 0.778003341323
11130 0.778003136268
11132 0.777979796519
11134 0.777979536561
11136 0.77797938934
11138 0.777979323384
11140 0.777979190484
11142 0.777979127488
11144 0.77797911115
11146 0.777979031184
11148 0.777979030358
11150 0.777979030144
11152 0.777979027219
11154 0.777978875662
11156 0.777978825186
11158 0.777978469224
11160 0.777976217513
11162 0.777975846648
11164 0.777951771217
11166 0.777927797502
11168 0.777903986989
11170 0.77789338155
11172 0.777892451665
11174 0.777869133814
11176 0.777864492556
11178 0.777839048396
11180 0.777837853596
11182 0.77781839438
11184 0.777818378459
11186 0.77780064272
11188 0.777799370666
11190 0.777799316651
11192 0.777794672391
11194 0.777794445467
11196 0.777788717836
11198 0.777787633666
11200 0.777786815954
11202 0.777773178755
11204 0.777773154315
11206 0.777759353005
11208 0.777758803522
11210 0.777755178877
11212 0.777754669135
11214 0.777747245604
11216 0.777746699878
11218 0.777739912876
11220 0.777739780695
11222 0.777739601495
11224 0.777738897695
11226 0.777738874465
11228 0.777738201546
11230 0.777734450652
11232 0.777734119688
11234 0.777728190124
11236 0.777728157069
11238 0.777722257322
11240 0.777720131525
11242 0.77770105888
11244 0.777701058375
11246 0.77767782169
11248 0.777675919712
11250 0.777672263594
11252 0.777651643202
11254 0.77765088347
11256 0.777629308389
11258 0.777629293809
11260 0.777628620039
11262 0.777628574658
11264 0.777628429273
11266 0.777628409601
11268 0.777627734546
11270 0.777627141969
11272 0.777621170464
11274 0.777621113722
11276 0.777615458374
11278 0.777615176564
11280 0.77761516453
11282 0.777598281309
11284 0.777598265203
11286 0.777581630507
11288 0.777581629739
11290 0.777580623291
11292 0.777580550633
11294 0.777580546618
11296 0.777580546422
11298 0.777579644854
11300 0.777577569286
11326 0.776683672843
11328 0.776679263587
11354 0.775839695694
11356 0.775834882533
11358 0.775834526994
11360 0.775831544864
11362 0.77583154456
11364 0.775828775207
11366 0.77582728728
11368 0.775827103624
11370 0.775826420374
11372 0.77582638863
11374 0.775823860784
11376 0.775823800012
11378 0.775816825797
11380 0.775813451413
11382 0.775792578022
11384 0.775792335092
11386 0.77576607969
11388 0.77575368632
11390 0.775753404741
11392 0.775731545902
11394 0.775731329217
11396 0.77570847434
11398 0.775708214546
11400 0.775708101793
11402 0.775708035903
11404 0.775707933727
11406 0.775707870809
11408 0.775707855673
11410 0.775707789754
11412 0.775707788661
11414 0.775707787192
11416 0.775707783828
11418 0.775707597003
11420 0.775707548102
11422 0.775707239611
11424 0.775704985746
11426 0.775704661657
11428 0.775680923895
11430 0.775657287254
11432 0.775633817556
11434 0.77562336113
11436 0.775622279876
11438 0.775599180575
11440 0.775594820574
11442 0.775569625309
11444 0.775568414522
11446 0.775549432737
11448 0.77554941926
11450 0.775532133233
11452 0.775530887071
11454 0.775530805006
11456 0.775526146307
11458 0.775525967963
11460 0.775520221883
11462 0.775519245931
11464 0.775518434224
11466 0.775505381973
11468 0.775505357724
11470 0.775492137342
11472 0.775491592094
11474 0.775488305925
11476 0.775487795546
11478 0.775480853861
11480 0.775480305341
11482 0.775473977054
11484 0.775473803638
11486 0.775473644162
11488 0.77547302339
11490 0.77547299232
11492 0.775472398061
11494 0.775469043821
11496 0.775468707764
11498 0.77546326482
11500 0.775463230856
11502 0.77545780876
11504 0.775455696123
11506 0.775436923075
11508 0.775436922346
11510 0.775414011509
11512 0.775412097189
11514 0.775408709362
11516 0.775388487785
11518 0.775387847915
11520 0.775366681358
11522 0.775366645021
11524 0.775366004606
11526 0.775365962832
11528 0.775365832651
11530 0.77536581062
11532 0.77536510013
11534 0.77536450802
11536 0.775359036956
11538 0.775358980374
11540 0.775353802055
11542 0.775353520522
11544 0.775353508524
11546 0.775337174171
11548 0.775337158181
11550 0.775321063431
11552 0.775321062615
11554 0.77532007004
11556 0.775320005888
11558 0.775320002023
11560 0.77532000202
11562 0.775319111526
11564 0.775317062935
11590 0.774520078359
11592 0.774515980948
11618 0.77376588807
11620 0.77376166484
11622 0.773761220258
11624 0.773758565905
11626 0.773758565821
11628 0.77375610167
11630 0.773754497846
11632 0.773754315722
11634 0.773753584895
11636 0.773753553229
11638 0.773751097506
11640 0.77375103777
11642 0.773744155322
11644 0.773741186974
11646 0.773720455926
11648 0.773720310934
11650 0.773694227526
11652 0.773682211819
11654 0.773681937245
11656 0.773660544644
11658 0.773660318245
11660 0.773637937734
11662 0.773637678124
11664 0.77363759178
11666 0.773637525955
11668 0.773637447371
11670 0.773637384534
11672 0.773637370233
11674 0.773637314732
11676 0.773637313424
11678 0.773637310108
11680 0.77363730641
11682 0.773637086982
11684 0.773637039613
11686 0.773636768658
11688 0.773634512669
11690 0.773634225852
11692 0.773610821385
11694 0.773587517441
11696 0.773564384143
