26 5.25092155158
28 5.25091555083
35 5.25065826145
37 5.2506522585
39 5.25063426508
55 5.12614518871
67 5.00171327814
69 5.00170384545
71 5.0016992399
73 5.00169388266
84 4.87713987152
95 4.75258974889
97 4.75258674948
99 4.75258201835
101 4.75258090018
127 4.67182031069
149 4.54813745843
175 4.52169874677
177 4.52168443448
203 4.51360002493
229 4.43465013454
255 4.31904931816
281 4.2921310408
307 4.28590499379
333 4.27717397597
358 4.15332757357
384 4.03054484347
386 4.03053640292
396 4.03005128511
398 4.0300456973
424 3.9067362465
450 3.78328647617
453 3.78323060747
456 3.78318671741
458 3.78316790833
484 3.71870394155
510 3.70022505937
536 3.670729467
562 3.65518757148
588 3.64199187042
614 3.51754320647
640 3.50211818933
645 3.501988643
671 3.48805982023
673 3.48804693066
697 3.36458341113
723 3.31447094017
725 3.31445964749
751 3.28510908354
753 3.28510171674
779 3.16395116339
805 3.127291207
820 3.12610970842
846 3.10027201229
849 3.10022592171
875 2.97712537681
897 2.8534625821
911 2.85243071644
913 2.85241584461
915 2.85239994909
930 2.72809052286
956 2.72338987818
958 2.72337649441
984 2.71862486155
986 2.71861662359
997 2.59365914849
1015 2.46939255574
1017 2.46938949608
1019 2.46937741571
1021 2.46937654985
1047 2.35685314182
1073 2.2351803651
1099 2.22701779819
1113 2.22593655861
1124 2.22556067167
1142 2.10132741826
1168 2.05451280017
1170 2.05450768297
1196 2.02569268215
1198 2.02569092365
1224 1.9879295409
1250 1.87049860725
1276 1.8440319273
1302 1.83926940443
1328 1.82205146055
1340 1.69753479712
1366 1.5737429242
1368 1.57373783201
1370 1.57371388154
1372 1.57371187093
1398 1.46836094508
1424 1.35698747773
1450 1.34368447861
1476 1.33430400231
1499 1.33290122332
1525 1.32543079476
1551 1.21297146489
1577 1.20595304275
1603 1.1967540284
1629 1.18985786348
1655 1.15532718295
1681 1.03183540664
1707 1.00691074137
1712 1.00678967573
1738 0.989584404433
1764 0.98713787785
1790 0.984170178795
1816 0.981049403275
1818 0.98103528826
1820 0.981026581223
1822 0.981015271676
1824 0.981006655874
1826 0.980997592654
1828 0.98099485547
1830 0.980994066699
1832 0.980992284798
1834 0.980991954072
1836 0.98099093518
1838 0.980990489084
1840 0.980990155352
1842 0.980989997368
1844 0.980988855936
1846 0.980988795687
1872 0.979100621794
1874 0.979097489789
1894 0.978356411616
1896 0.978356205213
1898 0.978332261535
1924 0.976103827908
1929 0.975993108175
1953 0.975054624574
1955 0.975036653953
1957 0.975012126663
1959 0.975005838046
1961 0.974996202415
1963 0.974993308985
1965 0.974985471402
1967 0.9749836011
1969 0.974968831791
1971 0.974948089739
1973 0.974936796975
1975 0.974922125143
1977 0.974913383452
2003 0.969656525414
2029 0.955856529613
2055 0.953174221636
2081 0.942057035475
2107 0.940756372524
2109 0.940739175204
2135 0.929043355513
2137 0.929036421774
2163 0.918815940854
2165 0.918814106562
2167 0.918808750544
2193 0.902725387279
2195 0.902722048362
2221 0.893917955454
2223 0.89391554978
2225 0.893911720459
2251 0.876407403937
2253 0.876394451675
2279 0.865097366524
2281 0.865075801459
2283 0.865061050104
2285 0.86505419948
2287 0.865044096751
2289 0.865039474845
2291 0.865033616779
2293 0.865030070687
2319 0.86005342192
2321 0.860050753496
2347 0.855121643603
2349 0.855119248713
2351 0.855118274997
2353 0.855117227079
2355 0.855117190302
2357 0.855116819758
2359 0.855116785767
2361 0.855102693583
2363 0.855088001366
2365 0.855069583947
2367 0.855057731102
2369 0.855040981696
2371 0.855036627689
2397 0.838904559124
2399 0.838904180026
2425 0.829443899912
2427 0.829443887557
2453 0.819589504775
2455 0.819573438154
2481 0.812875134085
2483 0.812865895427
2509 0.808530167514
2511 0.808527213809
2513 0.808520659053
2515 0.808520421133
2517 0.80851624391
2519 0.808516187907
2521 0.808499728451
2534 0.807986432292
2536 0.8079671477
2538 0.80794779887
2540 0.807929875198
2566 0.80180486414
2581 0.801113251876
2607 0.794956831207
2610 0.794907212096
2636 0.789016175888
2662 0.778246922926
2664 0.778235210553
2690 0.770451207508
2692 0.770447309779
2718 0.765335644839
2744 0.762552475553
2770 0.75918199749
2796 0.755689831776
2798 0.755682615138
2800 0.755673870331
2802 0.755668076182
2804 0.75565942926
2806 0.755654775508
2808 0.75565430414
2810 0.755654165819
2812 0.755653806207
2814 0.755653748308
2816 0.755653544826
2818 0.75565351619
2820 0.755653419046
2822 0.755653411076
2824 0.755652248663
2826 0.755652245584
2828 0.755641940729
2830 0.75564079162
2832 0.755618528281
2834 0.755618454299
2836 0.755597162056
2838 0.755586115002
2840 0.755567095104
2842 0.755545669429
2844 0.755531481563
2846 0.755509642764
2848 0.755506829576
2850 0.755500495233
2852 0.755499516941
2854 0.755494360893
2856 0.7554937813
2858 0.755486766025
2860 0.755473128833
2862 0.755467820414
2864 0.75546011167
2866 0.75545600546
2868 0.755437614503
2894 0.746033628615
2902 0.745845854591
2928 0.738569571029
2934 0.738438148127
2936 0.738428612632
2962 0.729618394726
2964 0.729616761435
2990 0.722149966167
2992 0.722149921942
2994 0.722148395038
3020 0.717297865766
3022 0.717296743272
3048 0.714720036305
3050 0.714718920899
3052 0.714717910446
3078 0.707517456038
3080 0.707507909176
3106 0.703008658504
3108 0.702989018622
3110 0.702980506997
3112 0.702977210252
3114 0.702972496164
3116 0.702970292097
3118 0.702968420251
3120 0.70296809943
3146 0.698129427117
3148 0.698128743311
3174 0.693420057005
3176 0.693418811771
3178 0.693418455333
3180 0.693418010358
3182 0.693417969334
3184 0.693417861996
3186 0.693417529378
3188 0.69340768349
3190 0.693397287729
3192 0.693383545554
3194 0.693375217787
3196 0.693362696436
3198 0.693360670334
3224 0.687769800604
3226 0.687769799967
3252 0.684591976965
3254 0.684591490719
3280 0.682440523721
3282 0.682430876622
3308 0.680788016969
3310 0.68078353498
3336 0.679666732256
3338 0.679665884017
3340 0.679662055252
3342 0.679662052722
3344 0.679659751079
3346 0.679659735746
3348 0.679647524255
3350 0.679632031322
3352 0.679616743245
3354 0.679606097375
3356 0.679591844011
3382 0.674772528075
3384 0.674747848506
3410 0.66981156894
3412 0.669788644418
3438 0.665114623798
3464 0.662465340107
3466 0.662461449949
3492 0.660243783428
3494 0.66024369747
3520 0.658779978714
3546 0.65575242508
3572 0.65209336681
3598 0.648365490886
3600 0.648361799826
3602 0.648353013913
3604 0.64835004101
3606 0.648341359031
3608 0.648338962925
3610 0.648338891922
3612 0.648338867553
3614 0.648338789336
3616 0.648338779194
3618 0.64833873625
3620 0.64833873378
3622 0.648338688936
3624 0.648338688706
3626 0.648338111897
3628 0.648338111804
3630 0.648329559006
3632 0.648328690679
3634 0.648308960264
3636 0.648308803513
3638 0.648289941236
3640 0.648280656139
3642 0.648265303434
3644 0.648246280869
3646 0.648235084738
3648 0.648215611276
3650 0.64821425059
3652 0.648210079083
3654 0.648209775608
3656 0.648206377936
3658 0.648206227515
3660 0.648202913008
3662 0.648194457084
3664 0.648191988098
3666 0.648187678646
3668 0.64818577147
3670 0.648173507354
3696 0.642208607193
3698 0.642187360698
3724 0.637661418685
3726 0.637637339057
3728 0.637631133446
3754 0.631348413991
3756 0.631348244811
3782 0.626139699735
3784 0.626138108244
3786 0.62613774393
3812 0.624713132072
3814 0.62471268194
3834 0.624124939812
3836 0.624124145186
3838 0.624124064439
3864 0.621308351048
3866 0.621301534275
3892 0.619566292247
3894 0.619549437388
3896 0.619544180795
3898 0.619542579827
3900 0.619540346114
3902 0.619539290002
3904 0.619538845238
3906 0.619538837513
3932 0.614993034775
3934 0.614992781694
3960 0.610642302137
3962 0.610641236055
3964 0.610640810072
3966 0.610640605657
3968 0.61064050741
3970 0.610640482603
3972 0.610639865439
3974 0.610633043836
3976 0.610625682886
3978 0.610615392121
3980 0.610609545915
3982 0.610600149817
3984 0.610598668501
4010 0.608677642539
4012 0.608677577356
4038 0.607615761244
4040 0.607614905726
4042 0.607594560354
4044 0.607587379651
4056 0.607288792464
4058 0.607285784856
4065 0.607130037909
4067 0.607129581483
4069 0.60712732976
4071 0.607127283049
4073 0.607126031963
4075 0.607125976604
4077 0.607116638409
4079 0.607107048042
4081 0.607094830371
4083 0.607090011823
4085 0.607078585175
4111 0.603633694068
4113 0.603608795488
4139 0.599914371367
4141 0.599894236537
4167 0.596400980555
4173 0.596271484202
4175 0.59626999682
4201 0.59540650408
4203 0.595405978767
4211 0.595223198997
4237 0.592104285192
4263 0.588334922533
4289 0.584563461186
4291 0.58456157463
4293 0.584552747841
4295 0.58455122069
4297 0.584542502768
4299 0.584541265106
4301 0.584541257988
4303 0.584541253674
4305 0.584541234027
4307 0.584541232257
4309 0.584541222229
4311 0.584541221766
4313 0.584541050306
4315 0.584541050301
4317 0.584540641833
4319 0.584540641832
4321 0.584533577635
4323 0.584532877723
4325 0.584515370957
4327 0.584515138549
4329 0.584498409321
4331 0.584490631908
4333 0.584478217701
4335 0.584461311232
4337 0.584452485526
4339 0.584435100553
4341 0.584434374364
4343 0.584431624058
4345 0.584431545081
4347 0.584429303581
4349 0.584429278727
4351 0.584427707291
4353 0.584422407475
4355 0.584421263614
4357 0.584418877123
4359 0.584417995414
4361 0.584405262223
4387 0.580768885633
4389 0.580747954421
4415 0.578011824298
4417 0.577988916336
4419 0.57798407991
4445 0.573680300784
4447 0.573680288186
4473 0.570166279421
4475 0.570162511541
4477 0.570162468134
4480 0.57011227532
4482 0.570112011219
4484 0.570088448291
4486 0.57008760491
4488 0.570087525711
4514 0.569010385071
4516 0.569005776499
4531 0.56861160648
4533 0.568597872881
4535 0.568594350894
4537 0.568593566742
4539 0.568592470467
4541 0.568591963059
4543 0.568591911328
4545 0.568591695888
4571 0.564457220185
4573 0.56445708048
4599 0.560560353445
4601 0.56055918526
4603 0.560558533123
4605 0.560558428815
4607 0.560558304224
4609 0.560558301227
4611 0.560557418279
4613 0.560552743008
4615 0.560547536345
4617 0.560539801161
4619 0.560535708697
4621 0.560528629625
4623 0.560527246637
4636 0.560190736885
4638 0.560190650116
4640 0.560167273892
4642 0.560166388084
4644 0.560152887061
4646 0.560147214113
4648 0.560125827361
4650 0.560123673174
4652 0.560100078217
4654 0.560099716644
4656 0.560098380075
4658 0.560098309114
4660 0.560097641245
4662 0.560097568718
4664 0.560090410938
4666 0.560084755507
4668 0.560074932365
4670 0.560073372078
4672 0.560064156009
4698 0.557786267629
4700 0.557762862055
4726 0.555141434947
4728 0.555124420665
4754 0.552625325913
4756 0.552613552517
4758 0.552613045696
4760 0.552589329706
4762 0.55258721644
4764 0.552562583615
4790 0.549533519233
4816 0.545856255133
4842 0.542242934254
4844 0.542241971561
4846 0.542233104928
4848 0.542232319427
4850 0.542223565484
4852 0.542222923352
4854 0.542222923317
4856 0.542222922546
4858 0.542222916263
4860 0.542222915957
4862 0.542222913187
4864 0.542222912967
4866 0.542222669206
4868 0.542222669164
4870 0.542222315923
4872 0.542222315909
4874 0.542216512521
4876 0.542215916122
4878 0.542200363593
4880 0.542200069706
4882 0.542185215271
4884 0.54217872684
4886 0.542168671847
4888 0.542153631655
4890 0.542146684736
4892 0.542131146752
4894 0.542130712688
4896 0.542128897888
4898 0.542128884687
4900 0.542127404653
4902 0.542127404404
4904 0.542126654755
4906 0.542123279825
4908 0.542122752183
4910 0.542121461651
4912 0.542121056212
4914 0.542107905099
4940 0.539939431212
4942 0.539919014006
4968 0.538289994417
4970 0.538268506277
4972 0.538264114259
4998 0.535401829209
5000 0.535401664366
5026 0.533088373822
5028 0.533082790468
5030 0.533082786615
5032 0.533058653928
5034 0.533058485384
5036 0.533035564159
5038 0.533034667196
5040 0.533034153747
5042 0.53300954298
5044 0.533006550288
5046 0.532982582696
5048 0.532971495283
5050 0.532968910054
5052 0.532968523459
5054 0.532967888364
5056 0.532967645077
5058 0.532967645072
5060 0.532967131584
5086 0.529316234999
5088 0.529316131326
5114 0.525921775536
5116 0.525920402578
5118 0.525919451166
5120 0.525919390811
5122 0.525919252451
5124 0.525919252399
5126 0.525918111714
5128 0.525914951295
5130 0.525911288028
5132 0.525905449791
5134 0.525902606766
5136 0.525897249887
5138 0.525895851349
5140 0.5258720894
5142 0.525872009501
5144 0.525849596181
5146 0.525848728794
5148 0.525836149744
5150 0.525831566322
5152 0.525811297202
5154 0.525809765088
5156 0.525787314566
5158 0.525786978879
5160 0.52578617619
5162 0.525786097085
5164 0.525785749616
5166 0.525785671463
5168 0.525780187767
5170 0.525776969789
5172 0.525769039965
5174 0.525768834598
5176 0.525761371405
5202 0.524352964835
5204 0.524331548593
5230 0.522537101625
5232 0.522522928918
5258 0.520781431629
5260 0.520769749228
5262 0.520769624985
5264 0.520745984675
5266 0.520741472592
5268 0.520716930014
5294 0.51794151909
5320 0.514534066877
5346 0.511242506307
5348 0.511242016447
5350 0.511233111076
5352 0.511232706388
5354 0.511223916593
5356 0.51122358131
5358 0.511223580559
5360 0.511223580419
5362 0.51122357765
5364 0.511223577599
5366 0.511223576632
5368 0.511223576457
5370 0.511223299382
5372 0.511223299326
5374 0.511222964837
5376 0.511222964818
5378 0.511218226065
5380 0.511217694355
5382 0.511203860798
5384 0.511203519725
5386 0.511190314622
5388 0.511184926387
5390 0.511176768311
5392 0.511163375721
5394 0.51115791753
5396 0.511144014694
5398 0.511143723037
5400 0.511142524786
5402 0.511142524625
5404 0.511141546697
5406 0.511141541568
5408 0.511141180763
5410 0.511138992581
5412 0.511138750737
5414 0.511138077733
5416 0.511137892765
5418 0.51112451391
5444 0.509847580115
5446 0.509827858746
5472 0.50886521462
5474 0.50884523051
5476 0.508840817122
5502 0.506971802314
5504 0.506971497479
5530 0.505470859559
5532 0.505464038538
5534 0.505463965789
5536 0.505440655673
5538 0.50544054615
5540 0.505418421391
5542 0.505417481463
5544 0.50541636529
5546 0.505392640901
5548 0.505390649844
5550 0.505367550973
5552 0.505358331994
5554 0.505356364272
5556 0.505356169647
5558 0.505355802608
5560 0.505355684809
5562 0.505355653048
5564 0.505354830742
5590 0.502214091772
5592 0.502214001703
5618 0.49932831276
5620 0.499326703738
5622 0.499325419955
5624 0.499325380124
5626 0.499325233614
5628 0.499325231632
5630 0.499323846968
5632 0.499321747776
5634 0.499319171199
5636 0.499314744459
5638 0.499312775142
5640 0.499308701621
5642 0.499307290276
5644 0.499284480639
5646 0.499284404113
5648 0.49926291387
5650 0.499262056516
5652 0.499250338106
5654 0.49924661737
5656 0.499227402961
5658 0.499226331338
5660 0.49920496426
5662 0.499204635799
5664 0.499204146524
5666 0.499204065012
5668 0.499203890868
5670 0.499203810993
5672 0.499199623307
5674 0.499197822458
5676 0.499191405154
5678 0.499191370228
5680 0.49918531129
5706 0.498364413982
5708 0.498344890311
5734 0.497140450463
5736 0.497128788241
5762 0.49592781271
5764 0.495916200272
5766 0.495916191279
5768 0.495892615804
5770 0.495885156434
5772 0.495860697687
5798 0.49345595767
5824 0.490443329977
5850 0.487577510926
5852 0.487577262816
5854 0.487568319605
5856 0.487568110657
5858 0.487559285177
5860 0.487559108494
5862 0.487559106811
5864 0.487559106784
5866 0.48755910511
5868 0.487559105102
5870 0.487559104667
5872 0.487559104501
5874 0.487558811878
5876 0.487558811818
5878 0.487558483172
5880 0.48755848315
5882 0.487554640421
5884 0.487554149434
5886 0.487541829052
5888 0.487541452869
5890 0.487529699843
5892 0.487525248612
5894 0.48751861764
5896 0.48750668065
5898 0.48750240134
5900 0.48748994726
5902 0.487489728981
5904 0.487488937436
5906 0.487488934927
5908 0.487488288386
5910 0.487488272654
5912 0.487488096769
5914 0.48748664842
5916 0.487486538597
5918 0.487486206714
5920 0.487486123303
5922 0.487472751932
5948 0.48672609857
5950 0.486707217283
5952 0.486682443749
5954 0.486664007337
5956 0.486659284662
5982 0.485456889293
5984 0.485456531149
6010 0.484495129951
6012 0.484487863449
6014 0.484487678553
6016 0.484465205228
6018 0.484465133445
6020 0.484443816778
6022 0.48444284778
6024 0.484441111587
6026 0.484418241127
6028 0.484416887306
6030 0.484394624299
6032 0.484386746499
6034 0.484385193254
6036 0.484385092582
6038 0.484384881146
6040 0.484384823394
6042 0.484384725496
6044 0.48438360305
6070 0.48174182502
6072 0.481741741526
6098 0.479338761023
6100 0.479336921763
6102 0.479335300677
6104 0.479335271053
6106 0.479335119998
6108 0.479335115495
6110 0.479333510486
6112 0.479332147524
6114 0.479330332613
6116 0.479326958851
6118 0.479325596891
6120 0.479322482314
6122 0.479321066718
6124 0.479299170899
6126 0.479299096172
6128 0.47927849091
6130 0.479277639764
6132 0.479266725073
6134 0.47926368906
6136 0.479245470429
6138 0.479244736539
6140 0.47922439557
6142 0.479224068994
6144 0.479223765141
6146 0.479223683012
6148 0.479223600517
6150 0.479223520143
6152 0.479220339759
6154 0.479219321633
6156 0.479214120396
6158 0.479213655622
6160 0.479208728737
6162 0.479189750561
6164 0.479172545906
6190 0.478282628377
6192 0.478273053121
6218 0.477366984568
6220 0.477355506728
6222 0.477355502927
6224 0.477332097348
6226 0.47732146986
6228 0.477297201469
6254 0.475318412315
6280 0.472760740884
6306 0.470359874604
6308 0.470359749861
6310 0.470350769428
6312 0.470350661222
6314 0.470341800124
6316 0.470341705781
6318 0.470341703659
6320 0.470341703654
6322 0.470341702378
6324 0.470341702377
6326 0.470341702134
6328 0.470341701971
6330 0.470341401155
6332 0.470341401094
6334 0.470341073559
6336 0.470341073538
6338 0.470337982117
6340 0.470337516664
6342 0.470326529234
6344 0.470326127371
6346 0.470315653632
6348 0.4703119983
6350 0.470306598134
6352 0.470295947881
6354 0.470292601206
6356 0.470281431613
6358 0.470281252985
6360 0.470280729908
6362 0.470280722061
6364 0.470280294392
6366 0.470280269261
6368 0.470280181949
6370 0.47027920574
6372 0.470279156543
6374 0.470279008749
6376 0.470278971775
6378 0.470266146209
6380 0.470241321378
6382 0.470223953774
6384 0.470199355089
6386 0.47018236479
6388 0.47017721586
6414 0.469412268122
6416 0.469411964204
6423 0.469258518398
6425 0.469251534517
6427 0.469251230124
6429 0.469229672204
6431 0.469229623602
6433 0.469209189107
6435 0.469208288218
6437 0.469205984652
6439 0.469183937017
6441 0.469182993541
6443 0.469161535121
6445 0.469154635402
6447 0.469153365317
6449 0.469153311468
6451 0.469153190194
6453 0.469153161459
6455 0.469152988355
6457 0.469151585142
6483 0.466971164282
6485 0.466971085376
6511 0.465004301826
6513 0.465002258563
6515 0.465000317088
6517 0.465000292847
6519 0.465000140097
6521 0.465000133551
6523 0.46499834024
6525 0.464997481529
6527 0.4649962009
6529 0.464993614881
6531 0.464992674764
6533 0.464990278868
6535 0.464988863203
6537 0.464967844337
6539 0.464967770681
6541 0.464948013947
6543 0.464947167281
6545 0.464937003409
6547 0.464934512252
6549 0.464917234144
6551 0.46491674503
6553 0.464897376216
6555 0.464897050022
6557 0.464896856928
6559 0.464896774714
6561 0.464896739003
6563 0.464896658514
6565 0.464894275079
6567 0.464893428438
6569 0.464889228181
6571 0.464888438776
6573 0.464884446707
6575 0.464872449548
6577 0.464857259349
6592 0.464494105518
6594 0.464486249909
6620 0.463761163195
6622 0.463749861318
6624 0.463749846736
6626 0.463726685239
6628 0.463713002258
6630 0.463689001242
6656 0.462134405501
6682 0.460034055121
6708 0.458084514696
6710 0.458084452705
6712 0.458075435466
6714 0.458075379201
6716 0.458066482494
6718 0.458066431168
6720 0.458066428926
6722 0.458066428924
6724 0.458066427811
6726 0.458066427811
6728 0.458066427656
6730 0.458066427493
6732 0.458066121502
6734 0.45806612144
6736 0.458065793296
6738 0.458065793274
6740 0.458063329148
6742 0.458062879416
6744 0.45805306708
6746 0.458052646607
6748 0.458043300753
6750 0.458040319394
6752 0.458035912401
6754 0.458026400317
6756 0.458023790601
6758 0.458013760664
6760 0.458013604247
6762 0.458013258483
6764 0.458013245911
6766 0.458012962891
6768 0.458012930903
6770 0.45801288645
6772 0.458012213671
6774 0.458012192076
6776 0.458012137443
6778 0.458012121475
6780 0.458000526333
6782 0.457976009125
6784 0.457960028926
6786 0.457935747052
6788 0.457920085195
6790 0.457914536134
6792 0.457889769648
6794 0.457889568028
6796 0.4578649592
6798 0.457858500937
6800 0.457858091526
6802 0.457837524414
6804 0.457837505423
6806 0.457818024288
6808 0.457817259743
6810 0.457814469079
6812 0.457793214513
6814 0.4577925389
6816 0.457771855315
6818 0.457765679789
6820 0.457764606403
6822 0.45776457644
6824 0.457764507277
6826 0.457764492746
6828 0.457764247573
6830 0.457762591917
6856 0.455990872182
6858 0.455990797576
6884 0.454403633409
6886 0.454401422747
6888 0.45439919424
6890 0.454399172996
6892 0.4543990209
6894 0.454399012887
6896 0.454397068561
6898 0.454396549305
6900 0.454395643813
6902 0.454393648955
6904 0.454393001527
6906 0.454391146028
6908 0.454389732411
6910 0.454369555281
6912 0.454369482351
6914 0.454350539347
6916 0.454349696401
6918 0.454340234172
6920 0.454338177765
6922 0.454321788392
6924 0.454321473951
6926 0.45430302656
6928 0.454302700375
6930 0.454302574206
6932 0.454302492058
6934 0.454302478872
6936 0.454302398391
6938 0.454300634209
6940 0.454299881044
6942 0.454296490807
6944 0.454295499848
6946 0.454292266085
6948 0.454284139749
6950 0.454270855741
6952 0.454249821877
6954 0.454243380993
6960 0.454116863736
6962 0.454105848658
6964 0.454105840432
6966 0.454083093508
6968 0.454066745718
6970 0.454043185827
6996 0.452870950181
7022 0.451190308847
7048 0.449644936397
7050 0.449644906152
7052 0.44963585237
7054 0.449635822947
7056 0.449626890596
7058 0.449626861942
7060 0.449626859733
7062 0.449626859733
7064 0.449626858692
7066 0.449626858692
7068 0.449626858587
7070 0.449626858424
7072 0.449626548549
7074 0.449626548487
7076 0.449626219144
7078 0.449626219123
7080 0.449624276153
7082 0.449623835717
7084 0.449615060112
7086 0.449614626204
7088 0.449606275494
7090 0.449603862825
7092 0.449600258229
7094 0.449591753513
7096 0.4495897253
7098 0.449580707238
7100 0.44958056356
7102 0.449580334959
7104 0.449580318966
7106 0.44958013159
7108 0.449580094991
7110 0.449580071576
7112 0.449579592977
7114 0.44957958379
7116 0.449579569958
7118 0.44957956334
7120 0.449569085454
7122 0.449545023227
7124 0.449530314975
7126 0.449506494146
7128 0.449492052869
7130 0.449486185753
7132 0.449461819187
7134 0.449461677389
7136 0.449437468708
7138 0.449431377512
7140 0.44943090117
7142 0.449411279145
7144 0.449411271493
7146 0.449392698823
7148 0.449392015719
7150 0.44938882375
7152 0.449368333662
7154 0.449367835531
7156 0.449347898325
7158 0.44934226682
7160 0.449341332151
7162 0.449341314721
7164 0.449341275577
7166 0.449341268106
7168 0.449340959167
7170 0.449339086251
7196 0.447917634922
7198 0.447917564816
7224 0.446651292085
7226 0.446648954527
7228 0.446646483402
7230 0.446646463916
7232 0.44664631436
7234 0.446646305321
7236 0.446644249233
7238 0.446643953053
7240 0.446643311246
7242 0.446641761542
7244 0.446641316935
7246 0.446639869244
7248 0.446638458808
7250 0.446619089676
7252 0.446619017302
7254 0.44660085471
7256 0.446600015173
7258 0.446591208782
7260 0.446589500276
7262 0.446573950991
7264 0.446573758612
7266 0.446556184832
7268 0.446555858608
7270 0.446555773438
7272 0.446555691392
7274 0.44655568792
7276 0.446555607492
7278 0.446554332551
7280 0.446553589804
7282 0.446550869738
7284 0.446549859707
7286 0.446547254739
7288 0.446539646036
7290 0.446528202145
7292 0.446507991877
7294 0.446502764223
7296 0.446478082667
7298 0.446467382738
7300 0.446467382483
7302 0.44644509997
7304 0.446426657311
7306 0.446403590937
7332 0.445551419055
7358 0.44423209739
7384 0.443028538601
7386 0.443028524272
7388 0.443019434139
7390 0.443019418632
7392 0.443010450612
7394 0.443010434048
7396 0.443010431937
7398 0.443010431936
7400 0.443010430933
7402 0.443010430933
7404 0.443010430862
7406 0.4430104307
7408 0.443010117557
7410 0.443010117494
7412 0.443009786795
7414 0.443009786773
7416 0.443008274261
7418 0.443007838883
7420 0.442999978701
7422 0.442999535096
7424 0.442992063116
7426 0.442990128315
7428 0.442987172824
7430 0.442979560282
7432 0.442977990131
7434 0.442969871169
7436 0.442969734884
7438 0.442969583726
7440 0.442969565463
7442 0.44296944136
7444 0.442969401791
7446 0.442969388898
7448 0.442969036551
7450 0.442969032834
7452 0.442969032048
7454 0.442969029484
7456 0.442959566012
7458 0.442935952382
7460 0.442922410846
7462 0.442899043424
7464 0.442885723756
7466 0.442879649279
7468 0.442855677459
7470 0.442855571054
7472 0.442831756706
7474 0.442825928582
7476 0.44282541359
7478 0.442806693227
7480 0.442806690012
7482 0.442788983253
7484 0.44278835137
7486 0.442784838646
7488 0.442765085572
7490 0.442764706928
7492 0.442745488871
7494 0.442740271823
7496 0.442739436277
7498 0.442739425645
7500 0.442739403713
7502 0.442739399815
7504 0.442739036925
7506 0.442736986011
7532 0.441608121485
7534 0.441608056118
7560 0.44060696936
7562 0.44060454516
7564 0.440601881801
7566 0.440601863409
7568 0.440601717847
7570 0.44060170808
7572 0.44059957872
7574 0.440599424065
7576 0.440598967844
7578 0.44059775461
7580 0.440597450329
7582 0.440596311606
7584 0.440594905013
7586 0.440576311574
7588 0.440576239673
7590 0.440558825613
7592 0.440557989384
7594 0.440549796132
7596 0.440548366887
7598 0.440533611976
7600 0.440533502421
7602 0.440516757186
7604 0.440516430964
7606 0.440516371312
7608 0.440516289371
7610 0.440516289088
7612 0.440516208736
7614 0.440515301769
7616 0.440514560182
7618 0.440512373362
7620 0.440511354203
7622 0.44050925066
7624 0.440501830975
7626 0.440491960425
7628 0.440472042012
7630 0.440467821647
7632 0.44044346794
7634 0.44043310614
7636 0.440433072297
7638 0.44041129327
7640 0.44039139635
7642 0.440368864146
7644 0.440344520696
7670 0.439250741563
7696 0.438258504434
7698 0.438258497964
7700 0.438249371561
7702 0.438249363301
7704 0.438240359537
7706 0.438240349521
7708 0.438240347535
7710 0.438240347535
7712 0.438240346553
7714 0.438240346553
7716 0.438240346506
7718 0.438240346344
7720 0.438240030284
7722 0.438240030222
7724 0.438239698165
7726 0.438239698143
7728 0.438238538688
7730 0.438238105576
7732 0.438231054329
7734 0.438230603706
7736 0.438223908242
7738 0.438222373032
7740 0.43821994334
7742 0.438213121412
7744 0.438211911353
7746 0.438204591841
7748 0.438204459851
7750 0.438204359895
7752 0.438204340196
7754 0.438204257966
7756 0.438204216535
7758 0.438204209033
7760 0.438203940154
7762 0.438203938773
7764 0.438203937083
7766 0.438203936202
7768 0.438195393519
7770 0.438172221884
7772 0.438159750733
7774 0.438136829032
7776 0.438124540207
7778 0.438118338111
7780 0.438094755531
7782 0.438094670796
7784 0.438071244863
7786 0.438065610685
7788 0.438065075941
7790 0.438047215825
7792 0.438047214398
7794 0.438030333063
7796 0.438029735226
7798 0.438025972534
7800 0.43800692999
7802 0.438006633141
7804 0.437988108058
7806 0.43798321116
7808 0.437982447223
7810 0.437982440415
7812 0.437982428292
7814 0.437982426238
7816 0.437982018938
7818 0.437979830538
7844 0.437090550913
7846 0.437090490416
7872 0.436304742993
7874 0.436302269582
7876 0.43629946596
7878 0.436299448296
7880 0.436299307789
7882 0.436299297483
7884 0.436297130576
7886 0.436297060857
7888 0.436296735452
7890 0.436295777577
7892 0.4362955702
7894 0.436294666566
7896 0.436293264244
7898 0.43627541547
7900 0.436275343997
7902 0.436258647875
7904 0.436257814946
7906 0.436250194959
7908 0.436248990602
7910 0.436234987013
7912 0.436234931234
7914 0.436218971962
7916 0.436218645799
7918 0.436218602313
7920 0.436218520474
7922 0.436218520253
7924 0.43621843999
7926 0.436217805982
7928 0.43621706454
7930 0.43621530031
7932 0.436214273149
7934 0.43621256794
7936 0.436205334096
7938 0.436196800003
7940 0.436177169529
7942 0.436173777635
7944 0.436149747485
7946 0.436139816563
7948 0.436139417284
7950 0.436118281282
7952 0.436100179151
7954 0.436078322997
7956 0.436059600841
7982 0.435159449203
8008 0.434347062503
8010 0.434347059814
8012 0.434337897181
8014 0.434337892718
8016 0.434328853139
8018 0.434328846734
8020 0.434328844881
8022 0.434328844881
8024 0.434328843912
8026 0.434328843912
8028 0.434328843885
8030 0.434328843722
8032 0.434328524985
8034 0.434328524922
8036 0.434328191567
8038 0.434328191545
8040 0.434327319227
8042 0.434326886553
8044 0.434320550742
8046 0.434320095017
8048 0.434314086307
8050 0.434312883323
8052 0.434310880163
8054 0.4343047593
8056 0.434303831647
8058 0.434297223517
8060 0.434297093997
8062 0.434297027898
8064 0.434297007322
8066 0.434296952815
8068 0.434296910238
8070 0.434296905581
8072 0.434296692829
8074 0.43429669239
8076 0.434296683444
8078 0.434296683206
8080 0.43428897612
8082 0.434266239849
8084 0.43425475093
8086 0.434232267359
8088 0.434220926172
8090 0.434214653031
8092 0.434191454097
8094 0.434191383062
8096 0.434168339685
8098 0.434162853074
8100 0.434162310575
8102 0.434145271251
8104 0.434145270573
8106 0.434129176175
8108 0.434128602393
8110 0.434124649566
8112 0.434106292089
8114 0.43410605219
8116 0.434088194977
8118 0.434083548886
8120 0.434082837134
8122 0.434082832562
8124 0.434082825983
8126 0.434082824897
8128 0.434082381684
8130 0.434080095192
8156 0.43338400057
8158 0.433383944937
8160 0.433358912704
8162 0.433356563639
8164 0.433353638725
8166 0.433353622257
8168 0.433353488902
8170 0.433353477748
8172 0.433351419658
8174 0.433351396115
8176 0.433351163087
8178 0.433350399869
8180 0.433350259257
8182 0.433349535323
8184 0.43334813758
8186 0.433331003704
8188 0.433330932632
8190 0.433314925115
8192 0.43331409552
8194 0.433307011551
8196 0.433305988912
8198 0.433292696099
8200 0.433292672799
8202 0.433277459272
8204 0.433277133228
8206 0.433277100171
8208 0.433277018428
8210 0.433277016933
8212 0.433276936769
8214 0.433276503284
8216 0.433275761128
8218 0.43327433242
8220 0.433273298229
8222 0.433271910115
8224 0.433264858946
8226 0.433257461813
8228 0.433238115435
8230 0.433235403463
8232 0.433211692664
8234 0.433202197269
8236 0.433201182932
8238 0.433180693992
8240 0.433163934803
8242 0.433142756511
8244 0.433128629414
8270 0.432392204445
8288 0.431952097349
8290 0.431952096392
8292 0.43194289749
8294 0.43194289503
8296 0.431933819515
8298 0.431933815145
8300 0.431933813426
8302 0.431933813426
8304 0.43193381247
8306 0.43193381247
8308 0.431933812455
8310 0.431933812293
8312 0.431933491071
8314 0.431933491009
8316 0.431933156429
8318 0.431933156407
8320 0.431932515193
8322 0.431932081777
8324 0.431926379223
8326 0.431925919765
8328 0.431920518898
8330 0.431919590245
8332 0.431917933616
8334 0.431912434785
8336 0.431911727989
8338 0.43190575333
8340 0.431905625196
8342 0.43190558149
8344 0.431905560395
8346 0.431905524248
8348 0.431905480978
8350 0.431905477872
8352 0.431905303489
8354 0.431905303391
8356 0.431905284897
8358 0.431905284864
8360 0.431898335811
8362 0.43187602814
8364 0.431865440695
8366 0.431843387637
8368 0.431832917736
8370 0.431826613253
8372 0.431803792219
8374 0.431803730104
8376 0.43178106337
8378 0.431775692955
8380 0.431775150089
8382 0.431758893834
8384 0.431758893487
8386 0.431743549305
8388 0.431742993658
8390 0.431738899987
8392 0.431721202968
8394 0.431721003398
8396 0.431703789846
8398 0.431699343091
8400 0.43169866961
8402 0.431698666732
8404 0.431698663252
8406 0.431698662795
8408 0.431698190881
8410 0.431695845075
8412 0.4316708707
8414 0.431670836731
8416 0.431646033821
8418 0.431643865914
8420 0.431640893064
8422 0.43164087793
8424 0.431640771152
8426 0.431640759002
8428 0.431638842669
8430 0.431638839216
8432 0.431638671558
8434 0.431638057433
8436 0.431637962688
8438 0.431637376799
8440 0.431635983875
8442 0.43161953632
8444 0.431619465633
8446 0.431604118582
8448 0.431603292376
8450 0.431596709604
8452 0.431595834316
8454 0.431583214069
8456 0.431583207819
8458 0.431568702022
8460 0.431568376145
8462 0.431568349947
8464 0.431568268294
8466 0.431568265099
8468 0.431568185043
8470 0.431567897042
8472 0.431567153445
8474 0.431565991671
8476 0.431564951283
8478 0.43156381616
8480 0.43155694449
8482 0.431550515732
8484 0.431531449624
8486 0.431529294167
8488 0.431505898539
8490 0.431496866703
8492 0.431495096585
8494 0.431475293361
8496 0.431459603842
8498 0.43143914057
8500 0.431428116303
8503 0.431377994278
8505 0.43135326318
