15 5.25029431367
41 5.16138319922
43 5.16138099532
69 5.13871408322
71 5.13871372414
97 5.01621649555
113 4.89261878584
124 4.89210299084
126 4.89209524816
128 4.89208268603
154 4.7689846676
171 4.64526714624
173 4.64525121213
175 4.64524122076
177 4.64522927923
203 4.60031153842
229 4.59711547251
255 4.56847315933
281 4.56564792649
307 4.54924840105
324 4.42527605175
344 4.301454967
346 4.30145067551
348 4.3014390079
350 4.30143600985
376 4.18542756775
402 4.14257400957
428 4.13744296197
454 4.10987387803
460 4.10975475193
486 3.99465116523
512 3.91385369339
538 3.90697829792
564 3.8814310737
571 3.88128285284
587 3.7566591056
613 3.6348279148
615 3.63482537241
629 3.63396459604
631 3.63396399745
657 3.51442276145
683 3.50903935998
705 3.50660141341
731 3.50111671898
733 3.50110338426
759 3.40969391482
785 3.28730205378
811 3.26556305305
818 3.26538023592
844 3.26076826771
870 3.18054752501
896 3.06542578541
922 3.03945899366
948 3.03375897724
974 3.02626606815
976 3.02626469171
978 3.02625593604
980 3.02625590758
982 3.02624712726
984 3.02624712465
1008 2.90232785992
1024 2.77846104232
1026 2.77845232601
1028 2.77844399776
1030 2.7784378546
1056 2.69394850864
1082 2.65222294949
1108 2.62785379459
1134 2.60031707472
1160 2.59449297974
1186 2.56207362486
1212 2.44797463025
1238 2.42574482292
1264 2.41885206107
1290 2.4027866266
1316 2.28042386112
1333 2.15685244895
1343 2.15647064271
1345 2.15646119803
1347 2.15644968389
1361 2.03220578903
1387 2.00727659873
1389 2.00727401916
1415 1.98687260397
1417 1.98687214656
1443 1.89185189739
1466 1.76862293938
1492 1.74844319935
1494 1.74843777074
1520 1.74463345698
1546 1.62844106026
1572 1.51206156721
1598 1.50752515183
1624 1.50272983347
1626 1.50271138155
1648 1.3789199416
1674 1.25564951019
1676 1.25564659163
1679 1.2556103447
1681 1.25560866125
1707 1.2433880023
1733 1.19356980829
1759 1.18146220808
1785 1.15184360593
1811 1.14024595247
1837 1.01538003463
1843 1.01523149795
1845 1.01522070713
1847 1.01521871507
1873 1.01038948385
1875 1.01038945729
1901 1.00926087993
1903 1.00926078347
1905 1.00925020708
1907 1.00924966253
1909 1.0092417108
1911 1.00924144165
1913 1.00923632858
1915 1.00922998718
1917 1.00922975435
1919 1.00922264548
1921 1.00922241868
1923 1.00921704674
1949 1.00137033308
1975 0.998907844457
2001 0.993768960267
2027 0.991490522174
2053 0.9885884164
2055 0.988587355798
2057 0.988586932214
2059 0.988585824242
2061 0.988585694182
2063 0.988584437038
2065 0.98857995211
2091 0.972065919496
2093 0.972052353096
2119 0.962697706864
2121 0.962679819964
2126 0.962595136101
2152 0.955423444437
2154 0.95541653713
2180 0.953309162851
2182 0.953306653227
2184 0.953303104055
2187 0.953266172933
2189 0.953266133905
2191 0.953253660474
2193 0.953253550292
2195 0.953248685994
2221 0.947103049474
2223 0.94709354892
2249 0.94069988212
2251 0.940693702506
2275 0.939850763599
2278 0.939811822224
2281 0.939774456866
2283 0.939765425152
2285 0.939751711291
2311 0.938087926692
2317 0.937970187506
2339 0.937328280703
2341 0.937314605543
2343 0.937296166402
2345 0.937294696257
2347 0.937290226189
2349 0.937290192478
2351 0.937285718065
2353 0.937285716337
2355 0.937282040227
2357 0.937281938428
2359 0.937278713132
2361 0.937277856057
2363 0.937275561075
2389 0.935967633164
2415 0.92079946014
2421 0.920695385715
2447 0.911117662087
2449 0.911104871714
2475 0.900025326232
2482 0.899876841997
2508 0.892407828535
2510 0.892391248303
2536 0.887178334026
2538 0.887174472856
2540 0.887171625223
2542 0.88716303224
2544 0.887161577491
2546 0.887155079419
2548 0.887153202494
2574 0.871111825929
2576 0.871111822195
2602 0.85909010391
2604 0.859089658015
2621 0.858598380282
2623 0.858598359224
2626 0.858561468866
2628 0.858561206629
2630 0.858548666235
2632 0.858536277318
2634 0.858520557731
2636 0.858505985371
2638 0.858492122647
2640 0.858479313762
2642 0.858476349063
2644 0.858460701026
2646 0.858460007849
2648 0.858446700369
2650 0.85844635721
2676 0.848431991141
2702 0.83246173093
2728 0.823730288335
2754 0.816036307111
2780 0.808475285099
2782 0.808462324597
2784 0.808456533922
2786 0.808454163911
2788 0.80845321459
2790 0.808434861119
2792 0.808434851763
2794 0.808417297935
2796 0.80841707625
2798 0.808410988423
2800 0.808410819626
2802 0.80840640158
2804 0.808406327073
2806 0.808403734252
2808 0.808401284187
2810 0.808400974225
2812 0.808397600323
2814 0.808394142033
2816 0.808391586935
2842 0.807391855726
2868 0.804709370481
2894 0.803751203921
2920 0.801354658971
2944 0.800802840648
2946 0.800802778648
2948 0.800802555999
2950 0.800802161724
2952 0.800802115828
2954 0.800801205106
2956 0.800798895006
2982 0.795547516796
2984 0.795536806133
3010 0.792664600478
3012 0.792648789877
3014 0.792638489435
3032 0.792174165356
3034 0.792171325761
3036 0.79215325672
3038 0.792152810293
3040 0.792150759697
3042 0.792138882387
3044 0.792138849963
3046 0.792130242383
3048 0.792129862774
3050 0.792127387435
3076 0.786461186751
3078 0.786456063586
3104 0.780673630761
3106 0.780671429106
3108 0.780658421585
3110 0.780646151731
3112 0.780633540322
3114 0.780628646122
3116 0.78062096742
3118 0.780613806523
3120 0.780599529577
3122 0.780583625448
3124 0.780572932602
3126 0.78055668233
3128 0.780555176527
3130 0.780550669677
3132 0.780550632312
3134 0.780546126275
3136 0.780546125084
3138 0.780544929478
3140 0.780544827816
3142 0.780543611082
3144 0.780542641178
3146 0.780541769717
3148 0.780528850549
3174 0.77484023075
3176 0.774827495165
3202 0.771299766854
3204 0.771291875253
3230 0.768129186516
3232 0.7681112849
3258 0.765809851286
3260 0.765796175431
3286 0.764125187504
3288 0.764123695831
3290 0.764122642417
3292 0.764117518927
3294 0.764117033724
3296 0.764113226186
3298 0.764112119691
3324 0.755890845683
3326 0.755890695272
3352 0.749939546222
3354 0.74993819085
3356 0.749926387528
3358 0.749926343979
3360 0.74991518322
3362 0.749914972812
3364 0.74990872987
3366 0.749900643457
3368 0.749888463865
3370 0.74987835194
3372 0.749867606361
3374 0.749858719659
3376 0.749857355892
3378 0.749845620903
3380 0.749845481942
3382 0.749836258282
3384 0.749836214049
3410 0.744480262122
3436 0.740785582102
3462 0.73598233135
3488 0.734453049424
3514 0.730327075696
3516 0.730319976701
3518 0.730317918724
3520 0.730317566578
3522 0.730316826096
3524 0.730300463292
3526 0.730300431033
3528 0.730284764297
3530 0.730284481842
3532 0.730280923778
3534 0.730280870235
3536 0.730278406113
3538 0.730278387121
3540 0.730277116629
3542 0.73027625604
3544 0.730276099885
3546 0.730274460114
3548 0.730270403112
3550 0.730269159909
3552 0.730264795864
3578 0.727428757343
3580 0.727412870539
3606 0.724921768748
3610 0.724864401795
3612 0.724864359607
3614 0.724864234264
3616 0.724864028752
3618 0.724864014875
3620 0.724863056619
3622 0.724861922493
3648 0.723280569892
3650 0.723272271323
3676 0.722417742465
3678 0.722404342987
3680 0.722396859362
3682 0.722380255411
3684 0.722378822484
3686 0.722362216312
3688 0.722362197356
3690 0.722360578403
3692 0.722352114263
3694 0.722352023662
3696 0.722346068842
3698 0.722345567846
3700 0.722344340291
3726 0.717385669325
3728 0.717383085597
3754 0.712403800074
3756 0.712403384432
3758 0.712393324353
3760 0.712384888503
3762 0.712376579294
3764 0.712373767655
3766 0.712370237053
3768 0.712364414281
3770 0.712353004527
3772 0.712339044865
3774 0.712330691472
3776 0.712316344025
3778 0.712314803518
3780 0.712310260736
3782 0.712310219587
3784 0.712305680793
3786 0.712305680046
3788 0.71230532198
3790 0.712305321711
3792 0.712304849684
3794 0.712304307344
3796 0.712303965588
3798 0.712294758165
3824 0.710156744114
3826 0.710147507135
3852 0.708835128135
3854 0.708829959949
3880 0.70802944961
3882 0.708013045922
3908 0.707298326357
3910 0.70728734781
3934 0.706775034667
3936 0.706774580897
3938 0.706774169797
3940 0.7067710325
3942 0.706770873449
3944 0.706768592557
3946 0.706767285059
3972 0.702878654396
3974 0.70287843077
4000 0.700076318024
4002 0.700074508341
4004 0.700066104276
4006 0.700066039479
4008 0.700058850218
4010 0.700058671655
4012 0.700055684936
4014 0.700050458351
4016 0.700041011716
4018 0.7000339658
4020 0.700025628467
4022 0.700019437892
4024 0.700018682058
4026 0.700010187728
4028 0.700010171983
4030 0.700004941354
4032 0.700004941288
4058 0.69764397912
4084 0.696893959167
4110 0.694506646089
4112 0.694493720157
4138 0.692358440197
4140 0.692353905599
4142 0.692353107078
4144 0.692353093577
4146 0.692352424261
4148 0.692337826378
4150 0.692337782051
4152 0.692323790979
4154 0.692323483413
4156 0.6923213657
4158 0.692321347927
4160 0.692319968142
4162 0.692319964073
4164 0.692319374002
4166 0.692319128623
4168 0.69231909844
4170 0.692318282164
4172 0.692315762859
4174 0.692315143945
4176 0.692311381265
4202 0.689460454313
4204 0.689445042123
4230 0.686936897176
4234 0.686879281078
4236 0.686879021035
4238 0.686878945364
4240 0.686878793296
4242 0.686878790495
4244 0.68687761156
4246 0.686877153491
4259 0.686625302186
4261 0.686619114329
4263 0.686601334727
4265 0.686590470195
4267 0.686584245832
4269 0.68656916049
4271 0.686568275114
4273 0.686553149571
4275 0.686553137723
4277 0.686551685086
4279 0.686545602183
4281 0.686545478594
4283 0.686541344158
4285 0.686540786737
4287 0.686540170998
4313 0.682409771843
4315 0.682408567349
4341 0.678301620261
4343 0.678301618573
4345 0.678293823463
4347 0.678287910924
4349 0.678282710455
4351 0.678281140274
4353 0.678280008933
4355 0.678275302687
4357 0.678266171048
4359 0.678253900907
4361 0.678247384529
4363 0.6782346971
4365 0.678233123097
4367 0.678228545261
4369 0.678228500209
4371 0.678223928328
4373 0.678223927927
4375 0.67822383628
4377 0.678223795767
4379 0.678223602898
4381 0.678223242038
4383 0.678223099754
4385 0.678216266279
4411 0.6774187204
4413 0.677411705075
4427 0.677136640728
4429 0.677132944573
4431 0.67712393835
4433 0.677109913882
4435 0.677094459542
4437 0.677085638586
4439 0.677067426715
4441 0.677067357276
4443 0.677067186635
4445 0.677065223082
4447 0.677065173844
4449 0.677063785313
4451 0.677062080172
4477 0.67530179885
4479 0.675301593931
4505 0.674010402959
4507 0.674008417517
4509 0.674002182344
4511 0.674002101239
4513 0.673997272266
4515 0.673997112664
4517 0.673995747574
4519 0.673992412777
4521 0.673985081249
4523 0.673980149049
4525 0.673973676432
4527 0.673969344444
4529 0.673968849702
4531 0.673962816701
4533 0.673962816564
4535 0.673960291355
4537 0.673960280497
4563 0.673001866075
4565 0.672986679915
4591 0.671804689443
4593 0.671795439949
4619 0.67069183015
4621 0.670688610954
4623 0.670688260417
4625 0.670688238237
4627 0.67068759421
4629 0.6706745655
4631 0.670674516251
4633 0.670662016773
4635 0.670661699204
4637 0.670660410252
4639 0.67066040384
4641 0.670659627435
4643 0.670659626883
4645 0.670659375677
4647 0.670659331099
4649 0.670659069119
4651 0.670658639162
4653 0.670656852115
4655 0.670656526151
4657 0.670653184122
4683 0.667853249435
4685 0.667838230987
4711 0.665373220569
4715 0.66531582717
4717 0.665315269978
4719 0.665315221851
4721 0.665315082943
4723 0.665315082897
4725 0.665313587835
4727 0.665313480088
4729 0.665295935489
4731 0.665291342694
4733 0.665274377138
4735 0.665265530303
4737 0.665260178113
4739 0.665246495132
4741 0.665245911949
4743 0.665232156473
4745 0.665232078652
4747 0.665230692954
4749 0.665226285634
4751 0.665226147018
4753 0.665223268925
4755 0.665222686869
4757 0.665222354732
4783 0.661923961861
4785 0.661923454012
4811 0.658653250097
4813 0.658652901755
4815 0.658646805089
4817 0.658642575103
4819 0.658639504751
4821 0.658638664491
4823 0.658638550541
4825 0.658634773648
4827 0.658627454547
4829 0.658616655013
4831 0.658611580735
4833 0.658600344043
4835 0.658598737756
4837 0.658594125405
4839 0.658594076335
4841 0.658589471183
4843 0.658589471025
4845 0.658589455189
4847 0.658589364434
4849 0.658589279491
4851 0.658589000397
4853 0.658588935813
4855 0.65858361509
4857 0.658565955369
4859 0.658560041489
4861 0.658542002526
4863 0.658538999945
4865 0.658530508637
4867 0.658518981449
4869 0.658504179186
4871 0.658497220704
4873 0.658479699469
4875 0.658479698487
4877 0.658479622187
4879 0.65847833465
4881 0.658478321361
4883 0.658477439619
4885 0.658475356157
4911 0.657698578973
4913 0.657698409602
4939 0.657106241647
4941 0.657104201967
4943 0.657099382116
4945 0.657099289571
4947 0.657095897095
4949 0.657095748622
4951 0.657095169155
4953 0.657093076972
4955 0.657087384537
4957 0.657083913503
4959 0.657078886477
4961 0.657075839125
4963 0.657075468847
4965 0.657071168372
4967 0.657071160271
4969 0.657070122787
4971 0.657070094425
4973 0.657054249486
4975 0.657041131907
5001 0.65635264325
5003 0.656345092896
5029 0.655670206561
5031 0.655667796033
5033 0.655667656514
5035 0.655667539471
5037 0.655666904386
5039 0.655655272948
5041 0.6556552219
5043 0.655644051949
5045 0.655643730363
5047 0.655642924178
5049 0.65564292153
5051 0.655642481849
5053 0.655642481845
5055 0.655642390257
5057 0.655642389669
5059 0.655641879916
5061 0.655641636969
5063 0.655640220832
5065 0.655640036723
5067 0.655636953148
5093 0.652950324374
5095 0.652935621463
5121 0.650569519388
5125 0.650512843299
5127 0.650511944153
5129 0.650511910227
5131 0.650511770929
5133 0.650511770418
5135 0.650509906325
5137 0.650509905811
5139 0.650493154267
5141 0.650489716828
5143 0.650473526336
5145 0.650466215005
5147 0.650461548015
5149 0.650449135146
5151 0.65044875833
5153 0.650436245962
5155 0.650436067067
5157 0.650434708758
5159 0.650431491135
5161 0.650431346373
5163 0.650429340496
5165 0.650428748103
5167 0.650428538166
5193 0.647884568337
5195 0.647884381458
5221 0.645351168478
5223 0.645350126541
5225 0.645345275729
5227 0.645342183716
5229 0.645340493206
5231 0.645340072626
5233 0.6453399861
5235 0.645336980073
5237 0.645331104486
5239 0.645321586478
5241 0.645317643387
5243 0.64530767601
5245 0.645306038586
5247 0.645301391957
5249 0.645301338756
5251 0.645296700136
5253 0.64529670011
5255 0.64529669972
5257 0.645296574932
5259 0.645296533543
5261 0.645296291327
5263 0.645296258445
5265 0.645291728329
5267 0.645274768439
5269 0.645269683893
5271 0.645252339161
5273 0.645249911167
5275 0.645241909235
5277 0.645232412363
5279 0.645218234167
5281 0.64521275926
5283 0.645195900645
5285 0.645195841492
5287 0.645195804135
5289 0.645194915702
5291 0.645194913173
5293 0.645194325899
5295 0.645191954152
5297 0.645176354518
5299 0.645176250717
5301 0.645158175127
5303 0.645156352274
5305 0.645152183374
5307 0.645152086934
5309 0.645149235402
5311 0.645149089334
5313 0.645148717126
5315 0.645147433278
5317 0.645143012
5319 0.645140553831
5321 0.645136648253
5323 0.645134491255
5325 0.645134188481
5327 0.645131233949
5329 0.645131214926
5331 0.645130799082
5333 0.645130755872
5335 0.64512364748
5337 0.645112153704
5339 0.645095018526
5341 0.64508827878
5361 0.644700542039
5363 0.644698646209
5365 0.644698600013
5367 0.644698366576
5369 0.644697734495
5371 0.644687348346
5373 0.644687296736
5375 0.644677312753
5377 0.644676989496
5379 0.644676468652
5381 0.644676467337
5383 0.644676216238
5385 0.64467621614
5387 0.644676192144
5389 0.644676182415
5391 0.644675484162
5393 0.644675335222
5395 0.644674115936
5397 0.644674003168
5399 0.644671034414
5425 0.642150884375
5427 0.642136424953
5453 0.639915780117
5456 0.639878422684
5458 0.639877150399
5460 0.639877123777
5462 0.639876980081
5464 0.639876978445
5466 0.639874724108
5468 0.639874669758
5470 0.639858675175
5472 0.639856078483
5474 0.639840626382
5476 0.639834492982
5478 0.639830367875
5480 0.639819105957
5482 0.639818868509
5484 0.639807484627
5486 0.639807187782
5488 0.639805840782
5490 0.639803475324
5492 0.639803328381
5494 0.639801931281
5496 0.639801334817
5498 0.639801167898
5524 0.637893209308
5526 0.637893153124
5552 0.635970905201
5554 0.635969079519
5556 0.635965125199
5558 0.635962814373
5560 0.635961964026
5562 0.635961775744
5564 0.635961082348
5566 0.635958712952
5568 0.635953987962
5570 0.635945587682
5572 0.635942530913
5574 0.635933675136
5576 0.635932007609
5578 0.635927326696
5580 0.635927269252
5582 0.635922596897
5584 0.635922596891
5586 0.635922594942
5588 0.635922447949
5590 0.63592242514
5592 0.635922202231
5594 0.63592218305
5596 0.635918323957
5598 0.635902033826
5600 0.63589765661
5602 0.635880977256
5604 0.635879024099
5606 0.635871487072
5608 0.635863643489
5610 0.635850062558
5612 0.635845768246
5614 0.635829545404
5616 0.635829389109
5618 0.635829370073
5620 0.635828723512
5622 0.635828723468
5624 0.635828311634
5626 0.635825829139
5628 0.635810744807
5630 0.635810662297
5632 0.635793128437
5634 0.635791391298
5636 0.635787771536
5638 0.635787671509
5640 0.635785269861
5642 0.63578512597
5644 0.635784902351
5646 0.635784137728
5648 0.635780702774
5650 0.635778949152
5652 0.635775913988
5654 0.635774376197
5656 0.635774112283
5658 0.635772060634
5660 0.635772032372
5662 0.635771878724
5664 0.635771824507
5666 0.635766949062
5668 0.635756336243
5670 0.635742800159
5672 0.635736709121
5674 0.63571853859
5676 0.635716973305
5678 0.635716962982
5680 0.63571662208
5682 0.635715990885
5684 0.635706715304
5686 0.635706663606
5688 0.635697738148
5690 0.635697414163
5692 0.635697064853
5694 0.635697064048
5696 0.635696919049
5698 0.635696918793
5700 0.635696916769
5702 0.635696884509
5704 0.635696055661
5706 0.635695956098
5708 0.635694846093
5710 0.635694770819
5712 0.635691637371
5738 0.63337870497
5740 0.633364102576
5766 0.631323573095
5768 0.631304916801
5770 0.631303254012
5772 0.631303231272
5774 0.631303083123
5776 0.631303080505
5778 0.631300440463
5780 0.631300240476
5782 0.631284968597
5784 0.631282986831
5786 0.631268238537
5788 0.631263016093
5790 0.63125932224
5792 0.631249103721
5794 0.631248959021
5796 0.631238599997
5798 0.631238180126
5800 0.631236837953
5802 0.631235087842
5804 0.631234940415
5806 0.631233969954
5808 0.631233372161
5810 0.631233205012
5836 0.629833761944
5838 0.629833750026
5864 0.628396508399
5866 0.628393951124
5868 0.628390630537
5870 0.628388864166
5872 0.628388488705
5874 0.628388420352
5876 0.628386772429
5878 0.628384926094
5880 0.628381119048
5882 0.628373694483
5884 0.628371331271
5886 0.628363449877
5888 0.628361753182
5890 0.628357037848
5892 0.628356976046
5894 0.628352269665
5896 0.62835226956
5898 0.628352262689
5900 0.628352101676
5902 0.628352087319
5904 0.628351874715
5906 0.628351861828
5908 0.628348572317
5910 0.628332923575
5912 0.628329150003
5914 0.628313108735
5916 0.628311546892
5918 0.628304451375
5920 0.628297956226
5922 0.628284946979
5924 0.628281590943
5926 0.628265978226
5928 0.62826572379
5930 0.628265712618
5932 0.628265216602
5934 0.628265216239
5936 0.628264911731
5938 0.628262416285
5940 0.628247828753
5942 0.628247753458
5944 0.628230743266
5946 0.6282290506
5948 0.628225894969
5950 0.628225791681
5952 0.62822376456
5954 0.6282236226
5956 0.628223501272
5958 0.628223064402
5960 0.628220395063
5962 0.628219133417
5964 0.628216774083
5966 0.628215668572
5968 0.628215426642
5970 0.628213976313
5972 0.628213941595
5974 0.628213905218
5976 0.628213843715
5978 0.628209222493
5980 0.62819919053
5982 0.628186049117
5984 0.62818040144
5986 0.628162671807
5988 0.628161317228
5990 0.628161316704
5992 0.628160889129
5994 0.62816025812
5996 0.628151973405
5998 0.628151921798
6000 0.628143941496
6002 0.628143617191
6004 0.628143372983
6006 0.628143372389
6008 0.62814328744
6010 0.628143287073
6012 0.628143285718
6014 0.62814323142
6016 0.628142315896
6018 0.628142243429
6020 0.6281411948
6022 0.628141140122
6024 0.628137576058
6050 0.626057370861
6052 0.626042279965
6078 0.624202918649
6080 0.624184294953
6082 0.624182240609
6084 0.624182219994
6086 0.624182069004
6088 0.624182065682
6090 0.624179065243
6092 0.62417867304
6094 0.624164091208
6096 0.624162561699
6098 0.624148484436
6100 0.624143972157
6102 0.624140623532
6104 0.624131351158
6106 0.624131266968
6108 0.624121838947
6110 0.62412129836
6112 0.624119958514
6114 0.624118655887
6116 0.624118508682
6118 0.624117837902
6120 0.624117240007
6122 0.624117043088
6148 0.623108651229
6150 0.623108650121
6176 0.62204471338
6178 0.622041542441
6180 0.622038661055
6182 0.622037279904
6184 0.622037146779
6186 0.622037131824
6188 0.622034391373
6190 0.622032972132
6192 0.622029898118
6194 0.622023325993
6196 0.62202150467
6198 0.622014478146
6200 0.622012753113
6202 0.622008003123
6204 0.622007936847
6206 0.622003196114
6208 0.62200319579
6210 0.622003184421
6212 0.62200301451
6214 0.622003004254
6216 0.622002797184
6218 0.622002787343
6220 0.621999981392
6222 0.621984947116
6224 0.621981689025
6226 0.621966259871
6228 0.621965019481
6230 0.621958343061
6232 0.62195294943
6234 0.621940487349
6236 0.62193787576
6238 0.621922848548
6240 0.62192250926
6242 0.621922501699
6244 0.621922101834
6246 0.621922100655
6248 0.621921863576
6250 0.621919387963
6252 0.621905279447
6254 0.621905207166
6256 0.621888703302
6258 0.621887041693
6260 0.621884279114
6262 0.62188417289
6264 0.62188245789
6266 0.62188231762
6268 0.621882262285
6270 0.621882027264
6272 0.621879952421
6274 0.621879035848
6276 0.621877201434
6278 0.621876399036
6280 0.62187616818
6282 0.62187510676
6284 0.621875068383
6286 0.621875067059
6288 0.621875001488
6290 0.621870623299
6292 0.621861137974
6294 0.621848378624
6296 0.621843144412
6298 0.621825843436
6300 0.621824625997
6302 0.621824624988
6304 0.621824131374
6306 0.621823500384
6308 0.621816100034
6310 0.621816048585
6312 0.621808912472
6314 0.621808588046
6316 0.621808409579
6318 0.621808409076
6320 0.621808358375
6322 0.621808357946
6324 0.6218083484
6326 0.6218082765
6328 0.621807306757
6330 0.621807249731
6332 0.621806233346
6334 0.621806190426
6336 0.62180209351
6362 0.619964956834
6364 0.619949386463
6390 0.618319193931
6392 0.618300779577
6394 0.618298349272
6396 0.618298329872
6398 0.618298178316
6400 0.618298174515
6402 0.618294855195
6404 0.618294253088
6406 0.618280330134
6408 0.61827913525
6410 0.618265697899
6412 0.61826174366
6414 0.61825867289
6416 0.618250258644
6418 0.618250212843
6420 0.618241630758
6422 0.618240976151
6424 0.618239637792
6426 0.618238662547
6428 0.618238515846
6430 0.618238055636
6432 0.618237458215
6434 0.618237207032
6460 0.617520996363
6462 0.61752099635
6488 0.616738211492
6490 0.616734563994
6492 0.616731978678
6494 0.61673087413
6496 0.616730845027
6498 0.616730844934
6500 0.616727014061
6502 0.616725940966
6504 0.616723452931
6506 0.616717626172
6508 0.616716227492
6510 0.616709951678
6512 0.616708199033
6514 0.616703414093
6516 0.616703343225
6518 0.616698567788
6520 0.616698567119
6522 0.616698552375
6524 0.616698376645
6526 0.616698368497
6528 0.61669816438
6530 0.616698156055
6532 0.616695760729
6534 0.616681315314
6536 0.616678497723
6538 0.616663655919
6540 0.616662678619
6542 0.616656399833
6544 0.616651907464
6546 0.616639969035
6548 0.616637946895
6550 0.616623481539
6552 0.616623074209
6554 0.616623068414
6556 0.616622731434
6558 0.616622729546
6560 0.616622535922
6562 0.616620090851
6564 0.616606444339
6566 0.616606373733
6568 0.616590359567
6570 0.616588724532
6572 0.616586295482
6574 0.616586186633
6576 0.616584732038
6578 0.61658459323
6580 0.616584575658
6582 0.616584460461
6584 0.61658284738
6586 0.616582174075
6588 0.616580747489
6590 0.616580158707
6592 0.616579933383
6594 0.616579127872
6596 0.616579087537
6598 0.616579080805
6600 0.616579013039
6602 0.61657486711
6604 0.616565896466
6606 0.616553507027
6608 0.6165486584
6610 0.616531774131
6612 0.616530647403
6614 0.616530642543
6616 0.616530100232
6618 0.616529469284
6620 0.616522858453
6622 0.616522807188
6624 0.616516425269
6626 0.616516100843
6628 0.616515964383
6630 0.616515963918
6632 0.616515932941
6634 0.616515932481
6636 0.616515912026
6638 0.616515827204
6640 0.616514824459
6642 0.616514776546
6644 0.616513775471
6646 0.616513739513
6648 0.616509018337
6674 0.614912859484
6676 0.614896831515
6702 0.613473264967
6704 0.613455209934
6706 0.613452434536
6708 0.613452415894
6710 0.613452266137
6712 0.613452261998
6714 0.613448676632
6716 0.613447864822
6718 0.613434570992
6720 0.613433625308
6722 0.613420798298
6724 0.613417285976
6726 0.613414439934
6728 0.613406804119
6730 0.613406781679
6732 0.613398968397
6734 0.613398208841
6736 0.613396871807
6738 0.613396137317
6740 0.613395991226
6742 0.613395678704
6744 0.613395082054
6746 0.613394755086
6765 0.613037892942
6767 0.613037892658
6793 0.612437539973
6795 0.612433656781
6797 0.612431231948
6799 0.612430332018
6801 0.612430328503
6803 0.612430321516
6805 0.612425653546
6807 0.612424858421
6809 0.612422839356
6811 0.612417664821
6813 0.612416595117
6815 0.612410979103
6817 0.612409199481
6819 0.612404379252
6821 0.61240430367
6823 0.61239949316
6825 0.612399492017
6827 0.612399474884
6829 0.612399295167
6831 0.612399288151
6833 0.612399085574
6835 0.612399077994
6837 0.612397031461
6839 0.612383150531
6841 0.612380709652
6843 0.612366431561
6845 0.612365668661
6847 0.612359766968
6849 0.612356013239
6851 0.612344575916
6853 0.612343019341
6855 0.612329093125
6857 0.612328633591
6859 0.612328628701
6861 0.612328333719
6863 0.612328331323
6865 0.612328166366
6867 0.612325755213
6869 0.612312554442
6871 0.612312485069
6873 0.612296944641
6875 0.612295334604
6877 0.612293189161
6879 0.612293077977
6881 0.612291840901
6883 0.612291703349
6885 0.612291701801
6887 0.612291653648
6889 0.612290399323
6891 0.612289898506
6893 0.612288788858
6895 0.612288351479
6897 0.612288128825
6899 0.6122874947
6901 0.612287453369
6903 0.612287423425
6905 0.612287354508
6907 0.612283430476
6909 0.612274944607
6911 0.612262913343
6913 0.612258424269
6915 0.612241945047
6917 0.612240879039
6919 0.612240869816
6921 0.612240292321
6923 0.612239661506
6925 0.612233755665
6927 0.612233704593
6929 0.612227996601
6931 0.612227672263
6933 0.612227563214
6935 0.612227562762
6937 0.612227543283
6939 0.612227542808
6941 0.612227511563
6943 0.612227417661
6945 0.612226395517
6947 0.612226353135
6949 0.612225357268
6951 0.612225325558
6953 0.612219905351
6979 0.610853033036
6981 0.6108365824
7007 0.609609168903
7009 0.609591595204
7011 0.609588517954
7013 0.609588499856
7015 0.60958835405
7017 0.609588349645
7019 0.609584557623
7021 0.609583546845
7023 0.60957085373
7025 0.609570094914
7027 0.609557850118
7029 0.609554690406
7031 0.609552026912
7033 0.609545097332
7035 0.609545088176
7037 0.609537973724
7039 0.609537119337
7041 0.609535783733
7043 0.609535229609
7045 0.609535084162
7047 0.60953487626
7049 0.609534280561
7051 0.609533861095
7053 0.609518514254
7055 0.609518503969
7075 0.60914101453
7077 0.609137262758
7079 0.60913485793
7081 0.609134116152
7083 0.609134113317
7085 0.609134086525
7087 0.609129137788
7089 0.609128563349
7091 0.60912692009
7093 0.609122316688
7095 0.60912150246
7097 0.609116466833
7099 0.609114660781
7101 0.6091098049
7103 0.60910972448
7105 0.609104878517
7107 0.609104876769
7109 0.60910485795
7111 0.609104675337
7113 0.609104668947
7115 0.609104467133
7117 0.609104459881
7119 0.609102709726
7121 0.609089370057
7123 0.609087251599
7125 0.609073514648
7127 0.609072925596
7129 0.60906738135
7131 0.60906423404
7133 0.609053276211
7135 0.609052086268
7137 0.609038677378
7139 0.609038178962
7141 0.609038174547
7143 0.609037908117
7145 0.60903790538
7147 0.609037759727
7149 0.609035383445
7151 0.609022612868
7153 0.609022544575
7155 0.609007462565
7157 0.609005876897
7159 0.609003973126
7161 0.609003859871
7163 0.609002804724
7165 0.609002668244
7167 0.609002666192
7169 0.609002651683
7171 0.609001676151
7173 0.609001298427
7175 0.609000435139
7177 0.60900010576
7179 0.608999884302
7181 0.608999366951
7183 0.608999325146
7185 0.608999266088
7187 0.608999196589
7189 0.608995484489
7191 0.608987455351
7193 0.608975770931
7195 0.608971617078
7197 0.608955531547
7199 0.608954506523
7201 0.608954493462
7203 0.608953890885
7205 0.608953260317
7207 0.608947984084
7209 0.608947933208
7211 0.608942827517
7213 0.608942503338
7215 0.608942412527
7217 0.608942412078
7219 0.6089423994
7221 0.60894239892
7223 0.608942358161
7225 0.608942258036
7227 0.608941225112
7229 0.608941186155
7231 0.608940189354
7233 0.608940160297
7235 0.60893398764
7261 0.607778176789
7263 0.607761350441
7289 0.606714363592
7291 0.606697366108
7293 0.606694038886
7295 0.606694021248
7297 0.606693881179
7299 0.60669387654
7301 0.606689939487
7303 0.606688746176
7305 0.606676626643
7307 0.606676008977
7309 0.606664319626
7311 0.606661443322
7313 0.606658928672
7315 0.606652639904
7317 0.606652637392
7319 0.606646158276
7321 0.606645219373
7323 0.606643885399
7325 0.606643470306
7327 0.606643325509
7329 0.606643192899
7331 0.60664259828
7333 0.606642077694
7335 0.606628873643
7337 0.606628842557
7339 0.606610311769
7341 0.606606865376
7343 0.606604410255
7345 0.606603790072
7347 0.606603785229
7349 0.606603731732
7351 0.606598846725
7353 0.606598445028
7355 0.60659710335
7357 0.606593000616
7359 0.606592384258
7361 0.606587859778
7363 0.606586027763
7365 0.606581135858
7367 0.60658105047
7369 0.60657616867
7371 0.606576166183
7373 0.606576146137
7375 0.606575961296
7377 0.606575955256
7379 0.606575753777
7381 0.606575746619
7383 0.606574248405
7385 0.606561427875
7387 0.606559585618
7389 0.606546368254
7391 0.606545919329
7393 0.606540713768
7395 0.606538065238
7397 0.606527566209
7399 0.606526663963
7401 0.60651375148
7403 0.606513224749
7405 0.606513220583
7407 0.606512973853
7409 0.60651297089
7411 0.606512838469
7413 0.606510497208
7415 0.606498141962
7417 0.606498074693
7419 0.606483436401
7421 0.606481874781
7423 0.606480177399
7425 0.606480062311
7427 0.606479159538
7429 0.606479023968
7431 0.606479009045
7433 0.606479007541
7435 0.606478248705
7437 0.606477959451
7439 0.606477287706
7441 0.606477035911
7443 0.606476814898
7445 0.606476378411
7447 0.606476336408
7449 0.606476248251
7451 0.606476178473
7453 0.606472668735
7455 0.606465070013
7457 0.606453721508
7459 0.606449880127
7461 0.606434177259
7463 0.606433180049
7465 0.606433163942
7467 0.606432543658
7469 0.606431913453
7471 0.606427199584
7473 0.606427148905
7475 0.60642258158
7477 0.606422257624
7479 0.606422179159
7481 0.606422178707
7483 0.606422170121
7485 0.606422169639
7487 0.606422120973
7489 0.606422016647
7491 0.606420978322
7493 0.606420941511
7495 0.606419940007
7497 0.606419912638
7499 0.606412958358
7525 0.605446270602
7527 0.60542912558
7553 0.604543956999
7555 0.604527605711
7557 0.604524085127
7559 0.60452406793
7561 0.604523934961
7563 0.604523930096
7565 0.60451990828
7567 0.604518551451
7569 0.604506979604
7571 0.604506469363
7573 0.604495309985
7575 0.604492663077
7577 0.604490270177
7579 0.604484562929
7581 0.60448456279
7583 0.604478661386
7585 0.604477647957
7587 0.604476315847
7589 0.60447600617
7591 0.604475862017
7593 0.604475781648
7595 0.604475188214
7597 0.604474566745
7599 0.604461523126
7601 0.604461463636
7603 0.604443127546
7605 0.604439914604
7607 0.604437412428
7609 0.604436881518
7611 0.604436874352
7613 0.604436792861
7615 0.604431965522
7617 0.604431696562
7619 0.604430597279
7621 0.60442693395
7623 0.604426470374
7625 0.604422396628
7627 0.60442053905
7629 0.604415610746
7631 0.60441552026
7633 0.604410602243
7635 0.604410598878
7637 0.604410577895
7639 0.604410391245
7641 0.6044103854
7643 0.604410184023
7645 0.604410176822
7647 0.604408892873
7649 0.604396570404
7651 0.604394964977
7653 0.604382246624
7655 0.604381909844
7657 0.604377025058
7659 0.604374787574
7661 0.604364727543
7663 0.604364050091
7665 0.604351613971
7667 0.604351067025
7669 0.604351062984
7671 0.604350830012
7673 0.604350826896
7675 0.604350703684
7677 0.604348397327
7679 0.60433644321
7681 0.60433637694
7683 0.604322168265
7685 0.604320630473
7687 0.604319109743
7689 0.604318993034
7691 0.604318218069
7693 0.604318083268
7695 0.604318046426
7697 0.604318045608
7699 0.604317455238
7701 0.604317230065
7703 0.604316707271
7705 0.604316511643
7707 0.604316290706
7709 0.604315911037
7711 0.604315868977
7713 0.604315754399
7715 0.604315684505
7717 0.604312367942
7719 0.604305174926
7721 0.6042941518
7723 0.604290601616
7725 0.604275270724
7727 0.60427429245
7729 0.604274274049
7731 0.604273641365
7733 0.604273011637
7735 0.604268800128
7737 0.604268749645
7739 0.604264663601
7741 0.604264339927
7743 0.604264269937
7745 0.604264269481
7747 0.604264263405
7749 0.604264262923
7751 0.604264207911
7753 0.604264100775
7755 0.604263060312
7757 0.604263024854
7759 0.604262016336
7761 0.604261990056
7763 0.604254250008
7789 0.603453334004
7791 0.603435934913
7817 0.602692974374
7819 0.602677317357
7821 0.602673661147
7823 0.602673644394
7825 0.602673519477
7827 0.60267351438
7829 0.602669463983
7831 0.602667963257
7833 0.60265691439
7835 0.602656486546
7837 0.602645832896
7839 0.60264337293
7841 0.602641079882
7843 0.602635900402
7845 0.602635899984
7847 0.602630523982
7849 0.602629445387
7851 0.602628115376
7853 0.602627881715
7855 0.602627738194
7857 0.602627691475
7859 0.602627099308
7861 0.602626393161
7863 0.602613509317
7865 0.602613420851
7867 0.602595278128
7869 0.602592245248
7871 0.602589699139
7873 0.602589234525
7875 0.602589224821
7877 0.602589116655
7879 0.602584341466
7881 0.602584171948
7883 0.602583267823
7885 0.602579990535
7887 0.602579644497
7889 0.602575968667
7891 0.602574085859
7893 0.602569120777
7895 0.602569025056
7897 0.602564070441
7899 0.602564066057
7901 0.602564044312
7903 0.602563856129
7905 0.602563850391
7907 0.602563648989
7909 0.602563641661
7911 0.602562540025
7913 0.602550695501
7915 0.602549293348
7917 0.602537054325
7919 0.602536806519
7921 0.602532225415
7923 0.602530327361
7925 0.602520687364
7927 0.602520184652
7929 0.602508205662
7931 0.602507644575
7933 0.602507640589
7935 0.602507417327
7937 0.602507414103
7939 0.602507297385
7941 0.602505025719
7943 0.602493459118
7945 0.602493393832
7947 0.602479601209
7949 0.602478087051
7951 0.602476717863
7953 0.602476599721
7955 0.602475932125
7957 0.60247579797
7959 0.602475732785
7961 0.602475725702
7963 0.602475266323
7965 0.602475087951
7967 0.602474681011
7969 0.602474526381
7971 0.602474305353
7973 0.602473966103
7975 0.602473924056
7977 0.602473786676
7979 0.60247371675
7981 0.60247058454
7983 0.602463773998
7985 0.60245306607
7987 0.602449787175
7989 0.602434817877
7991 0.602433852515
7993 0.602433832443
7995 0.602433191141
7997 0.602432561997
7999 0.602428799278
8001 0.602428748992
8003 0.602425093238
8005 0.602424769901
8007 0.602424705788
8009 0.602424705328
8011 0.602424700823
8013 0.602424700341
8015 0.602424640347
8017 0.602424531344
8019 0.602423490616
8021 0.602423456007
8023 0.602422439082
8025 0.602422413513
8027 0.602413907368
8053 0.601755689626
8055 0.601738105856
8081 0.601118090986
8083 0.601103157671
8085 0.60109942169
8087 0.601099405392
8089 0.601099289096
8091 0.601099283759
8093 0.601095254998
8095 0.601093629418
8097 0.601083079934
8099 0.601082715788
8101 0.601072544767
8103 0.601070238145
8105 0.601068027155
8107 0.601063326695
8109 0.601063324438
8111 0.601058426332
8113 0.601057291142
8115 0.601055963459
8117 0.60105578493
8119 0.601055642029
8121 0.601055616459
8123 0.601055025633
8125 0.601054250123
8127 0.601041525162
8129 0.601041409651
8131 0.601023458828
8133 0.60102056599
8135 0.601017978939
8137 0.601017564083
8139 0.601017551704
8141 0.601017419425
8143 0.601012691372
8145 0.601012593695
8147 0.601011846988
8149 0.601008909218
8151 0.601008653225
8153 0.601005329094
8155 0.601003421329
8157 0.600998419084
8159 0.600998317988
8161 0.600993326388
8163 0.600993320842
8165 0.600993298442
8167 0.600993108921
8169 0.600993103235
8171 0.600992901742
8173 0.600992894236
8175 0.600991947807
8177 0.600980562021
8179 0.600979334521
8181 0.600967556001
8183 0.600967378029
8185 0.600963084301
8187 0.600961467137
8189 0.600952229016
8191 0.600951861284
8193 0.600940320981
8195 0.600939750237
8197 0.600939746267
8199 0.600939529918
8201 0.600939526614
8203 0.600939414531
8205 0.600937177308
8207 0.600925985166
8209 0.600925920852
8211 0.600912531227
8213 0.600911040515
8215 0.600909801619
8217 0.600909682209
8219 0.600909104962
8221 0.60090897135
8223 0.600908873467
8225 0.600908856568
8227 0.600908499059
8229 0.600908355168
8231 0.600908038353
8233 0.600907913912
8235 0.600907692726
8237 0.600907382517
8239 0.600907340513
8241 0.600907184033
8243 0.600907114116
8245 0.600904157787
8247 0.600897707866
8249 0.600887305301
8251 0.600884279063
8253 0.600869661281
8255 0.600868704723
8257 0.600868683459
8259 0.600868036218
8261 0.600867407764
8263 0.600864046
8265 0.60086399591
8267 0.600860724888
8269 0.600860401939
8271 0.60086034193
8273 0.600860341465
8275 0.600860337964
8277 0.600860337483
8279 0.600860273636
8281 0.600860163396
8283 0.60085912335
8285 0.600859089271
8287 0.600858063141
8289 0.600858038043
8291 0.600848806538
8317 0.60031161194
8319 0.600293914996
8345 0.599778806314
8347 0.599764610763
8349 0.599760846725
8351 0.599760830886
8353 0.599760723459
8355 0.599760717876
8357 0.599756753939
8359 0.59975502129
8361 0.599744948658
8363 0.599744634141
8365 0.599734923731
8367 0.599732743695
8369 0.599730600235
8371 0.599726334575
8373 0.599726329649
8375 0.599721866288
8377 0.599720682221
8379 0.599719357079
8381 0.59971921879
8383 0.599719076495
8385 0.599719063745
8387 0.599718474325
8389 0.599717643093
8391 0.599705075938
8393 0.599704936391
8395 0.599687175892
8397 0.599684392845
8399 0.599681767697
8401 0.599681390545
8403 0.59968137542
8405 0.599681222047
8407 0.59967653657
8409 0.59967648796
8411 0.599675868488
8413 0.599673229648
8415 0.599673042289
8417 0.599670029384
8419 0.599668096879
8421 0.599663057083
8423 0.599662950469
8425 0.599657921497
8427 0.599657914642
8429 0.599657891647
8431 0.59965770093
8433 0.599657695268
8435 0.599657493648
8437 0.599657485931
8439 0.599656671709
8441 0.599645726312
8443 0.599644649041
8445 0.599633313003
8447 0.599633189099
8449 0.599629167202
8451 0.599627783003
8453 0.59961892938
8455 0.599618665109
8457 0.599607545807
8459 0.59960696868
8461 0.599606964703
8463 0.599606753321
8465 0.599606749954
8467 0.599606641217
8469 0.599604438169
8471 0.599593607955
8473 0.599593544602
8475 0.599580545399
8477 0.599579077945
8479 0.599577951327
8481 0.599577830794
8483 0.599577329705
8485 0.599577196545
8487 0.59957706323
8489 0.599577035075
8491 0.599576756801
8493 0.599576638542
8495 0.599576391851
8497 0.599576289841
8499 0.599576068485
8501 0.599575779291
8503 0.599575737341
8505 0.599575565143
8507 0.599575495257
8509 0.599572706676
8511 0.599566596816
8513 0.599556490105
8515 0.599553699088
8517 0.59953942304
8519 0.599538472481
8521 0.599538450383
8523 0.599537799097
