26 5.35413357753
52 5.23516079243
78 5.21628525046
102 5.21233596182
128 5.19654272586
154 5.08160732995
178 4.95788819396
204 4.9509219003
206 4.95090866165
213 4.95069351471
239 4.82748172046
253 4.70327045335
259 4.70303646406
261 4.70302712803
263 4.703004563
277 4.57853633499
303 4.4546229332
305 4.45461529648
307 4.4545887661
309 4.45458486485
335 4.33145428197
352 4.20738271984
359 4.20709185456
361 4.207074482
363 4.20705359733
389 4.16816468308
407 4.04389276375
433 4.01708814366
435 4.01707421077
461 3.99945599686
473 3.87491259023
499 3.75084305852
501 3.75083407111
503 3.75081752382
505 3.7508134366
531 3.6303043013
547 3.50624441982
565 3.50403936859
567 3.50402872234
569 3.50400371412
595 3.40590448061
619 3.28215911542
645 3.26331856596
647 3.26330312608
673 3.25988409843
699 3.18127807137
725 3.05880847844
751 3.03137925655
763 3.03055521648
789 3.0214509059
815 2.98316457377
841 2.93636218341
867 2.90865717531
893 2.87949786993
919 2.86149795879
937 2.73653514664
939 2.73652544114
941 2.73651640808
943 2.73650668554
945 2.73650237784
971 2.6136016266
997 2.49594126255
1009 2.49504423176
1035 2.49014462366
1037 2.49012097123
1063 2.45945905717
1089 2.34202987452
1115 2.31903043542
1141 2.31363081761
1167 2.29665664712
1193 2.17289757886
1219 2.08248475852
1221 2.08246480433
1247 2.05953136276
1249 2.05951879604
1275 1.94413676061
1301 1.82053344089
1327 1.81414187641
1329 1.81412250879
1335 1.81394873927
1361 1.76506271371
1387 1.64884483498
1413 1.61976991328
1439 1.61348626568
1465 1.596828363
1491 1.58164180736
1517 1.52740515457
1543 1.51400493734
1569 1.48428321018
1595 1.47270579283
1621 1.38133232922
1639 1.25731243203
1665 1.23551245791
1667 1.23550337067
1693 1.23038115522
1716 1.10633069815
1742 1.0569329821
1744 1.05691366329
1770 1.02755194536
1772 1.02753586775
1798 0.929476817915
1819 0.805612583852
1845 0.786040232788
1847 0.786026077327
1873 0.782336710461
1899 0.776618619026
1925 0.770401805104
1951 0.764160952766
1977 0.752319351651
1979 0.7522914516
2005 0.742019194508
2007 0.742002423939
2033 0.733716073894
2035 0.733703503926
2037 0.733698516502
2039 0.733677704831
2041 0.733674565179
2043 0.733654578406
2045 0.733639686724
2047 0.733636870168
2049 0.733622368015
2051 0.73362094942
2053 0.733609340779
2055 0.733606848286
2057 0.733594001485
2059 0.733593070505
2061 0.733583259684
2063 0.733582781336
2065 0.733568227654
2067 0.733563519755
2069 0.733549925912
2071 0.733548491192
2073 0.733537553264
2099 0.723316454778
2101 0.723309156917
2127 0.716078330039
2129 0.716075380918
2155 0.711545552545
2157 0.71154293839
2159 0.711537404879
2161 0.711536680044
2163 0.711532704552
2165 0.711532373322
2167 0.71151563088
2169 0.711514844125
2171 0.711496130945
2173 0.711496072708
2175 0.711479977995
2179 0.711388606618
2181 0.711383737652
2188 0.711174937597
2190 0.711173642531
2192 0.711146086879
2218 0.708633056745
2220 0.708618841392
2241 0.707684989274
2243 0.70767733861
2245 0.707648100638
2271 0.697220097653
2297 0.680418206812
2323 0.673567941615
2349 0.664233298505
2375 0.660133571141
2377 0.660128945317
2379 0.660123084632
2381 0.660121789734
2383 0.660116109348
2385 0.660115891797
2387 0.660105411406
2389 0.660089275875
2391 0.660073706623
2393 0.660062106365
2395 0.660047659766
2421 0.648811552989
2423 0.648788178864
2449 0.640297447419
2451 0.640277011704
2477 0.634248541405
2479 0.634233508694
2505 0.628428163999
2507 0.628420952608
2531 0.627104347791
2533 0.627100150162
2535 0.627086775953
2537 0.627079606544
2539 0.627059159114
2541 0.627055821438
2543 0.627034140636
2569 0.618514823705
2572 0.618451314401
2598 0.613182777684
2600 0.613160054273
2626 0.610235638908
2652 0.60093006175
2678 0.585294722103
2704 0.576768890846
2730 0.568423763767
2756 0.561101716619
2772 0.560424462381
2774 0.560421055686
2781 0.560217026181
2783 0.560215957685
2786 0.560154888259
2788 0.560149359788
2814 0.543973293054
2816 0.543965293901
2842 0.535131973088
2844 0.535123207
2853 0.534831644973
2855 0.534821588563
2858 0.534762799242
2860 0.534758728421
2862 0.534734687978
2888 0.529072074833
2914 0.522960529132
2940 0.51698877226
2966 0.51120792593
2968 0.511190675072
2994 0.50613606733
2996 0.506128188595
3022 0.502127380588
3024 0.50211896344
3026 0.502116388508
3028 0.502100744742
3030 0.502099209228
3032 0.502084016201
3034 0.502076788709
3036 0.502076052006
3038 0.502068432447
3040 0.502068068136
3042 0.502061963228
3044 0.502061515909
3046 0.502054041245
3048 0.50205394579
3050 0.502048237486
3052 0.502048189026
3054 0.502040823902
3056 0.502040329457
3058 0.502033047301
3060 0.502032912551
3062 0.502027046381
3088 0.499815880149
3090 0.499812412128
3116 0.497961267372
3118 0.497960659013
3144 0.496814760853
3146 0.496814347726
3148 0.496811339768
3150 0.496811304088
3152 0.496809165065
3154 0.496809149122
3156 0.49679902127
3158 0.496798689585
3160 0.496786562116
3162 0.496786561882
3164 0.496776125024
3166 0.496761227312
3168 0.496759251288
3170 0.496734669906
3172 0.496734542193
3174 0.496711468598
3176 0.496694589226
3178 0.496688095166
3180 0.496661073705
3182 0.49665917176
3184 0.496632908522
3210 0.494547325432
3236 0.489515562332
3262 0.48804856793
3288 0.485341529291
3308 0.484664045286
3310 0.484662373334
3312 0.484656483049
3314 0.484656360313
3316 0.484650657721
3318 0.484650604395
3320 0.484645404238
3322 0.484637125028
3324 0.484627649397
3326 0.484623340477
3328 0.484614263093
3354 0.481177050875
3356 0.481156661753
3382 0.478317961524
3384 0.478301909136
3410 0.476268131425
3412 0.476260835098
3414 0.476230909811
3416 0.476227956397
3418 0.476201243026
3420 0.476199723236
3422 0.476190883509
3424 0.476188810799
3426 0.476173755144
3428 0.476173526007
3430 0.476157087408
3456 0.474973892079
3458 0.474953200203
3480 0.474152766662
3482 0.474140732831
3485 0.474080718677
3511 0.468534737662
3537 0.463940483198
3563 0.458764989376
3589 0.456324686075
3615 0.451917076553
3617 0.45190015418
3619 0.451898670392
3621 0.451873749884
3623 0.451873451584
3625 0.451846921225
3627 0.451846007687
3653 0.447250543167
3655 0.447247159256
3681 0.444763074922
3683 0.444757947317
3685 0.444737756593
3687 0.444734381962
3689 0.444713039461
3691 0.44471264776
3693 0.444695336962
3719 0.439535466075
3745 0.433978533828
3771 0.428683595479
3797 0.426133520889
3799 0.426122532984
3825 0.423775644854
3827 0.423772206584
3853 0.421914562808
3855 0.421909033486
3857 0.421907692146
3859 0.421895881481
3861 0.421895141131
3863 0.421883528547
3865 0.421880095683
3867 0.421879901876
3869 0.421875853427
3871 0.421875761119
3873 0.421872514407
3875 0.421872404503
3877 0.421868049373
3879 0.421868045059
3881 0.421864720191
3883 0.421864718153
3885 0.421861043682
3887 0.421860982711
3889 0.421857054253
3891 0.421856112985
3893 0.421852945699
3895 0.42183350593
3897 0.421831691585
3905 0.421610352618
3907 0.42161024104
3909 0.421580833832
3911 0.421580721864
3913 0.421579082523
3915 0.421579082087
3917 0.421577933085
3919 0.421577932826
3921 0.421571883672
3923 0.421571700978
3925 0.421563794989
3927 0.421563777785
3929 0.421556970132
3931 0.42154528271
3933 0.421544004436
3935 0.421523443715
3937 0.421523429891
3939 0.421504125658
3941 0.421489564618
3943 0.421485998779
3945 0.421461848371
3947 0.421461434681
3949 0.421437938779
3951 0.421418220539
3977 0.419946390609
3979 0.419919796369
3994 0.419435562217
3996 0.419408776311
3998 0.419407843128
4000 0.419401920639
4002 0.419401919641
4004 0.419396191973
4006 0.419395936248
4008 0.419393523811
4010 0.419388879195
4012 0.419383032227
4014 0.419381531185
4016 0.419375709339
4040 0.418540771225
4042 0.418523467156
4068 0.417550434623
4070 0.417538001635
4079 0.417284392388
4081 0.417280426047
4083 0.41725349658
4085 0.417252303665
4087 0.417228360628
4089 0.417227891901
4091 0.417222206846
4093 0.417221308763
4095 0.417210241318
4097 0.417210237697
4099 0.417197741477
4101 0.417181447726
4103 0.417167945846
4105 0.417140222298
4107 0.417134581118
4109 0.417106346306
4135 0.41402909093
4161 0.412649596211
4187 0.409657008764
4198 0.409324246894
4224 0.406761479215
4226 0.406746831974
4228 0.406746131527
4230 0.406724118787
4232 0.406724059116
4234 0.406700819301
4236 0.406700807005
4262 0.405440764028
4264 0.405439284442
4273 0.405177167227
4275 0.405174015058
4277 0.405157926822
4279 0.4051570582
4281 0.405140050827
4283 0.405139818801
4285 0.405126355258
4311 0.400782312289
4337 0.396073214187
4363 0.391682910428
4389 0.390632160596
4391 0.390624796487
4417 0.389556423147
4419 0.389555045414
4442 0.388814880774
4444 0.388811349332
4446 0.388810642484
4448 0.388801696531
4450 0.38880134722
4452 0.388792429759
4454 0.38879085379
4456 0.38879080228
4458 0.388788620872
4460 0.388788598126
4462 0.388786846794
4464 0.38878680414
4466 0.388784264904
4468 0.388784264304
4470 0.388782326849
4472 0.388782326457
4474 0.388780549074
4476 0.388780396801
4478 0.388778273336
4480 0.38877748131
4482 0.388775768326
4484 0.388760153094
4486 0.388759152085
4488 0.388730745353
4490 0.388730742648
4492 0.388702793159
4494 0.388702736276
4496 0.388701840745
4498 0.38870183329
4500 0.388701218049
4502 0.388701214386
4504 0.388697663825
4506 0.388697544527
4508 0.388692355104
4510 0.388692316487
4512 0.388687845373
4514 0.38867872782
4516 0.388677854148
4518 0.388660623769
4520 0.38866062078
4522 0.3886444405
4524 0.388632017568
4526 0.38862926222
4528 0.388607800126
4530 0.388607615977
4532 0.388586713316
4534 0.38856970476
4536 0.388540367622
4538 0.388515629685
4540 0.388487521474
4542 0.388462232155
4544 0.388461495115
4546 0.388455540895
4548 0.388455537949
4550 0.388449784828
4552 0.388449455187
4554 0.388448464586
4556 0.388445390985
4558 0.388441736465
4560 0.388441183671
4562 0.388437370598
4564 0.388422119469
4566 0.388407957398
4568 0.388381483033
4570 0.388371787608
4572 0.388342897205
4574 0.388340604106
4576 0.388316362348
4578 0.388315912939
4580 0.388294449549
4582 0.388294350287
4584 0.388290814109
4586 0.388290142138
4588 0.388282002081
4590 0.388281971235
4592 0.388272422284
4594 0.388257198761
4596 0.388248435881
4598 0.388222077029
4600 0.388219830627
4602 0.388192964248
4628 0.386602037468
4633 0.386479245773
4659 0.384812556745
4661 0.384785279684
4687 0.383315839455
4689 0.383303709404
4691 0.383303350548
4693 0.383284359289
4695 0.383284356275
4697 0.383264160794
4699 0.383264006901
4701 0.383236266035
4703 0.383235625241
4705 0.383207120641
4707 0.383205074259
4709 0.383191643176
4711 0.383191510158
4713 0.383177174005
4715 0.383175342819
4717 0.383164188312
4743 0.379755420695
4769 0.375992347143
4795 0.372545907822
4797 0.372527073972
4799 0.372521288397
4801 0.372493624883
4803 0.372492792593
4805 0.372463641932
4807 0.372461496435
4809 0.372461118039
4811 0.372454355102
4813 0.372454195573
4815 0.372447345549
4817 0.372446659988
4819 0.372446646
4821 0.372445448986
4823 0.372445443687
4825 0.372444481368
4827 0.372444455657
4829 0.372442974502
4831 0.372442971154
4833 0.37244184192
4835 0.372441839999
4837 0.372441009271
4839 0.372440767805
4841 0.372439605561
4843 0.37243893951
4845 0.372438001339
4847 0.372423451565
4849 0.372422840181
4851 0.372395831911
4853 0.372395816119
4855 0.372369248127
4857 0.372369204546
4859 0.372368713934
4861 0.372368702565
4863 0.372368374632
4865 0.372368369111
4867 0.37236633456
4869 0.372366244056
4871 0.372362810103
4873 0.372362755715
4875 0.372359795171
4877 0.372352730096
4879 0.37235209737
4881 0.372337630308
4883 0.372337598462
4885 0.372324011387
4887 0.372313435883
4889 0.372311283824
4891 0.372292195348
4893 0.372292134269
4895 0.372273523618
4897 0.372257709936
4899 0.372229779379
4901 0.37220645268
4903 0.372179706317
4905 0.372155825458
4907 0.3721551729
4909 0.372149188132
4911 0.372149179046
4913 0.372143400614
4915 0.372143031494
4917 0.372142711369
4919 0.372140166868
4921 0.372137848871
4923 0.37213750056
4925 0.372134942252
4927 0.37212055611
4929 0.372109180506
4931 0.372083803165
4933 0.372076273129
4935 0.372048508527
4937 0.37204707558
4939 0.372025248521
4941 0.372025096688
4943 0.372005855294
4945 0.372005850565
4947 0.372003734811
4949 0.372003209457
4951 0.371997194346
4953 0.371997125574
4955 0.371989759642
4957 0.371975580861
4959 0.371969723458
4961 0.371944709296
4963 0.371944025874
4965 0.371918508126
4976 0.371603448729
4978 0.371574076632
5004 0.370550811883
5006 0.3705243901
5032 0.369593420305
5034 0.369583482801
5036 0.36958327851
5038 0.36956696085
5040 0.369566956883
5042 0.369549430429
5044 0.369548965497
5046 0.369522637336
5048 0.369522328741
5050 0.369495227704
5052 0.369493726668
5054 0.369482479883
5056 0.369482475503
5058 0.369470351464
5060 0.369466287264
5062 0.369457031897
5088 0.366936830594
5114 0.364063723178
5140 0.36146872402
5142 0.361450614974
5144 0.361445810653
5146 0.361418985401
5148 0.361418487419
5150 0.361390184842
5152 0.361388946827
5154 0.361388739912
5156 0.361383592882
5158 0.361383523612
5160 0.361378217404
5162 0.361377944765
5164 0.361377940795
5166 0.361377268291
5168 0.361377267196
5170 0.361376725634
5172 0.361376705072
5174 0.361375840782
5176 0.361375835867
5178 0.361375177634
5180 0.361375174859
5182 0.361374806271
5184 0.361374498482
5186 0.361373851213
5188 0.361373255742
5190 0.361372732872
5192 0.361359183225
5194 0.361358765968
5196 0.361333083299
5198 0.361333026672
5200 0.361307768769
5202 0.361307728901
5204 0.361307459084
5206 0.36130744635
5208 0.361307272653
5210 0.361307266486
5212 0.361306139197
5214 0.36130606228
5216 0.361303767992
5218 0.361303703625
5220 0.361301724211
5222 0.361296292981
5224 0.361295807593
5226 0.361283636408
5228 0.361283564886
5230 0.361272133126
5232 0.361263153018
5234 0.361261442221
5236 0.361244451657
5238 0.361244442375
5240 0.361227859457
5242 0.361213160406
5244 0.361186567768
5246 0.361164568567
5248 0.361139117414
5250 0.361116563064
5252 0.361115948001
5254 0.361109933848
5256 0.361109920644
5258 0.361104117189
5260 0.361103727615
5262 0.361103669901
5264 0.361101549546
5266 0.361100042586
5268 0.361099835472
5270 0.361098061295
5272 0.361084494973
5274 0.361075338142
5276 0.361051009779
5278 0.361045175356
5280 0.361018489535
5282 0.361017516657
5284 0.360997860675
5286 0.360997819503
5288 0.360980570429
5290 0.360980561328
5292 0.360979363406
5294 0.360978934857
5296 0.360974466364
5298 0.360974359298
5300 0.360968618636
5302 0.360955492705
5304 0.360951001199
5306 0.360927350362
5308 0.36092716553
5310 0.360903011846
5312 0.360885588644
5314 0.360856821413
5316 0.360828649973
5318 0.360803351791
5327 0.360556319066
5329 0.360548266032
5331 0.36054813438
5333 0.360534177941
5335 0.360534159658
5337 0.360518999697
5339 0.360518272166
5341 0.360493283564
5343 0.36049311562
5345 0.360467346322
5347 0.360466130567
5349 0.360456698269
5351 0.360456697618
5353 0.360446424121
5355 0.360440193182
5357 0.36043251387
5383 0.358658678197
5409 0.356536451842
5435 0.354639945622
5437 0.354622532035
5439 0.354618513145
5441 0.354592498226
5443 0.35459222349
5445 0.354564742515
5447 0.354564080695
5449 0.354563964329
5451 0.354560017819
5453 0.354559990128
5455 0.354555841995
5457 0.354555750029
5459 0.354555748804
5461 0.354555359515
5463 0.354555359348
5465 0.354555045208
5467 0.354555026369
5469 0.354554521844
5471 0.354554516285
5473 0.354554132591
5475 0.354554129466
5477 0.354553979296
5479 0.354553625231
5481 0.354553256559
5483 0.354552701279
5485 0.354552403216
5487 0.354539791922
5489 0.354539476373
5491 0.354515050377
5493 0.354514954731
5495 0.354490939185
5497 0.354490900389
5499 0.354490751212
5501 0.354490738053
5503 0.354490646839
5505 0.354490640474
5507 0.354490045507
5509 0.354489974971
5511 0.354488424512
5513 0.354488354259
5515 0.354487015524
5517 0.354482879428
5519 0.354482486376
5521 0.354472224835
5523 0.354472114991
5525 0.354462476518
5527 0.354454872616
5529 0.354453487293
5531 0.354438351959
5533 0.354438351139
5535 0.354423563048
5537 0.354409904037
5539 0.354384584316
5541 0.354363834185
5543 0.354339615082
5545 0.354318310332
5547 0.354317711762
5549 0.354311669146
5551 0.354311653715
5553 0.354305825469
5555 0.354305425161
5557 0.354305425118
5559 0.354303645791
5561 0.354302637609
5563 0.354302524652
5565 0.354301249009
5567 0.354288459711
5569 0.354281071968
5571 0.354257746811
5573 0.354253238847
5575 0.354227586855
5577 0.354226870202
5579 0.354209166973
5581 0.354209160771
5583 0.354193698541
5585 0.354193656585
5587 0.354193032362
5589 0.354192668731
5591 0.354189329221
5593 0.354189187909
5595 0.354184663909
5597 0.354172640288
5599 0.354168777635
5601 0.354146569107
5603 0.354146492103
5605 0.354123777915
5607 0.354108091897
5609 0.354080530478
5611 0.354054552277
5613 0.354030384008
5615 0.354000960801
5617 0.353994470357
5619 0.353994374808
5621 0.353982434537
5623 0.353982402331
5625 0.353969276092
5627 0.353968366563
5629 0.353944647926
5631 0.353944543578
5633 0.35392003807
5635 0.353918978882
5637 0.353911065819
5639 0.353911064657
5641 0.353902350953
5643 0.353894386049
5645 0.353888022826
5671 0.352689461545
5697 0.351156499054
5723 0.349797748377
5725 0.349781002623
5727 0.349777614683
5729 0.34975238351
5731 0.349752250531
5733 0.349725565798
5735 0.349725252917
5737 0.349725185079
5739 0.349722134099
5741 0.349722124556
5743 0.349718849445
5745 0.349718827958
5747 0.349718827521
5749 0.34971859372
5751 0.349718593712
5753 0.349718404575
5755 0.349718386324
5757 0.349718091694
5759 0.349718085899
5761 0.349717862251
5763 0.349717858995
5765 0.349717806525
5767 0.349717420801
5769 0.349717204743
5771 0.349716672364
5773 0.349716497535
5775 0.349704766344
5777 0.349704506333
5779 0.349681271915
5781 0.349681145996
5783 0.349658308728
5785 0.349658270229
5787 0.349658187153
5789 0.349658173872
5791 0.349658126539
5793 0.349658120119
5795 0.349657828473
5797 0.349657760704
5799 0.349656698771
5801 0.349656625189
5803 0.349655707468
5805 0.349652592848
5807 0.34965225889
5809 0.349643587638
5811 0.349643445156
5813 0.349635300476
5815 0.349628882158
5817 0.349627738986
5819 0.349614245182
5821 0.349614227698
5823 0.349601029123
5825 0.349588340782
5827 0.349564232435
5829 0.349544657954
5831 0.349521611063
5833 0.349501483775
5835 0.349500892014
5837 0.349494821679
5839 0.349494805137
5841 0.349488952303
5843 0.349488546088
5845 0.349488508555
5847 0.349487004308
5849 0.349486307609
5851 0.349486254138
5853 0.349485301363
5855 0.349473248583
5857 0.349467273323
5859 0.349444907856
5861 0.349441436272
5863 0.349416775246
5865 0.349416206784
5867 0.349400260464
5869 0.34940026045
5871 0.349386401103
5873 0.349386323935
5875 0.349386040168
5877 0.349385720638
5879 0.34938320797
5881 0.349383037893
5883 0.349379430063
5885 0.349368438996
5887 0.349365068542
5889 0.349344228862
5891 0.349344206899
5893 0.349322860324
5895 0.349307639142
5897 0.349281254604
5899 0.349255842934
5901 0.349232775316
5903 0.349203948997
5905 0.349198744878
5907 0.349198668136
5909 0.349188441713
5911 0.349188399051
5913 0.349177013201
5915 0.349175987776
5917 0.349153473003
5919 0.349153399437
5921 0.349130093364
5923 0.349129123441
5925 0.349122488568
5927 0.349122450102
5929 0.349115057216
5931 0.349105910097
5933 0.349100649376
5947 0.348695962432
5973 0.347548558152
5999 0.346537437107
6001 0.346521333014
6003 0.346518453809
6005 0.346493980886
6007 0.346493930471
6009 0.346468017515
6011 0.346467899592
6013 0.346467858252
6015 0.346465478239
6017 0.346465475844
6019 0.346462862357
6021 0.346462861172
6023 0.346462860981
6025 0.346462714278
6027 0.346462714273
6029 0.346462595256
6031 0.346462577197
6033 0.346462405061
6035 0.346462399186
6037 0.346462268844
6039 0.346462265543
6041 0.34646225238
6043 0.346461844893
6045 0.346461713754
6047 0.346461194176
6049 0.346461087973
6051 0.346450181933
6053 0.346449953105
6055 0.346427848632
6057 0.346427700956
6059 0.346405981221
6061 0.346405942791
6063 0.346405896071
6065 0.346405882761
6067 0.346405858604
6069 0.346405852173
6071 0.346405725578
6073 0.346405658715
6075 0.34640491997
6077 0.346404844569
6079 0.346404205542
6081 0.346401891655
6083 0.346401596121
6085 0.346394250816
6087 0.346394082218
6089 0.346387183338
6091 0.346381784795
6093 0.346380823334
6095 0.346368782694
6097 0.346368735121
6099 0.346356944912
6101 0.346345162577
6103 0.346322207115
6105 0.346303739378
6107 0.346281807822
6109 0.346262790183
6111 0.346262200706
6113 0.346256103214
6115 0.346256086143
6117 0.346250208863
6119 0.346249799116
6121 0.346249686442
6123 0.346248404822
6125 0.34624790599
6127 0.346247886706
6129 0.346247147054
6131 0.346235792355
6133 0.346230946429
6135 0.346209499129
6137 0.346206836005
6139 0.346183124923
6141 0.346182644977
6143 0.346168279616
6145 0.346168276198
6147 0.346155854825
6149 0.346155748257
6151 0.346155648975
6153 0.346155359661
6155 0.346153454774
6157 0.346153261404
6159 0.346150347794
6161 0.346140309157
6163 0.34613734759
6165 0.346117787907
6167 0.346117786832
6169 0.346097720516
6171 0.346082950379
6173 0.346057692674
6175 0.346032834195
6177 0.346010817923
6179 0.345982575533
6181 0.34597842752
6183 0.345978360883
6185 0.345969592259
6187 0.345969542477
6189 0.345959647515
6191 0.345958551875
6193 0.345937178183
6195 0.34593712049
6197 0.345914952845
6199 0.345914035496
6201 0.345908492728
6203 0.345908198189
6205 0.34590193879
6207 0.345893050486
6209 0.345888723888
6211 0.345866788677
6237 0.344975201899
6251 0.344571617252
