26    5.34093266129
52    5.25243752412
78    5.22541962869
104    5.20246031682
130    5.18357674463
156    5.08050187461
158    5.08050187453
184    5.06560950108
210    5.01589598225
231    4.89305631562
255    4.76934306405
281    4.74018259955
307    4.72400311932
309    4.72399099087
311    4.72398656144
337    4.71531069081
363    4.59938089464
365    4.59938089464
391    4.59393612762
417    4.470070339
443    4.37410941415
445    4.37410941373
447    4.37409596923
449    4.37408587634
475    4.35490203487
477    4.35490203443
479    4.35489638073
505    4.34848954211
507    4.34848954211
533    4.34209186043
559    4.21823881013
585    4.14015887956
611    4.01820451325
613    4.01819680688
615    4.01819105519
641    3.99164847148
654    3.99078610105
656    3.99078367525
682    3.9777699652
684    3.9777699652
710    3.96635377681
732    3.84216685782
758    3.82081308002
784    3.70614194078
786    3.70613822447
788    3.70613574126
814    3.68805627927
840    3.68116876822
842    3.68116829064
868    3.56795442982
870    3.56795442982
896    3.56047244119
908    3.43587472201
930    3.31283241673
956    3.22394221311
958    3.22393986067
960    3.22393884078
962    3.22392693221
988    3.20082119467
990    3.20082111893
1016    3.08169743425
1018    3.08169743425
1042    3.07844991309
1068    2.95524618129
1094    2.83389087429
1120    2.76114794872
1129    2.76078777372
1131    2.76077292813
1142    2.76023093881
1168    2.73192043106
1170    2.73191133791
1196    2.68352761947
1198    2.68352761947
1224    2.65515510389
1250    2.59265056662
1276    2.47407926917
1302    2.37752074164
1328    2.34807540196
1354    2.33475378615
1376    2.33209418753
1402    2.31323425657
1428    2.30741065674
1454    2.29716757505
1456    2.29716757505
1482    2.28647666903
1508    2.16711171418
1534    2.04532924708
1560    1.99836115306
1583    1.99544581914
1585    1.99542840689
1599    1.99440825388
1625    1.96572362858
1627    1.96571241867
1653    1.87996440986
1655    1.87996440986
1681    1.85610914243
1707    1.8334378706
1733    1.71342287169
1759    1.58959341909
1785    1.5710738902
1811    1.55603971897
1830    1.55407269176
1832    1.55406676134
1858    1.54222698874
1882    1.41857516108
1884    1.41857516108
1886    1.41856177728
1912    1.29534320165
1938    1.20296276592
1964    1.08600784944
1973    1.08564398103
1975    1.08562888503
2001    1.06455225275
2027    1.05974734627
2029    1.05973676462
2047    0.935306946074
2049    0.935306814711
2051    0.935298148153
2077    0.923605425464
2103    0.919074307438
2129    0.91106604431
2150    0.910290879477
2176    0.904976839068
2202    0.903347025364
2204    0.90334686757
2208    0.903280155424
2234    0.899494988036
2236    0.899485866008
2238    0.899485643328
2264    0.896929622676
2290    0.895586725749
2292    0.895583682122
2294    0.895582173932
2317    0.894958741233
2319    0.8949374055
2321    0.894937405369
2328    0.894770744251
2330    0.894763487906
2356    0.891161575062
2358    0.891160695427
2360    0.891157688327
2362    0.891155421721
2378    0.890629955419
2380    0.890629066174
2382    0.890627950399
2408    0.885228194971
2410    0.885228194971
2436    0.880359878415
2438    0.880354547144
2464    0.871954143316
2466    0.871932500199
2468    0.871931324502
2470    0.871930444391
2496    0.869221745736
2498    0.869203661465
2500    0.869203534975
2526    0.859808649657
2528    0.859808649599
2554    0.851529590375
2556    0.851526381224
2582    0.837713595219
2586    0.837644650992
2588    0.837644523367
2590    0.837644437934
2616    0.826586784197
2618    0.826568318969
2620    0.826568068819
2627    0.826406892418
2629    0.826406892309
2632    0.826362868123
2634    0.826361389355
2636    0.826353546893
2662    0.821301149687
2664    0.821301137401
2666    0.821301132027
2668    0.821295755219
2694    0.820105251457
2696    0.820105071578
2698    0.820093259118
2700    0.820093258823
2702    0.820085449333
2704    0.82008148997
2706    0.820066055911
2732    0.809772226464
2734    0.809766306744
2736    0.809761549577
2738    0.809749266845
2764    0.805902455572
2766    0.805900058644
2792    0.790053010023
2794    0.790053009367
2820    0.780933911109
2846    0.778955771777
2849    0.778912338863
2875    0.775253516538
2901    0.774058128081
2912    0.77380629633
2914    0.7737950421
2928    0.773366204957
2933    0.773275323801
2959    0.765100924295
2961    0.765100924134
2987    0.755421813449
2989    0.755407821972
2991    0.755394740268
3017    0.739350223404
3019    0.73934242584
3021    0.73933567478
3023    0.739324824838
3049    0.729996121749
3051    0.729992853047
3077    0.724739808593
3079    0.724739807848
3105    0.723000180383
3131    0.714620569811
3133    0.714605757555
3135    0.714604223441
3161    0.707580013966
3187    0.70231933585
3189    0.702306355774
3191    0.702305752117
3217    0.698398921336
3219    0.698391992972
3221    0.698391992919
3223    0.698377182553
3225    0.69837368055
3251    0.693839060593
3253    0.693821559634
3255    0.693815517768
3257    0.69381066118
3279    0.692930766048
3281    0.69291570015
3283    0.692911768775
3285    0.692903806661
3287    0.692903687927
3289    0.692900852252
3315    0.690033582273
3317    0.690014694251
3343    0.687906866798
3345    0.687894269989
3371    0.68645420748
3373    0.686438888833
3375    0.686438767631
3377    0.686420444921
3379    0.686410779385
3381    0.686405805735
3383    0.686405618162
3385    0.686384982158
3387    0.686364853592
3389    0.686363762068
3391    0.686362421137
3393    0.686342756656
3395    0.686335723506
3397    0.686335723321
3399    0.68631773896
3401    0.686314895582
3403    0.686294642929
3405    0.686291800767
3407    0.686290941272
3409    0.68629029324
3411    0.686271263878
3413    0.686268395416
3415    0.686268177153
3441    0.680950844959
3443    0.680950844959
3469    0.676476152535
3471    0.676473711142
3496    0.675596875101
3498    0.675578870456
3500    0.675578675725
3502    0.67557852993
3504    0.675558146075
3506    0.675543107419
3508    0.675543101431
3534    0.668606057608
3536    0.66860605724
3562    0.662461142804
3564    0.662459250716
3590    0.654072942953
3592    0.654056535073
3594    0.654056492224
3596    0.654056463599
3622    0.647569062833
3624    0.647554255436
3626    0.647553113514
3628    0.647538903178
3630    0.647538903103
3632    0.647521912977
3634    0.647521024141
3636    0.647517371872
3638    0.64749761811
3640    0.647497557
3642    0.647497530249
3644    0.647495034947
3646    0.6474763415
3648    0.64747612715
3650    0.64746705791
3652    0.647467057637
3654    0.647461327389
3656    0.647460357329
3658    0.647449920604
3684    0.645927537317
3686    0.645925191085
3688    0.645923305652
3690    0.645915097548
3704    0.645559595683
3706    0.645558864512
3732    0.640935182956
3734    0.640935182071
3760    0.637915667239
3762    0.637905812668
3764    0.637889681981
3766    0.637870184708
3768    0.637851844404
3770    0.637834083464
3772    0.637825179842
3774    0.637810415168
3776    0.637790621411
3802    0.631533785689
3804    0.631533785372
3830    0.623852272018
3832    0.623844715709
3834    0.623838886039
3860    0.618503340644
3862    0.61850015026
3864    0.618497389387
3866    0.618492582027
3892    0.615449870469
3894    0.61544912496
3896    0.615429318359
3898    0.615429317161
3907    0.615217244142
3933    0.612964559429
3935    0.612951615781
3937    0.612951272129
3963    0.610772643925
3989    0.609183984166
3991    0.609175016091
3993    0.609171767943
4019    0.608005313202
4021    0.608002869739
4023    0.608002869667
4025    0.60799217158
4027    0.607991440198
4029    0.607971178672
4031    0.607957503404
4033    0.607954805036
4035    0.607952635807
4037    0.607933401547
4039    0.607921715496
4041    0.60791984837
4043    0.607916451934
4045    0.607916345145
4047    0.607915511129
4069    0.607369568102
4071    0.607355202195
4087    0.606982932325
4089    0.606973567985
4098    0.606788743639
4100    0.606775692575
4102    0.606775584672
4104    0.606759655126
4106    0.606751227793
4108    0.606748514058
4110    0.606748226177
4112    0.60672938111
4114    0.606710999382
4116    0.606710684771
4118    0.606709523473
4120    0.60669156907
4122    0.606686436061
4124    0.606686435875
4126    0.606671379912
4128    0.606669974651
4130    0.606652144942
4132    0.606646625538
4134    0.60664638861
4136    0.606646209955
4138    0.606629449304
4140    0.606623885347
4142    0.606623867701
4168    0.601758364569
4170    0.601758364569
4196    0.597666144488
4198    0.597664562362
4200    0.597643130696
4202    0.597628668911
4204    0.597628630485
4206    0.597628601712
4208    0.597608037376
4210    0.597595937368
4212    0.597595867509
4238    0.592486954905
4240    0.592486954005
4266    0.587904545188
4268    0.587902750872
4294    0.583007584949
4296    0.582994274146
4298    0.582994112861
4300    0.58299400526
4326    0.579277278089
4328    0.579265264562
4330    0.579263472927
4332    0.579252238154
4334    0.579252238102
4336    0.579238348486
4338    0.579237505858
4340    0.579235817482
4342    0.579218170864
4344    0.579218101553
4346    0.579218071205
4348    0.579216917227
4350    0.579200218605
4352    0.579199997139
4354    0.579193009517
4356    0.579193009265
4358    0.579188820656
4360    0.579188617357
4362    0.579181588838
4365    0.579137091026
4367    0.579135898667
4369    0.579134940396
4371    0.579129492015
4373    0.579108260408
4375    0.579107993067
4401    0.577912891678
4403    0.577912890945
4429    0.576868680442
4431    0.576860103665
4433    0.576847142607
4435    0.576834043001
4437    0.576817388105
4439    0.57680125895
4441    0.576794545827
4443    0.576785122271
4445    0.576767018342
4471    0.5723016351
4473    0.572301634672
4499    0.566467985683
4501    0.566463498262
4503    0.566461404443
4529    0.564796008581
4531    0.56479466295
4533    0.564793498636
4535    0.564791794537
4561    0.563839008196
4563    0.563838928143
4565    0.563826260646
4567    0.563826259214
4569    0.56380529646
4571    0.563783365432
4573    0.563772941842
4575    0.563772527989
4601    0.562943077776
4620    0.562507007873
4622    0.562500563025
4624    0.562496879965
4626    0.562475061602
4628    0.562474388757
4630    0.562474388689
4632    0.562467377243
4634    0.562467285732
4636    0.562449315817
4638    0.562438641304
4640    0.562437330167
4642    0.56243627609
4644    0.562419199271
4646    0.562410131816
4648    0.562409194696
4650    0.562407646933
4652    0.562407551226
4654    0.562407356586
4656    0.562394394644
4658    0.562381922099
4660    0.562363852636
4662    0.562355769454
4664    0.56233514301
4666    0.562324099645
4668    0.562324003756
4670    0.562310222291
4672    0.56230289298
4674    0.562301321866
4676    0.562300947782
4678    0.562283728087
4680    0.562266931776
4682    0.562266877875
4684    0.562265835543
4686    0.562249434307
4688    0.562245741512
4690    0.562245741324
4692    0.562233074118
4694    0.562232256633
4696    0.562216552401
4698    0.562208058786
4700    0.562208002083
4702    0.562207959324
4704    0.562193191814
4706    0.562184636789
4708    0.562184633513
4734    0.55794544544
4736    0.55794544544
4762    0.554309014455
4764    0.554307783455
4766    0.554286317615
4768    0.554274987792
4770    0.554274984108
4772    0.55427498135
4774    0.554254372513
4776    0.554244880579
4778    0.554244744818
4804    0.55052626854
4806    0.550526267097
4832    0.547105515495
4834    0.547103455044
4860    0.544286436472
4862    0.544275636932
4864    0.544275441566
4866    0.544275311336
4892    0.542156809812
4894    0.542147067919
4896    0.542144915302
4898    0.542136045691
4900    0.542136045654
4902    0.542124667561
4904    0.542123833119
4906    0.542123054171
4908    0.542107285279
4910    0.542107214674
4912    0.542107183755
4914    0.542106651165
4916    0.542091730439
4918    0.542091507486
4920    0.542086105299
4922    0.542086105066
4924    0.542083058825
4926    0.542083038307
4928    0.542078319424
4930    0.542056946186
4932    0.542056281299
4934    0.542055746918
4936    0.542052139358
4938    0.542031339468
4940    0.542031252079
4942    0.542017081351
4944    0.542017080846
4958    0.541690016866
4960    0.541682624061
4962    0.541672485364
4964    0.541664010896
4966    0.541648958664
4968    0.541634381376
4970    0.541629550203
4972    0.54162387015
4974    0.541607382195
5000    0.538604709529
5002    0.538604709056
5028    0.534301759284
5030    0.534298779451
5032    0.534298288625
5041    0.53410861364
5043    0.534107933786
5045    0.534107345517
5047    0.534106962285
5050    0.534062856623
5052    0.534062856149
5054    0.534051383819
5056    0.534051382355
5058    0.534032061046
5060    0.534022080653
5062    0.534013907644
5064    0.53401329511
5066    0.533992236663
5068    0.533971438769
5070    0.533966862837
5072    0.533963745863
5074    0.533942890383
5076    0.533942809774
5078    0.53394280971
5080    0.533937977879
5082    0.533937974884
5084    0.533922031097
5086    0.533913694594
5088    0.533913017089
5090    0.533912472399
5092    0.533897306566
5094    0.533890270625
5096    0.533889765866
5098    0.533888995591
5100    0.533888910015
5102    0.533888886931
5104    0.533876757503
5106    0.533865612893
5108    0.533848495153
5110    0.533841458784
5112    0.53382182727
5114    0.53381248656
5116    0.53381240146
5118    0.533800466285
5120    0.533794110073
5122    0.533793134986
5124    0.533792690662
5126    0.533776948218
5128    0.533761592865
5130    0.53376159279
5132    0.533760630575
5134    0.533745641684
5136    0.533743032273
5138    0.533743032085
5140    0.533732319734
5142    0.533731761733
5144    0.533717926083
5146    0.533706526422
5148    0.53370651684
5150    0.533706509614
5152    0.533693495956
5154    0.533682020833
5156    0.533681993359
5182    0.530103580428
5184    0.530103580428
5210    0.526961434848
5212    0.526960378125
5214    0.526939006995
5216    0.526930312611
5218    0.526930312396
5220    0.526930312234
5222    0.526909785187
5224    0.526902493713
5226    0.526902311159
5252    0.524240928007
5254    0.524240926179
5280    0.521688415073
5282    0.521685982878
5308    0.520064874174
5310    0.520056120096
5312    0.5200559395
5314    0.520055819179
5340    0.518842289768
5342    0.518834398971
5344    0.518832061243
5346    0.518825072387
5348    0.518825072362
5350    0.518815732668
5352    0.518814899564
5354    0.518814541246
5356    0.518800447665
5358    0.518800377114
5360    0.518800346215
5362    0.518800101132
5364    0.518786766723
5366    0.518786543409
5368    0.518782351559
5370    0.518782351345
5372    0.518780149656
5374    0.518780145802
5376    0.518776973545
5378    0.518757062638
5380    0.518756666736
5382    0.518756348535
5384    0.518753963654
5386    0.518734573941
5388    0.51873455261
5390    0.518725587486
5392    0.51872558716
5394    0.518704484738
5396    0.518698136992
5398    0.518690227818
5400    0.518684912875
5402    0.518671316094
5404    0.518658148183
5406    0.518654737356
5408    0.518651510013
5410    0.518636496934
5436    0.516719255434
5438    0.516719254973
5464    0.513596878238
5466    0.513594616675
5468    0.51359459499
5470    0.513574167497
5472    0.513573778949
5474    0.513573442729
5476    0.513573429906
5478    0.513552562978
5480    0.513552539636
5482    0.513542393578
5484    0.513542392101
5486    0.513524725457
5488    0.513515388593
5490    0.51350919226
5492    0.513508344568
5494    0.513488207971
5496    0.513468320606
5498    0.513465099367
5500    0.513462361073
5502    0.513442424847
5504    0.513442415086
5506    0.513442415026
5508    0.513438892675
5510    0.513438811166
5512    0.513424661594
5514    0.513418147799
5516    0.513417769861
5518    0.513417466005
5520    0.51340399473
5522    0.513398535891
5524    0.513398240094
5526    0.513397813027
5528    0.51339773663
5530    0.513397735989
5532    0.513386387719
5534    0.513376423827
5536    0.513360205386
5538    0.513354087617
5540    0.513335398872
5542    0.513327503522
5544    0.513327428073
5546    0.513317081757
5548    0.513311586821
5550    0.513310933691
5552    0.513310433548
5554    0.5132960347
5556    0.513281989941
5558    0.513281969348
5560    0.513281061775
5562    0.513267357903
5564    0.513265555425
5566    0.513265555236
5568    0.513256447418
5570    0.513256012102
5572    0.513243821039
5574    0.513229827189
5576    0.51322982684
5578    0.513229826576
5580    0.513218357425
5582    0.513204277266
5584    0.51320422512
5610    0.510267422487
5612    0.510267422486
5638    0.507614876426
5640    0.507613911841
5642    0.507592756763
5644    0.50758619794
5646    0.507586194617
5648    0.507586192129
5650    0.507565865424
5652    0.507560360411
5654    0.50756014752
5680    0.5056903475
5682    0.505690345502
5708    0.503785737727
5710    0.503782939133
5736    0.502843358652
5738    0.502836271553
5740    0.50283611832
5742    0.502836016264
5768    0.502134094795
5770    0.502127711689
5772    0.502125282802
5774    0.502119789057
5776    0.50211978904
5778    0.50211210635
5780    0.502111273563
5782    0.502111109394
5784    0.502098511395
5786    0.502098441129
5788    0.502098410352
5790    0.502098298024
5792    0.50208637977
5794    0.502086156353
5796    0.502082890519
5798    0.502082890322
5800    0.502081311033
5802    0.50208127274
5804    0.502079136695
5806    0.50206065952
5808    0.502060402124
5810    0.502060195242
5812    0.502058621891
5814    0.502040616451
5816    0.502040614164
5818    0.502032148303
5820    0.502032148102
5822    0.50201178832
5824    0.50200635806
5826    0.502000157238
5828    0.501996901674
5830    0.501984618702
5832    0.501972723035
5834    0.501970344459
5836    0.501968626112
5838    0.501954949901
5864    0.500788343551
5866    0.500788343137
5892    0.498536199507
5894    0.4985343921
5896    0.498534336442
5898    0.498514809572
5900    0.498514587054
5902    0.498514394497
5904    0.498514338758
5906    0.498494366365
5908    0.498494284817
5910    0.498485317325
5912    0.498485315837
5914    0.498469148915
5916    0.498460422754
5918    0.498455702533
5920    0.498454657694
5922    0.498435402057
5924    0.498416384828
5926    0.498414137705
5928    0.498411656589
5930    0.498392598083
5932    0.498392459828
5934    0.498392459772
5936    0.498389747046
5938    0.498389558327
5940    0.498376999044
5942    0.498371906763
5944    0.498371676441
5946    0.498371491263
5948    0.498359523526
5950    0.49835528939
5952    0.498355099206
5954    0.498354832449
5956    0.498354764318
5958    0.498354746384
5960    0.498344131238
5962    0.498335217608
5964    0.498319849266
5966    0.498314537169
5968    0.498296742155
5970    0.498290074265
5972    0.498290007428
5974    0.498281029673
5976    0.498276295786
5978    0.498275823
5980    0.498275278918
5982    0.49826210259
5984    0.498249250325
5986    0.498249189244
5988    0.498248319282
5990    0.498235784926
5992    0.498234575834
5994    0.498234575644
5996    0.498226788677
5998    0.498226414423
6000    0.498215671636
6002    0.49819952204
6004    0.49819952135
6006    0.498199520829
6008    0.498189412346
6010    0.498173168644
6012    0.498173098292
6038    0.49582132611
6040    0.495821326109
6066    0.493623531302
6068    0.493622619
6070    0.493601793912
6072    0.49359691421
6074    0.493596907286
6076    0.493596902098
6078    0.493576886843
6080    0.493572788413
6082    0.493572555902
6108    0.492283272025
6110    0.492283270048
6136    0.490860082544
6138    0.49085697005
6149    0.490626175135
6151    0.490620462084
6153    0.490620360808
6155    0.490620293361
6157    0.490598601534
6159    0.490593482606
6161    0.490591251063
6163    0.490586944853
6165    0.490586944841
6167    0.49058061096
6169    0.49057977854
6171    0.490579703723
6173    0.490568441211
6175    0.490568371253
6177    0.49056834061
6179    0.490568289403
6181    0.49055763572
6183    0.490557412288
6185    0.490554856518
6187    0.490554856337
6189    0.490553733885
6191    0.490553654645
6193    0.49055221342
6195    0.490535064773
6197    0.490534881184
6199    0.490534733623
6201    0.490533698336
6203    0.490516976765
6205    0.490516976507
6207    0.490508985879
6209    0.490508985754
6211    0.490489340276
6213    0.490484720502
6215    0.490479831942
6217    0.490477868485
6219    0.490466780371
6221    0.490456041789
6223    0.490454408265
6225    0.49045356223
6227    0.490441106521
6253    0.489765763196
6255    0.489765762846
6281    0.488137829758
6283    0.488136333225
6285    0.488136101497
6287    0.488117433844
6289    0.48811730712
6291    0.488117197457
6293    0.48811698608
6295    0.488097868912
6297    0.488097718894
6299    0.488089798767
6301    0.48808979727
6303    0.48807499063
6305    0.488066842869
6307    0.488063227592
6309    0.488062024033
6311    0.488043609946
6313    0.488025423925
6315    0.488023873862
6317    0.488021569365
6319    0.488003348825
6321    0.488003027873
6323    0.48800302782
6325    0.488000829683
6327    0.488000548425
6329    0.487989399494
6331    0.487985416199
6333    0.487985262048
6335    0.487985138109
6337    0.487974504918
6339    0.487971221934
6341    0.487971087726
6343    0.487970900396
6345    0.487970839678
6347    0.487970799494
6349    0.487960872427
6351    0.487952893335
6353    0.48793832875
6355    0.487933722822
6357    0.487916775265
6359    0.487911149864
6361    0.487911090695
6363    0.487903292653
6365    0.48789922999
6367    0.487898861782
6369    0.487898283099
6371    0.487886219455
6373    0.487874452544
6375    0.487874351521
6377    0.487873507614
6379    0.487862037888
6381    0.487861257881
6383    0.487861257691
6385    0.487854561314
6387    0.487854218441
6389    0.487844751449
6391    0.487826916505
6393    0.487826913779
6395    0.487826911723
6397    0.487818002185
6399    0.487800067955
6401    0.48779998512
6427    0.48595621659
6429    0.485956216588
6455    0.484161294126
6457    0.484160414068
6459    0.484140024242
6461    0.484136448748
6463    0.484136438867
6465    0.484136431465
6467    0.484116830174
6469    0.484113825453
6471    0.484113579732
6497    0.483274411024
6499    0.483274409358
6525    0.482206182779
6527    0.48220286881
6531    0.48213626913
6533    0.48213169313
6535    0.482131623029
6537    0.482131576344
6539    0.482109865728
6541    0.482105766063
6543    0.482103658079
6545    0.482100294008
6547    0.482100294
6549    0.482095059598
6551    0.482094227766
6553    0.482094193908
6555    0.48208412424
6557    0.482084054581
6559    0.482084024068
6561    0.482084000893
6563    0.482074476712
6565    0.482074253327
6567    0.482072243358
6569    0.482072243192
6571    0.482071454393
6573    0.482071341263
6575    0.48207036642
6577    0.482054449621
6579    0.482054307172
6581    0.482054192677
6583    0.482053513651
6585    0.482037983349
6587    0.482037980018
6589    0.482030441623
6591    0.482030441545
6593    0.482011483206
6595    0.482007579743
6597    0.482003701973
6599    0.482002524788
6601    0.481992526182
6603    0.48198284269
6605    0.481981742305
6607    0.481981367284
6609    0.481970028755
6611    0.481954165162
6613    0.48195416489
6639    0.480638606622
6641    0.480637336882
6643    0.48063713463
6645    0.48061928728
6647    0.480619218123
6649    0.480619158276
6651    0.480618972696
6653    0.480600673454
6655    0.480600453068
6657    0.480593463725
6659    0.480593462219
6661    0.480579890326
6663    0.480572289536
6665    0.480569503599
6667    0.480568175012
6669    0.480550564687
6671    0.480533172546
6673    0.480532118265
6675    0.480529935957
6677    0.480512515449
6679    0.480512018042
6681    0.480512017991
6683    0.480510155359
6685    0.480509804982
6687    0.480499907372
6689    0.480496789554
6691    0.480496676597
6693    0.480496585778
6695    0.48048713749
6697    0.480484593212
6699    0.480484490075
6701    0.480484344298
6703    0.480484290214
6705    0.480484232031
6707    0.480474950831
6709    0.480467803626
6711    0.480453999203
6713    0.480450011801
6715    0.480433868088
6717    0.48042912797
6719    0.480429075619
6721    0.480422295262
6723    0.480418823404
6725    0.480418517674
6727    0.480417911555
6729    0.480406860973
6731    0.480396082243
6733    0.480395948184
6735    0.480395122402
6737    0.48038462211
6739    0.480384145404
6741    0.480384145213
6743    0.480378352135
6745    0.480378025634
6747    0.480369682753
6749    0.480350602617
6751    0.480350598046
6753    0.480350594598
6755    0.480342741671
6757    0.480323559169
6759    0.480323467695
6785    0.478904197213
6787    0.478904197211
6813    0.47745384574
6815    0.477452988012
6817    0.477433128215
6819    0.477430527932
6821    0.477430515677
6823    0.477430506496
6825    0.477411411366
6827    0.477409225111
6829    0.47740896973
6836    0.477274017573
6838    0.477274016279
6864    0.476389490848
6866    0.476386104184
6868    0.476364370734
6870    0.476360706923
6872    0.476360649306
6874    0.476360610934
6876    0.476339119127
6878    0.476335837037
6880    0.476333792637
6882    0.47633117488
6884    0.476331174874
6886    0.476326837977
6888    0.476326006958
6890    0.476325991779
6892    0.476316987724
6894    0.476316918353
6896    0.476316887965
6898    0.476316877579
6900    0.47630836242
6902    0.476308139137
6904    0.476306549806
6906    0.476306549653
6908    0.476306003032
6910    0.476305865278
6912    0.476305203877
6914    0.4762904297
6916    0.476290311104
6918    0.476290215779
6920    0.476289772223
6922    0.476275347518
6924    0.476275340288
6926    0.476268232061
6928    0.476268232012
6930    0.476249934636
6932    0.476246689374
6934    0.476243592258
6936    0.4762426392
6938    0.476233670812
6940    0.476224985023
6942    0.476224261921
6944    0.47622400807
6946    0.476213724954
6948    0.476203305109
6950    0.4762033049
6976    0.475142487097
6978    0.475141375867
6980    0.475141201593
6982    0.475124137777
6984    0.475124100701
6986    0.475124068616
6988    0.475123907587
6990    0.475106390868
6992    0.475106107874
6994    0.475099945617
6996    0.475099944103
6998    0.475087493777
7000    0.475080409567
7002    0.475078247978
7004    0.475076821952
7006    0.475059979155
7008    0.475043345101
7010    0.475042640736
7012    0.475040543256
7014    0.475023886541
7016    0.475023240084
7018    0.475023240037
7020    0.475021601169
7022    0.475021202667
7024    0.475012415587
7026    0.475009973448
7028    0.475009883766
7030    0.47500981166
7032    0.475001415614
7034    0.474999444982
7036    0.474999359824
7038    0.474999236779
7040    0.474999188621
7042    0.474999117782
7044    0.474990442836
7046    0.474984036402
7048    0.47497095105
7050    0.474967504978
7052    0.474952123922
7054    0.474948135331
7056    0.474948089034
7058    0.474942187189
7060    0.474939234168
7062    0.474938966615
7064    0.474938338485
7066    0.474928210543
7068    0.474918331789
7070    0.474918172427
7072    0.474917359282
7074    0.474907741967
7076    0.47490747283
7078    0.474907472638
7080    0.474902430133
7082    0.474902112164
7084    0.474894759859
7086    0.474874811922
7088    0.474874805962
7090    0.474874801468
7092    0.474867879789
7094    0.474847828006
7096    0.474847730231
7122    0.473772529992
7124    0.473772529989
7150    0.472609257746
7152    0.472608423095
7154    0.472589175563
7156    0.472587280204
7158    0.472587265277
7160    0.472587254095
7162    0.472568745073
7164    0.472567151027
7166    0.472566885837
7168    0.47254928833
7170    0.472549287344
7196    0.471800526228
7198    0.471797124488
7200    0.471775752348
7202    0.471772818644
7204    0.471772766019
7206    0.471772730971
7208    0.471751598828
7210    0.47174897107
7212    0.471746962598
7214    0.471744934924
7216    0.47174493492
7218    0.471741331747
7220    0.471740501749
7222    0.471740495027
7224    0.471732443116
7226    0.471732374025
7228    0.47173234376
7230    0.471732339166
7232    0.471724725576
7234    0.471724502451
7236    0.471723238228
7238    0.471723238089
7240    0.471722865895
7242    0.471722711468
7244    0.471722261052
7246    0.471708547084
7248    0.471708442765
7250    0.471708358917
7252    0.471708070652
7254    0.471694672274
7256    0.471694661652
7258    0.471687962486
7260    0.471687962455
7262    0.471670300946
7264    0.471667620461
7266    0.471665128472
7268    0.471664353283
7270    0.471656305898
7272    0.471648512056
7274    0.471648052173
7276    0.471647885717
7278    0.471638552043
7280    0.471632079258
7282    0.471632079098
7308    0.470778044352
7310    0.470777045654
7312    0.470776897237
7314    0.470760582235
7316    0.470760562887
7318    0.470760546144
7320    0.470760407884
7322    0.470743640045
7324    0.470743303952
7326    0.470737876491
7328    0.470737874971
7330    0.470726444095
7332    0.470719847227
7334    0.470718157235
7336    0.470716655515
7338    0.470700545562
7340    0.470684635333
7342    0.470684175495
7344    0.470682136883
7346    0.470666209364
7348    0.470665445156
7350    0.470665445111
7352    0.470663958487
7354    0.470663527899
7356    0.470655726587
7358    0.470653812157
7360    0.47065373613
7362    0.470653675002
7364    0.470646213525
7366    0.470644688267
7368    0.470644613889
7370    0.470644503689
7372    0.470644460819
7374    0.47064438163
7376    0.470636275749
7378    0.470630529187
7380    0.470618124162
7382    0.470615151443
7384    0.470600494131
7386    0.470597143193
7388    0.47059710227
7390    0.470591959306
7392    0.470589460772
7394    0.470589216869
7396    0.470588570815
7398    0.470579283417
7400    0.470570224555
7402    0.470570046568
7404    0.470569242236
7406    0.470560429369
7408    0.470560295474
7410    0.470560295283
7412    0.470555878504
7414    0.470555564874
7416    0.470549085537
7418    0.470528573775
7420    0.470528566793
7422    0.470528561527
7424    0.47052246065
7426    0.47050184473
7428    0.470501742021
7454    0.469698699177
7456    0.469698699173
7482    0.468770018968
7484    0.468769201203
7486    0.468750634264
7488    0.468749247136
7490    0.468749230077
7492    0.468749217298
7494    0.468731360833
7496    0.468730193906
7498    0.468729921213
7500    0.468715905182
7502    0.468715904431
7528    0.468082942658
7530    0.468079550441
7532    0.468058527829
7534    0.468056178475
7536    0.468056128178
7538    0.468056094681
7540    0.468035310396
7542    0.468033206324
7544    0.46803122342
7546    0.468029661225
7548    0.468029661222
7550    0.468026658796
7552    0.468025830005
7554    0.468025827078
7556    0.468018626036
7558    0.46801855722
7560    0.468018527075
7562    0.468018525081
7564    0.46801171715
7566    0.468011494235
7568    0.468010482067
7570    0.468010481938
7572    0.468010234142
7574    0.468010068996
7576    0.468009760867
7578    0.467997030806
7580    0.467996935245
7582    0.467996858436
7584    0.467996672298
7586    0.467984226766
7588    0.467984213517
7590    0.46797790318
7592    0.467977903159
7594    0.467960853347
7596    0.467958655955
7598    0.467956634724
7600    0.467956000634
7602    0.467948777008
7604    0.467941780941
7606    0.467941501233
7608    0.467941396519
7610    0.467932917536
7612    0.467929204798
7614    0.467929204676
7640    0.467242417178
7642    0.467241499453
7644    0.467241374419
7646    0.467225775298
7648    0.467225765613
7650    0.467225757232
7652    0.467225639648
7654    0.467209588621
7656    0.46720920869
7658    0.467204433842
7660    0.467204432317
7662    0.467193928653
7664    0.467187791096
7666    0.467186458633
7668    0.46718489797
7670    0.467169487656
7672    0.467154268451
7674    0.467153977289
7676    0.467151979338
7678    0.467136747965
7680    0.467135894366
7682    0.467135894324
7684    0.467134513123
7686    0.467134061857
7688    0.46712713567
7690    0.467125633554
7692    0.467125565785
7694    0.467125511296
7696    0.467118879947
7698    0.467117700375
7700    0.467117632654
7702    0.467117529865
7704    0.46711749171
7706    0.467117407197
7708    0.467109835443
7710    0.46710467689
7712    0.467092915618
7714    0.467090356405
7716    0.467076386023
7718    0.467073575753
7720    0.467073539594
7722    0.467069052602
7724    0.467066951056
7726    0.467066721858
7728    0.467066060965
7730    0.467057539533
7732    0.467049227815
7734    0.467049036412
7736    0.467048238221
7738    0.467040158443
7740    0.467040105639
7742    0.467040105448
7744    0.467036212062
7746    0.467035900474
7748    0.467030190477
7750    0.467009348063
7752    0.467009340301
7754    0.467009334447
7756    0.467003957034
7758    0.466983010972
7760    0.466982904127
7780    0.466540636686
7782    0.466540636681
7808    0.465779990748
7810    0.465779186963
7812    0.465761493939
7814    0.465760475464
7816    0.465760456499
7818    0.46576044229
7820    0.465743425262
7822    0.465742568218
7824    0.465742288972
7826    0.465731219128
7828    0.465731218556
7832    0.465664938003
7834    0.465661574698
7836    0.465640974596
7838    0.465639092999
7840    0.465639042998
7842    0.465639009698
7844    0.465618645128
7846    0.465616960245
7848    0.465614994335
7850    0.465613798307
7852    0.465613798305
7854    0.465611288532
7856    0.465610461115
7858    0.465610459868
7860    0.465604019266
7862    0.465603950721
7864    0.465603920695
7866    0.46560391985
7868    0.465597831938
7870    0.465597609284
7872    0.465596793183
7874    0.465596793065
7876    0.465596632865
7878    0.465596461179
7880    0.465596249232
7882    0.465584432334
7884    0.465584342242
7886    0.465584269829
7888    0.465584150615
7890    0.46557258975
7892    0.465572574554
7894    0.465566633645
7896    0.465566633631
7898    0.465550172195
7900    0.465548386444
7902    0.465546732858
7904    0.465546210737
7906    0.465539724118
7908    0.465533441816
7910    0.465533282215
7912    0.465533219981
7914    0.465525510796
7916    0.465523631023
7918    0.46552363093
7929    0.46529707334
7931    0.465296221042
7933    0.465296127441
7935    0.465281212792
7937    0.465281208662
7939    0.465281205088
7941    0.465281115441
7943    0.465265750531
7945    0.465265331576
7947    0.46526113611
7949    0.465261134579
7951    0.465251474716
7953    0.46524576965
7955    0.46524470933
7957    0.465243102441
7959    0.465228359941
7961    0.465213800323
7963    0.465213623497
7965    0.465211653346
7967    0.465197086483
7969    0.465196166834
7971    0.465196166795
7973    0.465194859776
7975    0.465194395653
7977    0.465188246393
7979    0.465187066579
7981    0.465187003921
7983    0.465186953543
7985    0.46518105958
7987    0.465180148212
7989    0.465180084713
7991    0.465179986244
7993    0.465179952292
7995    0.465179864452
7997    0.465172793957
7999    0.465168159546
8001    0.465157007435
8003    0.465154809049
8005    0.465141490696
8007    0.465139138475
8009    0.465139106538
8011    0.465135186924
8013    0.46513343103
8015    0.465133210901
8017    0.465132537503
8019    0.465124714242
8021    0.465117083538
8023    0.465116882587
8025    0.465116088655
8027    0.465108677083
8029    0.465108665293
8031    0.465108665101
8033    0.465105210986
8035    0.465104901288
8037    0.465099869284
8039    0.465078925188
8041    0.465078916635
8043    0.465078910185
8045    0.465074170418
8047    0.465053123856
8049    0.4650530129
8051    0.465034175173
8053    0.465034175166
8079    0.464365945661
8081    0.464365162422
8083    0.464348661029
8085    0.464347938844
8087    0.464347916819
8089    0.464347900319
8091    0.464332029431
8093    0.464331421482
8095    0.464331132635
8097    0.464320424608
8099    0.464320424195
8101    0.464298697491
8103    0.464295363054
8105    0.464275183999
8107    0.464273676798
8109    0.464273627105
8111    0.46427359401
8113    0.464253647616
8115    0.464252298251
8117    0.464250349462
8119    0.464249440529
8121    0.464249440528
8123    0.464247335453
8125    0.46424650956
8127    0.464246509045
8129    0.464240748141
8131    0.464240679864
8133    0.464240649954
8135    0.46424064961
8137    0.464235205249
8139    0.464234982904
8141    0.464234319872
8143    0.464234319765
8145    0.464234220212
8147    0.464234044821
8149    0.464233898072
8151    0.464222928755
8153    0.464222842122
8155    0.464222772488
8157    0.464222696934
8159    0.464211957489
8161    0.464211940865
8163    0.464206350813
8165    0.464206350805
8167    0.464190455307
8169    0.464189033797
8171    0.464187668461
8173    0.464187208509
8175    0.464181410603
8177    0.464175795318
8179    0.464175712711
8181    0.464175671243
8183    0.46416868602
8185    0.464167318866
8187    0.4641673188
8189    0.464145724409
8191    0.46414492285
8193    0.464144857422
8195    0.464130597338
8197    0.464130595982
8199    0.464130594808
8201    0.464130530459
8203    0.464115822369
8205    0.464115370433
8207    0.464111689116
8209    0.464111687582
8211    0.464102796112
8213    0.46409749798
8215    0.464096645722
8217    0.464095002189
8219    0.464080897131
8221    0.464066967096
8223    0.464066865909
8225    0.464064914449
8227    0.464050981939
8229    0.46405001451
8231    0.464050014473
8233    0.464048760486
8235    0.464048288751
8237    0.464042829294
8239    0.464041901557
8241    0.464041842123
8243    0.464041794336
8245    0.464036555433
8247    0.464035852065
8249    0.464035791311
8251    0.464035695364
8253    0.464035665155
8255    0.464035575271
