20    5.2503728542
32    5.12606139572
34    5.12605049311
36    5.12604326049
38    5.12603615032
58    5.00201104586
60    5.00201104586
62    5.00200022903
88    4.91502443624
114    4.79516279453
140    4.76801785469
166    4.74407475641
192    4.73777767342
212    4.73562443307
238    4.71475225497
264    4.7130849461
290    4.70716536595
292    4.70716536595
318    4.70140456985
338    4.57708158974
364    4.56760903235
390    4.54411613348
392    4.54410844547
394    4.54410349523
420    4.5349988435
446    4.51553539987
448    4.51553396475
473    4.39233872706
475    4.39233872706
477    4.39231713156
503    4.27035576109
529    4.15571319235
555    4.0322730732
569    4.03119137453
571    4.03117165148
597    4.02462463041
599    4.02461089431
601    4.0245959188
627    3.91344150155
629    3.91344150155
655    3.90376899664
681    3.82412726997
707    3.70213848919
733    3.65359979327
759    3.62661409258
785    3.61805411701
791    3.6178594637
817    3.58880546569
843    3.58627355533
867    3.46303792411
869    3.46303792411
871    3.46301653469
897    3.35533509048
918    3.23215400819
944    3.10886160252
970    3.09684677447
991    3.09567693279
993    3.09566584873
995    3.09565114615
997    3.09563029746
1023    2.97253612767
1025    2.97253612767
1031    2.97235580989
1057    2.93662128631
1083    2.81333386927
1109    2.80792111087
1135    2.7826121215
1161    2.76529974375
1163    2.76528685302
1189    2.75898665506
1215    2.74744147472
1230    2.62328357069
1232    2.62328357069
1234    2.62327395135
1260    2.53053321187
1286    2.49605485977
1312    2.46149305961
1338    2.43993786824
1364    2.43516699381
1390    2.41075897363
1416    2.38567756621
1438    2.38476070242
1464    2.27172112971
1466    2.27172112971
1492    2.26400701416
1518    2.1404699812
1544    2.1163763743
1546    2.11636088839
1553    2.116110729
1555    2.11609340905
1581    2.09639593771
1583    2.09638040952
1585    2.09636411904
1611    2.0224553403
1613    2.0224553403
1639    1.9939479162
1665    1.98194305109
1691    1.85911877896
1706    1.73468290998
1732    1.72315384864
1758    1.71257128149
1764    1.7124018019
1766    1.71239165748
1792    1.70287785927
1818    1.66594002626
1820    1.66594002626
1846    1.64007468185
1872    1.52911013388
1895    1.4056684194
1897    1.40566232154
1923    1.39530221622
1940    1.39450803712
1942    1.39449561135
1944    1.39449015708
1946    1.39446948808
1972    1.27123795641
1974    1.27123795622
1987    1.27030669328
1989    1.27030271419
1991    1.27030182816
1993    1.27029871365
1995    1.27029832694
1997    1.27029627811
1999    1.2702922535
2001    1.2702921717
2003    1.27029020462
2005    1.27027286095
2007    1.27025285191
2033    1.25434480375
2038    1.2542438978
2040    1.25422169326
2042    1.2542072829
2068    1.24267743655
2072    1.24260390794
2098    1.23790461515
2100    1.23790461512
2126    1.23358882136
2128    1.23358460962
2154    1.22559401063
2180    1.21068552163
2182    1.21068520948
2184    1.21068500846
2210    1.20318871965
2236    1.19142827533
2238    1.19142784204
2240    1.19142187141
2242    1.19142187129
2244    1.19141176764
2246    1.19139938141
2253    1.19121404155
2255    1.19119943293
2257    1.19118874351
2259    1.1911797601
2261    1.19115902549
2263    1.19114838147
2265    1.19114106377
2274    1.19087744627
2276    1.1908774462
2283    1.19070465731
2301    1.19012392702
2303    1.1901017703
2329    1.17446076969
2331    1.17444002849
2333    1.17442021228
2335    1.17440637297
2361    1.16549349657
2363    1.16547775106
2365    1.16547372659
2367    1.16547372654
2369    1.16546116529
2371    1.16544992671
2373    1.16544073228
2375    1.16543458453
2377    1.16541676148
2379    1.16540040454
2381    1.16539564378
2383    1.16539200566
2385    1.1653769846
2387    1.16536594712
2389    1.1653659471
2391    1.16535628158
2417    1.1579769808
2419    1.1579661464
2445    1.15228927908
2471    1.14759872221
2497    1.1446713819
2499    1.1446660433
2525    1.13872544037
2551    1.13700406499
2553    1.13700104522
2555    1.13700104521
2557    1.1369992058
2559    1.13698029887
2585    1.11941401433
2611    1.10305765067
2613    1.10303956279
2615    1.10302250036
2641    1.09158413423
2667    1.08007544989
2669    1.08005982841
2677    1.07984341341
2679    1.0798434132
2681    1.07981952517
2683    1.07981199058
2709    1.06429556527
2711    1.06428918418
2713    1.06427890335
2715    1.06427070245
2741    1.05239860066
2743    1.05239209796
2745    1.05238179158
2771    1.04238121802
2773    1.04238121802
2799    1.03838755017
2825    1.0308951688
2827    1.03087779277
2829    1.03086869748
2855    1.02350889334
2881    1.01719557128
2883    1.01719073928
2885    1.01718682964
2911    1.01182118355
2937    0.995911060597
2939    0.995911060565
2965    0.984289854033
2967    0.984278419772
2969    0.98427254733
2971    0.984260093085
2973    0.984242262865
2975    0.984226007157
2977    0.984223633737
2979    0.984213355159
2981    0.984198487376
2983    0.98417927433
2985    0.984179273033
2987    0.984163343724
2989    0.984162318262
2991    0.984162150598
2993    0.984161212995
2995    0.984161140145
2997    0.984160522424
2999    0.984158744234
3001    0.984158667641
3003    0.984157929131
3005    0.984147664196
3007    0.98413260797
3033    0.975441167563
3035    0.975422484463
3037    0.975404708911
3039    0.975394171249
3065    0.969280647439
3067    0.969259254165
3093    0.96525139872
3095    0.965251398356
3121    0.961809937062
3123    0.961807739031
3149    0.955190193558
3175    0.946117642811
3177    0.946117555707
3179    0.946117499836
3205    0.940029217696
3231    0.933131570408
3233    0.933129165
3235    0.93312677251
3237    0.933126772314
3239    0.933118409484
3241    0.933112335394
3243    0.933093722524
3245    0.933085764248
3247    0.933080423264
3249    0.933075933823
3251    0.933059168539
3253    0.933053395721
3255    0.9330497831
3257    0.933040688783
3259    0.93304068872
3261    0.933021734218
3263    0.933006606066
3265    0.932992055516
3291    0.928272130495
3293    0.92825791791
3295    0.928244342439
3297    0.928235836185
3323    0.925570203028
3325    0.925559666642
3327    0.925558502289
3329    0.925558502217
3331    0.925548909061
3333    0.925541667362
3335    0.925537237787
3337    0.925533684884
3339    0.925520781333
3341    0.925508938234
3343    0.925506931975
3345    0.925505000261
3347    0.925494107098
3349    0.925487232277
3351    0.925487232262
3353    0.925481049622
3379    0.924380598042
3381    0.924373628248
3407    0.919305856635
3424    0.918867055325
3426    0.918843819659
3428    0.918841676778
3454    0.913441927559
3456    0.913423253504
3458    0.913422621986
3460    0.913422621915
3462    0.913422323295
3464    0.913409053685
3490    0.905510799431
3516    0.8980275103
3518    0.898015177729
3520    0.898003544435
3546    0.89306021147
3572    0.887889551943
3574    0.887879274248
3576    0.887861730767
3578    0.887861729798
3580    0.887846382807
3582    0.887844501919
3608    0.878893227563
3610    0.878886919149
3612    0.87888182202
3614    0.87887774972
3640    0.872295411724
3642    0.872288966746
3644    0.872281752678
3670    0.871092045074
3672    0.871092045074
3685    0.870734982319
3711    0.867098814722
3713    0.867090516208
3715    0.867086496054
3741    0.863248733913
3767    0.860077805801
3769    0.860077642781
3771    0.860077214488
3797    0.857459079329
3823    0.851531273899
3825    0.851531273845
3851    0.846674294887
3853    0.846666991957
3855    0.846665838161
3857    0.846653303171
3859    0.84664050619
3861    0.846628838339
3863    0.846628673139
3865    0.846618361044
3867    0.846607664533
3869    0.846594382783
3871    0.846594381697
3873    0.846583398339
3875    0.846583158218
3877    0.846583126523
3879    0.846582830345
3881    0.84658281674
3883    0.846582621255
3885    0.846581809602
3887    0.846581738143
3889    0.846581478503
3891    0.846572422058
3893    0.846560990307
3919    0.841959972001
3921    0.841943344468
3923    0.84192751907
3925    0.841919808601
3951    0.838730149534
3953    0.838711141325
3979    0.835185349601
3981    0.835185347935
4007    0.83234262488
4009    0.832340326578
4035    0.826995030792
4061    0.821817567819
4063    0.821817229833
4065    0.821817013688
4091    0.816974769233
4117    0.813118597138
4119    0.813114595578
4121    0.81311384634
4123    0.813113846088
4125    0.813106775131
4127    0.813103780748
4129    0.813088726737
4131    0.813084382865
4133    0.813081709923
4135    0.813079462945
4137    0.813065886323
4139    0.813062755306
4141    0.813060978683
4143    0.813053914334
4145    0.813053914279
4147    0.813037754398
4149    0.813027200517
4151    0.813017587268
4177    0.811656717257
4179    0.81164630776
4181    0.811636365564
4183    0.811631198247
4207    0.810912024022
4209    0.810904427798
4211    0.810904264257
4213    0.810904264175
4215    0.810897015247
4217    0.810892445636
4219    0.810890264094
4221    0.810888187567
4223    0.810878794994
4225    0.810870173995
4227    0.810869368174
4229    0.81086836202
4231    0.810860420385
4233    0.810856211801
4235    0.81085621179
4237    0.810852294599
4239    0.810830487029
4241    0.810826183515
4267    0.806333711222
4269    0.806314219908
4271    0.806295104228
4273    0.806294177102
4299    0.801523578134
4301    0.801509678191
4303    0.801509547452
4305    0.801509547309
4307    0.801509486849
4309    0.801499529109
4335    0.798119249912
4361    0.794874867975
4363    0.794866212176
4365    0.794858047176
4391    0.79279291706
4417    0.790532773178
4419    0.790526026562
4421    0.790511629601
4423    0.790511627617
4425    0.790502244537
4427    0.790502049637
4453    0.78566789998
4455    0.785661416554
4457    0.785658815832
4459    0.785656736201
4485    0.782182080664
4487    0.782175447147
4489    0.782170029232
4491    0.782155406177
4493    0.782155406177
4495    0.782132572649
4521    0.780676246036
4523    0.780671948066
4525    0.780669940038
4551    0.778853098968
4577    0.777378718908
4579    0.777378099222
4581    0.777378010501
4607    0.776174173551
4633    0.774175992602
4635    0.774175992539
4661    0.772115518969
4663    0.772110969814
4665    0.772110816693
4667    0.77209820209
4669    0.772088985671
4671    0.772080582037
4673    0.772080553356
4675    0.772070203054
4677    0.772062480348
4679    0.772053292645
4681    0.772053291755
4683    0.772045721461
4685    0.772045676775
4687    0.772045670792
4689    0.772045569626
4691    0.772045567131
4693    0.772045500188
4695    0.772045112563
4697    0.77204504598
4699    0.772044965249
4701    0.772036884762
4703    0.772028187706
4729    0.769598330462
4731    0.769583644268
4733    0.769569663593
4735    0.769564044782
4761    0.767891902705
4763    0.767875307944
4789    0.764730231368
4791    0.764730226845
4817    0.762323556857
4819    0.762320504462
4845    0.758086227901
4871    0.755233589554
4873    0.755233181364
4875    0.755232920891
4901    0.751443465816
4927    0.749340853544
4929    0.749335833269
4931    0.749335718244
4933    0.749335717959
4935    0.74932969058
4937    0.749328219941
4939    0.749316044939
4941    0.749313669158
4943    0.749312327993
4945    0.749311200506
4947    0.749300206874
4949    0.749298509347
4951    0.749297639995
4953    0.749292187841
4955    0.749292187792
4957    0.749278363441
4959    0.749270526429
4961    0.749264135898
4963    0.749243085665
4965    0.749234663015
4967    0.749226618385
4969    0.749223537599
4971    0.749200928176
4973    0.749194705722
4975    0.749194699968
4977    0.749194699885
4979    0.74918947711
4981    0.749186676123
4983    0.749185574556
4985    0.749184343961
4987    0.749177469267
4989    0.749171159181
4991    0.749170863367
4993    0.749170353855
4995    0.749164532152
4997    0.749161982212
4999    0.749161982204
5001    0.749159502292
5003    0.749140561922
5005    0.749137823928
5031    0.745278677489
5033    0.745262951048
5035    0.745247533059
5037    0.745247178929
5063    0.7411730886
5065    0.74116315926
5067    0.741163136157
5069    0.741163135955
5071    0.741163098517
5073    0.741155307165
5099    0.739728892985
5125    0.738356970035
5127    0.738350729242
5129    0.73834484228
5155    0.737492415558
5181    0.736508910671
5183    0.736504433471
5185    0.736492452596
5187    0.736492449718
5189    0.736486892821
5191    0.736486855561
5217    0.733968227169
5219    0.733961717836
5221    0.733960357194
5223    0.733959268649
5249    0.732172995738
5251    0.732166327657
5253    0.732162021016
5255    0.732148271617
5257    0.732148271617
5259    0.732126476356
5261    0.732104832025
5263    0.732101487959
5265    0.732100198962
5291    0.73113162129
5317    0.730351088094
5319    0.730349509675
5321    0.730349072825
5338    0.729941622846
5351    0.729622939084
5353    0.72962293902
5379    0.728531721327
5381    0.728528992312
5383    0.728528950441
5385    0.728516258605
5387    0.728509605136
5389    0.728503538229
5391    0.728503429273
5393    0.728493037906
5395    0.728487447173
5397    0.72848108816
5399    0.728481087446
5401    0.728475873678
5403    0.728475869746
5405    0.728475868613
5407    0.728475829661
5409    0.72847582922
5411    0.728475803352
5413    0.72847560668
5415    0.728475544696
5417    0.728475525427
5419    0.728468368617
5421    0.728461741956
5447    0.727160953353
5449    0.727148082666
5451    0.727135828614
5453    0.727131756685
5479    0.726240581415
5481    0.726226228846
5507    0.723409285283
5509    0.72340927616
5535    0.721336892651
5537    0.721332849614
5563    0.718026589295
5589    0.716481745643
5591    0.716481370427
5593    0.716481131382
5619    0.713549809389
5645    0.712416293758
5647    0.712410644188
5649    0.71241063958
5651    0.71241063928
5653    0.712405455171
5655    0.712404737005
5657    0.712394897771
5659    0.712393595555
5661    0.71239292034
5663    0.712392352687
5665    0.712383457076
5667    0.712382537647
5669    0.712382115395
5671    0.71237794061
5673    0.712377940567
5675    0.71236607358
5677    0.712359590486
5679    0.712355320392
5681    0.712335329959
5683    0.712328290583
5685    0.712321567119
5687    0.712319770609
5689    0.712298227148
5691    0.712293138184
5693    0.712292964981
5695    0.712292964899
5697    0.712288985079
5699    0.712287336391
5701    0.712286755704
5703    0.712286013564
5705    0.712280951651
5707    0.71227630541
5709    0.712276212077
5711    0.712275964606
5713    0.712271671301
5715    0.712270135153
5717    0.712270135148
5719    0.712268555636
5721    0.712252329705
5723    0.712250512823
5749    0.709049432941
5751    0.709036968969
5753    0.70902475305
5755    0.7090246477
5781    0.705646681063
5783    0.705639905051
5785    0.70563990418
5787    0.705639903951
5789    0.705639842177
5791    0.70563359244
5804    0.705320520872
5813    0.705117872788
5815    0.705113133495
5817    0.705108662892
5819    0.705087385693
5828    0.704885380339
5830    0.704882080305
5832    0.70487237477
5834    0.704872371493
5836    0.704869257535
5838    0.704868865256
5864    0.703584923642
5866    0.70357838515
5868    0.703577652366
5870    0.703577065962
5896    0.702674548629
5898    0.70266784495
5900    0.702664253531
5902    0.702651498962
5904    0.702651498962
5906    0.702630891585
5908    0.702621463361
5910    0.702618571238
5912    0.702617482246
5914    0.70259398511
5916    0.702570684335
5918    0.702568906367
5920    0.702568334686
5922    0.702544940018
5924    0.702534510383
5926    0.70253451032
5943    0.702090991912
5945    0.702089438128
5947    0.702089398682
5949    0.702076632233
5951    0.702071813486
5953    0.702067419455
5955    0.702067304333
5957    0.702056869932
5959    0.702052807147
5961    0.70204840355
5963    0.702048402991
5965    0.702044816266
5967    0.702044815988
5969    0.70204481577
5971    0.702044798104
5973    0.702044798033
5975    0.702044786249
5977    0.702044678504
5979    0.702044620834
5981    0.702044618798
5983    0.702038365375
5985    0.702033307523
6010    0.701367779326
6012    0.701356601659
6014    0.701345958588
6016    0.701343028356
6018    0.701320768887
6020    0.701308493428
6046    0.698817338544
6048    0.698817323887
6074    0.697002778553
6076    0.69699773038
6102    0.694446274063
6128    0.693615387207
6130    0.693615072019
6132    0.693614871462
6158    0.691368931474
6171    0.691063617789
6173    0.691057724305
6175    0.691057578802
6177    0.691057578505
6179    0.691053197582
6181    0.691052849756
6183    0.691044920879
6185    0.691044205216
6187    0.691043863648
6189    0.691043576487
6191    0.69103639862
6193    0.691035901434
6195    0.691035698532
6197    0.69103253229
6199    0.691032532253
6201    0.691022309588
6203    0.691016948879
6205    0.691014061086
6207    0.690995073813
6209    0.690989187367
6211    0.690983565083
6213    0.690982545268
6215    0.690962013711
6217    0.69095785941
6219    0.690957427618
6221    0.690957427537
6223    0.690954232853
6225    0.690953317639
6227    0.690952994103
6229    0.690952536645
6231    0.690948784763
6233    0.690945340954
6235    0.69094531994
6237    0.690945207228
6239    0.690942019893
6241    0.690941101608
6243    0.690941101605
6245    0.690940088238
6247    0.690926335996
6249    0.690925074007
6275    0.688355933858
6277    0.688346203671
6279    0.688336669433
6281    0.688336653783
6307    0.685610232956
6309    0.685605846619
6311    0.685605843676
6313    0.68560584347
6315    0.685605673356
6317    0.685600550185
6319    0.685577198615
6321    0.685556651704
6323    0.685552949872
6325    0.685549457892
6327    0.685528497716
6329    0.685505215875
6331    0.685502686091
6333    0.685494773109
6335    0.685494769736
6337    0.685493093313
6339    0.685492240247
6356    0.685067753062
6358    0.685061183536
6360    0.685060805129
6362    0.685060502286
6364    0.685037161371
6366    0.685030422227
6368    0.685027518394
6370    0.685015866797
6372    0.685015866797
6374    0.68499659181
6376    0.684987560159
6378    0.68498482598
6380    0.684983866137
6382    0.684960972882
6384    0.684938271035
6386    0.684936356599
6388    0.684935704461
6390    0.684912923215
6392    0.684907142926
6394    0.684907142866
6396    0.684883849141
6398    0.684883028435
6400    0.684882981032
6402    0.684870142542
6404    0.684866635651
6406    0.684863437799
6408    0.684863330959
6410    0.684852852122
6412    0.684849883041
6414    0.68484683164
6416    0.684846831213
6418    0.684844367522
6420    0.684844364035
6422    0.684844363991
6424    0.684844354291
6426    0.684844354281
6428    0.68484434778
6430    0.684844283175
6432    0.684844229538
6434    0.684844229305
6436    0.684838937527
6438    0.684835083208
6442    0.68476243604
6444    0.684753031214
6446    0.684744075925
6448    0.684742001424
6450    0.684719700313
6452    0.684709191429
6478    0.682530331938
6480    0.682530311588
6506    0.680927709752
6508    0.680921764206
6534    0.678970196356
6536    0.678946509755
6538    0.67894629791
6540    0.678946163214
6566    0.677241655861
6568    0.677218056553
6570    0.67721222866
6572    0.6772118454
6574    0.677211845131
6576    0.677208315088
6578    0.677208148608
6580    0.677201793346
6582    0.67720139872
6584    0.677201224742
6586    0.677201078475
6588    0.677195317007
6590    0.677195048798
6592    0.677194952802
6594    0.677192579136
6596    0.677192579103
6598    0.677183740877
6600    0.677179310587
6602    0.677177329771
6604    0.677159292817
6606    0.677154367789
6608    0.677149663779
6610    0.67714910641
6612    0.677129536196
6614    0.677126151975
6616    0.677125467392
6618    0.677125467311
6620    0.677122782326
6622    0.677122317916
6624    0.677122125087
6626    0.677121835459
6628    0.677119034042
6630    0.677116462642
6632    0.677116461278
6634    0.677116415114
6636    0.67711403121
6638    0.677113487937
6640    0.677113487934
6642    0.677112832066
6644    0.677101258519
6646    0.677100339547
6672    0.675092015807
6674    0.675084512159
6676    0.675077161053
6678    0.675077160548
6704    0.6729199871
6706    0.672917327831
6708    0.672917305112
6710    0.67291730494
6712    0.672916997349
6714    0.672912815314
6716    0.672889819513
6718    0.672869936837
6720    0.672867016249
6722    0.672864261219
6724    0.672843650868
6726    0.672821049715
6728    0.672819120377
6730    0.672812417694
6732    0.672812414558
6734    0.672811340257
6736    0.672810094429
6738    0.672786740031
6740    0.672780138686
6742    0.672779950228
6744    0.672779799401
6746    0.672757069539
6748    0.672750294859
6750    0.672747873188
6752    0.672737234887
6754    0.672737234887
6756    0.672719198112
6758    0.67271059212
6760    0.672707975989
6762    0.672707107413
6764    0.672684873846
6766    0.672662826291
6768    0.672660799005
6770    0.672660082196
6772    0.672637969939
6774    0.67263251552
6776    0.672632515465
6778    0.67260985283
6780    0.672609465121
6782    0.672609411494
6784    0.67259650333
6786    0.672593928486
6788    0.672591580512
6790    0.672591479256
6792    0.672580954937
6794    0.672578763863
6796    0.672576647778
6798    0.672576647462
6800    0.672574958487
6802    0.672574951813
6804    0.672574951803
6806    0.672574945387
6808    0.672574945386
6810    0.672574941068
6812    0.672574898373
6814    0.672574848499
6816    0.672574845567
6818    0.672570663172
6820    0.672567724783
6824    0.672495130968
6826    0.672487198047
6828    0.672479644094
6830    0.672478187196
6832    0.672455894105
6834    0.672446869581
6860    0.67054668118
6862    0.670546655023
6888    0.669127955729
6890    0.669121358762
6916    0.667637603245
6918    0.667614087063
6920    0.667613924106
6922    0.667613820557
6948    0.666322716863
6950    0.666299308073
6952    0.66629346468
6954    0.666292838531
6956    0.666292838288
6958    0.66628988002
6960    0.666289801689
6962    0.666284706719
6964    0.666284488175
6966    0.666284398682
6968    0.666284323443
6970    0.666279697426
6972    0.666279553236
6974    0.666279508846
6976    0.66627775433
6978    0.666277754302
6980    0.666270084223
6982    0.666266425068
6984    0.666265043814
6986    0.666247907601
6988    0.666243784598
6990    0.66623984662
6992    0.666239558464
6994    0.666220902007
6996    0.666218151598
6998    0.666217253961
7000    0.666217253881
7002    0.666214908116
7004    0.666214705589
7006    0.666214581508
7008    0.666214392197
7010    0.666212283277
7012    0.666210347509
7014    0.666210346235
7016    0.666210330712
7018    0.666208532918
7020    0.666208215957
7022    0.666208215955
7024    0.666207786962
7026    0.666198079843
7028    0.666197378653
7054    0.664660495749
7056    0.664654763549
7058    0.664649148749
7060    0.664649131295
7086    0.662966997606
7088    0.662965522802
7090    0.662965458383
7092    0.662965458245
7094    0.662965026684
7096    0.662961601719
7098    0.66293898334
7100    0.662919796004
7102    0.662917493249
7104    0.662915321027
7106    0.662895078029
7108    0.662873194258
7110    0.662871731755
7112    0.662865964919
7114    0.662865962106
7116    0.662865228269
7118    0.66286369103
7120    0.662840939989
7122    0.662834305619
7124    0.662834204736
7126    0.662834123997
7128    0.662811988167
7130    0.662805177679
7132    0.66280304859
7134    0.662793341099
7136    0.662793341099
7138    0.662776455461
7140    0.662768256575
7142    0.662765728549
7144    0.662764906759
7146    0.662743312221
7148    0.662721898463
7150    0.662719778251
7152    0.662719023011
7154    0.662697559404
7156    0.662692415661
7158    0.66269241561
7160    0.662670364137
7162    0.662670214358
7164    0.662670155946
7166    0.662657180195
7168    0.662655270731
7170    0.662653529487
7172    0.662653432043
7174    0.662642861436
7176    0.6626412266
7178    0.662639757653
7180    0.662639757427
7182    0.662638602451
7184    0.662638593655
7186    0.662638593652
7188    0.662638588713
7190    0.662638588713
7192    0.66263858538
7194    0.66263855435
7196    0.662638507981
7198    0.662638501713
7200    0.6626352086
7202    0.662632957847
7206    0.662560592466
7208    0.662553884927
7210    0.662547497644
7212    0.662546484503
7214    0.662524252181
7216    0.662516478913
7242    0.660866544688
7244    0.660866512977
7270    0.65960874664
7272    0.659601708993
7298    0.658473248404
7300    0.658449936799
7302    0.658449800374
7304    0.658449713729
7330    0.657470295578
7332    0.657447110468
7334    0.657441247241
7336    0.657440408993
7338    0.657440408772
7340    0.657437843463
7342    0.657437807522
7344    0.657433722356
7346    0.657433600642
7348    0.657433553963
7350    0.657433514719
7352    0.657429799353
7354    0.657429722211
7356    0.657429702379
7358    0.657428427912
7360    0.657428427887
7362    0.657421745519
7364    0.65741872527
7366    0.657417743761
7368    0.657401461503
7370    0.657398007748
7372    0.657394708986
7374    0.657394572329
7376    0.65737678457
7378    0.657374555156
7380    0.657373490689
7382    0.65737349061
7384    0.657371375715
7386    0.65737131053
7388    0.657371223977
7390    0.657371095603
7392    0.657369493518
7394    0.657368022967
7396    0.657368015837
7398    0.657368012562
7400    0.657366644285
7402    0.657366462828
7404    0.657366462827
7406    0.657366178664
7408    0.65735803652
7410    0.65735747731
7436    0.656201992666
7438    0.656197643439
7440    0.656193383806
7442    0.656193338049
7468    0.654895452228
7470    0.654894738128
7472    0.654894614579
7474    0.65489461447
7476    0.654894080413
7478    0.654891265457
7480    0.654869049995
7482    0.654850531241
7484    0.654848716972
7486    0.654847005541
7488    0.654827151304
7490    0.654805960094
7492    0.654804859401
7494    0.654799873736
7496    0.654799871211
7498    0.654799388423
7500    0.654797653957
7502    0.65477549077
7504    0.654768822634
7506    0.654768763792
7508    0.654768716699
7510    0.654747158399
7512    0.654740311967
7514    0.654738366621
7516    0.654729513935
7518    0.654729513935
7520    0.654713698711
7522    0.654705889466
7524    0.654703426822
7526    0.654702628794
7528    0.654681653472
7530    0.654660853855
7532    0.654658657265
7534    0.65465787906
7536    0.654637044444
7538    0.654632196777
7540    0.65463219673
7542    0.654610737097
7544    0.65461070064
7546    0.654610638578
7548    0.654597596976
7550    0.654596165058
7552    0.654594859272
7554    0.654594764461
7556    0.654584146874
7558    0.654582911959
7560    0.654581890903
7562    0.65458189075
7564    0.654581103447
7566    0.654581093398
7568    0.654581093396
7570    0.654581089168
7572    0.654581089168
7574    0.654581086308
7576    0.654581061764
7578    0.654581018657
7580    0.654581009583
7582    0.654578428671
7584    0.654576695403
7587    0.654528428361
7589    0.654522753293
7591    0.654517349061
7593    0.654516653308
7595    0.654494265477
7597    0.654487550105
7623    0.653063242328
7625    0.653063205648
7651    0.651946990266
7653    0.651939653903
7679    0.651079591893
7681    0.651056517355
7683    0.651056397979
7685    0.651056322193
7711    0.650311160533
7713    0.650288229908
7715    0.650282369202
7717    0.650281359839
7719    0.650281359639
7721    0.65027907016
7723    0.650279054285
7725    0.65027577849
7727    0.650275710202
7729    0.650275685379
7731    0.65027566451
7733    0.650272679775
7735    0.650272638784
7737    0.650272630389
7739    0.650271724612
7741    0.650271724591
7743    0.650265879156
7745    0.650263388051
7747    0.65026267566
7749    0.650247203181
7751    0.650244308046
7753    0.650241542838
7755    0.650241486898
7757    0.650224525149
7759    0.650222723381
7761    0.65022153402
7763    0.650221533942
7765    0.650219579438
7767    0.650219571073
7769    0.65021950578
7771    0.650219415107
7773    0.65021818581
7775    0.650217057438
7777    0.650217043721
7779    0.650217043672
7781    0.650215991728
7783    0.650215890526
7785    0.650215890525
7787    0.650215699466
7789    0.650208848894
7791    0.650208384609
7817    0.649352488361
7819    0.64934920289
7821    0.649345985405
7823    0.649345909647
7849    0.648351751197
7851    0.648351480343
7853    0.648351288266
7855    0.648351288182
7857    0.648350674499
7859    0.648348351916
7861    0.648326565083
7863    0.648308689539
7865    0.648307261329
7867    0.648305914073
7869    0.648286470441
7871    0.64826594806
7873    0.648265126724
7875    0.648260794726
7877    0.648260792459
7879    0.648260490803
7881    0.648258629724
7883    0.648237038954
7885    0.648230336611
7887    0.648230298916
7889    0.648230268749
7891    0.648209272007
7893    0.648202389581
7895    0.648200563494
7897    0.648192495586
7899    0.648192495586
7901    0.648177675937
7903    0.64817023978
7905    0.648167825165
7907    0.648167038716
7909    0.648146663554
7911    0.648126459173
7913    0.648124199801
7915    0.648123407569
7917    0.648103182927
7919    0.648098617303
7921    0.648098617261
7923    0.64807773075
7925    0.64807772998
7927    0.648077665134
7929    0.648064559116
7931    0.648063471973
7933    0.648062480579
7935    0.64806238761
7937    0.648051722439
7939    0.648050776847
7941    0.648050065915
7943    0.648050065818
7945    0.648049531308
7947    0.648049520555
7949    0.648049520555
7951    0.648049516684
7953    0.648049516683
7955    0.648049514061
7957    0.648049493256
7959    0.648049453182
7961    0.648049442035
7963    0.648047440749
7965    0.648046098332
7969    0.647973852038
7971    0.647969031157
7973    0.647964440232
7975    0.647963969419
7977    0.64794175468
7979    0.647935935888
8005    0.64671279729
8007    0.646712756271
8033    0.645721792626
8035    0.645714262524
8059    0.64512749582
8061    0.645104702867
8063    0.645104600083
8065    0.64510453485
8067    0.645080681916
8069    0.645058168543
8071    0.645052576973
8073    0.645051436308
8075    0.645051436129
8077    0.645049344208
8079    0.645049337604
8081    0.645046710696
8083    0.645046672014
8085    0.645046658463
8087    0.64504664707
8089    0.645044248718
8091    0.645044227145
8093    0.645044223895
8095    0.645043597885
8097    0.645043597866
8099    0.645038463155
8101    0.645036410099
8103    0.645035880843
8105    0.645021176397
8107    0.64501874769
8109    0.645016427977
8111    0.645016410965
8113    0.645000234752
8115    0.64499878344
8117    0.644997503578
8119    0.644997503501
8121    0.644995662628
8123    0.644995660471
8125    0.644995607632
8127    0.644995540749
8129    0.64499458712
8131    0.644993711782
8133    0.64499369247
8135    0.644993691543
8137    0.644992873834
8139    0.644992819448
8141    0.644992819447
8143    0.644992688728
8145    0.644986892367
8147    0.644986493042
8162    0.644638130114
8164    0.644635481084
8166    0.644632886997
8168    0.644632782633
8194    0.643829988796
8196    0.643829904927
8198    0.643829641741
8200    0.643829641681
8202    0.643829009434
8204    0.643827085024
8206    0.643805801175
8208    0.643788544688
8210    0.643787421422
8212    0.643786361823
8214    0.643767396409
8216    0.643747520079
8218    0.643746913468
8220    0.643743129832
8222    0.643743127797
8224    0.643742952884
8226    0.643741014642
8228    0.64371998101
8230    0.643713244193
8232    0.643713217681
8234    0.643713196463
8236    0.643692745759
8238    0.643685827325
8240    0.64368408137
8242    0.643676733706
8244    0.643676733706
8246    0.643662840195
8248    0.643655761344
8250    0.643653381432
8252    0.643652600063
8254    0.643632806623
8256    0.643613179187
8258    0.643610868113
8260    0.643610066988
8262    0.643590433848
8264    0.643586136775
8266    0.643586136736
8268    0.643565805162
8270    0.643565793471
8272    0.643565726496
8274    0.643552557193
8276    0.643551720588
8278    0.643550957658
8280    0.643550865998
8282    0.643540152676
8284    0.643539417813
8286    0.643538921733
8288    0.643538921677
8290    0.643538560653
8292    0.643538549516
8294    0.643538549515
8296    0.643538545828
8298    0.643538545828
8300    0.643538543329
8302    0.643538524737
8304    0.643538487484
8306    0.643538474897
8308    0.643536926242
8310    0.643535879254
8313    0.643488144362
8315    0.643484047732
8317    0.64348014643
8319    0.643479834091
8321    0.643457678779
8323    0.643452622171
8349    0.642426620069
8351    0.642426576879
8377    0.641541771177
8379    0.641534132663
8383    0.641461774199
8385    0.641439496323
8387    0.641439424948
8389    0.64143937965
8391    0.641415528553
8393    0.64139352628
8395    0.641388226363
8397    0.641386988746
8399    0.641386988584
8401    0.641385041005
8403    0.641385038522
8405    0.641382931945
8407    0.641382909761
8409    0.641382902104
8411    0.641382895667
8413    0.641380968063
8415    0.641380956863
8417    0.641380955796
8419    0.641380538762
8421    0.641380538746
8423    0.641376008941
8425    0.641374318357
8427    0.641373915191
8429    0.641359939365
8431    0.641357900243
8433    0.641355952635
8435    0.641355950527
8437    0.641340521516
8439    0.641339356888
8441    0.641338013297
8443    0.641338013221
8445    0.641336254466
8447    0.641336228048
8449    0.641336182706
8451    0.641336131145
8453    0.641335382557
8455    0.641334695426
8457    0.641334671849
8459    0.64133466845
8461    0.641334025208
8463    0.641333997525
8465    0.641333997525
8467    0.641333906274
8469    0.641328836847
8471    0.641328484328
8473    0.641308464867
8475    0.641306168919
8477    0.641303920619
8479    0.641303790624
8505    0.640615689186
8507    0.640615670964
8509    0.640615346218
8511    0.640615346177
8513    0.640614734362
8515    0.640613132625
8517    0.640592407993
8519    0.640575747626
8521    0.640574865119
8523    0.640574032633
8525    0.640555596173
8527    0.640536344108
8529    0.64053590164
8531    0.640532579248
8533    0.64053257742
8535    0.640532487215
8537    0.640530505215
8539    0.640510013822
8541    0.640503242405
8543    0.640503222104
8545    0.640503205856
8547    0.640483286226
8549    0.640476331822
8551    0.640474641859
8553    0.640467955011
8555    0.640467955011
8557    0.640454923278
8559    0.640448186685
8561    0.640445831211
8563    0.640445051476
8565    0.640425822011
8567    0.640406753915
8569    0.64040440013
8571    0.640403593097
8573    0.640384533621
8575    0.640380492154
8577    0.640380492119
8579    0.640360697936
8581    0.640360648973
8583    0.640360580356
8585    0.640347348707
8587    0.640346695458
8589    0.64034609973
8591    0.640346009019
8593    0.640335247059
8595    0.640334666803
8597    0.640334319684
8599    0.640334319655
8601    0.64033407741
8603    0.640334066064
8605    0.640334066063
8607    0.640334062474
8609    0.640334062473
8611    0.64033406004
8613    0.640334042781
8615    0.640334008149
8617    0.640333994599
8619    0.64033281396
8621    0.640331991606
8623    0.640308163159
8625    0.640304682201
8627    0.640301367161
8629    0.640301165229
8631    0.640278912276
8633    0.640274504949
8659    0.639431824242
8661    0.639431780693
8687    0.638640694665
8689    0.638633097615
8693    0.638560763338
8695    0.638538989849
8697    0.638538929927
8699    0.638538891899
8701    0.638515048756
8703    0.638493546502
8705    0.63848844213
8707    0.638487135446
8709    0.638487135299
8711    0.638485295304
8713    0.638485294533
8715    0.638483605265
8717    0.638483592341
8719    0.63848358782
8721    0.63848358402
8723    0.638482034426
8725    0.638482028724
8727    0.638482028481
8729    0.638481764278
8731    0.638481764264
8733    0.638477750501
8735    0.638476359702
8737    0.638476044431
8739    0.638462760029
8741    0.638461046444
8743    0.638459409763
8745    0.638459409304
8747    0.638444691212
8749    0.638443760621
8751    0.638442373514
8753    0.638442373439
8755    0.638440675301
8757    0.638440607558
8759    0.638440566818
8761    0.638440525326
8763    0.638439930201
8765    0.638439383933
8767    0.638439357284
8769    0.63843935104
8771    0.638438838565
8773    0.638438825617
8775    0.638438825616
8777    0.638438760458
8779    0.638434181368
8781    0.638433862997
8783    0.63841722943
8785    0.638415237831
8787    0.638413287585
8789    0.638413136548
8794    0.638316634862
8796    0.638316630693
8798    0.638316258945
8800    0.63831625892
8802    0.638315724895
8804    0.638314385232
8806    0.638294310127
8808    0.638278224046
8810    0.6382775315
8812    0.638276878208
8814    0.638259053375
8816    0.638240404697
8818    0.638240086874
8820    0.6382371535
8822    0.638237151858
8824    0.63823711412
8826    0.638235110467
8828    0.638215146812
8830    0.638208340758
8832    0.638208324065
8834    0.638208310706
8836    0.638188907697
8838    0.638181917392
8840    0.63818026835
8842    0.63817418759
8844    0.63817418759
8846    0.638161957955
8848    0.638155549226
8850    0.638153210264
8852    0.63815243038
8854    0.638133747762
8856    0.638115222013
8858    0.638112832791
8860    0.638112021623
8862    0.638093518552
8864    0.638089720272
8866    0.638089720239
8868    0.638070446495
8870    0.638070346924
8872    0.638070277032
8874    0.6380569838
8876    0.638056465761
8878    0.638055993332
8880    0.638055903325
8882    0.6380450923
8884    0.63804462635
8886    0.638044382608
8888    0.638044382598
8890    0.638044221423
8892    0.638044209965
8894    0.638044209964
8896    0.638044206425
8898    0.638044206425
8900    0.638044204025
8902    0.638044187577
8904    0.638044155381
8906    0.638044141201
8908    0.638043258518
8910    0.638042607596
8912    0.638018711976
8914    0.638015748893
8916    0.638012926999
8918    0.638012800736
8920    0.637990483624
8922    0.637986630749
8948    0.637300015231
8950    0.637299971762
8976    0.636594205312
8978    0.636586734021
8982    0.636514447091
8984    0.63649316708
8986    0.636493111779
8988    0.636493076684
8990    0.636469249212
8992    0.636448235948
8994    0.636443287457
8996    0.636441933544
8998    0.636441933412
9000    0.636440175291
9002    0.636440175139
9004    0.636438820585
9006    0.636438812904
9008    0.63643881009
9010    0.636438807724
9012    0.636437561736
9014    0.636437558915
9016    0.636437558902
9018    0.636437403203
9020    0.636437403191
9022    0.636433830687
9024    0.636432687686
9026    0.636432434471
9028    0.636419806329
9030    0.636418364872
9032    0.636416988107
9034    0.636416982476
9036    0.636402940899
9038    0.636402200926
9040    0.636400785275
9042    0.6364007852
9044    0.636399132871
9046    0.636399015516
9048    0.636398977629
9050    0.636398942881
9052    0.636398463375
9054    0.636398023234
9056    0.636397994445
9058    0.636397985534
9060    0.636397571726
9062    0.636397566485
9064    0.636397566485
9066    0.636397518781
9068    0.636393196222
9070    0.636392904686
9072    0.636376841692
9074    0.636375019077
9076    0.636373234313
9078    0.636373064454
9080    0.636349404444
9082    0.636349404393
9084    0.636349012391
9086    0.636349012377
9088    0.636348535451
9090    0.636347409164
9092    0.636327977294
9094    0.636312444699
9096    0.636311901971
9098    0.636311390003
9100    0.636294169213
9102    0.636276103899
9104    0.636275879933
9106    0.636273275575
9108    0.6362732741
9110    0.636273264337
9112    0.636271253485
9114    0.636251803504
9116    0.63624496284
9118    0.636244948332
9120    0.636244936721
9122    0.636226036383
9124    0.636219010273
9126    0.636217392673
9128    0.636211867607
9130    0.636211867607
9132    0.63620038473
9134    0.636194290083
9136    0.636191961509
9138    0.636191180602
9140    0.636173028304
9142    0.636155028506
9144    0.636152609724
9146    0.636151795518
9148    0.636133832167
9150    0.636130265168
9152    0.636130265137
9154    0.636111495476
9156    0.636111340139
9158    0.636111269242
9160    0.636097915059
9162    0.636097497527
9164    0.636097116751
9166    0.636097027286
9168    0.636086166827
9170    0.636085786065
9172    0.636085614157
9174    0.636085614155
9176    0.636085508089
9178    0.636085496571
9180    0.63608549657
9182    0.63608549306
9184    0.636085493059
9186    0.636085490678
9188    0.636085474724
9190    0.63608544479
9192    0.636085430205
9194    0.636084781216
9196    0.636084261412
9198    0.63606033466
9200    0.636057808031
9202    0.636055401758
9204    0.636055326351
9206    0.636032978319
9208    0.636029600155
9210    0.636006638066
9212    0.636006595469
9238    0.635341942333
9240    0.635334645237
9242    0.635310955811
9244    0.635290168256
9246    0.635290115295
9248    0.635290081686
9250    0.635266529756
9252    0.635246004361
9254    0.635241188741
9256    0.635239804308
9258    0.635239804188
9260    0.635238109778
9262    0.635238109775
9264    0.635237023704
9266    0.635237019025
9268    0.635237017164
9270    0.6352370156
9272    0.635236013503
9274    0.635236012166
9276    0.635236012144
9278    0.635235930145
9280    0.635235930134
9282    0.635232735841
9284    0.635231797543
9286    0.635231588701
9288    0.635219583573
9290    0.635218369701
9292    0.635217210309
9294    0.635217196443
9296    0.635203798759
9298    0.635203213629
9300    0.635201780394
9302    0.63520178032
9304    0.635200163529
9306    0.635199993892
9308    0.635199957778
9310    0.635199927622
9312    0.635199535829
9314    0.635199176199
9316    0.635199145952
9318    0.635199134757
9320    0.635198795915
9322    0.63519879433
9324    0.63519879433
9326    0.635198758459
9328    0.635194650373
9330    0.635194377845
9332    0.635178538037
9334    0.63517685738
9336    0.635175211629
9338    0.63517502667
9340    0.635151619249
9342    0.635151616945
9344    0.635151222669
9346    0.635151222659
9348    0.635150784871
9350    0.635149832737
9352    0.63513102411
9354    0.635116025089
9356    0.635115600428
9358    0.635115199837
9360    0.635098562896
9362    0.63508106165
9364    0.635080907616
9366    0.6350785823
9368    0.635078580973
9370    0.635078580807
9372    0.635076572127
9374    0.635057622114
9376    0.635050746883
9378    0.635050733748
9380    0.635050723237
9382    0.63503231202
9384    0.635025250194
9386    0.635023658039
9388    0.63501864225
9390    0.63501864225
9392    0.635007854758
9394    0.635002060956
9396    0.634999738029
9398    0.634998955724
9400    0.634981317708
9402    0.634963827952
9404    0.634961384342
9406    0.634960567815
9408    0.634943127967
9410    0.634939780818
9412    0.63493978079
9414    0.634921499347
9416    0.634921288057
9418    0.634921216357
9420    0.63490780169
9422    0.634907459492
9424    0.634907147416
9426    0.634907058381
9428    0.634896148125
9430    0.634895831365
9432    0.63489570945
9434    0.63489570945
9436    0.634895640643
