26    5.06781185563
52    4.92642949725
78    4.8028660393
104    4.67866727206
130    4.66769511111
156    4.59498952543
182    4.56223272124
208    4.51616012447
234    4.48948040073
260    4.39900566192
286    4.37656316868
312    4.2956760304
338    4.22938024476
364    4.07196151053
390    4.05276840321
416    4.01133973274
418    4.01133744991
444    4.00868476701
470    3.9839815324
496    3.82769265919
522    3.70395753066
541    3.57950616996
545    3.57940423392
571    3.51836527648
597    3.48647487367
623    3.46453806079
649    3.34405377518
675    3.30013261699
701    3.29658540754
727    3.17910280113
753    3.16284657159
779    3.00747878577
794    2.88303873268
808    2.75840307015
810    2.75840288988
826    2.63414856543
833    2.63340871573
859    2.62770277028
885    2.54807450313
911    2.47400627589
937    2.47146141015
963    2.40270546884
989    2.34007129658
1015    2.23283206321
1041    2.10835275815
1067    1.98441755497
1093    1.95545929058
1119    1.85638161022
1145    1.82361166509
1171    1.81463941313
1173    1.81463736661
1199    1.69824281219
1201    1.69823734594
1220    1.57430020599
1246    1.5653360486
1272    1.43788539677
1298    1.24427111
1324    1.21075063184
1350    1.2075307609
1376    1.19183014667
1402    1.18189281886
1404    1.18189116006
1406    1.18189024044
1408    1.18188678261
1434    1.17769176058
1460    1.17479128199
1486    1.1620171645
1512    1.14802800887
1538    1.14265178926
1564    1.13471228675
1590    1.13222971953
1616    1.11285442669
1642    1.1092357732
1668    1.09630794923
1694    1.08031576679
1696    1.0803157239
1722    1.07786872603
1748    1.06130829833
1774    1.04629044715
1776    1.04629016373
1778    1.04629012484
1780    1.04629012316
1806    1.03972999714
1832    1.03580549227
1858    1.02829342364
1860    1.02827628157
1886    1.01279030233
1912    1.00968401635
1914    1.0096829562
1940    1.00485464709
1966    0.9938263797
1968    0.993825648872
1970    0.993825598037
1972    0.993825597556
1974    0.993825597522
1976    0.993814207068
2002    0.989000717146
2028    0.980050204798
2054    0.97020090177
2080    0.967799835104
2106    0.963303040403
2132    0.951396220371
2158    0.938677031617
2160    0.938676691087
2162    0.938676007469
2188    0.936380647034
2199    0.935971820967
2225    0.933228416576
2251    0.929791088576
2253    0.929788036171
2258    0.929647650794
2260    0.929642593265
2262    0.929642593107
2288    0.921242413365
2305    0.920214511113
2331    0.903902455181
2357    0.897225042257
2383    0.893816591815
2409    0.889002484786
2435    0.88599002674
2437    0.885989947704
2439    0.885989814822
2441    0.885989564062
2443    0.885968778545
2467    0.884999715021
2493    0.879981810333
2519    0.87284746289
2521    0.872816461713
2547    0.869831930913
2549    0.869824988679
2575    0.859876899934
2601    0.85856905921
2627    0.850049308361
2653    0.8435042882
2655    0.843504282997
2681    0.841351624079
2707    0.830143886994
2733    0.821822538731
2735    0.821822534968
2737    0.821822463272
2739    0.821822462297
2754    0.821291016281
2780    0.819885948078
2806    0.81484895054
2808    0.814847972756
2834    0.809155372156
2860    0.806557797682
2862    0.806557759705
2888    0.803120630711
2914    0.798192863738
2916    0.798192589966
2918    0.798192543705
2920    0.798192543343
2922    0.798192543338
2924    0.798185926727
2950    0.794244709798
2972    0.793198651098
2998    0.791900193834
3024    0.789852993189
3026    0.789832453061
3052    0.783712956682
3078    0.779959720537
3080    0.779959704284
3082    0.779959669566
3084    0.77994497772
3086    0.77994258581
3105    0.779210972994
3131    0.776332438275
3133    0.776329827345
3135    0.77632399099
3137    0.776319500421
3139    0.776319500406
3165    0.768083946201
3167    0.768061058683
3193    0.760948732373
3219    0.758852399202
3245    0.755283485578
3271    0.753647537623
3297    0.75260337675
3299    0.752603356333
3301    0.75260332099
3303    0.752603293207
3305    0.752597208276
3307    0.752570349399
3333    0.750006097571
3359    0.74617862724
3361    0.746167645366
3387    0.744931675318
3389    0.744930498362
3415    0.738835595936
3417    0.73880655892
3443    0.733356884443
3469    0.730461244457
3471    0.730461244451
3497    0.728683972319
3523    0.720927341613
3549    0.715649908947
3551    0.715649908465
3553    0.715649851668
3555    0.715649850814
3557    0.715638542638
3568    0.715302228509
3594    0.711699081799
3596    0.711698993786
3622    0.709463241884
3648    0.707374198177
3650    0.707374136749
3676    0.704861668923
3702    0.702101372705
3704    0.70210126419
3706    0.702101222628
3708    0.702101222418
3710    0.702101222411
3712    0.702097285164
3738    0.699062041169
3740    0.699045708646
3742    0.699030109375
3768    0.697347361196
3770    0.697341885084
3796    0.693495905444
3822    0.691691661772
3824    0.691691658186
3826    0.691691648499
3828    0.691686039277
3830    0.691685604727
3832    0.691657915542
3858    0.689066492502
3860    0.689064258759
3862    0.689059485339
3864    0.689055670827
3866    0.689055670806
3892    0.681129332784
3894    0.681108968257
3920    0.676055457819
3938    0.675413371718
3964    0.671736723097
3966    0.671708237193
3968    0.671678631457
3970    0.671678615625
3972    0.671678606249
3974    0.671678582883
3976    0.671675564581
3978    0.671650258529
4004    0.67001482758
4030    0.667855973997
4032    0.66784601262
4034    0.667819810469
4036    0.667819368852
4062    0.663474196553
4064    0.663447354705
4090    0.659975325088
4116    0.658567650413
4118    0.658567648955
4144    0.657162154262
4170    0.651590068139
4196    0.647960552306
4198    0.647960552054
4200    0.647960508537
4202    0.647960507956
4204    0.647954537573
4206    0.647925758303
4232    0.645374891235
4234    0.645374877415
4256    0.644555302668
4282    0.642910954636
4284    0.642910927455
4310    0.641097210402
4336    0.639266059591
4338    0.639266013861
4340    0.639265977339
4342    0.639265977218
4344    0.639265977209
4346    0.639263552968
4372    0.637014376826
4374    0.63700629211
4376    0.636998349725
4402    0.635658657883
4404    0.635656917889
4430    0.633123112157
4450    0.632388431049
4452    0.632388428318
4454    0.632388422348
4456    0.632384882151
4458    0.632384738102
4460    0.632358509601
4486    0.630021936582
4488    0.630020004188
4490    0.630016048172
4492    0.630012954327
4494    0.630012954308
4520    0.622515620545
4522    0.622497457236
4548    0.618100164643
4550    0.618072698825
4576    0.614355861475
4578    0.614328471687
4580    0.614299981514
4582    0.614299968912
4584    0.614299968841
4586    0.614299949108
4588    0.614298477301
4590    0.614273914163
4616    0.613035807175
4642    0.611764101907
4644    0.611755058139
4646    0.611737216985
4648    0.611737075376
4674    0.608444264837
4676    0.608419301401
4702    0.606176743367
4713    0.605840360492
4715    0.605840357218
4741    0.604762884818
4767    0.600587712927
4793    0.597901981802
4795    0.597901981664
4797    0.597901949059
4799    0.597901948731
4801    0.597898338395
4803    0.597870367813
4829    0.596066569389
4831    0.596066565305
4833    0.59604142656
4859    0.594756051997
4861    0.594756051603
4887    0.593443772846
4913    0.592064237418
4915    0.592064216808
4917    0.59206418548
4919    0.592064185389
4921    0.59206418538
4923    0.592062615966
4949    0.590434356798
4951    0.590430439664
4953    0.590425651326
4979    0.589375036858
4981    0.589374308
5007    0.587657385354
5009    0.587627492847
5011    0.587627490813
5013    0.587627484737
5015    0.587624183132
5017    0.587624135338
5019    0.587598765577
5045    0.585523741992
5047    0.585522038878
5049    0.585518714893
5051    0.585516324303
5053    0.585516324285
5079    0.578536187058
5081    0.578519939132
5107    0.574447389695
5109    0.574421179873
5135    0.570733287555
5137    0.570706949041
5139    0.570679528823
5141    0.570679518542
5143    0.570679518332
5145    0.5706795016
5147    0.570678784784
5149    0.570654684595
5175    0.569695720363
5188    0.56929296285
5190    0.569284748057
5192    0.569272538107
5194    0.569272467268
5220    0.56664812533
5222    0.566624810462
5248    0.565139710485
5250    0.565112899797
5252    0.565112895633
5273    0.564478133761
5299    0.561183603531
5325    0.559083897064
5327    0.559083896986
5329    0.559083872679
5331    0.559083872459
5333    0.559081703004
5335    0.559054103716
5361    0.557759045676
5363    0.557759043605
5365    0.557739518831
5391    0.556730624091
5393    0.556730623005
5419    0.555759742434
5445    0.554685810621
5447    0.554685800674
5449    0.554685774036
5451    0.554685773967
5453    0.554685773959
5455    0.554684696876
5481    0.55351666092
5483    0.553514751056
5485    0.553510312958
5507    0.552843042867
5509    0.552842596288
5535    0.551636017089
5537    0.551607038099
5539    0.551607036554
5541    0.551607028249
5543    0.551603946731
5545    0.551603929896
5547    0.551579394154
5573    0.549770958383
5575    0.549769420463
5577    0.549766596019
5579    0.549764841902
5581    0.549764841884
5607    0.543355935587
5609    0.543341376447
5635    0.5395056331
5637    0.539480095946
5663    0.535879993802
5665    0.535854664195
5667    0.535828270848
5669    0.535828262265
5671    0.535828261184
5673    0.535828246937
5675    0.535827896046
5677    0.535804223434
5684    0.535614761952
5686    0.535586880761
5688    0.535579416264
5690    0.535569999556
5692    0.535569948919
5718    0.533400540546
5720    0.533378717268
5746    0.532361445064
5748    0.532338914121
5750    0.53233890977
5752    0.532313562788
5778    0.529559690297
5804    0.527845682043
5806    0.527845681998
5808    0.527845663721
5810    0.527845663539
5812    0.527844365553
5814    0.527816962648
5840    0.52685538751
5842    0.526855386144
5844    0.526840388213
5856    0.526494300281
5858    0.526494298534
5863    0.526369662946
5884    0.525698870349
5886    0.525698865207
5888    0.525698845427
5890    0.525698845371
5892    0.525698845365
5894    0.525698052835
5920    0.524843160185
5922    0.524842204962
5924    0.524838081045
5926    0.524812210639
5928    0.524811958292
5954    0.523900734865
5956    0.523872588638
5958    0.523872587437
5960    0.52387257477
5962    0.523869696321
5964    0.523869689709
5966    0.523845970943
5992    0.522299294645
5994    0.522297867316
5996    0.522295439107
5998    0.522294223314
6000    0.522294223294
6026    0.516478192956
6028    0.516465125342
6054    0.512839212139
6056    0.512814339082
6082    0.509346899233
6084    0.509322538067
6086    0.509297130519
6088    0.50929712313
6090    0.509297121995
6092    0.509297109816
6094    0.509296809058
6096    0.509273852831
6098    0.509243366329
6100    0.509218881953
6102    0.509212096362
6104    0.509204547719
6106    0.509204519238
6132    0.507380584018
6134    0.507360136356
6140    0.507202464356
6142    0.507184010812
6144    0.50718400965
6146    0.507162707782
6172    0.504770425362
6198    0.503346259276
6200    0.503346259249
6202    0.503346257933
6204    0.503346257778
6206    0.5033454948
6208    0.503318287162
6228    0.502707717378
6230    0.502707714806
6232    0.502695568055
6234    0.502666569056
6236    0.502666566844
6238    0.502637500762
6240    0.502606996803
6242    0.502606993931
6244    0.502606984827
6246    0.502606984813
6248    0.502606984811
6250    0.502606357549
6252    0.502578916428
6254    0.502578391075
6256    0.502574548325
6258    0.502550854265
6260    0.502550718067
6267    0.502361765826
6269    0.502334420562
6271    0.502334419607
6273    0.502334400084
6275    0.502331709588
6277    0.502331706584
6279    0.502308783891
6305    0.501009579741
6307    0.501008217651
6309    0.501006105279
6311    0.501005316591
6313    0.501005316571
6339    0.495776355631
6341    0.495764606631
6367    0.492344148488
6369    0.492320089425
6395    0.489016080138
6397    0.488992648881
6399    0.488968187964
6401    0.488968181479
6403    0.488968181119
6405    0.488968170664
6407    0.488967873783
6409    0.488945677748
6411    0.488915415505
6413    0.488894205738
6415    0.48888803082
6417    0.488881947502
6419    0.488881933765
6445    0.48733099379
6447    0.48731176637
6449    0.487282989448
6451    0.487267887316
6453    0.487267886629
6455    0.487249685122
6481    0.485118848411
6507    0.483916467107
6509    0.483916467088
6511    0.483916467059
6513    0.483916466929
6515    0.483915949888
6517    0.483889104719
6519    0.483858365698
6521    0.483858363432
6523    0.483846599038
6525    0.483817842191
6527    0.483817840043
6529    0.483789032222
6531    0.483758892376
6533    0.48375889069
6535    0.483758885037
6537    0.483758885027
6539    0.483758885015
6541    0.483758354188
6543    0.483731805811
6545    0.483731366382
6547    0.483727766494
6549    0.483704650459
6551    0.483704536318
6553    0.483673873848
6555    0.483647298704
6557    0.483647297926
6559    0.483647268686
6561    0.483644751803
6563    0.483644750206
6565    0.483622597784
6591    0.482549791116
6593    0.482548457029
6595    0.482546597958
6597    0.482546126997
6599    0.482546126975
6625    0.477877415694
6627    0.477866833119
6653    0.474653428931
6655    0.474630328785
6681    0.471508769456
6683    0.471486231473
6685    0.471462679956
6687    0.471462674181
6689    0.471462674044
6691    0.471462665034
6693    0.471462372432
6695    0.471440910152
6697    0.471410764871
6699    0.471392516009
6701    0.471386889972
6703    0.471381975849
6705    0.471381970138
6731    0.47005170959
6733    0.470033612966
6735    0.470007049707
6737    0.469994671845
6739    0.469994671215
6741    0.469978903605
6767    0.468048081828
6793    0.467016749006
6795    0.467016748988
6797    0.467016748916
6799    0.467016748805
6801    0.467016238477
6803    0.466990089412
6805    0.466959620302
6807    0.466959618287
6809    0.46694821887
6811    0.46691970108
6813    0.466919698996
6815    0.466891144306
6817    0.466861360086
6819    0.466861359052
6821    0.466861355945
6823    0.466861355934
6825    0.466861355922
6827    0.466860881611
6829    0.466834647498
6831    0.466834240264
6833    0.466830862741
6835    0.466807956827
6837    0.466807849475
6839    0.466777552321
6841    0.466751715124
6843    0.466751714478
6845    0.466751672403
6847    0.466749315879
6849    0.466749314895
6851    0.466727904746
6877    0.465856551127
6879    0.465855214507
6881    0.465853560041
6883    0.465853309225
6885    0.465853309202
6911    0.461703624984
6913    0.461694074528
6939    0.458689284059
6941    0.45866723342
6967    0.45573879033
6969    0.455717110594
6971    0.455694432903
6973    0.455694427692
6975    0.455694427598
6977    0.455694419802
6979    0.455694131817
6981    0.455673377942
6983    0.455643278608
6985    0.455627626959
6987    0.455622495173
6989    0.455618521434
6991    0.455618519513
7017    0.4544696856
7019    0.454452645895
7021    0.454428269611
7023    0.454418099688
7025    0.454418099107
7027    0.45440424557
7053    0.452630448278
7079    0.451731367348
7081    0.451731367331
7083    0.451731367219
7085    0.451731367126
7087    0.451730863664
7089    0.451705391782
7091    0.451675187525
7093    0.451675185716
7095    0.451664135848
7097    0.451635854103
7099    0.45163585208
7101    0.451607545521
7103    0.451578109236
7105    0.451578108575
7107    0.451578106496
7109    0.451578106481
7111    0.451578106472
7113    0.451577665574
7115    0.45155173851
7117    0.45155136087
7119    0.45154819014
7121    0.451525491755
7123    0.451525390694
7125    0.45149545181
7127    0.451470322408
7129    0.45147032186
7131    0.451470263727
7133    0.45146805543
7135    0.45146805475
7137    0.451447358522
7139    0.451420066923
7141    0.451418727399
7143    0.45141723926
7145    0.451417088675
7147    0.45141708865
7173    0.447609645287
7175    0.447601009774
7201    0.444805128786
7203    0.444784161092
7229    0.442054377201
7231    0.442033522105
7233    0.442011684125
7235    0.442011679367
7237    0.442011679243
7239    0.442011672475
7241    0.442011389381
7243    0.441991319498
7245    0.441961222631
7247    0.441947814498
7249    0.441943128318
7251    0.441939913423
7253    0.441939913009
7279    0.440942322973
7281    0.440926270021
7283    0.440903997652
7285    0.440895616515
7287    0.440895615979
7289    0.440883270836
7315    0.439236075641
7326    0.438919876369
7328    0.438919876347
7330    0.438919876207
7332    0.438919876121
7334    0.438919379656
7336    0.438894566169
7338    0.438864621702
7340    0.438864620063
7342    0.438853905682
7344    0.438825856934
7346    0.438825854969
7348    0.438797791552
7350    0.438768695712
7352    0.438768695274
7354    0.438768693648
7356    0.43876869363
7358    0.438768693623
7360    0.438768272735
7362    0.438742646631
7364    0.438742296205
7366    0.438739317873
7368    0.438716824326
7370    0.438716729102
7372    0.438687141536
7374    0.438662691535
7376    0.438662691065
7378    0.438662632123
7380    0.438660560948
7382    0.438660559513
7384    0.438640554071
7386    0.438618291958
7388    0.438616925667
7390    0.438615574262
7392    0.438615497192
7394    0.438615497165
7420    0.435121580369
7422    0.435113755665
7448    0.432526199661
7450    0.432506303912
7476    0.429977910399
7478    0.429957847753
7480    0.429936816819
7482    0.429936812431
7484    0.42993681221
7486    0.429936806311
7488    0.429936528337
7490    0.429917118969
7492    0.429887002037
7494    0.429875516723
7496    0.429871232585
7498    0.429868630675
7500    0.429868630663
7526    0.428998619357
7528    0.428983486929
7530    0.428963162884
7532    0.428955318854
7534    0.428955318362
7536    0.428943911646
7562    0.427398459521
7564    0.427367761536
7566    0.427367761509
7568    0.427367761348
7570    0.427367761293
7572    0.427367271942
7574    0.427343098881
7576    0.427313409337
7578    0.42731340784
7580    0.427303015987
7582    0.427275197345
7584    0.427275195437
7586    0.42724737037
7588    0.427218607776
7590    0.427218607473
7592    0.427218606064
7594    0.427218606042
7596    0.427218606038
7598    0.427218197372
7600    0.427192866814
7602    0.42719254143
7604    0.427189742196
7606    0.427167450886
7608    0.427167361081
7610    0.427138118196
7612    0.427114320991
7614    0.427114320582
7616    0.427114259409
7618    0.427112315175
7620    0.427112312867
7622    0.427092969755
7624    0.427075136255
7626    0.427073721808
7628    0.427072484001
7630    0.427072455031
7632    0.427072455002
7658    0.423861347705
7660    0.42385424181
7686    0.421473959775
7688    0.421455095515
7714    0.419129167965
7716    0.419109866914
7718    0.419089611739
7720    0.419089607656
7722    0.419089607257
7724    0.4190896021
7726    0.419089329424
7728    0.419070557982
7730    0.419040414076
7732    0.419030570329
7734    0.4190266491
7736    0.419024542363
7738    0.419024542285
7741    0.418962388612
7743    0.418947981624
7745    0.418929468773
7747    0.418921587496
7749    0.418921587048
7751    0.418910886232
7777    0.417455150187
7779    0.417424629159
7781    0.417424629127
7783    0.417424628953
7785    0.417424628913
7787    0.417424146772
7789    0.417400596846
7791    0.417371157385
7793    0.417371156007
7795    0.417361074545
7797    0.417333483125
7799    0.417333481271
7801    0.417305889811
7803    0.417277453389
7805    0.417277453172
7807    0.417277451872
7809    0.417277451847
7811    0.417277451844
7813    0.417277050867
7815    0.41725201072
7817    0.41725170839
7819    0.417249075955
7821    0.417226984267
7823    0.4172268995
7825    0.41719799481
7827    0.417174825307
7829    0.417174824947
7831    0.417174760338
7833    0.417172933711
7835    0.417172930495
7837    0.41715422296
7839    0.41714023284
7841    0.417138751228
7843    0.417137608864
7845    0.417137604446
7847    0.417137604416
7873    0.414178225723
7875    0.414171757357
7901    0.411997166318
7903    0.41197927628
7929    0.409855450005
7931    0.409836880929
7933    0.409817371483
7935    0.409817367655
7937    0.409817366539
7939    0.409817362015
7941    0.409817095154
7943    0.409798942277
7945    0.409769114604
7947    0.409759518603
7949    0.409755927183
7951    0.40975386369
7953    0.409753863654
7955    0.409723080003
7957    0.409709350458
7959    0.409692528005
7961    0.409684619852
7963    0.409684619444
7965    0.409674562825
7991    0.408301238902
7993    0.408270751406
7995    0.408270751368
7997    0.408270751185
7999    0.408270751152
8001    0.408270276305
8003    0.408247332789
8005    0.408218138714
8007    0.408218137436
8009    0.408208354942
8011    0.408180987972
8013    0.408180986173
8015    0.408153623724
8017    0.408125506666
8019    0.408125506505
8021    0.40812550526
8023    0.408125505234
8025    0.408125505233
8027    0.408125109301
8029    0.408100354691
8031    0.408100073602
8033    0.40809759659
8035    0.408075701995
8037    0.408075621916
8039    0.408047049201
8041    0.408024483789
8043    0.408024483467
8045    0.408024414367
8047    0.408022696787
8049    0.408022692686
8051    0.408004595586
8053    0.407993886104
8055    0.407992320665
8057    0.407991259438
8059    0.407991258345
8061    0.407991258311
8087    0.405253412074
8089    0.405247509474
8115    0.403276020635
8117    0.403259040129
8143    0.401335204831
8145    0.401317339359
8147    0.401298546891
8149    0.40129854328
8151    0.401298541395
8153    0.401298537416
8155    0.401298276393
8157    0.40128072089
8159    0.40125121548
8161    0.401241810416
8163    0.40123851868
8165    0.40123648142
8167    0.401236481413
8169    0.401205909006
8171    0.401192817683
8173    0.401177560447
8175    0.401169634967
8177    0.401169634595
8179    0.401160167579
8205    0.399863370138
8207    0.399832795961
8209    0.39983279592
8211    0.399832795733
8213    0.399832795703
8215    0.399832328218
8217    0.399809974873
8219    0.399781021554
8221    0.399781020362
8223    0.399771525996
8225    0.399744380747
8227    0.399744378998
8229    0.39971724104
8231    0.399689436749
8233    0.399689436625
8235    0.39968943541
8237    0.399689435383
8239    0.399689435381
8241    0.39968904295
8243    0.399664569142
8245    0.39966430763
8247    0.399661975512
8249    0.399640275511
8251    0.399640199801
8253    0.39961195302
8255    0.399589969389
8257    0.3995899691
8259    0.39958989456
8261    0.399588278174
8263    0.399588273252
8265    0.399570762869
8267    0.399562797909
8269    0.399561134354
8271    0.399560142927
8273    0.399560126573
8275    0.399560126537
8301    0.397015359552
8303    0.397009959336
8329    0.395237340388
8331    0.395221203458
8357    0.393493052747
8359    0.393475863652
8361    0.393457760583
8363    0.393457757158
8365    0.393457754601
8367    0.39345775109
8369    0.393457495903
8371    0.393440517256
8373    0.393411327086
8375    0.393402108058
8377    0.39339908854
8379    0.393397077237
8381    0.393397077237
8383    0.393366712728
8385    0.393354223048
8387    0.39334040701
8389    0.393332472945
8391    0.393332472606
8393    0.393323546721
8419    0.392098326364
8421    0.392067563919
8423    0.392067563874
8425    0.392067563684
8427    0.392067563654
8429    0.392067103583
8431    0.392045324633
8433    0.392016607502
8435    0.392016606382
8437    0.392007389817
8439    0.391980463599
8441    0.391980461901
8443    0.391953543991
8445    0.39192604609
8447    0.391926045991
8449    0.391926044793
8451    0.391926044764
8453    0.391926044763
8455    0.391925654928
8457    0.391901457292
8459    0.391901213836
8461    0.391899016862
8463    0.391877508992
8465    0.391877437354
8467    0.391849510632
8469    0.391828087673
8471    0.391828087411
8473    0.391828006554
8475    0.391826484147
8477    0.391826478493
8479    0.391809532406
8481    0.391803804666
8483    0.391802031184
8485    0.3918011005
8487    0.391801053154
8489    0.391801053116
8515    0.389423213052
8517    0.389418259223
8543    0.387838131804
8545    0.387822775011
8571    0.386283520409
8573    0.386266981562
8575    0.38624954143
8577    0.386249538167
8579    0.38624953507
8581    0.386249531965
8583    0.386249282602
8585    0.38623286105
8587    0.386203980223
8589    0.386194942471
8591    0.386192170176
8593    0.386190184544
8595    0.386190184538
8597    0.386160024703
8599    0.3861481025
8601    0.386135608037
8603    0.386127673351
8605    0.386127673042
8607    0.386119245041
8633    0.384961265637
8635    0.384930228541
8637    0.384930228493
8639    0.384930228302
8641    0.384930228272
8643    0.384929775657
8645    0.384908555775
8647    0.384880070322
8649    0.384880069265
8651    0.384871120637
8653    0.384844410793
8655    0.384844409144
8657    0.384817706905
8659    0.384790509248
8661    0.384790509166
8663    0.384790507979
8665    0.384790507951
8667    0.38479050795
8669    0.38479012018
8671    0.384766194169
8673    0.384765967374
8675    0.384763896514
8677    0.384742578345
8679    0.38474251051
8681    0.384714898129
8683    0.38469401584
8685    0.384694015602
8687    0.384693927614
8689    0.384692492555
8691    0.384692486275
8693    0.384676083251
8695    0.384672114942
8697    0.384670222332
8699    0.384669345096
8701    0.38466925398
8703    0.38466925394
8729    0.382434802829
8731    0.382430245894
8757    0.381033880122
8759    0.381019244586
8785    0.379659623016
8787    0.379643709333
8789    0.379626906745
8791    0.379626903623
8793    0.379626900116
8795    0.379626897362
8797    0.379626653796
8799    0.379610770301
8801    0.379582193696
8803    0.379573332602
8805    0.379570784811
8807    0.379568824553
8809    0.379568824529
8811    0.379538866264
8813    0.379527479585
8815    0.379516193239
8817    0.379508265166
8819    0.379508264885
8821    0.379500295969
8847    0.378405621462
8851    0.3783120525
8853    0.378312052452
8855    0.378312052261
8857    0.378312052199
8859    0.378311607067
8861    0.378290931421
8863    0.378262673206
8865    0.378262672203
8867    0.378253982072
8869    0.378227485991
8871    0.378227484388
8873    0.378200993519
8875    0.378174090194
8877    0.378174090125
8879    0.378174088944
8881    0.378174088917
8883    0.378174088916
8885    0.378173702898
8887    0.378150044051
8889    0.378149832641
8891    0.378147879522
8893    0.378126748666
8895    0.378126684383
8897    0.378099380781
8899    0.378079020186
8901    0.378079019968
8903    0.378078924074
8905    0.378077570264
8907    0.378077563467
8909    0.37806168337
8911    0.378059025901
8913    0.378057007747
8915    0.378056178012
8917    0.378056033306
8919    0.378056033263
8945    0.375944177284
8947    0.375939973452
8973    0.374716418388
8975    0.374702450656
9001    0.373511027901
9003    0.373495715304
9005    0.373479525892
9007    0.373479522895
9009    0.373479519086
9011    0.373479516639
9013    0.37347927884
9015    0.373463915058
9017    0.373435638125
9019    0.373426949208
9021    0.373424605292
9023    0.373422670105
9025    0.373422670057
9027    0.373392910378
9029    0.373382029311
9031    0.373371846834
9033    0.373364087417
9035    0.373364087162
9037    0.373356517063
9063    0.372320215998
9067    0.372226522717
9069    0.372226522668
9071    0.372226522476
9073    0.372226522398
9075    0.372226084766
9077    0.372205938881
9079    0.372177903513
9081    0.372177902555
9083    0.372169461875
9085    0.372143176973
9087    0.372143175415
9089    0.372116891676
9091    0.372090276989
9093    0.372090276928
9095    0.372090275753
9097    0.372090275725
9099    0.372090275725
9101    0.372089891275
9103    0.372066495196
9105    0.372066297999
9107    0.37206445486
9109    0.372043508961
9111    0.372043448001
9113    0.372016447747
9115    0.371996590811
9117    0.371996590611
9119    0.371996486076
9121    0.371995207904
9123    0.371995200704
9125    0.371979824398
9127    0.371978057426
9129    0.371975910264
9131    0.371975123116
9133    0.37197491789
9135    0.371974917845
9161    0.369967603566
9163    0.369963714049
9189    0.368900203199
9191    0.36888685536
9217    0.367850544416
9219    0.367835809782
9221    0.36782021015
9223    0.367820207267
9225    0.367820203242
9227    0.367820201063
9229    0.367819968988
9231    0.367805107237
9233    0.36777712582
9235    0.367768604729
9237    0.367766445962
9239    0.367764535539
9241    0.367764535462
9243    0.367734971487
9245    0.367724568002
9247    0.367715390336
9249    0.367707806125
9251    0.367707805892
9253    0.367700600771
9279    0.366719142094
9284    0.366594124868
9286    0.366594124818
9288    0.366594124628
9290    0.366594124536
9292    0.366593694408
9294    0.366574064242
9296    0.366546247394
9298    0.366546246478
9300    0.366538046571
9302    0.366511970304
9304    0.366511968791
9306    0.366485888011
9308    0.366459556492
9310    0.366459556438
9312    0.366459555268
9314    0.366459555241
9316    0.366459555241
9318    0.366459172247
9320    0.366436034607
9322    0.366435850549
9324    0.36643411019
9326    0.366413346931
9328    0.366413289082
9330    0.366386586886
9332    0.366367216456
9334    0.36636721627
9336    0.366367102392
9338    0.366365894689
9340    0.366365887193
9342    0.366350996478
9344    0.366349726635
9346    0.366347450113
9348    0.366346701429
9350    0.366346431504
9352    0.366346431455
9378    0.364428253397
9380    0.364424643787
9406    0.363507168445
9408    0.363494397824
9434    0.362599083141
9436    0.362584904273
9438    0.362569871966
9440    0.362569869186
9442    0.36256986501
9444    0.362569863065
9446    0.362569636667
9448    0.362555259905
9450    0.362527570154
9452    0.362519212666
9454    0.36251722207
9456    0.362515336099
9458    0.362515335992
9460    0.362485964947
9462    0.36247601277
9464    0.362467749147
9466    0.362460420688
9468    0.362460420476
9470    0.362453534138
9496    0.36152282254
9501    0.361397807818
9503    0.361397807768
9505    0.361397807581
9507    0.361397807489
9509    0.361397384861
9511    0.361378256742
9513    0.361350654144
9515    0.361350653263
9517    0.361342685801
9519    0.361316815657
9521    0.361316814186
9523    0.361290932256
9525    0.361264878639
9527    0.36126487859
9529    0.361264877423
9531    0.361264877396
9533    0.361264877396
9535    0.361264495791
9537    0.361241612328
9539    0.361241440422
9541    0.361239796163
9543    0.361219213259
9545    0.361219158326
9547    0.361192749014
9549    0.361173848743
9551    0.361173848571
9553    0.361173724675
9555    0.361172582676
9557    0.361172574986
9559    0.36115815252
9561    0.361157012036
9563    0.361154609045
9565    0.361153895305
9567    0.361153559061
9569    0.36115355901
9595    0.359311607365
9597    0.359308247089
9603    0.359152265802
9605    0.359139936741
9624    0.358567290239
9626    0.358553645775
9628    0.35853915919
9630    0.358539156503
9632    0.358539152225
9634    0.358539150487
9636    0.358538929707
9638    0.358525021462
9640    0.358497619678
9642    0.358489421671
9644    0.358487583853
9646    0.358485722018
9648    0.358485721879
9650    0.358456541007
9652    0.358447015463
9654    0.358439581401
9656    0.358432504456
9658    0.358432504263
9660    0.358425908911
9686    0.357542685971
9691    0.357417462322
9693    0.357417462273
9695    0.357417462085
9697    0.357417461999
9699    0.357417046856
9701    0.35739840744
9703    0.357371014801
9705    0.357371013951
9707    0.357363270915
9709    0.357337604346
9711    0.357337602915
9713    0.357311915718
9715    0.357286134871
9717    0.357286134826
9719    0.357286133663
9721    0.357286133636
9723    0.357286133636
9725    0.357285753378
9727    0.35726311982
9729    0.357262959162
9731    0.357261404795
9733    0.357240999944
9735    0.357240947746
9737    0.357214826189
9739    0.357196380442
9741    0.357196380284
9743    0.357196245725
9745    0.357195165035
9747    0.357195157246
9749    0.35718118645
9751    0.357179831835
9753    0.357177308563
9755    0.357176626814
9757    0.35717622496
9759    0.357176224909
9785    0.355399892999
9787    0.355396754667
9789    0.3553674946
9791    0.355355573816
9793    0.355324742544
9795    0.355311611994
9797    0.355297650411
9799    0.355297647808
9801    0.355297643464
9803    0.355297641907
9805    0.355297426681
9807    0.355283971094
9809    0.355256853793
9811    0.355248811278
9813    0.355247112296
9815    0.355245274281
9817    0.355245274111
9819    0.355216280787
9821    0.355207158739
9823    0.355200476529
9825    0.355193644494
9827    0.35519364432
9829    0.355187314563
9855    0.354348432383
9861    0.354191819236
9863    0.354191819187
9865    0.354191819001
9867    0.354191818915
9869    0.354191411233
9871    0.354173247599
9873    0.354146060727
9875    0.354146059905
9877    0.354138533603
9879    0.35411306813
9881    0.354113066739
9883    0.354087570257
9885    0.354062057278
9887    0.354062057236
9889    0.354062056077
9891    0.354062056051
9893    0.354062056051
9895    0.354061677114
9897    0.354039289289
9899    0.354039139043
9901    0.354037668809
9903    0.354017439769
9905    0.354017390138
9907    0.353991551361
9909    0.353973545236
9911    0.353973545088
9913    0.353973399252
9915    0.353972375815
9917    0.353972368011
9919    0.353958833077
9921    0.35395694396
9923    0.353954309913
9925    0.353953657445
9927    0.353953192755
9929    0.353953192701
9955    0.352233977391
9957    0.352231036708
9959    0.352201958984
9961    0.352190435235
9963    0.352159785763
9965    0.352147149472
9967    0.352133693023
9969    0.3521336905
9971    0.352133686113
9973    0.352133684717
9975    0.352133474977
9977    0.352120456784
9979    0.352093620679
9981    0.352085729801
9983    0.352084157045
9985    0.352082342539
9987    0.35208234234
9989    0.352053534102
9991    0.352044793848
9993    0.35203879297
9995    0.352032268993
9997    0.352032268834
9999    0.352026162981
10008    0.351775962271
10010    0.351744912392
10012    0.351744912342
10014    0.351744912158
10016    0.351744912098
10018    0.351744511846
10020    0.351726811408
10022    0.351699826162
10024    0.351699825365
10026    0.351692508404
10028    0.351667241576
10030    0.351667240224
10032    0.351641930496
10034    0.351616680663
10036    0.351616680622
10038    0.351616679467
10040    0.351616679442
10042    0.351616679442
10044    0.351616301805
10046    0.351594155592
10048    0.351594014997
10050    0.351592623538
10052    0.3515725681
10054    0.351572520884
10056    0.35154696001
10058    0.351529379262
10060    0.351529379124
10062    0.351529221429
10064    0.351528251503
10066    0.351528243759
10068    0.351515129578
10070    0.351512407743
10072    0.351509675653
10074    0.35150905
10076    0.351508527017
10078    0.351508526961
10104    0.349839807756
10106    0.349837043048
10108    0.349808146348
10110    0.349797005005
10112    0.349766536413
