26    5.12565544747
52    5.08441066249
78    4.97289909861
93    4.84832368654
119    4.82928388499
121    4.8292786579
147    4.79812046693
173    4.75337085006
199    4.70619922694
225    4.59757901309
251    4.57147128446
276    4.44821997129
302    4.40024745723
328    4.26285913468
354    4.20064714468
380    4.08178684341
391    4.08104924321
393    4.08104871608
419    4.04676177041
445    4.02318197708
471    3.93185130731
497    3.81901759901
523    3.80854039936
549    3.79057954019
575    3.73793325184
601    3.58915911303
617    3.46479386352
643    3.3407802871
646    3.3407237379
672    3.26122075772
698    3.23282587721
724    3.18600951367
741    3.061924905
767    2.96742771333
793    2.94405807465
819    2.82235775829
845    2.80313768507
871    2.77512562632
897    2.65092919438
916    2.52649700981
942    2.52522037995
968    2.42625212496
994    2.4019699571
1020    2.2897285378
1046    2.28750765784
1072    2.27232416066
1098    2.25953216543
1124    2.14270464298
1150    2.1235592774
1176    1.98200646241
1189    1.85750602962
1215    1.73426351759
1218    1.73420988906
1244    1.61562702915
1270    1.60982502161
1296    1.48394098418
1322    1.35389551291
1348    1.34455691244
1374    1.33346912234
1400    1.32740885334
1426    1.31116919707
1443    1.3102389745
1445    1.31023836927
1471    1.30217960542
1473    1.30217431093
1499    1.29185575715
1525    1.27848995352
1551    1.2629640028
1572    1.26167215723
1598    1.25561859974
1600    1.25561773791
1626    1.24178356495
1652    1.24026531742
1678    1.22695896463
1681    1.22690664016
1683    1.22690645953
1685    1.22690641993
1711    1.2157276784
1737    1.20317253979
1763    1.19719016745
1778    1.19644181686
1804    1.18963848316
1830    1.17978970934
1856    1.16139519216
1882    1.15374844848
1884    1.15374844218
1886    1.15374840919
1888    1.15374840587
1914    1.15079132204
1940    1.14871517062
1966    1.13646999972
1968    1.13646997778
1994    1.13184550246
2020    1.12442999208
2022    1.12442996674
2048    1.11917140865
2074    1.11202915844
2076    1.11202894275
2078    1.11202880268
2104    1.11085034943
2117    1.11038583012
2143    1.10586628335
2169    1.10360577861
2195    1.10192559
2221    1.09233470497
2223    1.09232911886
2225    1.09232165985
2251    1.08413089393
2277    1.0732995115
2279    1.0732995059
2281    1.07329833186
2283    1.0732983298
2285    1.0732967418
2287    1.07328524146
2291    1.07320325669
2317    1.05835002157
2320    1.05829783552
2346    1.04810220492
2372    1.04310403883
2398    1.03384727058
2400    1.03384102527
2402    1.03384088898
2428    1.03047239365
2430    1.03046721178
2456    1.0244472097
2482    1.01829886837
2508    1.01342352561
2510    1.0134181416
2536    1.01198466889
2538    1.01198423656
2564    1.00615640152
2566    1.00613245256
2592    1.00288412739
2594    1.0028832666
2596    1.00288325961
2598    1.00288325099
2624    0.996644823704
2650    0.988606435287
2661    0.988262470221
2663    0.98825767435
2689    0.984123336615
2715    0.97905312683
2741    0.969743996306
2767    0.966019461047
2769    0.966019459904
2771    0.966019239894
2773    0.966019239887
2775    0.966007079836
2791    0.96550527234
2817    0.960928606417
2819    0.96092860391
2823    0.960846778716
2849    0.958436876149
2851    0.958436870047
2877    0.956118913153
2903    0.951646095927
2905    0.951646095796
2907    0.951646095791
2933    0.95061918862
2935    0.950616664962
2961    0.947471060775
2965    0.947389182867
2991    0.945889961532
3017    0.939162407574
3019    0.939161348754
3021    0.939160730885
3047    0.932623482181
3073    0.925261844668
3075    0.925261841722
3077    0.925261207334
3079    0.925261206944
3081    0.925260254082
3083    0.92525030815
3085    0.925230424766
3111    0.913575881418
3113    0.913555797458
3139    0.904765956115
3165    0.900628168021
3191    0.894387781123
3193    0.894386421362
3195    0.894386394715
3221    0.892887573466
3223    0.892882819994
3249    0.888383638768
3275    0.884011522974
3301    0.882344891453
3303    0.88234030329
3305    0.882319923908
3307    0.882319749088
3333    0.878868697772
3335    0.878846746713
3358    0.877995654617
3360    0.877995653956
3362    0.877995653714
3364    0.877995653045
3390    0.873422584731
3416    0.867796266179
3418    0.867783695695
3420    0.867782840256
3446    0.865273531337
3472    0.862626008388
3498    0.857131121474
3524    0.85486629968
3526    0.854866299161
3528    0.854866202459
3530    0.854866202435
3532    0.85486223982
3534    0.854838428071
3560    0.852431333671
3562    0.852431333191
3564    0.852421011157
3590    0.851533794355
3592    0.851533792895
3618    0.850085261099
3644    0.846853424969
3646    0.846853424668
3648    0.846853424268
3674    0.846002572021
3676    0.84600168097
3702    0.843595677818
3704    0.843572283832
3730    0.842266935207
3756    0.83759301385
3758    0.837592895615
3760    0.837592739385
3786    0.832020196922
3812    0.826963035996
3814    0.826963034197
3816    0.826962579944
3818    0.826962578997
3820    0.826961872209
3822    0.826953157436
3824    0.82693606058
3850    0.81749668546
3852    0.817478947353
3878    0.810246369549
3904    0.80698350261
3930    0.802380243813
3932    0.802379942063
3934    0.802379941154
3952    0.801873373136
3954    0.801869236658
3980    0.798071727318
4006    0.794482814883
4017    0.794181546181
4019    0.794177639473
4021    0.794166323598
4023    0.79416630252
4049    0.791805004956
4051    0.791784672009
4053    0.791763746087
4055    0.791763706286
4057    0.791763706268
4059    0.791763702355
4085    0.788017295203
4111    0.783701849113
4113    0.783696291552
4115    0.783696143177
4141    0.782134942219
4167    0.780670442156
4193    0.776909024748
4219    0.775239886514
4221    0.775239886174
4223    0.775239845309
4225    0.775239845283
4227    0.775238064946
4229    0.775215278986
4255    0.773617506044
4257    0.773617505931
4259    0.773613119041
4261    0.773595022222
4263    0.773595021717
4289    0.772480925931
4315    0.770041968401
4317    0.770041968095
4319    0.770041967314
4321    0.770015700205
4323    0.770015396224
4349    0.768090628644
4351    0.768068849886
4377    0.766955740443
4403    0.763729800538
4405    0.763729800442
4407    0.763729735837
4433    0.758857794507
4459    0.755308783625
4461    0.755308782411
4463    0.755308453131
4465    0.755308451995
4467    0.755307922502
4469    0.755300274583
4471    0.755285438035
4497    0.747869297835
4499    0.74785378825
4525    0.742053401006
4551    0.739579628798
4577    0.736066981191
4579    0.736066911896
4581    0.736066911871
4583    0.736047287178
4585    0.736043853964
4611    0.732718739808
4637    0.729730792653
4639    0.729710839392
4641    0.729707501728
4643    0.729700654838
4645    0.729700652246
4671    0.727999141592
4673    0.727980164205
4675    0.727965289731
4677    0.727965259725
4679    0.727965259714
4681    0.72796524645
4707    0.724791968705
4733    0.721228391349
4735    0.721225945489
4737    0.721225923688
4763    0.720215282602
4789    0.719348817177
4815    0.716445570932
4841    0.715062195518
4843    0.715062195263
4845    0.715062185454
4847    0.715062185428
4849    0.715061404793
4851    0.71503917809
4877    0.713846047829
4879    0.713846047787
4881    0.713844218044
4883    0.713831869238
4885    0.71383186906
4911    0.712976207313
4937    0.711053173978
4939    0.711053173775
4941    0.711053172726
4943    0.711032558914
4945    0.711032455523
4971    0.709501139072
4973    0.709481029773
4999    0.708543030227
5025    0.706306079795
5027    0.706306060115
5029    0.706306026311
5055    0.701942167699
5081    0.699384424823
5083    0.69938442395
5085    0.699384182158
5087    0.699384181042
5089    0.699383780368
5091    0.699377060224
5093    0.699364069333
5119    0.693644543279
5121    0.693630982772
5147    0.68900876389
5173    0.687188347867
5199    0.684491759151
5201    0.684491742622
5203    0.684491742396
5205    0.684477027704
5207    0.684474300818
5233    0.681576921503
5259    0.679073825266
5261    0.679059324808
5263    0.679056465056
5265    0.679052150813
5267    0.679052148758
5293    0.677804498406
5295    0.6777867438
5297    0.677776380086
5299    0.677776370038
5301    0.677776370016
5303    0.677776348981
5329    0.67504541713
5355    0.671963530097
5357    0.671962428512
5359    0.671962426984
5370    0.671682911453
5372    0.671659066696
5398    0.669159374603
5424    0.667923272731
5426    0.66792327252
5428    0.667923265011
5430    0.667923264988
5432    0.667922922516
5434    0.667901170938
5460    0.66700483907
5462    0.66700483905
5464    0.667003949424
5466    0.666995296033
5468    0.666995295928
5476    0.666800937889
5502    0.66527645336
5504    0.665276453204
5506    0.665276451991
5508    0.665260654843
5510    0.66526061729
5536    0.664052468917
5538    0.664034055063
5564    0.663247792968
5590    0.661676069736
5592    0.661676028987
5594    0.661676009032
5620    0.657673285319
5646    0.655777623531
5648    0.655777622877
5650    0.655777442936
5652    0.655777441941
5654    0.655777135666
5656    0.655771224668
5658    0.655759750759
5684    0.651342800896
5686    0.651330916098
5712    0.64761537504
5738    0.646304475315
5764    0.644249523791
5766    0.6442495192
5768    0.644249518155
5770    0.644238253885
5772    0.644236181037
5798    0.641729038437
5824    0.639625253859
5826    0.639614774747
5828    0.639612317637
5830    0.639609518841
5832    0.639609517304
5858    0.638682441939
5860    0.638665794946
5862    0.638658608623
5864    0.638658607884
5866    0.638658607854
5868    0.638658582456
5894    0.636291900105
5920    0.633539862387
5922    0.633539343092
5924    0.633539343092
5926    0.633516688265
5928    0.633497193641
5954    0.63128406412
5980    0.630180430132
5982    0.630180429948
5984    0.630180427624
5986    0.630180427601
5988    0.630180276113
5990    0.630159058048
6001    0.629877435822
6003    0.629877435803
6005    0.629876927316
6007    0.629869281363
6009    0.6298692813
6011    0.629842658995
6037    0.628633690479
6039    0.628633690361
6041    0.628633689061
6043    0.628621835841
6045    0.628621820464
6071    0.627675279947
6073    0.627658509733
6075    0.627631900443
6101    0.626508678034
6103    0.626508675828
6105    0.626508675355
6131    0.622699925989
6157    0.621255384499
6159    0.621255383993
6161    0.621255248238
6163    0.621255247398
6165    0.621255010908
6167    0.621249807249
6169    0.621239588463
6195    0.617757523445
6197    0.617747098757
6223    0.614704157562
6249    0.613774317093
6275    0.61221333202
6277    0.612213330509
6279    0.612213328218
6281    0.612204569946
6283    0.612203063892
6309    0.610048833581
6335    0.608276357846
6337    0.608268782314
6339    0.608266665328
6341    0.608264812399
6343    0.608264811265
6357    0.607892125701
6359    0.607876458935
6361    0.607871460937
6363    0.607871446061
6365    0.607871446026
6367    0.607871419292
6393    0.605813657128
6419    0.603338964918
6421    0.603338696053
6423    0.603338695181
6425    0.603319401108
6427    0.60330335279
6453    0.601331429683
6479    0.600350536656
6481    0.600350536493
6483    0.600350534979
6485    0.600350534957
6487    0.600350419637
6489    0.600329960318
6491    0.600303505352
6493    0.600303505334
6495    0.600303165405
6497    0.600295741083
6499    0.600295741047
6501    0.60026944379
6527    0.599310827415
6529    0.599310827329
6531    0.599310826086
6533    0.599302107321
6535    0.599302099957
6561    0.598564011399
6563    0.598548734719
6565    0.59852502597
6591    0.597702791075
6593    0.597702790217
6595    0.597702790154
6621    0.594037361303
6647    0.592904111684
6649    0.592904111285
6651    0.592904007434
6653    0.592904006743
6655    0.592903822314
6657    0.592899238158
6659    0.592890063425
6685    0.59004301776
6687    0.590033881256
6713    0.587481870326
6717    0.587400414046
6743    0.586121134134
6745    0.586121133516
6747    0.586121128539
6749    0.586114242936
6751    0.586113201893
6777    0.584274710883
6803    0.582777531094
6805    0.582771180827
6807    0.582769352496
6809    0.582767956854
6811    0.582767955897
6813    0.582741447477
6815    0.582726654667
6817    0.582723154504
6819    0.582723121189
6821    0.582723121152
6823    0.58272309528
6849    0.58093039268
6875    0.578712004321
6877    0.578711862493
6879    0.578711860313
6881    0.57869522647
6883    0.578681944868
6909    0.576922448438
6935    0.5760561045
6937    0.576056104354
6939    0.576056103001
6941    0.57605610298
6943    0.576055983831
6945    0.576036355103
6947    0.576010223408
6949    0.576010223391
6951    0.576009962991
6953    0.576002751977
6955    0.57600275196
6957    0.575976773485
6983    0.575215842026
6985    0.575215841966
6987    0.575215840887
6989    0.57520955515
6991    0.575209550992
6993    0.575186287236
6995    0.575172350805
6997    0.575151305429
7000    0.575097438083
7002    0.575097436889
7004    0.575097435988
7030    0.571555773615
7056    0.570614775433
7058    0.570614775099
7060    0.570614694537
7062    0.570614694194
7064    0.570614548953
7066    0.570610503927
7068    0.570602200424
7094    0.568163851985
7096    0.568155855656
7122    0.565961388459
7124    0.565938975204
7150    0.56488600653
7152    0.564886006207
7154    0.564885998304
7156    0.564880542475
7158    0.564879862806
7184    0.563320145171
7210    0.562051140209
7212    0.56204506118
7214    0.562043479583
7216    0.56204233072
7218    0.562042329729
7220    0.562016173372
7222    0.562002184718
7224    0.561999712249
7226    0.561999654723
7228    0.561999654685
7230    0.5619996311
7256    0.560436307542
7282    0.5584550492
7284    0.558454973379
7286    0.558454970366
7288    0.558440493983
7290    0.558429463975
7316    0.556861470513
7342    0.55610146471
7344    0.556101464576
7346    0.556101463342
7348    0.556101463323
7350    0.55610134093
7352    0.556082506967
7354    0.556056692867
7356    0.556056692849
7358    0.55605652119
7360    0.556049515534
7362    0.556049515534
7364    0.556023850004
7371    0.555860527527
7373    0.555860527467
7375    0.555860526609
7377    0.555854537704
7379    0.555854531979
7381    0.555832155944
7383    0.555819452409
7385    0.55580076209
7387    0.555775980214
7389    0.555775978613
7391    0.555775978554
7417    0.552351415992
7443    0.551547904316
7445    0.551547904023
7447    0.551547840649
7449    0.551547840367
7451    0.551547724902
7453    0.551544152854
7455    0.551536577399
7481    0.549344462973
7483    0.549337471201
7509    0.547405394324
7511    0.547386784912
7537    0.546521630475
7539    0.546521630263
7541    0.546521620593
7543    0.546517274766
7545    0.546516860746
7571    0.545200040537
7597    0.544121024492
7599    0.544115201845
7601    0.544113831476
7603    0.544112915383
7605    0.544112914408
7607    0.544087096437
7609    0.544073850132
7611    0.544072087716
7613    0.544071999174
7615    0.544071999135
7617    0.544071978584
7643    0.542707894291
7669    0.540945258483
7671    0.540945217619
7673    0.540945214352
7675    0.540932527848
7677    0.540923350254
7703    0.539529591503
7708    0.539420949735
7710    0.539420949611
7712    0.539420948467
7714    0.539420948452
7716    0.53942082337
7718    0.539402749969
7720    0.53937724821
7722    0.539377248192
7724    0.539377091708
7726    0.539370283903
7728    0.539370283903
7730    0.53934492572
7732    0.539318255507
7734    0.539318255446
7736    0.539318254818
7738    0.539312353114
7740    0.539312345839
7742    0.539290223366
7744    0.539278653119
7746    0.539261965756
7748    0.539239043139
7750    0.539239041304
7752    0.539239041301
7778    0.53593288849
7791    0.535601852155
7793    0.535601851888
7795    0.535601801336
7797    0.535601801111
7799    0.535601708481
7801    0.535598552304
7803    0.535591585648
7829    0.533533588409
7831    0.53352747339
7857    0.531790784969
7859    0.531775340048
7875    0.531348743927
7877    0.531348743739
7879    0.531348732227
7881    0.531345067156
7883    0.531344838164
7909    0.530237449876
7935    0.52931807439
7937    0.529312492914
7939    0.529311303796
7941    0.529310589539
7943    0.529310588607
7945    0.529285086193
7947    0.529272527066
7949    0.529271259692
7951    0.529271133327
7953    0.529271133289
7955    0.529271116018
7981    0.52808021831
8007    0.526518780514
8009    0.526518757518
8011    0.526518747881
8013    0.52650760136
8015    0.526499511419
8041    0.525269454959
8044    0.525215387067
8046    0.52521538695
8048    0.525215385873
8050    0.525215385863
8052    0.52521525862
8054    0.52519791342
8056    0.525172718903
8058    0.525172718885
8060    0.525172569581
8062    0.525165952368
8064    0.525165952368
8066    0.52514089635
8068    0.525114497945
8070    0.525114497885
8072    0.525114497483
8074    0.525108681846
8076    0.525108673112
8078    0.525086801041
8080    0.525076270156
8082    0.525061299649
8084    0.525039194515
8086    0.525039192606
8088    0.525039192601
8114    0.521848867006
8116    0.521822701839
8118    0.521822701593
8120    0.521822660708
8122    0.521822660614
8124    0.521822585659
8126    0.521819795757
8128    0.521813339024
8154    0.519815364904
8156    0.519810006127
8182    0.518221766723
8184    0.518207936196
8186    0.518181224681
8188    0.518181224477
8190    0.51818121109
8192    0.518177926793
8194    0.518177817752
8220    0.517248682542
8246    0.516464045899
8248    0.516458690827
8250    0.516457657568
8252    0.516457109736
8254    0.516457108858
8256    0.516431899128
8258    0.516419977778
8260    0.516419058905
8262    0.51641888822
8264    0.516418888185
8266    0.516418874107
8292    0.515378391413
8318    0.514000179834
8320    0.514000166834
8322    0.514000148385
8324    0.513990318341
8326    0.513983211255
8352    0.512898892437
8355    0.512844762733
8357    0.512844762624
8359    0.512844761601
8361    0.512844761592
8363    0.512844632685
8365    0.512827984903
8367    0.512803092745
8369    0.512803092727
8371    0.512802950025
8373    0.512796516457
8375    0.512796516457
8377    0.512771757695
8379    0.512745627722
8381    0.512745627663
8383    0.51274562746
8385    0.512739896785
8387    0.512739886722
8389    0.512718262019
8391    0.512708682875
8393    0.51269519233
8395    0.512673263117
8397    0.512673261227
8399    0.512673261139
8425    0.509600766296
8427    0.509575339058
8429    0.509575338834
8431    0.509575305313
8433    0.509575305272
8435    0.509575244125
8437    0.509572777035
8439    0.509566749193
8465    0.507582884194
8467    0.507578169348
8493    0.506105531706
8495    0.506091892997
8497    0.506065432674
8499    0.506065432462
8501    0.506065417209
8503    0.506062510784
8505    0.506062471133
8531    0.505284038695
8533    0.505257601461
8535    0.50525243222
8537    0.505251533218
8539    0.505250995836
8541    0.505250995016
8543    0.505226083774
8545    0.505214755753
8547    0.505214084566
8549    0.505213863691
8551    0.505213863657
8553    0.505213852484
8579    0.504303776367
8605    0.503091378251
8607    0.503091370947
8609    0.503091344243
8611    0.503082652944
8613    0.503076450796
8639    0.502121429217
8642    0.502067251043
8644    0.50206725094
8646    0.502067249959
8648    0.502067249949
8650    0.502067119843
8652    0.502051140143
8654    0.50202654565
8656    0.502026545633
8658    0.50202640901
8660    0.502020152439
8662    0.502020152438
8664    0.501995686217
8666    0.501969821401
8668    0.501969821342
8670    0.501969821284
8672    0.50196417448
8674    0.501964163241
8676    0.501942782962
8678    0.501934073977
8680    0.501921864046
8682    0.501900086034
8684    0.501900084208
8686    0.501900084101
8712    0.498954878032
8714    0.498930163651
8716    0.498930163449
8718    0.498930135591
8720    0.498930135575
8722    0.498930085309
8724    0.498927902932
8726    0.498922238585
8752    0.496927271366
8754    0.496923097283
8780    0.495543056078
8782    0.495529605391
8784    0.495503442252
8786    0.49550344204
8788    0.495503431296
8790    0.495500896639
8792    0.495500876445
8815    0.494889721132
8817    0.494865671169
8819    0.494860679724
8821    0.494859896591
8823    0.494859371005
8825    0.494859370243
8827    0.494834756148
8829    0.494823981344
8831    0.494823487771
8833    0.49482321151
8835    0.494823211479
8837    0.494823202829
8863    0.494025949093
8889    0.492962765306
8891    0.492962761259
8893    0.492962727932
8895    0.492955032416
8897    0.49294964842
8923    0.492109359515
8926    0.492055149965
8928    0.492055149868
8930    0.492055148921
8932    0.492055148911
8934    0.492055018038
8936    0.492039678487
8938    0.492015377199
8940    0.492015377182
8942    0.492015246161
8944    0.492009160244
8946    0.492009160242
8948    0.491984982082
8950    0.491959379297
8952    0.491959379238
8954    0.491959379238
8956    0.491953815248
8958    0.491953802996
8960    0.491932664319
8962    0.491924749668
8964    0.491913657465
8966    0.491892007806
8968    0.491892006063
8970    0.491892005963
8996    0.48908323365
8998    0.489059201731
9000    0.489059201551
9002    0.48905917809
9004    0.489059178084
9006    0.489059136471
9008    0.489057205338
9010    0.489051852523
9036    0.487035625507
9038    0.487031898648
9064    0.485728287169
9066    0.485715021375
9068    0.485689153445
9070    0.485689153239
9072    0.485689144513
9074    0.485686900048
9076    0.485686890951
9078    0.485660122621
9080    0.48563622615
9082    0.485631403781
9084    0.485630720805
9086    0.485630214516
9088    0.485630213807
9090    0.485605916292
9092    0.485595658347
9094    0.485595293181
9096    0.485594957029
9098    0.485594957
9100    0.48559495046
9113    0.485267828856
9139    0.484306625109
9141    0.484306622932
9143    0.484306585024
9145    0.48429982211
9147    0.484295167606
9171    0.483638115512
9174    0.483583988285
9176    0.483583988194
9178    0.483583987275
9180    0.483583987264
9182    0.483583856023
9184    0.483569129922
9186    0.483545117445
9188    0.48354511743
9190    0.483544991577
9192    0.483539070218
9194    0.483539070216
9196    0.483515175712
9198    0.483489831816
9200    0.483489831759
9202    0.483489831698
9204    0.483484349458
9206    0.483484336358
9208    0.483463436439
9210    0.483456245745
9212    0.483446137674
9214    0.48342459514
9216    0.48342459348
9218    0.483424593391
9244    0.48076018133
9246    0.48073679672
9248    0.480736796559
9250    0.480736776543
9252    0.48073677654
9254    0.480736741866
9256    0.480735032523
9258    0.480729950302
9284    0.478692962709
9286    0.478689599013
9312    0.477450920357
9314    0.477437836966
9316    0.477412274021
9318    0.477412273814
9320    0.47741226648
9322    0.477410066727
9324    0.477410058383
9326    0.477383476472
9328    0.477359732346
9330    0.477355072043
9332    0.477354475655
9334    0.477353987734
9336    0.477353987075
9338    0.477329999713
9340    0.477320194794
9342    0.477319881849
9344    0.477319502261
9346    0.477319502227
9348    0.477319497091
9350    0.477294732314
9376    0.476404685921
9378    0.476404684704
9380    0.476404645745
9382    0.476398680046
9384    0.476394601419
9386    0.476367648113
9388    0.476340863393
9390    0.476340863307
9392    0.476340862412
9394    0.476340862401
9396    0.476340731158
9398    0.476326593069
9400    0.476302865173
9402    0.476302865157
9404    0.47630274408
9406    0.476296981447
9408    0.476296981444
9410    0.476273366362
9412    0.476248278304
9414    0.476248278248
9416    0.476248277976
9418    0.476242876445
9420    0.476242862656
9422    0.476222198716
9424    0.476215666813
9426    0.476206432737
9428    0.476184977866
9430    0.476184976288
9432    0.47618497621
9458    0.473671071849
9460    0.473648295639
9462    0.473648295497
9464    0.4736482782
9466    0.473648278199
9468    0.473648249133
9470    0.473646735641
9472    0.473641891665
9498    0.471591797905
9500    0.471588722303
9526    0.470406575115
9528    0.47039367146
9530    0.470368408068
9532    0.470368407861
9534    0.470368401222
9536    0.470366244998
9538    0.470366237371
9540    0.470339840258
9542    0.470316247228
9544    0.470311742306
9546    0.470311220908
9548    0.470310750481
9550    0.47031074987
9552    0.470287066461
9554    0.470277665003
9556    0.470277365966
9558    0.470276929704
9560    0.47027692964
9562    0.470276925552
9564    0.470254355785
9590    0.469434151789
9592    0.469434150507
9594    0.46943411804
9596    0.469428492873
9598    0.469424463391
9600    0.469397494032
9602    0.469370878445
9604    0.469370878363
9606    0.469370877489
9608    0.469370877479
9610    0.469370746571
9612    0.469357172201
9614    0.469333724863
9616    0.469333724848
9618    0.469333608188
9620    0.469327998715
9622    0.469327998712
9624    0.469304659038
9626    0.469279823911
9628    0.469279823855
9630    0.469279823197
9632    0.46927450136
9634    0.469274487035
9636    0.469254056401
9638    0.469248123079
9640    0.469239671516
9642    0.469218286731
9644    0.469218285229
9646    0.469218285162
9672    0.466858949646
9674    0.466836740222
9676    0.466836740096
9678    0.466836724964
9680    0.466836724964
9682    0.466836700469
9684    0.466835359964
9686    0.466830728137
9712    0.464779470645
9714    0.46477661641
9740    0.463644531268
9742    0.463631804796
9744    0.463606836073
9746    0.463606835866
9748    0.46360682959
9750    0.463604715748
9752    0.463604708802
9754    0.463578494989
9756    0.463555051818
9758    0.463550695926
9760    0.463550239667
9762    0.463549785916
9764    0.463549785345
9766    0.463526399986
9768    0.463517379494
9770    0.463517093589
9772    0.463516647791
9774    0.463516647698
9776    0.463516644508
9778    0.463496133304
9804    0.46273885061
9806    0.462738849262
9808    0.462738822142
9810    0.462733555555
9812    0.462729574893
9814    0.462702614923
9816    0.462676166221
9818    0.462676166144
9820    0.462676165289
9822    0.46267616528
9824    0.462676035011
9826    0.462663001141
9828    0.46263983045
9830    0.462639830435
9832    0.462639717864
9834    0.462634256213
9836    0.462634256211
9838    0.462611188049
9840    0.462586602994
9842    0.462586602939
9844    0.462586601701
9846    0.462581358557
9848    0.462581343839
9850    0.462561143862
9852    0.462555753587
9854    0.462548007766
9856    0.462526677351
9858    0.462526675921
9860    0.462526675863
9886    0.460323770849
9888    0.460302084843
9890    0.460302084731
9892    0.460302071334
9894    0.460302071334
9896    0.46030205059
9898    0.460300862912
9900    0.460296421282
9926    0.458257876009
9928    0.458255184169
9954    0.457167770208
9956    0.457155218416
9958    0.457130539819
9960    0.457130539613
9962    0.457130533529
9964    0.457128460955
9966    0.457128454656
9968    0.45710242266
9970    0.457079128076
9972    0.457074915159
9974    0.457074515549
9976    0.457074077699
9978    0.457074077167
9980    0.45705098417
9982    0.457042323803
9984    0.45704205029
9986    0.457041602504
9988    0.457041602387
9990    0.457041599962
9992    0.457023013804
10006    0.456666329389
10008    0.456666328086
10010    0.456666305363
10012    0.456661248149
10014    0.456657320395
10016    0.456630457007
10018    0.456604181064
10020    0.456604180991
10022    0.456604180151
10024    0.456604180143
10026    0.45660405079
10028    0.456591535207
10030    0.456568637325
10032    0.456568637311
10034    0.456568528531
10036    0.456563209579
10038    0.456563209575
10040    0.456540409117
10042    0.456516071284
10044    0.45651607123
10046    0.456516069206
10048    0.456510903758
10050    0.456510888774
10052    0.456490916801
10054    0.456486018476
10056    0.456478913235
10058    0.456457623323
10060    0.456457621961
10062    0.456457621911
10088    0.454410866169
10090    0.454389659414
10092    0.454389659315
10094    0.45438964732
10096    0.45438964732
10098    0.454389629675
10100    0.454388577034
10102    0.45438430614
10128    0.452372420942
10130    0.452369839897
10156    0.451322195126
10158    0.451309815534
10160    0.451285422765
10162    0.45128542256
10164    0.451285416586
10166    0.451283384193
10168    0.451283378505
10170    0.451257526832
10172    0.451234379517
10174    0.451230303798
10176    0.451229953484
10178    0.451229530805
10180    0.451229530307
10182    0.451206724159
10184    0.451198406363
10186    0.451198144288
10188    0.451197712923
10190    0.451197712784
10192    0.451197710708
10194    0.451180054697
10196    0.451153238461
10198    0.451153237297
10200    0.4511532182
10202    0.451148229296
10204    0.451144357703
10206    0.451117660466
10208    0.451091562302
10210    0.451091562233
10212    0.451091561408
10214    0.451091561401
10216    0.451091433211
10218    0.451079414682
10220    0.451056785879
10222    0.451056785864
10224    0.451056680602
10226    0.451051499435
10228    0.451051499432
10230    0.45102896298
10232    0.451004869569
10234    0.451004869516
10236    0.451004866496
10238    0.450999777759
10240    0.450999762625
10242    0.450980016034
10244    0.450975562777
10246    0.450969042128
10248    0.450947780715
10250    0.450947779417
10252    0.450947779373
10278    0.449054927649
10280    0.449034156126
10282    0.449034156038
10284    0.449034145181
10286    0.449034145181
10288    0.449034130114
10290    0.449033196809
10292    0.449029078558
10318    0.447056495791
10320    0.447053981152
10346    0.446041325712
10348    0.446029115879
10350    0.446005004852
10352    0.446005004651
10354    0.446004998738
10356    0.446003005471
10358    0.44600300036
10360    0.445977327544
10362    0.445954326198
10364    0.445950382171
10366    0.445950074803
10368    0.445949666602
10370    0.445949666135
10372    0.445927141523
10374    0.445919149926
10376    0.445918898419
10378    0.445918517155
10380    0.445918516997
10382    0.445918514961
10384    0.445900960255
10386    0.44587428675
10388    0.445874285711
10390    0.445874269616
10392    0.445869347484
10394    0.445865531039
10396    0.44583899832
10398    0.445813075964
10400    0.445813075898
10402    0.445813075087
10404    0.44581307508
10406    0.445812948275
10408    0.445801406503
10410    0.445779043165
10412    0.44577904315
10414    0.445778941155
10416    0.445773893068
10418    0.445773893065
10420    0.445751617056
10422    0.445727765336
10424    0.445727765284
10426    0.445727761067
10428    0.44572274807
10430    0.445722732891
10432    0.445703209102
10434    0.445699158026
10436    0.445693173232
10438    0.445671930145
10440    0.445671928909
10442    0.445671928871
10468    0.443929022751
10470    0.443908643385
10472    0.443908643307
10474    0.443908633381
10476    0.443908633381
10478    0.443908620471
10480    0.443907792646
10482    0.443903809669
10508    0.441980949269
10510    0.441978463868
10536    0.440995955643
10538    0.440983913176
10540    0.440960080014
10542    0.440960079815
10544    0.440960073944
10546    0.440958118781
10548    0.440958114213
10550    0.440932618838
10552    0.440909762205
10554    0.440905944623
10556    0.440905674731
10558    0.440905280357
10560    0.440905279918
10562    0.440883031737
10564    0.440875349519
10566    0.440875108016
10568    0.440874767908
10570    0.440874767735
10572    0.44087476574
10574    0.440857311541
10576    0.440830778084
10578    0.440830777159
10580    0.440830763555
10582    0.440825906725
10584    0.440822144429
10586    0.440795774657
10588    0.440770026337
10590    0.440770026276
10592    0.440770025477
10594    0.440770025471
10596    0.440769900248
10598    0.440758815814
10600    0.440736714418
10602    0.440736714405
10604    0.440736615447
10606    0.440731695926
10608    0.440731695922
10610    0.44070967689
10612    0.440686064167
10614    0.440686064116
10616    0.44068605851
10618    0.440681120296
10620    0.440681105162
10622    0.440661801616
10624    0.440658113596
10626    0.440652621666
10628    0.440631388454
10630    0.440631387277
10632    0.440631387245
10658    0.439033041688
10660    0.43901301297
10662    0.439013012901
10664    0.439013003742
10666    0.439013003742
10668    0.439012992646
10670    0.439012258066
10672    0.439008393536
10698    0.437142954379
10700    0.437140468323
10726    0.436183161976
10728    0.436171284512
10730    0.43614772547
10732    0.436147725274
10734    0.436147719431
10736    0.436145801381
10738    0.436145797323
10740    0.436120477999
10742    0.436097764845
10744    0.436094068702
10746    0.436093831548
10748    0.436093450381
10750    0.436093449968
10752    0.436071473283
10754    0.43606408473
10756    0.436063852707
10758    0.436063546565
10760    0.43606354638
10762    0.436063544428
10764    0.43604618996
10766    0.436019794687
10768    0.436019793863
10770    0.436019782333
10772    0.436014989401
10774    0.436011280263
10776    0.435985071921
10778    0.435959496021
10780    0.435959495963
10782    0.435959495176
10784    0.43595949517
10786    0.435959371704
10788    0.435948726022
10790    0.435926883127
10792    0.435926883114
10794    0.435926786983
10796    0.435921991696
10798    0.435921991692
10800    0.435900226259
10802    0.435876849878
10804    0.435876849828
10806    0.435876842665
10808    0.435871978285
10810    0.435871963274
10812    0.435852877438
10814    0.435849516883
10816    0.435844479413
10818    0.435823249242
10820    0.435823248123
10822    0.435823248096
10848    0.43436295392
10850    0.434343236412
10852    0.434343236352
10854    0.434343227828
10856    0.434343227827
10858    0.434343218266
10860    0.434342566128
10862    0.434338803883
10888    0.432535627651
10890    0.432533118339
10916    0.431596033249
10918    0.431584318453
10920    0.431561029906
10922    0.431561029713
10924    0.431561023893
10926    0.431559141993
10928    0.431559138412
10930    0.431533993765
10932    0.431511422879
10934    0.431507843395
10936    0.431507634869
10938    0.431507266325
10940    0.431507265935
10942    0.431485555973
10944    0.431478446378
10946    0.431478223342
10948    0.431477945356
10950    0.431477945161
10952    0.431477943253
10954    0.431460687756
10956    0.431434429373
10958    0.431434428641
10960    0.431434418837
10962    0.431429688455
10964    0.431426031504
10966    0.431399983122
10968    0.431374578154
10970    0.431374578099
10972    0.431374577322
10974    0.431374577317
10976    0.431374455758
10978    0.431364231043
10980    0.431342643286
10982    0.431342643273
10984    0.431342549777
10986    0.431337874565
10988    0.431337874561
10990    0.431316359441
10992    0.431293216774
10994    0.431293216725
10996    0.431293207861
10998    0.431288416378
11000    0.431288401558
11002    0.431269530915
11004    0.43126646554
11006    0.431261847823
11008    0.431240615358
11010    0.431240614294
11012    0.431240614272
11038    0.429911032925
11040    0.429891589631
11042    0.429891589577
11044    0.429891581585
11046    0.429891581584
11048    0.429891573325
11050    0.429890994089
11052    0.429887318955
11078    0.428148535099
11080    0.428145987103
11106    0.427224246545
11108    0.427212692113
11110    0.427189670535
11112    0.427189670345
11114    0.427189664546
11116    0.427187817861
11118    0.427187814725
11120    0.427162843405
11122    0.427140413598
11124    0.427136946213
11126    0.427136762745
11128    0.427136406269
11130    0.4271364059
11132    0.42711495804
11134    0.427108113616
11136    0.427107899109
11138    0.427107644563
11140    0.427107644361
11142    0.427107642496
11144    0.427090485228
11146    0.427064362831
11148    0.427064362181
11150    0.42706435382
11152    0.427059684693
11154    0.427056078974
11156    0.427030189131
11158    0.427004953706
11160    0.427004953653
11162    0.427004952887
11164    0.427004952882
11166    0.427004833362
11168    0.42699501258
11170    0.426973676672
11172    0.42697367666
11174    0.42697358562
11176    0.42696902649
11178    0.426969026487
11180    0.42694775847
11182    0.426924846931
11184    0.426924846883
11186    0.426924836203
11188    0.426920116689
11190    0.426920102116
11192    0.426901444172
11194    0.426898644766
11196    0.426894415124
11198    0.426873176391
11200    0.426873175383
11202    0.426873175364
11228    0.425666411747
11230    0.42564720835
11232    0.425647208302
11234    0.425647200756
11236    0.425647200754
11238    0.425647193608
11240    0.425646678845
11242    0.425643077016
11268    0.423968446434
11270    0.423965851189
11296    0.423054861412
11298    0.423043465067
11300    0.42302070702
11302    0.423020706834
11304    0.423020701053
11306    0.423018888679
11308    0.423018885954
11310    0.42299408663
11312    0.422971796738
11314    0.422968437096
11316    0.422968275586
11318    0.422967930651
11320    0.422967930301
11322    0.422946740063
11324    0.422940147876
11326    0.422939941467
11328    0.422939706513
11330    0.422939706306
11332    0.422939704485
11334    0.422922644719
11336    0.422896657667
11338    0.422896657092
11340    0.422896649938
11342    0.422892040823
11344    0.422888485393
11346    0.422862752712
11348    0.422837685524
11350    0.422837685474
11352    0.422837684718
11354    0.422837684713
11356    0.422837567346
11358    0.422828134188
11360    0.422807046914
11362    0.422807046902
11364    0.422806958154
11366    0.422802511276
11368    0.422802511272
11370    0.422781487235
11372    0.422758804263
11374    0.422758804215
11376    0.422758791641
11378    0.422754143178
11380    0.422754128901
11382    0.422735681187
11384    0.422733121392
11386    0.422729250663
11388    0.422708002914
11390    0.422708001962
11392    0.422708001945
11418    0.42161584642
11420    0.421596851423
11422    0.421596851382
11424    0.421596844215
11426    0.421596844214
11428    0.421596838017
11430    0.421596380286
11432    0.421592839668
11458    0.419980221631
11460    0.419977576916
11486    0.419073221171
11488    0.419061980665
11490    0.419039482785
11492    0.419039482602
11494    0.419039476839
11496    0.419037697899
11498    0.419037695555
11500    0.419013066913
11502    0.418990915793
11504    0.418987659734
11506    0.41898751748
11508    0.41898718359
11510    0.418987183258
11512    0.418966246303
11514    0.418959894194
11516    0.418959695481
11518    0.418959476966
11520    0.418959476754
11522    0.418959474978
11524    0.418942511999
11526    0.418916659815
11528    0.418916659306
11530    0.418916653164
11532    0.41891210286
11534    0.418908596796
11536    0.41888301994
11538    0.418858119754
11540    0.418858119708
11542    0.418858118961
11544    0.418858118956
11546    0.418858003838
11548    0.418848942684
11550    0.418828100895
11552    0.418828100884
11554    0.418828014278
11556    0.418823675971
11558    0.418823675967
11560    0.418802892855
11562    0.418780435924
11564    0.418780435877
11566    0.418780421361
11568    0.418775843042
11570    0.418775829098
11572    0.418757589164
11574    0.418755245244
11576    0.418751706415
11578    0.418730447988
11580    0.418730447087
11582    0.418730447074
11608    0.417744582235
11610    0.417725767002
11612    0.417725766964
11614    0.417725760122
11616    0.417725760121
11618    0.417725754741
11620    0.417725347465
11622    0.417721857909
11648    0.416167737959
11650    0.4161650472
11676    0.415263875907
11678    0.415252789023
11680    0.415230548014
11682    0.415230547835
11684    0.415230542092
11686    0.415228795732
11688    0.41522879374
11690    0.41520433449
11692    0.41518232102
11694    0.415179164569
11696    0.415179039219
11698    0.4151787159
11700    0.415178715585
11702    0.4151580277
11704    0.415151904237
11706    0.415151712839
11708    0.415151508166
11710    0.415151507951
11712    0.415151506218
11714    0.415134639329
11716    0.415108921638
11718    0.41510892119
11720    0.415108915899
11722    0.415104423249
11724    0.415100965645
11726    0.415075543315
11728    0.415050808954
11730    0.41505080891
11732    0.415050808171
11734    0.415050808166
11736    0.415050695376
11738    0.415041991262
11740    0.415021391873
11742    0.415021391861
11744    0.415021307258
11746    0.415017073986
11748    0.415017073983
11750    0.414996528814
11752    0.414974295429
11754    0.414974295382
11756    0.414974278911
11758    0.414969769838
11760    0.414969756259
11762    0.414951721681
11764    0.414949572306
11766    0.414946340231
11768    0.414925070414
11770    0.414925069566
11772    0.414925069554
11798    0.414037240659
11800    0.414018579378
11802    0.414018579346
11804    0.414018572785
11806    0.414018572784
11808    0.414018568108
11810    0.414018205477
11812    0.414014758881
11838    0.412514790305
11840    0.412512061725
11866    0.411611464846
11868    0.411600529393
11870    0.411578542024
11872    0.411578541848
11874    0.411578536123
11876    0.411576821521
11878    0.411576819848
11880    0.411552528717
11882    0.411530651798
11884    0.411527591156
11886    0.411527480659
11888    0.411527167463
11890    0.411527167163
11892    0.411506724258
11894    0.411500818672
11896    0.411500634233
11898    0.411500441253
11900    0.411500441036
11902    0.411500439348
11904    0.411483667863
11906    0.411458084343
11908    0.41145808395
11910    0.411458079375
11912    0.411453643259
11914    0.411450233226
11916    0.411424964158
11918    0.411400394492
11920    0.41140039445
11922    0.41140039372
11924    0.411400393716
11926    0.411400283317
11928    0.411391921907
11930    0.411371561899
11932    0.411371561889
11934    0.41137147916
11936    0.411367347527
11938    0.411367347524
11940    0.411347037383
11942    0.411325025077
11944    0.411325025031
11946    0.411325006624
11948    0.411320565912
11950    0.411320552721
11952    0.411302721098
11954    0.411300747137
11956    0.411297798335
11958    0.411276517234
11960    0.411276516435
11962    0.411276516426
11988    0.41047866678
11990    0.41046013638
11992    0.410460136351
11994    0.410460130036
11996    0.410460130035
11998    0.410460125965
12000    0.410459802846
12002    0.410456393113
12028    0.409005917615
12030    0.409003163309
12056    0.408101514005
12058    0.408090727823
12060    0.408068990918
12062    0.408068990747
12064    0.408068985042
12066    0.408067301397
12068    0.408067300013
12070    0.408043175746
12072    0.408021434296
12074    0.408018465831
12076    0.408018368395
12078    0.408018064898
12080    0.40801806461
12082    0.407997862714
12084    0.40799216486
12086    0.407991987045
12088    0.407991803973
12090    0.407991803754
12092    0.407991802108
12094    0.407975125352
12096    0.407949675703
12098    0.407949675357
12100    0.407949671388
12102    0.407945290723
12104    0.40794192739
12106    0.407916810353
12108    0.407892404293
12110    0.407892404253
12112    0.407892403532
12114    0.407892403527
12116    0.407892295573
12118    0.407884263126
12120    0.407864139537
12122    0.407864139526
12124    0.407864058554
12126    0.407860025297
12128    0.407860025293
12130    0.40783994733
12132    0.407818153665
12134    0.40781815362
12136    0.407818133327
12138    0.407813760097
12140    0.407813747315
12142    0.407796116268
12144    0.40779430058
12146    0.407791613084
12148    0.407770321499
12150    0.407770320749
12152    0.407770320742
12171    0.407266588561
12173    0.407248159307
12175    0.407248159281
12177    0.407248153183
12179    0.407248153183
12181    0.407248149638
12183    0.407247861506
12185    0.407244484383
12211    0.405839005876
12213    0.405836240826
12239    0.404933000182
12241    0.404922361128
12243    0.404900871551
12245    0.404900871383
12247    0.404900865698
12249    0.404899212232
12251    0.40489921111
12253    0.40487525245
12255    0.404853645387
12257    0.404850765627
12259    0.404850679686
12261    0.404850385484
12263    0.404850385209
12265    0.404830420443
12267    0.404824920742
12269    0.404824749234
12271    0.404824574578
12273    0.404824574359
12275    0.404824572756
12277    0.404807990054
12279    0.404782673957
12281    0.404782673654
12283    0.404782670199
12285    0.404778343932
12287    0.404775026442
12289    0.404750060218
12291    0.40472581669
12293    0.404725816653
12295    0.404725815939
12297    0.404725815936
12299    0.404725710465
12301    0.404717993808
12303    0.404698103717
12305    0.404698103706
12307    0.404698024381
12309    0.404694086359
12311    0.404694086356
12313    0.404674237764
12315    0.404652660314
12317    0.40465266027
12319    0.404652638873
12321    0.404648332255
12323    0.404648319894
12325    0.404630887081
12327    0.404629212185
12329    0.404626698844
12331    0.404605456274
12333    0.404605455598
12335    0.404605455593
12337    0.404578577164
12339    0.404560217787
12341    0.404560217764
12343    0.404560211861
12345    0.40456021186
12347    0.404560208771
12349    0.404559951631
12351    0.404556604463
12377    0.403192199302
12379    0.403189440424
12405    0.402285215972
12407    0.402274721927
12409    0.402253476574
12411    0.402253476409
12413    0.402253470744
12415    0.402251846704
12417    0.402251845816
12419    0.402228051506
12421    0.402206577751
12423    0.40220378337
12425    0.402203707554
12427    0.402203422262
12429    0.402203421999
12431    0.402183690574
12433    0.402178379985
12435    0.402178214487
12437    0.402178046994
12439    0.402178046775
12441    0.402178045214
12443    0.402161555891
12445    0.402136372993
12447    0.40213637273
12449    0.402136369709
12451    0.402132096818
12453    0.402128824329
12455    0.402104007708
12457    0.40207992565
12459    0.402079925614
12461    0.402079924908
12463    0.402079924904
12465    0.402079821945
12467    0.402072408445
12469    0.40205274897
12471    0.40205274896
12473    0.402052671178
12475    0.402048825371
12477    0.402048825368
12479    0.402029203384
12481    0.402007839734
12483    0.40200783969
12485    0.40200781862
12487    0.402003577748
12489    0.40200356582
12491    0.401986328938
12493    0.401984776424
12495    0.401982290897
12497    0.401961217324
12499    0.401961216801
12501    0.401961216798
12503    0.401934454257
12505    0.401916157848
12507    0.401916157828
12509    0.401916152099
12511    0.401916152096
12513    0.401916149403
12515    0.401915919707
12517    0.401912601146
12543    0.4005862503
12545    0.40058351555
12571    0.399680066944
12573    0.399669715835
12575    0.399648711688
12577    0.399648711527
12579    0.399648705882
12581    0.399647110541
12583    0.399647109856
12585    0.399623478702
12587    0.399602137231
12589    0.399599425054
12591    0.399599358163
12593    0.399599081417
12595    0.399599081165
12597    0.399579579432
12599    0.39957444942
12601    0.39957428965
12603    0.399574128271
12605    0.399574128052
12607    0.399574126532
12609    0.39955772995
12611    0.399532679927
12613    0.399532679698
12615    0.399532677049
12617    0.399528456547
12619    0.399525228242
12621    0.399500560087
12623    0.39947663851
12625    0.399476638476
12627    0.399476637778
12629    0.399476637773
12631    0.399476537344
12633    0.399469414904
12635    0.399449983255
12637    0.399449983245
12639    0.399449906915
12641    0.399446150425
12643    0.399446150422
12645    0.399426752374
12647    0.399405600173
12649    0.39940560013
12651    0.399405579139
12653    0.399401403167
12655    0.399401391675
12657    0.399384348424
12659    0.399382905629
12661    0.399380447418
12663    0.39935953566
12665    0.399359535249
12667    0.399359535247
12669    0.399332888124
12671    0.399314649953
12673    0.399314649935
12675    0.399314644366
12677    0.399314644359
12679    0.39931464201
12681    0.39931443662
12683    0.399311146311
12709    0.398020965707
12711    0.398018273235
12737    0.39711845233
12739    0.39710824211
12741    0.397087476195
12743    0.397087476037
12745    0.397087470413
12747    0.397085903063
12749    0.397085902555
12751    0.397062433373
12753    0.397041223178
12755    0.397038590168
12757    0.397038531149
12759    0.397038262604
12761    0.397038262362
12763    0.397018986763
12765    0.397014029261
12767    0.397013874954
12769    0.397013718797
12771    0.397013718579
12773    0.397013717099
12775    0.396997412633
12777    0.396972495128
12779    0.39697249493
12781    0.396972492596
12783    0.396968323524
12785    0.3969651386
12787    0.396940617799
12789    0.39691685573
12791    0.396916855697
12793    0.396916855006
12795    0.396916855002
12797    0.396916757112
12799    0.396909914131
12801    0.396890707564
12803    0.396890707555
12805    0.396890632587
12807    0.396886962627
12809    0.396886962624
12811    0.396867785893
12813    0.396846842817
12815    0.396846842774
12817    0.396846821799
12819    0.39684270989
12821    0.396842698835
12823    0.396825846942
12825    0.396824503819
12827    0.396822072441
12829    0.396801316179
12831    0.39680131585
12833    0.39680131585
12835    0.396774783659
12837    0.396756600427
12839    0.396756600411
12841    0.39675659499
12843    0.396756594978
12845    0.396756592927
12847    0.396756409071
12849    0.396753147347
12875    0.395498513682
12877    0.395495881107
12903    0.39460350918
12905    0.39459343783
12907    0.394572907215
12909    0.394572907061
12911    0.394572901458
12913    0.394571361415
12915    0.394571361057
12917    0.394548052681
12919    0.394526972767
12921    0.394524416015
12923    0.394524363946
12925    0.394524103272
12927    0.394524103041
12929    0.394505050109
12931    0.394500257484
12933    0.39450010839
12935    0.394499956702
12937    0.394499956485
12939    0.394499955044
12941    0.394483742073
12943    0.394458956701
12945    0.39445895653
12947    0.394458954468
12949    0.394454835894
12951    0.394451693568
12953    0.394427319031
12955    0.39440371552
12957    0.39440371549
12959    0.394403714805
12961    0.394403714801
12963    0.39440361945
12965    0.394397044806
12967    0.394378060625
12969    0.394378060615
12971    0.39437798693
12973    0.39437440082
12975    0.394374400817
12977    0.394355442828
12979    0.394334706578
12981    0.394334706536
12983    0.394334685608
12985    0.394330636933
12987    0.394330626312
12989    0.394313963521
12991    0.394312711629
12993    0.394310306609
12995    0.394289700246
12997    0.394289699977
12999    0.394289699976
13001    0.394263282228
13003    0.394245151585
13005    0.39424515157
13007    0.394245146286
13009    0.394245146269
13011    0.39424514448
13013    0.394244979704
13015    0.394241747327
13041    0.393023309751
13043    0.393020753534
13069    0.392140436171
13071    0.392130501697
13073    0.392110203491
13075    0.39211020334
13077    0.392110197758
13079    0.392108684359
13081    0.392108684123
13083    0.392085535399
13085    0.392064584784
13087    0.392062101508
13089    0.392062055576
13091    0.392061802462
13093    0.392061802239
13095    0.392042968593
13097    0.392038333621
13099    0.392038189502
13101    0.39203804164
13103    0.392038041424
13105    0.392038040022
13107    0.392021917936
13109    0.391997264284
13111    0.391997264137
13113    0.391997262307
13115    0.391993193325
13117    0.391990092828
13119    0.391965863486
13121    0.391942417597
13123    0.391942417568
13125    0.39194241689
13127    0.391942416887
13129    0.391942324069
13131    0.391936007091
13133    0.391917242645
13135    0.391917242636
13137    0.391917170158
13139    0.391913665316
13141    0.391913665313
13143    0.391894923542
13145    0.39187439184
13147    0.391874391799
13149    0.39187437098
13151    0.391870384719
13153    0.391870374529
13155    0.39185389861
13157    0.391852730627
13159    0.391850351504
13161    0.391829890053
13163    0.391829889828
13165    0.391829889827
13167    0.391803586031
13169    0.391785506255
13171    0.391785506242
13173    0.391785501086
13175    0.391785501062
13177    0.391785499501
13179    0.391785351639
13181    0.391782149579
13207    0.390601727956
13209    0.390599262893
13235    0.38973615114
13237    0.389726351574
13239    0.389706282924
13241    0.389706282776
13243    0.389706277217
13245    0.389704789817
13247    0.389704789678
13249    0.389681799466
13251    0.38966097718
13253    0.389658564712
13255    0.389658524206
13257    0.389658278351
13259    0.389658278137
13261    0.389639660477
13263    0.389635176319
13265    0.389635036951
13267    0.389634892368
13269    0.389634892154
13271    0.389634890789
13273    0.389618858984
13275    0.389594336607
13277    0.389594336483
13279    0.389594334852
13281    0.389590314579
13283    0.389587255159
13285    0.389563169962
13287    0.389539880771
13289    0.389539880744
13291    0.389539880072
13293    0.389539880068
13295    0.389539789771
13297    0.389533720226
13299    0.389515172905
13301    0.389515172896
13303    0.389515101554
13305    0.3895116755
13307    0.389511675497
13309    0.389493147461
13311    0.389472818054
13313    0.389472818013
13315    0.389472797377
13317    0.38946887272
13319    0.389468862952
13321    0.389452571698
13323    0.389451481146
13325    0.389449127469
13327    0.389428806458
13329    0.389428806264
13331    0.389428806264
13333    0.389402615923
13335    0.389384585707
13337    0.389384585696
13339    0.38938458066
13341    0.38938458063
13343    0.389384579268
13345    0.389384446403
13347    0.389381275679
13373    0.388241655915
13375    0.388239294742
13401    0.387398807972
13403    0.387389141374
13405    0.387369299464
13407    0.387369299319
13409    0.387369293781
13411    0.387367831756
13413    0.387367831688
13415    0.387344998857
13417    0.387324303943
13419    0.38732195973
13421    0.387321924019
13423    0.387321685143
13425    0.387321684936
13427    0.387303280039
13429    0.38729894021
13431    0.387298805382
13433    0.387298663609
13435    0.387298663396
13437    0.387298662067
13439    0.387282719947
13441    0.387258328376
13443    0.38725832827
13445    0.387258326813
13447    0.387254354387
13449    0.387251335309
13451    0.387227393227
13453    0.387204259825
13455    0.387204259798
13457    0.387204259133
13459    0.38720425913
13461    0.387204171333
13463    0.387198339403
13465    0.387180006643
13467    0.387180006634
13469    0.387179936366
13471    0.387176586708
13473    0.387176586704
13475    0.387158269961
13477    0.38713814062
13479    0.387138140579
13481    0.387138120195
13483    0.38713425634
13485    0.387134246988
13487    0.387118138214
13489    0.387117119285
13491    0.387114790622
13493    0.387094606014
13495    0.387094605844
13497    0.387094605844
13499    0.387068528463
13501    0.387050546767
13503    0.387050546757
13505    0.387050541835
13507    0.3870505418
13509    0.387050540612
13511    0.387050421047
13513    0.387047282617
13539    0.385951930051
13541    0.385949683171
13567    0.385137214728
13569    0.38512767918
13571    0.385108061233
13573    0.38510806109
13575    0.385108055575
13577    0.38510661832
13579    0.385106618297
13581    0.385083941734
13583    0.385063373243
13585    0.38506109484
13587    0.385061063371
13589    0.385060831204
13591    0.385060831005
13593    0.385042635722
13595    0.38503843408
13597    0.38503830359
13599    0.385038164223
13601    0.385038164013
13603    0.38503816272
13605    0.385022309693
13607    0.384998048434
13609    0.384998048345
13611    0.384998047037
13613    0.384994121619
13615    0.384991142162
13617    0.384967342184
13619    0.384944363669
13621    0.384944363644
13623    0.384944362984
13625    0.38494436298
13627    0.384944277662
13629    0.384938673927
13631    0.384920553201
13633    0.384920553193
13635    0.384920483935
13637    0.384917208373
13639    0.38491720837
13641    0.38489910052
13643    0.384879169035
13645    0.384879168996
13647    0.384879148922
13649    0.384875345076
13651    0.38487533613
13653    0.384859407674
13655    0.384858455128
13657    0.384856151054
13659    0.384836099192
13661    0.384836099038
13663    0.384836099038
13665    0.384810134125
13667    0.384792200082
13669    0.384792200073
13671    0.384792195259
13673    0.384792195217
13675    0.384792194181
13677    0.384792086417
13679    0.384788981104
13705    0.383741702141
13707    0.38373957747
13733    0.382960207372
13735    0.382950800985
13737    0.382931404257
13739    0.382931404117
13741    0.382931398625
13743    0.38292998555
13745    0.382929985548
13747    0.382907464146
13749    0.382887021144
13751    0.382884806205
13753    0.382884778492
13755    0.382884552776
13757    0.382884552583
13759    0.382866563838
13761    0.382862494553
13763    0.382862368211
13765    0.382862230904
13767    0.382862230696
13769    0.382862229436
13771    0.382846464919
13773    0.382822333454
13775    0.38282233338
13777    0.382822332202
13779    0.382818452975
13781    0.382815512434
13783    0.382791853565
13785    0.382769029046
13787    0.382769029022
13789    0.382769028368
13791    0.382769028365
13793    0.382768945496
13795    0.382763560921
13797    0.382745649742
13799    0.382745649734
13801    0.382745581431
13803    0.38274237775
13805    0.382742377748
13807    0.382724476429
13809    0.382704740616
13811    0.382704740577
13813    0.382704720865
13815    0.382700976243
13817    0.382700967692
13819    0.382685217412
13821    0.382684326475
13823    0.382682046579
13825    0.382662124127
13827    0.382662123984
13829    0.382662123984
13831    0.382636271042
13833    0.382618383894
13835    0.382618383887
13837    0.382618379175
13839    0.38261837913
13841    0.382618378227
13843    0.382618280937
13845    0.382615209405
13871    0.381619797199
13873    0.381617800123
13899    0.380876038902
