18 5.25027811865
44 5.22765824984
46 5.22764226134
72 5.20880914565
74 5.20880067265
100 5.16978406395
126 5.09079875466
152 5.06362673794
178 5.03623767757
204 5.01860909623
230 5.01696903584
245 4.89233832623
271 4.89065847592
273 4.89064985763
299 4.88901401147
325 4.76510593353
351 4.64981986674
353 4.64980497886
379 4.64270333248
381 4.64269328746
407 4.52026206854
433 4.39903070582
444 4.39822954854
461 4.39634446048
463 4.39632047479
489 4.28955125192
515 4.16808587303
541 4.15517917678
556 4.15360294137
575 4.15232324129
601 4.02863894057
627 3.90502013694
630 3.9049620005
634 3.90485796215
636 3.90483843873
662 3.83386191133
682 3.70980316191
708 3.6804716348
710 3.68045669203
736 3.6689455545
762 3.55532091202
788 3.43186873743
814 3.423920281
818 3.42382038139
826 3.42352848235
845 3.29925130654
871 3.17587658015
873 3.17586522816
880 3.17552638879
882 3.17551920686
908 3.16909066256
929 3.04469986046
955 3.03843162592
957 3.03841688851
983 3.03232314523
1009 2.93630762928
1035 2.83535319058
1061 2.81519013617
1087 2.79798311598
1113 2.79385984455
1139 2.71491512123
1153 2.5906536131
1179 2.56345749472
1181 2.56345194675
1207 2.55434596864
1233 2.53835588319
1247 2.41378474077
1273 2.39940103312
1275 2.39939042253
1301 2.38680357151
1317 2.26242780647
1343 2.22182513783
1345 2.22180442044
1371 2.19453236427
1373 2.19451808341
1396 2.06965142532
1422 2.02205759294
1424 2.0220396469
1450 1.99296219906
1452 1.99294915331
1478 1.86821336483
1480 1.86821311976
1482 1.86819593303
1484 1.86819568766
1486 1.86818459363
1507 1.74376441695
1533 1.68865012391
1535 1.68863661177
1561 1.65852759726
1563 1.65852032946
1587 1.53495276548
1613 1.50738332345
1615 1.50735941686
1641 1.48565713161
1643 1.48563869289
1664 1.36187626975
1690 1.2384839857
1692 1.23846552086
1699 1.23815220668
1701 1.2381374137
1727 1.11573804386
1753 1.11073125826
1765 1.10981809965
1791 1.10483555933
1793 1.10481115964
1807 0.979749038947
1809 0.979738153094
1811 0.979733087406
1813 0.979725315498
1839 0.965724623515
1841 0.965721600251
1867 0.954454818482
1869 0.954453930038
1895 0.944150068036
1921 0.935410231689
1947 0.928829360796
1973 0.926074883337
1999 0.921822068727
2025 0.92003038252
2027 0.920028747664
2053 0.918251322599
2055 0.918250813711
2081 0.916581225889
2083 0.916573044899
2087 0.91647584643
2089 0.91647020767
2091 0.91644413956
2093 0.916440196894
2095 0.916418657369
2097 0.916405824793
2099 0.916389241501
2101 0.916378767595
2103 0.916365282114
2105 0.916341353921
2107 0.916321226193
2109 0.916294812943
2111 0.916278355783
2113 0.916253635886
2115 0.91623765434
2117 0.91621112613
2119 0.916199430013
2121 0.916180037587
2123 0.916171024002
2149 0.912289646111
2151 0.912286243729
2177 0.910443339446
2179 0.910442772595
2189 0.910117066994
2191 0.910096391428
2193 0.9100806301
2195 0.910056225743
2197 0.910044456122
2199 0.910022421219
2201 0.910016568406
2203 0.90998953601
2205 0.909986759549
2207 0.909963839446
2209 0.909962075977
2235 0.904348766961
2237 0.904346455485
2263 0.898724057346
2265 0.898723802297
2291 0.893376022807
2299 0.893107937206
2325 0.889916458736
2332 0.889698783353
2338 0.889523400124
2340 0.889492442007
2366 0.88694311065
2368 0.886941676789
2387 0.886088771584
2389 0.886088756056
2392 0.886025104811
2418 0.875963923848
2420 0.875960223338
2446 0.866770578615
2448 0.866769167062
2474 0.85907493873
2476 0.859070540511
2502 0.841440972964
2504 0.841435636078
2530 0.830410218567
2532 0.830404916335
2534 0.83039808243
2560 0.813405176136
2562 0.813399274658
2588 0.803757397351
2590 0.803752614961
2592 0.803741688445
2594 0.803740776695
2596 0.803735193759
2598 0.803734280962
2600 0.803731553951
2602 0.803723697268
2628 0.788037143808
2630 0.788034148079
2656 0.779910072946
2658 0.77990908198
2660 0.779899383178
2686 0.763609974032
2688 0.763601100377
2714 0.751319982956
2716 0.75131274638
2718 0.751306112917
2720 0.751291134475
2722 0.751284237509
2724 0.751272241834
2726 0.751264925792
2728 0.751247677597
2754 0.746065055936
2756 0.746048058684
2782 0.740997501266
2784 0.740981288634
2786 0.740977853808
2788 0.740976679097
2790 0.740976397406
2792 0.74097374148
2818 0.731891025237
2820 0.731890596138
2846 0.724844235269
2848 0.724844231859
2874 0.722611366067
2890 0.721975512371
2916 0.720419894611
2918 0.720392385963
2944 0.71928895181
2970 0.717449901052
2972 0.717449618898
2998 0.715584771814
3000 0.715584771795
3026 0.713827577367
3028 0.713824112425
3030 0.713800871021
3032 0.713798579334
3034 0.713777642618
3036 0.713776096028
3038 0.713763491062
3040 0.713754183804
3042 0.713744747316
3044 0.713737211196
3046 0.713729594374
3048 0.713711321492
3050 0.713696825513
3052 0.713676138147
3054 0.713664368978
3056 0.71364495437
3058 0.713637294647
3060 0.713619953417
3062 0.713614516671
3064 0.713603488757
3066 0.71359931357
3068 0.713580576658
3070 0.713578888488
3072 0.713549896965
3074 0.713549775546
3076 0.713521704477
3078 0.713507070802
3080 0.713497435302
3082 0.713479319515
3084 0.713472218558
3086 0.713455848331
3088 0.713454013504
3090 0.713434743265
3092 0.713434092169
3094 0.713417494469
3096 0.713417087105
3122 0.708790956036
3124 0.708790441993
3150 0.704033639852
3152 0.70403340959
3178 0.699594510017
3180 0.699576221694
3183 0.69951214345
3185 0.69948587991
3187 0.699461092782
3189 0.699434666929
3191 0.699416527392
3193 0.699416471377
3195 0.699388984385
3197 0.69938743737
3199 0.699359439019
3225 0.693804273678
3227 0.69380298526
3253 0.68850397589
3255 0.688503897253
3281 0.684182998507
3283 0.68418275399
3309 0.677379089843
3311 0.6773775075
3337 0.673227550333
3339 0.673224883766
3341 0.673223134509
3367 0.667814078684
3369 0.667812130797
3395 0.664806722298
3397 0.664804889223
3399 0.664799883435
3401 0.664798968173
3403 0.664797193674
3405 0.664796277776
3407 0.664795811423
3409 0.66479283536
3435 0.660622755436
3437 0.660622158084
3463 0.658500762242
3465 0.658500736734
3467 0.658497824033
3493 0.64938138081
3495 0.649378247621
3521 0.642700655187
3523 0.642697985365
3525 0.642696603567
3527 0.642686918618
3529 0.642684173936
3531 0.642676419759
3533 0.64267215495
3535 0.642662912276
3561 0.637721153051
3563 0.637710589455
3589 0.632962120154
3591 0.632950795211
3593 0.632950043266
3595 0.632949981301
3597 0.63294994461
3599 0.632948646907
3625 0.627238714057
3627 0.627238695041
3653 0.62291903223
3655 0.622918700097
3657 0.622895280646
3659 0.622866771965
3661 0.622838064297
3663 0.622811557872
3667 0.622714988468
3693 0.620895833929
3695 0.620895810495
3721 0.61898843885
3723 0.618988200337
3749 0.617181440303
3751 0.617179934786
3753 0.617161266204
3755 0.617160334436
3757 0.617143503706
3759 0.617142910112
3761 0.61713548755
3763 0.617128728113
3765 0.617123372441
3767 0.617117951132
3769 0.617113671704
3771 0.617099745065
3773 0.617089290815
3775 0.617073064509
3777 0.617064647981
3779 0.617049373543
3781 0.617045684462
3783 0.61703472406
3785 0.617032220968
3787 0.61702565532
3789 0.617023743505
3791 0.61700734121
3793 0.617006368236
3795 0.616980202411
3797 0.616980194709
3799 0.616954841503
3801 0.616944538832
3803 0.616938634223
3805 0.61692514578
3807 0.616920868236
3809 0.616908669539
3811 0.616908016131
3813 0.616894218358
3815 0.616894084814
3817 0.616882536352
3819 0.616882455856
3845 0.613308963682
3847 0.613308887077
3873 0.609492920653
3875 0.609491557665
3901 0.605984414137
3903 0.605969516393
3905 0.605942258355
3907 0.605919954479
3909 0.605898395498
3911 0.60587581349
3913 0.605860013223
3915 0.605860012689
3917 0.605835331933
3919 0.605831786385
3921 0.605806554705
3947 0.603035738333
3949 0.603035116753
3975 0.600141882649
3977 0.600141788603
4003 0.597816812281
4005 0.597816721324
4031 0.595290696539
4033 0.595290142652
4059 0.593763666808
4061 0.593761933752
4063 0.59376156761
4089 0.592092352875
4091 0.592091705504
4110 0.591398023109
4112 0.591397294059
4114 0.591394657363
4116 0.591393738456
4118 0.59139318953
4120 0.591392270385
4122 0.591392250298
4124 0.591390799092
4148 0.590397287782
4150 0.590397188887
4152 0.590366117953
4154 0.59036607867
4156 0.590365290711
4182 0.585515102174
4184 0.585514047474
4210 0.582016651535
4212 0.582015819673
4214 0.58201571968
4216 0.582009436723
4218 0.582008277787
4220 0.582003249896
4222 0.582000367827
4224 0.581995638946
4250 0.577409458666
4252 0.577402745172
4278 0.573053931698
4280 0.573045601866
4282 0.573045248045
4284 0.573045243467
4286 0.573044956828
4288 0.573044027134
4314 0.569623306208
4316 0.569623296525
4342 0.56704751111
4344 0.567046795472
4346 0.567023572512
4348 0.566996030529
4350 0.566968408831
4352 0.56694257705
4354 0.566911934606
4380 0.565153854707
4382 0.565153854546
4408 0.563247015938
4410 0.563246292315
4436 0.561432018187
4438 0.561431341054
4440 0.56141633701
4442 0.561415957704
4444 0.561402420005
4446 0.561402200216
4448 0.56139779632
4450 0.56139288176
4452 0.56138985414
4454 0.56138595666
4456 0.561383570391
4458 0.561372984397
4460 0.561365436675
4462 0.561352692815
4464 0.561346676729
4466 0.561334639821
4468 0.56133284117
4470 0.561325862112
4472 0.561324719047
4474 0.561320848819
4476 0.561319982942
4478 0.561305639002
4480 0.561305031384
4482 0.561281399479
4484 0.561281392108
4486 0.5612584801
4488 0.561251276584
4490 0.561247649701
4492 0.561237575511
4494 0.561235005537
4496 0.561225886913
4498 0.561225607987
4500 0.561215660495
4502 0.561215641268
4504 0.561207979524
4506 0.561207969225
4532 0.558597444768
4534 0.558597440963
4560 0.555659015487
4562 0.555656241587
4588 0.552986399536
4590 0.552974287154
4592 0.55295027269
4594 0.552931285029
4596 0.552912539634
4598 0.55289318973
4600 0.55287944788
4602 0.552879439086
4604 0.552857279165
4606 0.55285249759
4608 0.552829761801
4634 0.551550350427
4636 0.551549882938
4662 0.550001260382
4664 0.550000818839
4690 0.548766451646
4692 0.548765952622
4712 0.548046468101
4714 0.54804624503
4716 0.548015265859
4718 0.548014027382
4720 0.548013977445
4722 0.547983115039
4724 0.547982907787
4726 0.547952760892
4728 0.547952438339
4730 0.547950801974
4732 0.547949879568
4734 0.547949685256
4736 0.547948762933
4738 0.547948749139
4740 0.547947832846
4742 0.547917273797
4744 0.547917259135
4746 0.547887521635
4748 0.54788739329
4750 0.54788720809
4776 0.545376762361
4778 0.545376449138
4804 0.543581048914
4806 0.543580844624
4808 0.543580796276
4810 0.543576708373
4812 0.543576187498
4814 0.543572918541
4816 0.543570726172
4818 0.543568484488
4844 0.539418403494
4846 0.539414035182
4872 0.535526267155
4874 0.53551982536
4876 0.535519483221
4878 0.535519447532
4880 0.535518912128
4882 0.535518036726
4908 0.533509101454
4910 0.533509063904
4936 0.531994130544
4938 0.531993164075
4940 0.531969322951
4942 0.531942638419
4944 0.531915189697
4946 0.531890143267
4948 0.531860618053
4974 0.530202165644
4976 0.530202163009
5002 0.528338404101
5004 0.528337083645
5030 0.526556632769
5032 0.526556312654
5034 0.526544249086
5036 0.526544094169
5038 0.526533200657
5040 0.526533124096
5042 0.526530486277
5044 0.526526909059
5046 0.526525206753
5048 0.52652240738
5050 0.526521090496
5052 0.526513069687
5054 0.526507614614
5056 0.526497592328
5058 0.526493295412
5060 0.526483793433
5062 0.526482901354
5064 0.526478417527
5066 0.526477901912
5068 0.526475651386
5070 0.526475265684
5072 0.526462738
5074 0.526462324367
5076 0.526440967961
5078 0.526440927383
5080 0.526420210441
5082 0.526415217388
5084 0.526412983526
5086 0.526405433957
5088 0.526403895577
5090 0.526397056001
5092 0.526396908405
5094 0.526389663818
5096 0.526389663334
5098 0.526384852124
5100 0.526384852066
5126 0.524566227107
5128 0.524566226973
5154 0.522369192425
5156 0.522365159666
5182 0.520385288682
5184 0.520375465015
5186 0.520354298108
5188 0.520338106372
5190 0.520321814184
5192 0.520305200393
5194 0.52029329223
5196 0.52029314749
5198 0.520273274445
5200 0.520268047816
5202 0.52024758376
5204 0.520223641932
5206 0.520223143359
5232 0.51924609439
5234 0.519245529137
5240 0.51908221164
5242 0.519081399168
5244 0.519051002348
5246 0.51905089988
5248 0.519021101338
5250 0.519020113626
5252 0.519020112881
5254 0.518990627005
5256 0.518990544107
5258 0.51896174294
5260 0.518961560138
5262 0.518960439505
5264 0.518959513705
5266 0.518959451931
5268 0.518958526458
5270 0.518958445973
5272 0.518957759096
5274 0.518928551405
5276 0.518928551217
5278 0.51890013167
5280 0.51889993128
5282 0.518899895359
5308 0.517618452319
5310 0.517618363057
5331 0.516889730775
5333 0.516889691388
5335 0.516889380065
5337 0.516886714356
5339 0.516886462729
5341 0.516884333108
5343 0.516882544932
5345 0.516881615483
5371 0.513211141377
5373 0.513208229216
5399 0.50980705704
5401 0.509801841297
5403 0.509801396108
5405 0.509801340523
5407 0.509800590242
5409 0.509799657715
5435 0.508633950081
5437 0.508633900267
5457 0.507964510444
5459 0.507963434671
5461 0.507939341523
5463 0.507913458467
5465 0.507886428424
5467 0.507862314434
5469 0.507833959082
5495 0.506307480771
5497 0.506307480687
5523 0.504525097842
5525 0.504523104714
5551 0.502813518186
5553 0.502813356196
5555 0.502803654134
5557 0.50280359043
5559 0.50279482181
5561 0.502794797959
5563 0.502793198895
5565 0.502790591979
5567 0.502789641802
5569 0.502787633566
5571 0.502786917125
5573 0.502780863118
5575 0.502776916119
5577 0.502769022802
5579 0.502765957021
5581 0.502758442112
5583 0.502757989074
5585 0.502755077034
5587 0.502754848722
5589 0.50275356425
5591 0.502753396755
5593 0.50274247191
5595 0.502742165316
5597 0.502722854182
5599 0.502722776713
5601 0.502704034814
5603 0.502700611352
5605 0.502699230897
5607 0.502693552056
5609 0.502692635701
5611 0.502687486023
5613 0.502687390023
5615 0.502682040922
5617 0.502682039454
5619 0.502679208744
5621 0.502679207073
5647 0.501463324541
5649 0.501463318747
5675 0.499852437877
5677 0.499847474421
5703 0.498403993181
5705 0.498396055641
5707 0.498377389817
5709 0.498363566489
5711 0.498349413331
5713 0.498335126955
5715 0.498324910064
5717 0.498324101137
5719 0.498306375132
5721 0.498302062359
5723 0.498283737318
5725 0.498267357739
5727 0.498266822568
5729 0.498235139579
5731 0.49823457506
5733 0.498203244395
5735 0.498202265379
5737 0.498173025345
5739 0.498172963672
5741 0.498144299566
5743 0.498143422916
5745 0.49814341489
5747 0.49811524279
5749 0.498115207526
5751 0.49808769058
5753 0.498087572722
5755 0.498086731072
5757 0.49808580196
5759 0.498085786243
5761 0.498084857638
5763 0.498084705232
5765 0.498084130735
5767 0.498056272052
5769 0.498056269946
5771 0.498029165107
5773 0.49802891733
5775 0.498028912357
5777 0.497997229473
5779 0.497997187029
5781 0.497965924124
5783 0.497965907868
5785 0.497965314178
5787 0.4979635795
5789 0.497963476132
5791 0.497962092028
5793 0.497960684547
5795 0.497960390579
5821 0.494779191402
5823 0.494777202055
5849 0.491857644539
5851 0.491853249776
5853 0.49185264588
5855 0.491852581617
5857 0.491851639904
5859 0.491850615487
5861 0.491818890134
5863 0.491818858977
5865 0.491787432059
5867 0.491786445051
5869 0.49176340872
5871 0.491738339434
5873 0.491712448045
5875 0.491689454127
5877 0.491662257311
5903 0.490291222789
5905 0.490291215083
5931 0.488621240776
5933 0.488618514861
5959 0.487009743783
5961 0.487009654442
5963 0.487001850012
5965 0.4870018235
5967 0.486994763412
5969 0.486994757537
5971 0.486993773465
5973 0.486991871122
5975 0.486991345957
5977 0.486989907417
5979 0.486989525298
5981 0.486984976389
5983 0.48698211707
5985 0.486975890637
5987 0.486973706171
5989 0.486967750603
5991 0.486967513044
5993 0.486965597013
5995 0.486965498754
5997 0.486964784445
5999 0.486964714556
6001 0.48695520375
6003 0.486954958264
6005 0.486937486538
6007 0.486937378014
6009 0.486920413905
6011 0.486918098512
6013 0.486917241868
6015 0.486912952256
6017 0.486912409939
6019 0.486908516074
6021 0.486908442636
6023 0.48690442382
6025 0.486904418941
6027 0.486902885427
6029 0.486902881038
6033 0.486806072238
6035 0.486805914171
6061 0.48553944956
6063 0.485534898872
6089 0.484404171122
6091 0.484397813116
6093 0.484381344917
6095 0.484369564496
6097 0.484357276119
6099 0.48434500535
6101 0.484336304893
6103 0.484334794629
6105 0.484319027942
6107 0.484315604801
6109 0.484299235418
6111 0.484283391748
6113 0.484282849932
6115 0.484251884136
6117 0.484251315993
6119 0.484220724888
6121 0.484219669097
6123 0.484191540907
6125 0.484191494679
6127 0.484163920956
6129 0.48416309631
6131 0.484163071002
6133 0.484136153113
6135 0.484136136773
6137 0.484109845753
6139 0.484109760132
6141 0.484109076016
6143 0.484108143652
6145 0.484108141491
6147 0.484107209764
6149 0.484106999177
6151 0.484106482027
6153 0.484080034157
6155 0.484080027926
6157 0.484054297787
6159 0.48405402106
6161 0.484054020959
6163 0.484023148121
6165 0.484023124426
6167 0.483992661443
6169 0.483992654469
6171 0.483991862028
6173 0.483990728534
6175 0.483990680833
6177 0.483989777845
6179 0.483988570584
6181 0.483988527884
6207 0.48127937627
6209 0.481277984385
6235 0.478812400688
6237 0.478808573323
6239 0.478807781683
6241 0.478807714481
6243 0.47880659909
6245 0.478805513071
6247 0.478774396591
6249 0.47877437414
6251 0.478743560114
6253 0.478742618532
6255 0.478720573342
6257 0.478696222416
6259 0.478671395623
6261 0.478649577425
6263 0.47862346282
6289 0.477421275133
6291 0.477421225107
6317 0.475885794847
6319 0.475882293003
6345 0.474395756631
6347 0.474395702223
6349 0.474389423389
6351 0.474389412146
6353 0.474383726452
6355 0.474383725716
6357 0.474383108739
6359 0.474381718457
6361 0.474381432059
6363 0.474380403481
6365 0.47438020533
6367 0.474376805545
6369 0.474374731352
6371 0.474369811271
6373 0.474368257339
6375 0.474363526926
6377 0.474363397026
6379 0.474362116624
6381 0.474362076196
6383 0.474361693407
6385 0.474361666094
6387 0.474353402117
6389 0.474353192428
6391 0.47433737591
6393 0.474337243891
6395 0.474321880713
6397 0.474320341764
6399 0.474319807369
6401 0.474316551898
6403 0.474316233665
6405 0.474313275301
6407 0.474313213561
6409 0.474310256876
6411 0.474310249113
6413 0.474309409159
6415 0.474309402603
6417 0.474285882644
6419 0.474285439456
6445 0.47328970175
6447 0.473285471831
6473 0.472398990576
6475 0.472393928513
6477 0.472379392402
6479 0.472369343523
6481 0.472358680707
6483 0.472348125716
6485 0.472340740437
6487 0.47233878777
6489 0.472324755824
6491 0.472321735185
6493 0.472307100495
6495 0.472291781469
6497 0.472291233834
6499 0.472260969674
6501 0.472260397428
6503 0.472230528394
6505 0.472229441271
6507 0.47220238229
6509 0.472202342589
6511 0.472175817483
6513 0.472175019503
6515 0.472174979411
6517 0.472149259439
6519 0.472149250995
6521 0.472124130841
6523 0.472124062212
6525 0.472123470226
6527 0.472122534654
6529 0.472122534637
6531 0.472121599799
6533 0.47212134688
6535 0.472120859594
6537 0.472095750888
6539 0.472095741435
6541 0.47207131602
6543 0.472071022078
6545 0.472071021329
6547 0.472040938221
6549 0.472040923427
6551 0.472011240005
6553 0.472011236844
6555 0.472010321399
6557 0.472009577461
6559 0.472009552085
6561 0.472008960602
6563 0.472007863887
6565 0.472007860105
6591 0.469734957407
6593 0.469733960903
6619 0.467680309861
6621 0.467676887651
6623 0.467675896716
6625 0.467675829347
6627 0.467674557368
6629 0.467673442597
6631 0.467642923951
6633 0.467642905393
6635 0.467612692662
6637 0.467611775795
6639 0.467590668659
6641 0.467566959644
6643 0.467543136661
6645 0.467522531275
6647 0.467497435767
6673 0.466467571688
6675 0.466467421227
6701 0.465079356682
6703 0.465075057156
6729 0.463723376064
6731 0.463723339347
6733 0.463718287402
6735 0.463718282503
6737 0.463713702782
6739 0.463713702761
6741 0.463713307102
6743 0.4637122893
6745 0.463712135971
6747 0.463711402136
6749 0.463711303521
6751 0.463708778609
6753 0.463707271611
6755 0.463703376341
6757 0.463702273155
6759 0.463698506539
6761 0.463698431673
6763 0.463697560289
6765 0.463697544855
6767 0.463697350668
6769 0.463697341158
6771 0.463690175701
6773 0.463689987279
6775 0.463675660829
6777 0.463675511974
6779 0.463661590908
6781 0.463660590793
6783 0.4636602552
6785 0.463657771547
6787 0.463657586896
6789 0.463655327263
6791 0.463655271347
6793 0.463653056615
6795 0.463653047041
6797 0.463652616129
6799 0.463652608238
6801 0.463635700712
6803 0.463634932125
6805 0.463603183652
6807 0.463599672592
6809 0.46356793667
6811 0.463563974733
6813 0.463551137535
6815 0.463542613126
6817 0.463533366824
6819 0.46352432928
6821 0.463518081065
6823 0.463515876552
6825 0.463503380112
6827 0.46350054677
6829 0.463487451166
6831 0.463472643348
6833 0.46347209039
6835 0.463442511592
6837 0.463441935008
6839 0.463412770628
6841 0.46341167388
6843 0.463385643107
6845 0.463385606417
6847 0.463360089752
6849 0.463359307245
6851 0.463359256886
6853 0.463334681065
6855 0.46333467612
6857 0.463310674267
6859 0.463310615063
6861 0.463310078388
6863 0.463309139635
6865 0.463309138315
6867 0.463308200365
6869 0.463307918181
6871 0.463307446443
6873 0.463283608804
6875 0.463283597289
6877 0.463260410139
6879 0.463260105983
6881 0.463260103434
6883 0.463230789975
6885 0.463230779655
6887 0.463201855813
6889 0.463201854271
6891 0.463200868134
6893 0.463200377584
6895 0.463200361876
6897 0.463199972804
6899 0.463198939863
6901 0.463198863297
6927 0.461315705926
6929 0.46131497687
6955 0.459624016225
6957 0.45962089319
6959 0.459619703924
6961 0.459619637802
6963 0.459618227517
6965 0.459617101078
6967 0.45958716912
6969 0.45958715243
6971 0.459557529395
6973 0.459556627135
6975 0.459536415327
6977 0.459513291611
6979 0.459490422885
6981 0.459471048663
6983 0.459446920492
7008 0.458648028573
7010 0.458647679066
7036 0.45740741794
7038 0.457402425756
7064 0.456187129387
7066 0.456187102205
7068 0.456183037134
7070 0.456183034944
7072 0.456179345415
7074 0.456179344782
7076 0.456179084159
7078 0.456178337563
7080 0.45617825758
7082 0.456177735407
7084 0.456177689311
7086 0.45617582822
7088 0.45617473134
7090 0.45617164086
7092 0.456170859558
7094 0.456167852154
7096 0.456167806221
7098 0.456167200571
7100 0.456167195423
7102 0.45616710503
7104 0.456167102405
7106 0.456160903822
7108 0.456160728021
7110 0.4561477434
7112 0.456147582855
7114 0.456134961158
7116 0.456134330257
7118 0.45613411774
7120 0.456132211767
7122 0.456132106226
7124 0.456130369992
7126 0.456130318794
7128 0.456128679526
7130 0.456128668259
7132 0.456128451313
7134 0.456128442189
7136 0.456111829208
7138 0.456110732462
7140 0.456079364362
7142 0.456076336555
7144 0.456044999308
7146 0.456041924534
7148 0.45603058188
7150 0.456023339852
7152 0.456015327599
7154 0.456007572892
7156 0.456002305334
7158 0.455999960506
7160 0.455988823369
7162 0.455986076691
7164 0.455974347239
7166 0.455960036456
7168 0.455959478486
7170 0.455930568874
7172 0.45592998786
7174 0.455901511197
7176 0.455900414976
7178 0.455875373215
7180 0.455875338051
7182 0.455850791407
7184 0.455850019381
7186 0.455849962528
7188 0.455826479723
7190 0.455826476434
7192 0.455803542893
7194 0.45580348915
7196 0.455802986293
7198 0.455802044372
7200 0.455802041125
7202 0.455801100062
7204 0.455800798198
7206 0.455800334364
7208 0.455777703307
7210 0.455777690574
7212 0.455755678783
7214 0.455755368468
7216 0.455755364276
7218 0.455726800989
7220 0.455726793043
7222 0.455698609467
7224 0.455698608644
7226 0.4556975846
7228 0.45569725955
7230 0.455697248374
7232 0.455696991333
7234 0.455695996964
7236 0.45569579436
7262 0.454151647915
7264 0.454151103717
7290 0.45277194622
7292 0.452769051809
7294 0.452767674184
7296 0.452767610081
7298 0.452766081069
7300 0.452764951706
7302 0.452735595513
7304 0.45273557978
7306 0.452706535138
7308 0.452705642517
7310 0.452686298945
7312 0.452663779638
7314 0.452641831704
7316 0.45262370378
7318 0.452600507111
7320 0.452571912759
7322 0.452570913255
7348 0.451434336941
7350 0.451429796626
7376 0.450315166798
7378 0.450315145721
7380 0.45031187462
7382 0.450311873733
7384 0.450308900881
7386 0.450308899251
7388 0.450308722184
7390 0.450308173277
7392 0.450308133091
7394 0.450307762706
7396 0.450307743254
7398 0.450306383816
7400 0.450305583777
7402 0.450303126058
7404 0.450302574323
7406 0.450300165874
7408 0.450300135654
7410 0.450299704555
7412 0.450299703265
7414 0.450299666974
7416 0.450299666588
7418 0.450294318077
7420 0.450294149611
7422 0.450282373809
7424 0.450282205307
7426 0.450270754763
7428 0.450270372575
7430 0.45027023659
7432 0.45026876437
7434 0.450268705266
7436 0.450267362364
7438 0.450267313444
7440 0.450266078139
7442 0.450266065968
7444 0.450265969844
7446 0.450265960065
7448 0.450249641771
7450 0.450248289081
7452 0.450217298373
7454 0.450214571783
7456 0.450183628869
7458 0.450181266038
7460 0.450171238498
7462 0.450165075866
7464 0.450158138301
7466 0.450151469202
7468 0.450147045479
7470 0.450144620722
7472 0.450134687157
7474 0.450131978538
7476 0.450121462284
7478 0.450107634136
7480 0.45010707136
7482 0.450078814875
7484 0.450078229415
7486 0.450050423847
7488 0.450049332872
7490 0.450025242438
7492 0.450025208147
7494 0.450001594577
7496 0.450000830807
7498 0.450000770101
7500 0.449978331478
7502 0.449978329027
7504 0.449956416064
7506 0.449956365616
7508 0.449955883669
7510 0.449954938587
7512 0.449954933666
7514 0.449953989484
7516 0.449953674587
7518 0.449953214523
7520 0.449931728805
7522 0.449931715387
7524 0.449910819233
7526 0.449910505079
7528 0.449910499678
7530 0.449882667491
7532 0.449882660866
7534 0.44985519869
7536 0.449855198201
7538 0.449854155898
7540 0.449853939414
7542 0.449853930524
7544 0.449853759955
7546 0.449852790296
7548 0.449852441801
7574 0.448596971152
7576 0.448596557412
7602 0.447480408943
7604 0.44747769528
7606 0.44747614553
7608 0.447476083881
7610 0.447474456379
7612 0.447473328542
7614 0.44744453675
7616 0.44744452154
7618 0.447416043743
7620 0.447415158315
7622 0.447396730481
7624 0.447375383794
7626 0.44735439441
7628 0.447337616555
7630 0.447315383735
7632 0.447290138935
7634 0.447288525042
7660 0.446254081726
7662 0.446249597228
7688 0.445233703594
7690 0.445233686048
7692 0.445231053809
7694 0.445231053455
7696 0.445228657703
7698 0.445228655167
7700 0.445228530633
7702 0.445228126006
7704 0.445228106925
7706 0.445227845204
7708 0.445227838396
7710 0.445226856212
7712 0.445226271265
7714 0.445224311692
7716 0.445223923428
7718 0.445221988278
7720 0.445221966894
7722 0.445221651859
7724 0.445221651728
7726 0.445221640954
7728 0.44522164095
7730 0.445217038876
7732 0.445216874449
7734 0.445206188052
7736 0.445206014208
7738 0.445195619602
7740 0.445195401022
7742 0.445195312889
7744 0.445194167497
7746 0.445194135321
7748 0.445193089061
7750 0.445193041234
7752 0.445192092024
7754 0.445192079392
7756 0.445192045995
7758 0.445192035884
7760 0.445176010841
7762 0.445174467988
7764 0.445143851204
7766 0.445141315203
7768 0.445110762254
7770 0.445108967581
7772 0.445100097628
7774 0.445094844221
7776 0.445088842207
7778 0.445083092874
7780 0.445079393627
7782 0.445076920666
7784 0.445068053154
7786 0.445065358779
7788 0.445055920469
7790 0.445042560696
7792 0.445041993262
7794 0.445014374192
7796 0.445013784317
7798 0.444986633666
7800 0.444985550145
7802 0.444962374896
7804 0.444962341185
7806 0.444939625234
7808 0.444938868747
7810 0.444938805903
7812 0.444917364907
7814 0.444917362905
7816 0.444896425009
7818 0.444896376637
7820 0.444895907693
7822 0.44489495945
7824 0.444894953284
7826 0.444894005976
7828 0.444893682529
7830 0.444893223988
7832 0.444872825531
7834 0.444872811743
7836 0.444852974602
7838 0.444852657933
7840 0.444852651721
7842 0.444825532097
7844 0.444825526236
7846 0.444798767136
7848 0.444798766816
7850 0.44479771776
7852 0.444797572823
7854 0.444797565161
7856 0.444797451463
7858 0.444796498806
7860 0.444796003127
7886 0.443782235359
7888 0.443781915524
7914 0.442884295746
7916 0.442881729711
7918 0.442880028112
7920 0.442879969153
7922 0.442878263291
7924 0.442877139255
7926 0.442848901566
7928 0.442848886668
7930 0.44282096501
7932 0.44282008558
7934 0.442802532436
7936 0.442782254132
7938 0.442762180686
7940 0.442746651043
7942 0.442725339723
7944 0.442703281492
7946 0.442701135091
7972 0.441765491076
7974 0.441760871484
8000 0.440840212905
8002 0.440840197478
8004 0.440838079351
8006 0.440838079213
8008 0.440836148249
8010 0.440836145003
8012 0.440836054081
8014 0.440835754903
8016 0.440835746624
8018 0.440835562536
8020 0.440835560983
8022 0.440834860811
8024 0.440834431925
8026 0.440832865072
8028 0.440832592991
8030 0.440831032506
8032 0.44083101627
8034 0.44083077944
8036 0.440830779414
8038 0.440830778152
8040 0.440830777876
8042 0.440826830294
8044 0.440826667831
8046 0.440816963559
8048 0.440816786165
8050 0.440807343917
8052 0.440807229299
8054 0.440807171287
8056 0.440806273098
8058 0.44080625628
8060 0.440805434608
8062 0.440805387292
8064 0.440804642622
8066 0.440804629766
8068 0.440804623582
8070 0.44080461331
8072 0.440788879028
8074 0.440787198035
8076 0.440756951349
8078 0.440754536879
8080 0.440724369466
8082 0.440723025251
8084 0.440715174537
8086 0.44071068765
8088 0.440705499711
8090 0.440700530597
8092 0.440697451872
8094 0.440694947241
8096 0.440687024336
8098 0.440684332503
8100 0.440675852486
8102 0.440662947071
8104 0.440662375094
8106 0.440635378058
8108 0.440634783823
8110 0.44060827229
8112 0.440607197276
8114 0.440584902463
8116 0.440584869199
8118 0.44056301678
8120 0.440562267167
8122 0.440562203259
8124 0.440541715437
8126 0.440541713688
8128 0.440521707402
8130 0.440521660406
8132 0.440521199558
8134 0.440520248151
8136 0.440520241123
8138 0.440519290678
8140 0.44051896165
8142 0.440518503419
8144 0.440499137093
8146 0.440499123114
8148 0.440480291249
8150 0.440479972823
8152 0.440479966098
8154 0.44045354096
8156 0.440453535553
8158 0.440427461676
8160 0.440427461445
8162 0.4404264123
8164 0.440426314734
8166 0.440426307771
8168 0.440426231638
8170 0.440425291675
8172 0.44042465732
8181 0.440164439274
8183 0.440164220998
8185 0.440132726553
8187 0.440130459363
8189 0.440128604383
8191 0.440128564079
8193 0.440126966793
8195 0.440125847729
8197 0.440098153895
8199 0.440098139206
8201 0.440070763059
8203 0.440069889053
8205 0.440053172461
8207 0.44003387388
8209 0.440014676945
8211 0.440000303363
8213 0.439979874413
8215 0.439960793918
8217 0.439958180569
8235 0.43940262427
8237 0.439398044055
8257 0.438776098524
8259 0.438776084825
8261 0.43877438044
8263 0.438774380408
8265 0.438772823823
8267 0.438772819888
8269 0.438772750874
8271 0.438772528887
8273 0.438772525825
8275 0.438772397056
8277 0.43877239701
8279 0.438771906102
8281 0.43877159061
8283 0.438770333835
8285 0.438770144132
8287 0.438768880801
8289 0.438768867664
8291 0.438768684275
8293 0.438768684002
8295 0.438768683668
8297 0.43876868296
8299 0.438765308315
8301 0.438765146507
8303 0.438756327916
8305 0.43875614818
8307 0.438747565111
8309 0.438747513054
8311 0.438747474155
8313 0.438746763722
8315 0.438746755446
8317 0.438746104529
8319 0.438746057435
8321 0.438745460437
8323 0.438745447476
8325 0.438745447432
8327 0.438745437089
8329 0.438729990307
8331 0.438728209707
8333 0.438698328901
8335 0.438695991939
8337 0.438666205438
8339 0.438665215579
8341 0.438658262538
8343 0.438654422447
8345 0.43864994252
8347 0.438645636107
8349 0.438643087475
8351 0.438640559844
8353 0.438633474253
8355 0.43863077925
8357 0.438623151609
8359 0.438610686778
8361 0.438610110356
8363 0.43858372017
8365 0.438583121637
8367 0.438557233649
8369 0.438556167656
8371 0.438534719746
8373 0.438534686868
8375 0.438513665083
8377 0.438512922182
8379 0.438512857868
8381 0.438493280655
8383 0.438493279055
8385 0.438474162773
8387 0.438474116748
8389 0.438473660923
8391 0.438472706338
8393 0.438472698741
8395 0.438471745144
8397 0.438471412484
8399 0.438470953915
8401 0.438452567286
8403 0.43845255322
8405 0.438434675525
8407 0.438434355783
8409 0.438434348749
8411 0.438408600328
8413 0.438408595198
8415 0.438383188999
8417 0.438383188818
8419 0.438382143411
8421 0.438382079886
8423 0.438382073345
8425 0.438382024121
8427 0.438381094435
8429 0.438380316839
8431 0.438348535964
8433 0.43834839224
8435 0.438317157394
8437 0.438315134357
8439 0.438313226859
8441 0.438313196603
8443 0.438311676871
