14 5.25024166983
40 5.14608801472
42 5.14608115042
68 5.13126183017
70 5.13125929865
94 5.00773410548
106 4.88347085146
108 4.88344872184
110 4.88344433599
112 4.88342499528
138 4.75997398438
164 4.6554940308
166 4.65547697773
192 4.64099209958
194 4.64098126553
220 4.52040629204
237 4.39660315294
256 4.39461386658
258 4.39460360004
260 4.39458614195
286 4.3491562116
312 4.22697769944
338 4.19864637915
351 4.19772524783
377 4.18089854223
403 4.06052418835
429 3.99135473458
448 3.98929155389
474 3.96026171237
476 3.96024643026
502 3.93302129725
504 3.93299982776
530 3.91107414475
532 3.91105873046
558 3.89429929582
582 3.77012558686
606 3.64636946391
608 3.64636053399
610 3.64634560768
612 3.64633932573
624 3.52185379859
650 3.44815027301
652 3.44814725356
678 3.41976692692
680 3.41976639067
706 3.3868376545
732 3.26299650801
758 3.23781018901
760 3.23780028872
786 3.22023020867
812 3.13209202012
838 3.00880565956
864 2.98536712796
866 2.98534610564
892 2.97955793015
918 2.85594797786
944 2.76253589617
946 2.7625260416
972 2.74152823992
974 2.74152275508
1000 2.62767290269
1026 2.53510388285
1052 2.52753511211
1078 2.50631562312
1090 2.50588704319
1116 2.45059590076
1142 2.42385788652
1168 2.39435979273
1194 2.37377737668
1220 2.35876456231
1246 2.26614517774
1272 2.21230489889
1298 2.19143788228
1324 2.16203956082
1350 2.15715456131
1376 2.03527994656
1402 1.91262299858
1420 1.9108396364
1429 1.91045573583
1431 1.91043966106
1447 1.78617638811
1473 1.6627749791
1475 1.66276835792
1481 1.66260078788
1483 1.66259711909
1509 1.61987523016
1535 1.54199550279
1561 1.51459484359
1587 1.48752044699
1613 1.47065950195
1639 1.41178681601
1665 1.35649300668
1691 1.32584130614
1717 1.2958224902
1743 1.2817143929
1761 1.15684415882
1774 1.03252151326
1776 1.03251228465
1778 1.03250362362
1780 1.03249936144
1806 0.911275766269
1832 0.824032686095
1848 0.82251900436
1874 0.798650414488
1876 0.798627262568
1902 0.674523729996
1909 0.674256094406
1911 0.674238874875
1913 0.674235549811
1939 0.672122289009
1941 0.672121781572
1944 0.672072668201
1946 0.672072565761
1948 0.672068952498
1950 0.672068898248
1952 0.672059254114
1954 0.672059232846
1956 0.672049884169
1958 0.672040501754
1983 0.670475365487
1985 0.67046914942
1987 0.670447616412
1989 0.670443500692
1991 0.670429776025
1993 0.670428746428
1995 0.670415982448
1997 0.670415978923
1999 0.670405612468
2025 0.66183342432
2028 0.661784649401
2054 0.656152897592
2056 0.656137674238
2082 0.652951020399
2084 0.652942267589
2110 0.641953912072
2112 0.64194319007
2138 0.637919005106
2140 0.63791183855
2166 0.626866262263
2168 0.626850108851
2194 0.618426317507
2196 0.618413588968
2222 0.612250526502
2224 0.612246019057
2226 0.612238492409
2228 0.612235324212
2230 0.612229946214
2232 0.612227714683
2234 0.612225471299
2260 0.602489189946
2262 0.602489187063
2288 0.59925535948
2290 0.599255188803
2316 0.589485464654
2318 0.589474950931
2344 0.581901816407
2346 0.581899830891
2372 0.576835153715
2395 0.575861720302
2397 0.575851929968
2408 0.57555510035
2410 0.575549689919
2412 0.575527843515
2414 0.57552064985
2440 0.570742024513
2442 0.570739166006
2464 0.569825160429
2466 0.569823766414
2468 0.569819632812
2494 0.565690064387
2496 0.565675453969
2512 0.565099837548
2514 0.565080245051
2540 0.558546301765
2566 0.543227420503
2592 0.539543180439
2618 0.528276400901
2644 0.526253719794
2661 0.525640018532
2687 0.510158630073
2696 0.509922545836
2722 0.502306793721
2729 0.502142326051
2731 0.502126490633
2733 0.502114609668
2735 0.502104161692
2737 0.502094662719
2739 0.502088095793
2741 0.502084371893
2743 0.502077838399
2745 0.502076854459
2747 0.502073615843
2749 0.502073078539
2775 0.492819683615
2801 0.484378695743
2827 0.478089494875
2853 0.47545196385
2879 0.47164931068
2905 0.465707131407
2931 0.45105474564
2957 0.448481164155
2983 0.441455085557
3009 0.440383417287
3011 0.440378600385
3013 0.44037827533
3015 0.44037693076
3017 0.440376824418
3019 0.440376639255
3021 0.440370116971
3047 0.434495278379
3049 0.434480096367
3075 0.43303643479
3077 0.433019360959
3079 0.43300212783
3081 0.432991664187
3083 0.432984722827
3085 0.432983733999
3087 0.432961772106
3089 0.432961751045
3091 0.432941408377
3093 0.432941400413
3095 0.4329409319
3097 0.432940923288
3099 0.432936618857
3101 0.432936615907
3103 0.432931836031
3105 0.432927716756
3107 0.432908131348
3109 0.432905450195
3111 0.432887096263
3113 0.432885448366
3115 0.432876734067
3117 0.432876725718
3119 0.43286847931
3121 0.432866863301
3123 0.432860254019
3149 0.431617657797
3151 0.431600348853
3177 0.430501319807
3179 0.430491193115
3193 0.430135256285
3195 0.430130919932
3221 0.428834985445
3223 0.42882865405
3226 0.428779341396
3228 0.428775105856
3254 0.425110131219
3256 0.425095271893
3282 0.422249324834
3284 0.422238316188
3310 0.42014127365
3312 0.420139623178
3314 0.420135748196
3316 0.420134600411
3318 0.420131830097
3320 0.42013102724
3322 0.42012994247
3346 0.41924627327
3348 0.419246205207
3350 0.41922687014
3352 0.419226522711
3378 0.416937412017
3380 0.416933041271
3406 0.414851205797
3408 0.41485119841
3434 0.413435850747
3436 0.413426001533
3438 0.413420145647
3440 0.413400000998
3442 0.413397036735
3444 0.413377898811
3446 0.413374603849
3448 0.413350921327
3450 0.413349897814
3452 0.413329431928
3454 0.413329044394
3456 0.413326585185
3458 0.413305368904
3460 0.41329421903
3462 0.413278392254
3464 0.413262508063
3479 0.412858334505
3505 0.403717094222
3521 0.403280565575
3547 0.396857479822
3557 0.396618768941
3559 0.396609352839
3585 0.392735595741
3587 0.392718183881
3613 0.390868478983
3615 0.390844916176
3617 0.390835237665
3619 0.390827471536
3621 0.390822071213
3623 0.390815872977
3625 0.390813159096
3627 0.390812059828
3629 0.390810433598
3631 0.390810328937
3633 0.390810215786
3635 0.390810163474
3661 0.389102875315
3680 0.38845302941
3706 0.387064089437
3708 0.38704352745
3734 0.386176887893
3736 0.386152880602
3762 0.382878157978
3764 0.38285551448
3790 0.381292691564
3792 0.381271263963
3794 0.381269463294
3796 0.381269377615
3798 0.381269236892
3800 0.381269219001
3802 0.381269150758
3804 0.381266474461
3808 0.381193322368
3810 0.381183802905
3812 0.381162660951
3814 0.381150911716
3816 0.381141342643
3818 0.381136151871
3820 0.381132990485
3822 0.381132497356
3824 0.381113564879
3826 0.381113560297
3828 0.381096038145
3830 0.381095978695
3832 0.381095975145
3834 0.381095973831
3836 0.381093889424
3838 0.381093889132
3840 0.381091155795
3842 0.381089230638
3844 0.381072540748
3846 0.381071385885
3848 0.3810557192
3850 0.381055089839
3852 0.381049595958
3854 0.381049578824
3856 0.381044271131
3858 0.3810419103
3860 0.381037731907
3862 0.381027761596
3864 0.381014910837
3866 0.380992335307
3868 0.380985466347
3870 0.380963000401
3872 0.380960607578
3874 0.380939398534
3876 0.380935103217
3878 0.380917936979
3880 0.380915207116
3906 0.379800891409
3908 0.3797851714
3934 0.378858112854
3936 0.37884728676
3959 0.378224924537
3961 0.378224316246
3963 0.378222332297
3965 0.378221917834
3967 0.378220499094
3969 0.378220213294
3971 0.378219272613
3973 0.378201630041
3975 0.378201543709
3977 0.378187569091
3979 0.378187197328
3981 0.378166082614
3983 0.378163247608
4009 0.377361163714
4011 0.37736103089
4020 0.377157933596
4022 0.377149969035
4024 0.377146395385
4026 0.377128876367
4028 0.377127298032
4030 0.377110644543
4032 0.377108846984
4034 0.377087690401
4036 0.377087332928
4038 0.377069158549
4040 0.377069088455
4042 0.377067821983
4044 0.377049698564
4046 0.377041158333
4048 0.377028077731
4050 0.377015161188
4052 0.37700372021
4078 0.371933083319
4080 0.371914153402
4106 0.368424860069
4108 0.368401659587
4110 0.368391925765
4136 0.367446463536
4138 0.367429785719
4140 0.367406295505
4142 0.367384541673
4144 0.367378123518
4146 0.367373061887
4148 0.367370057754
4150 0.367366027835
4152 0.367364822494
4154 0.36736438077
4156 0.36736386559
4158 0.367363864583
4160 0.367363755081
4162 0.36736375501
4164 0.367351643991
4166 0.367328579296
4168 0.367305873015
4170 0.367286865922
4172 0.367262676412
4174 0.367243816736
4193 0.366685464515
4195 0.366666332242
4197 0.366642761318
4199 0.366623826423
4201 0.366622778644
4203 0.366622754293
4205 0.366622746896
4207 0.366622745423
4209 0.366622505677
4211 0.366621551684
4213 0.366600788079
4215 0.36659462443
4217 0.366575661121
4219 0.366567380167
4221 0.366561903401
4223 0.366559346891
4225 0.366557979777
4227 0.366557628205
4229 0.366541304596
4231 0.366541282781
4233 0.366526186681
4235 0.36652609516
4237 0.366525829483
4239 0.366525829269
4241 0.366524712842
4243 0.366524712835
4245 0.366522952917
4247 0.366522021932
4249 0.366507790014
4251 0.366507294424
4253 0.36649391263
4255 0.366493691645
4257 0.366490269423
4259 0.366490209872
4261 0.366486814271
4263 0.366485243001
4265 0.366482632142
4267 0.366473536422
4269 0.366464152879
4271 0.366442873551
4273 0.366438293731
4275 0.366417111423
4277 0.366415761393
4279 0.366398642153
4281 0.366395700476
4283 0.366382416573
4285 0.366380665124
4287 0.366365299775
4289 0.366348597576
4291 0.366328428553
4293 0.366317322033
4295 0.366294188164
4297 0.366293966908
4299 0.36629295348
4301 0.366292808487
4303 0.366292083635
4305 0.366291986521
4307 0.366291086108
4309 0.366275550699
4311 0.366275456491
4313 0.36626353357
4315 0.366263151873
4317 0.366254573036
4319 0.366252459809
4321 0.366232058979
4323 0.366231767593
4325 0.366209019975
4327 0.366202655157
4329 0.366200442527
4331 0.366185242949
4333 0.366184429765
4335 0.366169974373
4337 0.366168898681
4339 0.366149991426
4341 0.366149880663
4343 0.366133739951
4345 0.366133738709
4347 0.366133190585
4349 0.366116817224
4351 0.366110262953
4353 0.366098654821
4355 0.366088065801
4357 0.366075857845
4383 0.363374886786
4385 0.363356107072
4411 0.36151148474
4413 0.361489364564
4415 0.361479973011
4417 0.361455868802
4419 0.361440688653
4421 0.361418201981
4423 0.361398669466
4425 0.361394164363
4427 0.361390872231
4429 0.361389055001
4431 0.361386442242
4433 0.361385893172
4435 0.361385651059
4437 0.361385207623
4439 0.361385197711
4441 0.361385052713
4443 0.36138504446
4445 0.361373853439
4447 0.361352663417
4449 0.361331190765
4451 0.361313856662
4453 0.361290924298
4455 0.361274470639
4457 0.361251895231
4459 0.361234592139
4461 0.361212407871
4463 0.361195261862
4465 0.361194466218
4467 0.361194457746
4469 0.361194457389
4471 0.361194457343
4473 0.361194129248
4475 0.361193912945
4477 0.361175236859
4479 0.36117117926
4481 0.361154165975
4483 0.361148161905
4485 0.361144915523
4487 0.361143677034
4489 0.361143139064
4491 0.361142833888
4493 0.361128759269
4495 0.361128727697
4497 0.361115720909
4499 0.361115615253
4501 0.361114983704
4503 0.361114983657
4505 0.361114313216
4507 0.361114313209
4509 0.361113044699
4511 0.361112573133
4513 0.361100432059
4515 0.361100220631
4517 0.361088785197
4519 0.361088719168
4521 0.361086594892
4523 0.361086376068
4525 0.361084195939
4527 0.361083014985
4529 0.361081387743
4531 0.361073104056
4533 0.361066206155
4535 0.361046145316
4537 0.361043128811
4539 0.361023153139
4541 0.361022442239
4543 0.361006634178
4545 0.36100462025
4547 0.360992478103
4549 0.360991375476
4551 0.360976824182
4553 0.360960033051
4555 0.360940751153
4557 0.360929593547
4559 0.360907372728
4561 0.360907290631
4563 0.360906772677
4565 0.360906722609
4567 0.360906352088
4569 0.360906320452
4571 0.360905436847
4573 0.360891151569
4575 0.360891054437
4577 0.360880214804
4579 0.360879829485
4581 0.360871917943
4583 0.360870177129
4585 0.360850763455
4587 0.360850324128
4589 0.360828602675
4591 0.360823550108
4593 0.360822155718
4595 0.360808945872
4597 0.360808546968
4599 0.360795979452
4601 0.360795268712
4603 0.360778367604
4605 0.360778341021
4607 0.360764007284
4609 0.360763994729
4611 0.360763825661
4613 0.360749071899
4615 0.360744009978
4617 0.360733743024
4619 0.360724964774
4621 0.360712206648
4647 0.359301474722
4649 0.359283100934
4675 0.358321668609
4677 0.358300818182
4679 0.358292377064
4681 0.358269328373
4683 0.358255698627
4685 0.358234223416
4687 0.358216878389
4689 0.358213639821
4691 0.358211497179
4693 0.358210404961
4695 0.358208711255
4697 0.358208499611
4699 0.358208324822
4701 0.358207932719
4703 0.358207908396
4705 0.358207732129
4707 0.358207714292
4709 0.358197380149
4711 0.358177944585
4713 0.35815763498
4715 0.358141862481
4717 0.35812011722
4719 0.358105296457
4721 0.358084059041
4723 0.358068410708
4725 0.3580475295
4727 0.358032002728
4729 0.358031317327
4731 0.35803131335
4733 0.358031308443
4735 0.35803130768
4737 0.358030931142
4739 0.358030926555
4741 0.358014124619
4743 0.358011401007
4745 0.357996135007
4747 0.357991648195
4749 0.35798964078
4751 0.357989055271
4753 0.357988877616
4755 0.357988588423
4757 0.357976452797
4759 0.357976417147
4761 0.357965210279
4763 0.357965098796
4765 0.357964166363
4767 0.357964166343
4769 0.35796371404
4771 0.35796371402
4773 0.357962707379
4775 0.357962453659
4777 0.357952093182
4779 0.357952003777
4781 0.357942228052
4783 0.357942214501
4785 0.357940901582
4787 0.357940539088
4789 0.35793913296
4791 0.357938155613
4793 0.357937144638
4795 0.357929612739
4797 0.357924503315
4799 0.357905587642
4801 0.357903631666
4803 0.357884790413
4805 0.357884440415
4807 0.357869838803
4809 0.357868433805
4811 0.357857337697
4813 0.357856642189
4815 0.357842864166
4817 0.357825982771
4819 0.357807547454
4821 0.357796337778
4823 0.357774990123
4825 0.357774958543
4827 0.357774693678
4829 0.35777467678
4831 0.357774487293
4833 0.357774477818
4835 0.357773600049
4837 0.35776046195
4839 0.357760364325
4841 0.357750513175
4843 0.357750127537
4845 0.357742836173
4847 0.357741343671
4849 0.357722864861
4851 0.35772229645
4853 0.357701549808
4855 0.357697570402
4857 0.357696672597
4859 0.357685171821
4861 0.357684990596
4863 0.357674046307
4865 0.357673529192
4867 0.357658418392
4869 0.357658415434
4871 0.357645687834
4873 0.357645645155
4875 0.357645628308
4877 0.357632365916
4879 0.357628429365
4881 0.357619380977
4883 0.357612020003
4885 0.357599028993
4911 0.356892749989
4913 0.356875013263
4915 0.356852435152
4917 0.356832966987
4919 0.356825672804
4921 0.356803747702
4923 0.356791749135
4925 0.356771349192
4927 0.356756110413
4929 0.356753720662
4931 0.356752325212
4933 0.356751674202
4935 0.356750576616
4937 0.356750519555
4939 0.356750370165
4941 0.35675001514
4943 0.356749982701
4945 0.356749779771
4947 0.356749756703
4949 0.356740220677
4951 0.356722390362
4953 0.356703177736
4955 0.356688828492
4957 0.356668204583
4959 0.356654858223
4961 0.356634877897
4963 0.356620726477
4965 0.356601070225
4967 0.356587009126
4969 0.356586374305
4971 0.356586371769
4973 0.35658636276
4975 0.356586361382
4977 0.35658595976
4979 0.356585901759
4981 0.356570783362
4983 0.356568913722
4985 0.356555214295
4987 0.356551754508
4989 0.356550450935
4991 0.356550184171
4993 0.356550144919
