26    5.25264003644
52    5.13061697635
69    5.12905917132
82    5.12822331362
84    5.1282055513
110    5.00727127192
112    5.00727127192
129    5.00564191907
155    4.88773747895
181    4.79868910484
207    4.67618654104
233    4.67186679068
235    4.67184765567
261    4.64927316689
270    4.64883412924
272    4.64882044626
298    4.64690309626
300    4.64690309626
326    4.6445438316
352    4.52144382773
378    4.40386820455
404    4.38681837635
413    4.38644601202
415    4.38643005796
441    4.38173151765
467    4.36658975875
469    4.36657998481
495    4.24354771119
497    4.24354771119
511    4.24243769468
537    4.12428265206
555    4.0012341202
581    3.88022909327
607    3.8756266676
609    3.87560512779
611    3.87559229645
628    3.8740238765
630    3.87400444393
656    3.85012610929
658    3.85012610929
684    3.83111724163
710    3.72042505308
724    3.59650451056
750    3.47342338608
776    3.46296128284
793    3.46214848491
795    3.46214139611
799    3.46205793266
801    3.46203664438
827    3.41274696226
829    3.41274696225
855    3.38295894705
881    3.25938875601
907    3.13725738005
933    3.09715390052
938    3.09702313735
940    3.09700573227
948    3.09665087415
974    3.06960492052
976    3.0695941944
1002    2.97956327936
1004    2.97956327936
1030    2.95649278895
1056    2.83959130739
1082    2.82452116337
1107    2.7011254334
1133    2.6952453365
1138    2.69513180125
1164    2.68161660378
1166    2.68160153802
1168    2.68157819168
1190    2.55769720626
1192    2.55769720626
1194    2.5576825073
1220    2.55608360516
1246    2.43547961434
1272    2.31272013346
1298    2.31110611718
1324    2.30942985506
1344    2.30719322929
1356    2.30646454765
1382    2.30473759739
1408    2.27283451748
1410    2.27283451748
1436    2.24813331467
1462    2.24655173428
1488    2.12566414505
1490    2.12566249417
1516    2.12361358607
1542    2.12149135817
1559    2.11989910887
1561    2.11989850106
1587    2.11770545063
1613    2.0806027302
1615    2.0806027302
1641    2.05452335247
1667    1.98375786007
1691    1.86066343595
1706    1.73661925494
1732    1.70772159468
1758    1.69651308642
1760    1.69650211969
1762    1.69650048369
1788    1.69225782282
1814    1.65736472504
1816    1.65736472504
1842    1.63153557862
1868    1.50879218251
1894    1.39943919967
1920    1.28433059594
1930    1.28378160494
1932    1.28376156659
1958    1.27272204454
1984    1.26614072943
1986    1.2661277256
2012    1.22880813487
2014    1.22880755539
2040    1.20249885129
2042    1.20248440493
2044    1.20247632685
2046    1.20246363535
2048    1.20245697309
2050    1.20244617162
2052    1.20243294471
2054    1.20243292087
2056    1.20242445059
2058    1.20241121381
2084    1.19703598123
2086    1.19701835709
2088    1.19700844873
2090    1.19699972384
2116    1.19567861688
2118    1.19566459415
2120    1.19565810696
2146    1.1937228657
2148    1.19372286569
2174    1.19076526753
2176    1.19075259301
2178    1.19073276528
2204    1.17733821938
2206    1.17733221323
2208    1.17732735198
2210    1.17730973257
2236    1.16606941627
2238    1.16606742654
2240    1.1660505301
2242    1.16605053006
2244    1.1660412856
2246    1.16603519763
2248    1.1660265437
2251    1.165979326
2253    1.1659643342
2255    1.16595109397
2257    1.16594628817
2259    1.16592973254
2261    1.16591727925
2287    1.15143053272
2289    1.15143053267
2315    1.13933383484
2317    1.13932565258
2319    1.13932392875
2321    1.13931455169
2323    1.13929616438
2325    1.13927937915
2327    1.13927906339
2329    1.13927386053
2331    1.13925843283
2357    1.1246388749
2359    1.12463887478
2385    1.1155748766
2387    1.1155616414
2389    1.1155399804
2415    1.09844151348
2417    1.09843525313
2419    1.09843032015
2421    1.09841275309
2447    1.0880505668
2449    1.08804862031
2475    1.08243134549
2477    1.08243134523
2498    1.0815460669
2500    1.08153806684
2526    1.06956846293
2528    1.06956056711
2530    1.06954163934
2532    1.06952473903
2558    1.05940250359
2560    1.05939816288
2562    1.0593789872
2564    1.05937184311
2566    1.05937184308
2568    1.05936831389
2594    1.05769491809
2596    1.05767670343
2598    1.05766684516
2624    1.0558355203
2650    1.05395782641
2652    1.05393964432
2654    1.05393424517
2680    1.05202184572
2706    1.03631536501
2708    1.03631536486
2734    1.02433192709
2760    1.02253913271
2762    1.02251747296
2764    1.02251599577
2790    1.02025903443
2816    1.01795677783
2818    1.01794307836
2820    1.01794009554
2846    1.01555399925
2872    0.998682996
2874    0.998682996
2900    0.987263111538
2926    0.986074327369
2928    0.986061387378
2930    0.986061065436
2947    0.985541056496
2949    0.985517825349
2951    0.985512297511
2953    0.985511497902
2955    0.985489093731
2981    0.969777042153
2983    0.969777042102
3009    0.957871379887
3011    0.95785634817
3027    0.957111444843
3036    0.956838704153
3038    0.956829755081
3040    0.956822408598
3042    0.956800035322
3044    0.956779730206
3046    0.956774363079
3072    0.938384242246
3074    0.938382728316
3100    0.925965572051
3102    0.925956762855
3104    0.925951210816
3106    0.925943408316
3108    0.925938832141
3110    0.925932186562
3112    0.925923505637
3114    0.92592346486
3116    0.925918814034
3118    0.925911689137
3120    0.925889884937
3122    0.925879766061
3124    0.925874071222
3126    0.925869055811
3128    0.925847893209
3130    0.925839925718
3132    0.925836176993
3158    0.923920224076
3160    0.923920224049
3186    0.920900174617
3188    0.920893867781
3190    0.920880190177
3216    0.911685862781
3218    0.911684191599
3220    0.911682840674
3222    0.911670648293
3248    0.904214907892
3250    0.904214826455
3252    0.904203061485
3254    0.904203061414
3256    0.904199136578
3258    0.904196352901
3260    0.904192859278
3262    0.904174090879
3264    0.904164340955
3266    0.904155728808
3268    0.904153927576
3270    0.904139745997
3272    0.904131501385
3298    0.896183997319
3300    0.896183997238
3326    0.889139316094
3328    0.88913433971
3330    0.88913433532
3332    0.889132087445
3334    0.889118480359
3336    0.889106057178
3338    0.889105870073
3340    0.889105059297
3342    0.889093613232
3368    0.885310236945
3370    0.885310236747
3396    0.882510141727
3398    0.882504302545
3400    0.882489343755
3426    0.876489061615
3428    0.876487386758
3430    0.876486067796
3432    0.876473920183
3458    0.872948449814
3460    0.872948324801
3467    0.872781369518
3469    0.872781368061
3471    0.872773530335
3473    0.872769823571
3499    0.864021748066
3501    0.864017326297
3503    0.864003615469
3505    0.86399135855
3531    0.856862292384
3533    0.856860112832
3535    0.856844290696
3537    0.856840680358
3539    0.856840680334
3541    0.856839166231
3567    0.855102902374
3569    0.855088375047
3571    0.855086141208
3597    0.85310453341
3623    0.851099038562
3625    0.851083782495
3627    0.851083569097
3653    0.849056812901
3679    0.842066430374
3681    0.842066430088
3707    0.836305038398
3733    0.834401448996
3735    0.834386186244
3737    0.83437921868
3763    0.831977049403
3789    0.829565251633
3791    0.829558454766
3793    0.829548438207
3819    0.827082577473
3845    0.820218068171
3847    0.820218068171
3873    0.815407042388
3875    0.815396471772
3877    0.815388857674
3879    0.815388709858
3881    0.815367030929
3883    0.815346153543
3885    0.815343494766
3887    0.815341035951
3889    0.815320895275
3915    0.809351639331
3917    0.809351639277
3943    0.804363398698
3945    0.804355831274
3947    0.804340120759
3949    0.804318730392
3951    0.804314676417
3953    0.804311347809
3955    0.804296914115
3957    0.804277633133
3959    0.80427534501
3985    0.796488792314
3987    0.796486688368
4013    0.791092608574
4015    0.791087239509
4017    0.791083445738
4019    0.791078641009
4021    0.791075516998
4023    0.791071421282
4025    0.79106497089
4027    0.791064931347
4029    0.791061772775
4031    0.791057357247
4033    0.791037882439
4035    0.791032450335
4037    0.791029019779
4039    0.79102599827
4041    0.791007057107
4043    0.79100283657
4045    0.791000688428
4071    0.789139342643
4073    0.789139342603
4099    0.786105066481
4101    0.786101437385
4103    0.786092309101
4129    0.780167091552
4131    0.780166754928
4133    0.780166483048
4135    0.780158325996
4161    0.775458408463
4163    0.775458217581
4165    0.775449727162
4167    0.775449727066
4169    0.775448415952
4171    0.775447314057
4173    0.775445870027
4175    0.775430453429
4177    0.775423993726
4179    0.775418287339
4181    0.775417627195
4183    0.775406138732
4185    0.77540056172
4211    0.771399121338
4213    0.771399121227
4239    0.767421115653
4241    0.767418220319
4243    0.767417859889
4245    0.767417378439
4247    0.767407251993
4249    0.767398005893
4251    0.767397335567
4253    0.767397300217
4255    0.7673887668
4280    0.766578093227
4282    0.766578092988
4308    0.76562110082
4310    0.765618046644
4312    0.765607933308
4338    0.763551755494
4340    0.763551358096
4342    0.7635510452
4344    0.763542833075
4370    0.762344837395
4372    0.762344788896
4374    0.762325828557
4376    0.762325825234
4378    0.762322869294
4380    0.762321377971
4406    0.756314946819
4408    0.756312413226
4410    0.756302366954
4412    0.756293378554
4438    0.751532059675
4440    0.751530986339
4442    0.751517920444
4444    0.751516029393
4446    0.751516029372
4448    0.751515407106
4474    0.749801744557
4476    0.749789982358
4478    0.749789849917
4504    0.747749825203
4530    0.745713263383
4532    0.745700736125
4534    0.745699764583
4560    0.743659072379
4586    0.740777979097
4588    0.740777978721
4614    0.73801242035
4640    0.736119497892
4642    0.736109335988
4644    0.73609672581
4670    0.733689617214
4696    0.731312534438
4698    0.731310354461
4700    0.731293513455
4726    0.728896228464
4752    0.72629110939
4754    0.72629110939
4780    0.72428284747
4782    0.724273865424
4784    0.724269467129
4786    0.724269136037
4788    0.724249719367
4790    0.724231019798
4792    0.724229879099
4794    0.724226952046
4796    0.724208916278
4822    0.722128450775
4824    0.722128450739
4850    0.720023844187
4852    0.720019744148
4854    0.720009022953
4856    0.719990019702
4858    0.719988201844
4860    0.719986709085
4862    0.719976840121
4864    0.719959693552
4866    0.719958761058
4892    0.716915734214
4894    0.71691343574
4920    0.714619859018
4922    0.714616591668
4924    0.714613997508
4926    0.714611034962
4928    0.714608901386
4930    0.714606373461
4932    0.714601551033
4934    0.714601512697
4936    0.714599392106
4938    0.714596624348
4940    0.714579218216
4942    0.714576589092
4944    0.714574513027
4946    0.71457268441
4948    0.714555720398
4950    0.714553721283
4952    0.71455250423
4978    0.712779652257
4980    0.712779652206
5006    0.709779815224
5008    0.70977731395
5010    0.709771500391
5036    0.706107064964
5038    0.706107039091
5040    0.706107018206
5042    0.706101811821
5068    0.703233302333
5070    0.703232513454
5072    0.703226124946
5074    0.703226124832
5076    0.70322587717
5078    0.703225557448
5080    0.703224941062
5082    0.703212671056
5084    0.703208315953
5086    0.70320446852
5088    0.703204236623
5090    0.703195258852
5092    0.703191407225
5118    0.701306429504
5120    0.701306429377
5146    0.699064663373
5148    0.699063099345
5150    0.699062610297
5152    0.699062495644
5154    0.699054934761
5156    0.699048030848
5158    0.699047235021
5160    0.699047218605
5162    0.699040838345
5164    0.699032136815
5166    0.699032136561
5170    0.698957362927
5172    0.698955432224
5174    0.698948761473
5193    0.698425028763
5195    0.698424943899
5197    0.698424877082
5199    0.698419466775
5201    0.698395639721
5203    0.698395422297
5205    0.698379510814
5207    0.698379505696
5209    0.698378590719
5211    0.69837814396
5237    0.694437326956
5239    0.694435837098
5241    0.694428412022
5243    0.694421765058
5269    0.691362373699
5271    0.691361862347
5273    0.691351064613
5275    0.691350025833
5277    0.691350025815
5279    0.691349787296
5305    0.689752071415
5307    0.689742363086
5309    0.689742246252
5335    0.687749938865
5361    0.685788109091
5363    0.685778133276
5365    0.685773777696
5391    0.683824363418
5417    0.682701848028
5419    0.682701847604
5445    0.681327544667
5471    0.679576929413
5473    0.679570451358
5475    0.679552980121
5501    0.677290631049
5527    0.675092452947
5529    0.67509231103
5531    0.675069407499
5557    0.672880319698
5583    0.671934379959
5585    0.671934379959
5611    0.671073250156
5613    0.671065717072
5615    0.671063125199
5617    0.671062953386
5619    0.671045666028
5621    0.671029016685
5623    0.67102859126
5625    0.67102603357
5627    0.671009983277
5643    0.670590286334
5645    0.670590286315
5671    0.669526972684
5673    0.669524647733
5675    0.669516590484
5677    0.669500309688
5679    0.669499517128
5681    0.669498866273
5683    0.66949143566
5685    0.669476737401
5687    0.669476390729
5713    0.668350535399
5715    0.668348308146
5741    0.667360505459
5743    0.667358521729
5745    0.66735674694
5747    0.667354917835
5749    0.667353460376
5751    0.66735189764
5753    0.667348268023
5755    0.667348230867
5757    0.667346828043
5759    0.667345068227
5761    0.667329503839
5763    0.667328440543
5765    0.667327176402
5767    0.66732606289
5769    0.667310862599
5771    0.667310086238
5773    0.667309407031
5799    0.665654651239
5801    0.665654651182
5827    0.662734631876
5829    0.662732584229
5831    0.662729118332
5857    0.660520358202
5859    0.660520353033
5861    0.660520348862
5863    0.660517237088
5889    0.658800623796
5891    0.658799273451
5893    0.658794251717
5895    0.658794251595
5897    0.658794251586
5899    0.658794217616
5901    0.65879394256
5903    0.658784361759
5905    0.658781372438
5907    0.658778731481
5909    0.658778656293
5911    0.65877180337
5913    0.658769085752
5939    0.657937445803
5941    0.657937445669
5967    0.656651787262
5969    0.656651045784
5971    0.656650684328
5973    0.656650590505
5975    0.656644942586
5977    0.65663978527
5979    0.656639106639
5981    0.65663908097
5983    0.656634308941
5985    0.656626871606
5987    0.656626871353
5989    0.656603473403
5991    0.656602006853
5993    0.656597630343
5995    0.656574063722
5997    0.656574043409
5999    0.656574027416
6001    0.656570483308
6003    0.656547269629
6005    0.656546928282
6007    0.656533108056
6009    0.656533101442
6011    0.656532962723
6013    0.656532910362
6039    0.654023669374
6041    0.654022767019
6043    0.654017242479
6045    0.654012294988
6071    0.652096189811
6073    0.652095959258
6075    0.65208701527
6077    0.652086409836
6079    0.65208640982
6081    0.65208632904
6107    0.650684426137
6109    0.650676229494
6111    0.6506756982
6137    0.648828639622
6163    0.647033366543
6165    0.647025720622
6167    0.647017193164
6193    0.645246254083
6195    0.645226602228
6197    0.645226601802
6223    0.644293127575
6249    0.642792077916
6251    0.64278811282
6253    0.642766912952
6279    0.640771079227
6305    0.63886052474
6307    0.638860095883
6333    0.638117228147
6359    0.636209625552
6361    0.636193731656
6363    0.636193731656
6368    0.636094664791
6370    0.636088499537
6372    0.636086897297
6374    0.636086895079
6376    0.636071678778
6378    0.63605702391
6380    0.636056896884
6382    0.636055103496
6384    0.636040985034
6386    0.636029840975
6388    0.636029840966
6403    0.635644106114
6405    0.635642717847
6407    0.635636163584
6409    0.635622504631
6411    0.635622176335
6413    0.635621906737
6415    0.635615852666
6417    0.635603517291
6419    0.63560340999
6421    0.635584374477
6423    0.635582497313
6436    0.635262233366
6438    0.635261032784
6440    0.635259818036
6442    0.63525868699
6444    0.635257691305
6446    0.635256723427
6448    0.635253971134
6450    0.635253935133
6452    0.635253024666
6454    0.635251885795
6456    0.635237963696
6458    0.635237669582
6460    0.635236893492
6462    0.635236209853
6464    0.6352225851
6466    0.635222391359
6468    0.635222019969
6494    0.633708595466
6496    0.633708595406
6522    0.630907647387
6524    0.630905740832
6526    0.630903865242
6552    0.629593171858
6554    0.629593135811
6556    0.62959310673
6558    0.629591416392
6584    0.628576010525
6586    0.628574261839
6588    0.628570143781
6590    0.628570143655
6592    0.628570005664
6594    0.628569992118
6596    0.62856986179
6598    0.628562464786
6600    0.628560372492
6602    0.628558523977
6604    0.628558503258
6606    0.628553354725
6608    0.628551392709
6610    0.628535816448
6612    0.628535816316
6638    0.627619464443
6640    0.627619184865
6642    0.62761912594
6644    0.627619044748
6646    0.627614809946
6648    0.627610942934
6650    0.627610619408
6652    0.627610586252
6654    0.627607003757
6656    0.627600078052
6658    0.627600077801
6660    0.627577552948
6662    0.62757632255
6664    0.627573455124
6666    0.627550532881
6668    0.627550530339
6670    0.627550528337
6672    0.627548205474
6674    0.627525623274
6676    0.62752519087
6678    0.627512980034
6680    0.627512972156
6682    0.62751296139
6684    0.627512945652
6710    0.62594424653
6712    0.625943681357
6714    0.625939546828
6716    0.625935843188
6742    0.62475503295
6744    0.624754938357
6746    0.624747495906
6748    0.624747118291
6750    0.624747118277
6752    0.624747097156
6778    0.623592065913
6780    0.62358497794
6782    0.623584426615
6808    0.621954705821
6834    0.620389211002
6836    0.620383607328
6838    0.620371929103
6864    0.618836136264
6866    0.618825222056
6868    0.618825221637
6883    0.618446695214
6909    0.617227193044
6911    0.617224781207
6937    0.616563671627
6963    0.614865850305
6989    0.613265020686
6991    0.613262557667
7017    0.612345236963
7043    0.610779462594
7045    0.61076480306
7047    0.610764803053
7049    0.610742056997
7051    0.610737089082
7053    0.610736049908
7055    0.610735954712
7057    0.610722618339
7059    0.610709773993
7061    0.610709753433
7063    0.610708569589
7065    0.610696203745
7067    0.610689350479
7069    0.610689350475
7071    0.610665745864
7073    0.610664871898
7075    0.610659441866
7077    0.610648333858
7079    0.610648211324
7081    0.610648110707
7083    0.610643087578
7085    0.610633052398
7087    0.610633031688
7089    0.610618711698
7091    0.610617155109
7093    0.610593695778
7095    0.610592972207
7097    0.610592140438
7099    0.610591439726
7101    0.610590759513
7103    0.610590158674
7105    0.610588054272
7107    0.610588019398
7109    0.610587443073
7111    0.61058669016
7113    0.610574234099
7115    0.61057421424
7117    0.610573732712
7119    0.610573308531
7121    0.610561092573
7123    0.610561086443
7125    0.610560889076
7151    0.609204439361
7153    0.609204439302
7179    0.606553808429
7181    0.606551889851
7183    0.606551020357
7209    0.605780517559
7211    0.60578046006
7213    0.605780413679
7215    0.605779624653
7223    0.605602959674
7225    0.605601095893
7227    0.605597565608
7229    0.605597565486
7231    0.605597204748
7233    0.605597077239
7235    0.60559701143
7237    0.605591399129
7239    0.605589908388
7241    0.605588591314
7243    0.605588587655
7245    0.605584811963
7247    0.605583364754
7249    0.605574710461
7251    0.605574710335
7268    0.605147742474
7270    0.605147680906
7272    0.605147679331
7274    0.605147607117
7276    0.60514440702
7278    0.605141484817
7280    0.605141304206
7282    0.605141264641
7284    0.60513855348
7286    0.605132109117
7288    0.605132108867
7290    0.605110420422
7292    0.605109325262
7294    0.605107445649
7296    0.605085192828
7298    0.605085192786
7300    0.605085192753
7302    0.605083669509
7304    0.605061744278
7306    0.605061249808
7308    0.605050276191
7310    0.605050267282
7312    0.605050029358
7314    0.605049857768
7340    0.604079888463
7342    0.60407952089
7344    0.604076408385
7346    0.604073619753
7372    0.603353686327
7374    0.603353653791
7376    0.603347418578
7378    0.60334716577
7380    0.603347165757
7382    0.603347163221
7408    0.602451531068
7410    0.602445261759
7412    0.602444820678
7438    0.601066152973
7464    0.599755106397
7466    0.599751204867
7468    0.599736654883
7494    0.59845460095
7496    0.598446526183
7498    0.598446525783
7502    0.598372499125
7528    0.597435283029
7530    0.597433772283
7556    0.596687731222
7582    0.595328312613
7608    0.594063143255
7610    0.594057656999
7636    0.592997327739
7662    0.591789762177
7664    0.591775312121
7666    0.591775312104
7668    0.591754055217
7670    0.591750102295
7672    0.591749389212
7674    0.591749125623
7676    0.591737450903
7678    0.591726206901
7680    0.591726206821
7682    0.591725312475
7684    0.591714494555
7686    0.591708027189
7688    0.591708027187
7690    0.591685099403
7692    0.591684507319
7694    0.591680008902
7696    0.591671030092
7698    0.591670990719
7700    0.591670958393
7702    0.591666790649
7704    0.591658675699
7706    0.591658675344
7708    0.591644929053
7710    0.591643651302
7712    0.591620899033
7714    0.59162046533
7716    0.591619895554
7718    0.59161946042
7720    0.591618995759
7722    0.591618621688
7724    0.591616997818
7726    0.591616964046
7728    0.591616611267
7730    0.591616100917
7732    0.591604954475
7734    0.591604920431
7736    0.591604617702
7738    0.591604351016
7740    0.591593395533
7742    0.591593349351
7744    0.591593248729
7770    0.590401495946
7772    0.590401495891
7798    0.587923527986
7800    0.587921510775
7802    0.587921213428
7804    0.587897279144
7806    0.587897242322
7808    0.587897212618
7810    0.587896942759
7812    0.587872967161
7814    0.587871217191
7816    0.587868081266
7818    0.587868081158
7820    0.587867588237
7822    0.587867288858
7824    0.587867253287
7826    0.587863017212
7828    0.587861930466
7830    0.58786097031
7832    0.587860970273
7834    0.587858233222
7836    0.587857138029
7838    0.587851398855
7840    0.587851398736
7842    0.587827652918
7844    0.587827652809
7846    0.587827645806
7848    0.587827580038
7850    0.587825143061
7852    0.587822917695
7854    0.587822803356
7856    0.587822758493
7858    0.587820690429
7860    0.587814698753
7862    0.587814698506
7864    0.587793811291
7866    0.587792795266
7868    0.587791562542
7870    0.587770001647
7872    0.587769999916
7874    0.587769998553
7876    0.587768999102
7878    0.587747753508
7880    0.587747218276
7882    0.587737200592
7884    0.587737190861
7886    0.587736557838
7888    0.587736133349
7896    0.587560749029
7898    0.587560501994
7900    0.587558260173
7902    0.587556251561
7904    0.587533547783
7906    0.587533541103
7908    0.58752845637
7910    0.58752827521
7912    0.587528275199
7914    0.587528274967
7936    0.586993588561
7938    0.586988015605
7940    0.586987794859
7966    0.585851045285
7992    0.584778686221
7994    0.584776079308
7996    0.584759651904
8022    0.583712476478
8024    0.583704454382
8026    0.583704454008
8030    0.583630858048
8056    0.582958168448
8058    0.582957119088
8084    0.582164699704
8110    0.581131176353
8136    0.580179576332
8138    0.580170838143
8164    0.579006597964
8190    0.578125503914
8192    0.578111328322
8194    0.578111328293
8196    0.578091682842
8198    0.578088569328
8200    0.578088050291
8202    0.578087662863
8204    0.578077431414
8206    0.578067577435
8208    0.578067563522
8210    0.578066802764
8212    0.578057328799
8214    0.578051229086
8216    0.578051229086
8218    0.578028954906
8220    0.578028521643
8222    0.578024795557
8224    0.578017535794
8226    0.5780175265
8228    0.578017518873
8230    0.578014061097
8232    0.578007497167
8234    0.578007492888
8236    0.577994299892
8238    0.577993250638
8240    0.57797118318
8242    0.57797092508
8244    0.577970534596
8246    0.577970263578
8248    0.577969946209
8250    0.577969712469
8252    0.577968446691
8254    0.577968413992
8256    0.577968207877
8258    0.577967852017
8260    0.57795787609
8262    0.577957679316
8264    0.577957485959
8266    0.577957315617
8268    0.577947488436
8270    0.577947287564
8272    0.577947239433
8298    0.576920489519
8300    0.576920489471
8326    0.574628715084
8328    0.574626598059
8330    0.574626555609
8332    0.574603100343
8334    0.574603075534
8336    0.57460305552
8338    0.574603015093
8340    0.574579519002
8342    0.574577843729
8344    0.574575019777
8346    0.574575019681
8348    0.574574400208
8350    0.574573912959
8352    0.574573891457
8354    0.574570721873
8356    0.574569911287
8358    0.574569195118
8360    0.57456919435
8362    0.574567244068
8364    0.574566394229
8366    0.574560881519
8368    0.57456088141
8370    0.574537576467
8372    0.574537541246
8374    0.574537519295
8376    0.574537458187
8378    0.574535578539
8380    0.574533862098
8382    0.574533776065
8384    0.574533726927
8386    0.57453212898
8388    0.574526562874
8390    0.574526562629
8392    0.574506442938
8394    0.574505473759
8396    0.574504664842
8398    0.574483965024
8400    0.574483961036
8402    0.574483957895
8404    0.574483301711
8406    0.574462902423
8408    0.574462340973
8410    0.574452808027
8412    0.574452798171
8414    0.574451996781
8416    0.574451234166
8418    0.574427327563
8420    0.574427156109
8422    0.574425536166
8424    0.574424084726
8426    0.574401803174
8428    0.574401803089
8430    0.574397583908
8432    0.574397446464
8434    0.574397446455
8436    0.574397442636
8438    0.574378554498
8440    0.574373781208
8442    0.574373771102
8468    0.573425160003
8494    0.572535267726
8496    0.572533475128
8498    0.572517377089
8524    0.571650067009
8526    0.571642207814
8528    0.571642207462
8531    0.571593438074
8533    0.571575134326
8535    0.571573913382
8561    0.570770222652
8587    0.569968520919
8613    0.569235967546
8615    0.56922601142
8641    0.568001675524
8663    0.56746905653
8665    0.567455311411
8667    0.56745531137
8669    0.567437468338
8671    0.567435044484
8673    0.567434644061
8675    0.567434179796
8677    0.567425202329
8679    0.567416556071
8681    0.567416517698
8683    0.567415821256
8685    0.567407514783
8687    0.567401764572
8689    0.567401764572
8691    0.567380121666
8693    0.567379781179
8695    0.567376695565
8697    0.567370824304
8699    0.567370823528
8701    0.567370822892
8703    0.567367954532
8705    0.567362643875
8707    0.567362628957
8709    0.567349969533
8711    0.567349107579
8713    0.56732770349
8715    0.567327551339
8717    0.567327283596
8719    0.567327114164
8721    0.567326897447
8723    0.567326750724
8725    0.567325753183
8727    0.56732572153
8729    0.567325609009
8731    0.567325353094
8733    0.567316423883
8735    0.567316008331
8737    0.567315882549
8739    0.567315771733
8741    0.567306955019
8743    0.567306559236
8745    0.567306538523
8771    0.566438816777
8773    0.566438816735
8799    0.564338795095
8801    0.564336612058
8803    0.564336605441
8805    0.56431361959
8807    0.564313601484
8809    0.564313586877
8811    0.564313582178
8813    0.564290555658
8815    0.564288930002
8817    0.564286354551
8819    0.564286354465
8821    0.564285617873
8823    0.564284952886
8825    0.564284938288
8827    0.564282558061
8829    0.56428193504
8831    0.564281384584
8833    0.564281382218
8835    0.564279998972
8837    0.564279319138
8839    0.564274027212
8841    0.564274027112
8843    0.564251154415
8845    0.56425102997
8847    0.564250996765
8849    0.564250939041
8851    0.564249469086
8853    0.56424812676
8855    0.564248053796
8857    0.564248001273
8859    0.564246749314
8861    0.564241583112
8863    0.564241582869
8865    0.564222198427
8867    0.564221257051
8869    0.564220725912
8871    0.564200874341
8873    0.564200868517
8875    0.564200863931
8877    0.56420043281
8879    0.564180867442
8881    0.56418028928
8883    0.56417115775
8885    0.564171147862
8887    0.564170213834
8889    0.564169092073
8891    0.564145613314
8893    0.564145488155
8895    0.564144295405
8897    0.564143226711
8899    0.564121359291
8901    0.564121357393
8903    0.56411777947
8905    0.564117671048
8907    0.56411767104
8909    0.564117661662
8911    0.564103540796
8913    0.564099384715
8915    0.564099329112
8941    0.563320272302
8967    0.56259280872
8969    0.562591613362
8971    0.562575839522
8997    0.561867218285
8999    0.561859440354
9001    0.56185944002
9003    0.561835046567
9005    0.561821748101
9007    0.561820290652
9033    0.561022556743
9038    0.560924299999
9040    0.560899960377
9042    0.560890708744
9068    0.559640254198
9070    0.55961719492
9072    0.55960414034
9074    0.559604140289
9076    0.559588365308
9078    0.559586504155
9080    0.559586178023
9082    0.559585668156
9084    0.559577780728
9086    0.559570184297
9088    0.559570121008
9090    0.559569456069
9092    0.55956216439
9094    0.559556746023
9096    0.559556746023
9098    0.559535712833
9100    0.559535428285
9102    0.559532873848
9104    0.559528124452
9106    0.559528124123
9108    0.559528123852
9110    0.559525744871
9112    0.559521447185
9114    0.559521421495
9116    0.55950927647
9118    0.559508568091
9120    0.559487806524
9122    0.559487717952
9124    0.559487534269
9126    0.559487427848
9128    0.559487279909
9130    0.559487187281
9132    0.559486391789
9134    0.559486361154
9136    0.559486305923
9138    0.559486115818
9140    0.559478122938
9142    0.559477490914
9144    0.559477407397
9146    0.559477333816
9148    0.559469422333
9150    0.55946883809
9152    0.559468830776
9178    0.558749334887
9180    0.558749334852
9206    0.556839914901
9208    0.556837689291
9210    0.556837586818
9212    0.556815060871
9214    0.556815046636
9216    0.556815035153
9218    0.556814949612
9220    0.55679238294
9222    0.556790790496
9224    0.556788414229
9226    0.556788414153
9228    0.556787571652
9230    0.556786749334
9232    0.5567867383
9234    0.556784943452
9236    0.556784449814
9238    0.55678401367
9240    0.556784009879
9242    0.556783034292
9244    0.556782474102
9246    0.556777396697
9248    0.556777396605
9250    0.556754947419
9252    0.556754707067
9254    0.556754666856
9256    0.556754611591
9258    0.556753444949
9260    0.556752379598
9262    0.556752312995
9264    0.556752257835
9266    0.556751262367
9268    0.556746471771
9270    0.556746471531
9272    0.556727791396
9274    0.556726866425
9276    0.55672651743
9278    0.556707478431
9280    0.556707471326
9282    0.556707465731
9284    0.556707182244
9286    0.556688415872
9288    0.556687827075
9290    0.556679064952
9292    0.556679055035
9294    0.556677986692
9296    0.556676529307
9298    0.556653472251
9300    0.55665337618
9302    0.556652479852
9304    0.556651676746
9306    0.556630215486
9308    0.556630208765
9310    0.556627111748
9312    0.556627021863
9314    0.556627021856
9316    0.556627007054
9318    0.556616826242
9320    0.556613156015
9322    0.556612861875
9334    0.556340180166
9336    0.556315797499
9338    0.556315001336
9340    0.556301151881
9356    0.555927134978
9358    0.555919587125
9360    0.555919586798
9362    0.555895617063
9364    0.55588253296
9366    0.555880742716
9392    0.555065336075
9394    0.555041509296
9396    0.555017772473
9398    0.555009282554
9424    0.553738992659
9426    0.55371710221
9428    0.553704730561
9430    0.5537047305
9432    0.553690960409
9434    0.553689554776
9436    0.553689276234
9438    0.553688739086
9440    0.553681799777
9442    0.553675116487
9444    0.553675031581
9446    0.553674381995
9448    0.553667972962
9450    0.553662869501
9452    0.553662869501
9454    0.553642425327
9456    0.553642175375
9458    0.553640061473
9460    0.553636218762
9462    0.553636216372
9464    0.553636214406
9466    0.553634241754
9468    0.553630763024
9470    0.553630728473
9472    0.553619079263
9474    0.553618496841
9476    0.553598357603
9478    0.553598306909
9480    0.553598180813
9482    0.553598113576
9484    0.553598012631
9486    0.553597953736
9488    0.553597311342
9490    0.553597281696
9492    0.553597259213
9494    0.553597113283
9496    0.553589958238
9498    0.553589145788
9500    0.553589089097
9502    0.553589039146
9504    0.553581938864
9506    0.553581199319
9508    0.55358119771
9510    0.553557534508
9512    0.553557534483
9538    0.55176932937
9540    0.551767087893
9542    0.551766984084
9544    0.551744908606
9546    0.551744895835
9548    0.551744885533
9550    0.551744798826
9552    0.551722682372
9554    0.551721104473
9556    0.551718888768
9558    0.5517188887
9560    0.551717952013
9562    0.551716995884
9564    0.551716986768
9566    0.551715626991
9568    0.551715224001
9570    0.551714867946
9572    0.551714863111
9574    0.551714179718
9576    0.551713705007
9578    0.551708835626
9580    0.551708835542
9582    0.551686801146
9584    0.551686435477
9586    0.551686391112
9588    0.551686337628
9590    0.551685397254
9592    0.551684538524
9594    0.551684475129
9596    0.551684417945
9598    0.551683614097
9600    0.551679176107
9602    0.551679175869
9604    0.551661170413
9606    0.551660254965
9608    0.551660025464
9610    0.551641764993
9612    0.551641757061
9614    0.551641750814
9616    0.551641564223
9618    0.551623563479
9620    0.551622967893
9622    0.55161454596
9624    0.551614536014
9626    0.551613332826
9628    0.551611577301
9630    0.551588935536
9632    0.551588858199
9634    0.551588169809
9636    0.551587553009
9638    0.551566490098
9640    0.551566478012
9642    0.551563745938
9644    0.551563671802
9646    0.551563671795
9648    0.551563650783
9650    0.551554613888
9652    0.551551561793
9654    0.551550880753
9656    0.551527560758
9658    0.551504305631
9660    0.551503791429
9662    0.551491810509
9664    0.551467581088
9666    0.551460335074
9668    0.551460334751
9670    0.551436909396
9672    0.551423926989
9674    0.551421822992
9700    0.550594094354
9702    0.550570964599
9704    0.55054792471
9706    0.550540059999
9732    0.549259845175
9734    0.549239185778
9736    0.54922747866
9738    0.549227478591
9740    0.549215619848
9742    0.54921457955
9744    0.549214332009
9746    0.54921377785
9748    0.549207663794
9750    0.549201775313
9752    0.549201673016
9754    0.549201030674
9756    0.549195389887
9758    0.549190585175
9760    0.549190585175
9762    0.549170710134
9764    0.54917048198
9766    0.549168733408
9768    0.549165623642
9770    0.549165618829
9772    0.549165614869
9774    0.549163979578
9776    0.549161163095
9778    0.549161121879
9780    0.549149950462
9782    0.549149471377
9784    0.549129934892
9786    0.549129906543
9788    0.549129819918
9790    0.549129777126
9792    0.549129708284
9794    0.549129670508
9796    0.549129144848
9798    0.549129116164
9800    0.549129110097
9802    0.549128997493
9804    0.5491225923
9806    0.549122011889
9808    0.54912197437
9810    0.54912194131
9812    0.549115568102
9814    0.54911502846
9816    0.54911502846
9818    0.549093966877
9820    0.549093966859
9846    0.547424610269
9848    0.547422359725
9850    0.547422255386
9852    0.54740062114
9854    0.547400609295
9856    0.547400599738
9858    0.547400512562
9860    0.547378837058
9862    0.547377269388
9864    0.547375183782
9866    0.547375183721
9868    0.547374164315
9870    0.547373097361
9872    0.547373089305
9874    0.5473720537
9876    0.547371715192
9878    0.547371416108
9880    0.547371410566
9882    0.547370935836
9884    0.547370523073
9886    0.547365855199
9888    0.547365855121
9890    0.547344226998
9892    0.547343737096
9894    0.547343690255
9896    0.547343638053
9898    0.547342867827
9900    0.547342164471
9902    0.547342102734
9904    0.547342044024
9906    0.547341384495
9908    0.547337277372
9910    0.547337277137
9912    0.547319918105
9914    0.54731900802
9916    0.547318856953
9918    0.547301342596
9920    0.547301334155
9922    0.547301327509
9924    0.547301204555
9926    0.547283937641
9928    0.547283337681
9930    0.547275229292
9932    0.547275219321
9934    0.54727388173
9936    0.547271870138
9938    0.547249637204
9940    0.547249572215
9942    0.547249031385
9944    0.547248546797
9946    0.547227874708
9948    0.547227857738
9950    0.5472254058
9952    0.54722534309
9954    0.547225343085
9956    0.547225316337
9958    0.54721638506
9960    0.5472138829
9962    0.547212738626
9964    0.547189608063
9966    0.547166541973
9968    0.547166228175
9970    0.547155717836
9972    0.547131715068
9974    0.547124763547
9976    0.547124763226
9978    0.547101869011
9980    0.547089073824
9982    0.547086683187
10008    0.546254061976
10010    0.546231719579
10012    0.546209466422
10014    0.546202118482
10040    0.544922353657
10042    0.544902974714
10044    0.544891913841
10046    0.544891913765
10048    0.544881856108
10050    0.544881105497
10052    0.544880878386
10054    0.544880312914
10056    0.544874917735
10058    0.544869721611
10060    0.544869605897
10062    0.544868966719
10064    0.544863995118
10066    0.544859473807
10068    0.544859473807
10070    0.544840148866
10072    0.544839934608
10074    0.544838488951
10076    0.544835971816
10078    0.54483596493
10080    0.544835959266
10082    0.544834604047
10084    0.544832323209
10086    0.544832277217
10088    0.544821566168
10090    0.544821171889
10092    0.544802219248
10094    0.544802203902
10096    0.544802144345
10098    0.544802116865
10100    0.544802069949
10102    0.544802045457
10104    0.544801609388
10106    0.544801581639
10108    0.544801581354
10110    0.544801491671
10112    0.544795757669
10114    0.544795337878
10116    0.544795312557
10118    0.544795290245
10120    0.544789568852
10122    0.544789169134
10124    0.54478916819
10126    0.544770584857
10128    0.544770584843
10154    0.543216794513
10156    0.543214539459
10158    0.543214435383
10160    0.543193233388
10162    0.543193222134
10164    0.543193213054
10166    0.543193126086
10168    0.543171882542
10170    0.543170322263
10172    0.543168342557
10174    0.543168342503
10176    0.543167251149
10178    0.543166094122
10180    0.543166086659
10182    0.543165293271
10184    0.543165001298
10186    0.543164743329
10188    0.54316473733
10190    0.543164410931
10192    0.543164043659
10194    0.543159570819
10196    0.543159570748
10198    0.543138340498
10200    0.543137733471
10202    0.543137685095
10204    0.543137633804
10206    0.543136992581
10208    0.543136407027
10210    0.543136346164
10212    0.543136286323
10214    0.543135736395
10216    0.543131939573
10218    0.543131939341
10220    0.543115199715
10222    0.543114292481
10224    0.543114192931
10226    0.543097393712
10228    0.543097384976
10230    0.543097378097
10232    0.543097296965
10234    0.543080733478
10236    0.54308013066
10238    0.543072311461
10240    0.543072301465
10242    0.543070830726
10244    0.543068604551
10246    0.543046773893
10248    0.543046717211
10250    0.543046282358
10252    0.543045892724
10254    0.543025604104
10256    0.543025583066
10258    0.543023348545
10260    0.54302329306
10262    0.543023293055
10264    0.543023261988
10266    0.543014441842
10268    0.543012371854
10270    0.543010761201
10272    0.542987821713
10274    0.542964946295
10276    0.542964766962
10278    0.54295538015
10280    0.542931603146
10282    0.542924938269
10284    0.542924937952
10286    0.54290256181
10288    0.542890040157
10290    0.542887390834
10316    0.542057587501
10318    0.542036115712
10320    0.542014731987
10322    0.542007814246
10348    0.540738996885
10350    0.540720933234
10352    0.540710499893
10354    0.540710499812
10356    0.540702117469
10358    0.540701593278
10360    0.540701379721
10362    0.540700806127
10364    0.540696037657
10366    0.54069144512
10368    0.540691319316
10370    0.540690681261
10372    0.540686293008
10374    0.540682040506
10376    0.540682040506
10378    0.540663247347
10380    0.540663041996
10382    0.540661847442
10384    0.540659809566
10386    0.540659801113
10388    0.540659794161
10390    0.540658671418
10392    0.540656823902
10394    0.540656774591
10396    0.540646507001
10398    0.540646182343
10400    0.540627795182
10402    0.540627787259
10404    0.54062774627
10406    0.540627728428
10408    0.540627696483
10410    0.540627680396
10412    0.540627313546
10414    0.540627286705
10416    0.540627285493
10418    0.540627211834
10420    0.540622078707
10422    0.54062177111
10424    0.540621753643
10426    0.54062173825
10428    0.540616601313
10430    0.540616300562
10432    0.540616297534
10434    0.540600048734
10436    0.540600048724
10462    0.539157796
10464    0.5391555395
10466    0.539155436438
10468    0.539134657913
10470    0.539134647036
10472    0.53913463826
10474    0.539134552147
10476    0.539113731786
10478    0.539112177018
10480    0.539110283863
10482    0.539110283816
10484    0.539109130356
10486    0.539107901166
10488    0.539107894032
10490    0.539107282192
10492    0.539107024253
10494    0.539106796355
10496    0.539106790067
10498    0.539106568514
10500    0.539106235053
10502    0.539101950857
10504    0.539101950791
10506    0.539081110109
10508    0.539080396194
10510    0.539080346807
10512    0.539080296151
10514    0.539079753552
10516    0.539079258058
10518    0.539079197669
10520    0.53907913701
10522    0.53907867102
10524    0.539075165037
10526    0.539075164807
10528    0.539059018714
10530    0.53905811283
10532    0.53905804714
10534    0.539041933404
10536    0.539041924507
10538    0.539041917501
10540    0.539041863878
10542    0.539025974702
10544    0.539025369977
10546    0.539017817667
10548    0.539017807647
10550    0.539016205686
10552    0.539013803182
10554    0.538992368144
10556    0.538992317155
10558    0.538991959345
10560    0.53899163874
10562    0.538971726364
10564    0.538971702096
10566    0.538969638121
10568    0.538969587283
10570    0.538969587279
10572    0.53896955308
10574    0.538960848206
10576    0.538959119309
10578    0.538957069044
10580    0.538934321689
10582    0.538911637995
10584    0.538911545384
10586    0.538903024132
10588    0.538879471851
10590    0.538873085444
10592    0.53887308513
10594    0.538851214208
10596    0.538839050476
10598    0.538836169628
10624    0.538016908948
10626    0.537996381459
10628    0.537975940313
10630    0.537969383176
10656    0.536721783776
10658    0.536705054621
10660    0.53669522926
10662    0.536695229175
10664    0.536688382849
10666    0.536688032339
10668    0.536687827797
10670    0.536687247927
10672    0.536683026273
10674    0.536678960378
10676    0.536678827102
10678    0.536678189182
10680    0.536674309855
10682    0.536670312301
10684    0.536670312301
10686    0.53665203329
10688    0.536651833643
10690    0.536650847179
10692    0.536649196947
10694    0.536649187384
10696    0.536649179519
10698    0.536648249709
10700    0.536646752802
10702    0.536646701237
10704    0.536636860714
10706    0.536636593228
10708    0.536618753719
10710    0.536618749913
10712    0.536618721672
10714    0.536618709933
10716    0.536618688206
10718    0.536618677473
10720    0.536618364463
10722    0.536618338503
10724    0.536618332334
10726    0.536618270055
10728    0.536613674919
10730    0.536613446482
10732    0.536613434138
10734    0.536613423258
10736    0.536608810468
10738    0.536608580517
10740    0.536608575026
10742    0.536594502196
10744    0.536594502189
10770    0.535259177288
10772    0.535256921421
10774    0.535256820075
10776    0.535236456434
10778    0.535236445793
10780    0.535236437209
10782    0.535236352553
10784    0.535215946799
10786    0.535214396296
10788    0.535212574131
10790    0.535212574088
10792    0.535211367353
10794    0.53521008102
10796    0.535210074061
10798    0.535209598767
10800    0.535209366028
10802    0.535209160393
10804    0.535209153924
10806    0.535209005956
10808    0.535208697898
10810    0.535204596071
10812    0.535204596011
10814    0.535184136697
10816    0.535183327416
10818    0.535183277314
10820    0.535183227086
10822    0.535182760513
10824    0.535182334446
10826    0.535182274319
10828    0.535182213089
10830    0.535181811924
10832    0.535178578367
10834    0.53517857814
10836    0.535163000815
10838    0.535162095399
10840    0.535162051981
10842    0.535146595331
10844    0.535146586358
10846    0.535146579291
10848    0.53514654378
10850    0.53513130103
10852    0.535130694996
10854    0.535123389138
10856    0.535123379097
10858    0.53512164839
10860    0.535119103441
10862    0.535098057322
10864    0.535098010293
10866    0.535097709176
10868    0.535097439368
10870    0.535077896134
10872    0.535077869378
10874    0.535075940575
10876    0.535075892765
10878    0.53507589276
10880    0.535075856343
10882    0.535067269778
10884    0.535065811287
10886    0.535063362634
10888    0.535040807996
10890    0.535018316604
10892    0.535018276444
10894    0.535010427016
10896    0.534987098294
10898    0.534980981987
10900    0.534980981676
10902    0.534959603364
10904    0.534947877213
10906    0.53494479029
10932    0.534143538855
10934    0.534124017653
10936    0.53410458055
10938    0.534098327677
10964    0.532881650179
10966    0.532866258634
10968    0.532857020527
10970    0.532857020441
10972    0.532851559859
10974    0.532851339234
10976    0.532851140687
10978    0.532850555657
10980    0.532846811533
10982    0.53284320555
10984    0.532843066785
10986    0.532842428548
10988    0.532838993602
10990    0.532835237826
10992    0.532835237827
10994    0.532817455991
10996    0.532817259966
10998    0.532816445887
11000    0.532815109246
11002    0.532815098933
11004    0.532815090452
11006    0.532814320718
11008    0.532813107549
11010    0.532813054482
11012    0.532803625142
11014    0.532803404624
11016    0.53278609547
11018    0.532786093848
11020    0.532786074362
11022    0.532786066513
11024    0.532786051755
11026    0.532786044464
11028    0.532785773615
11030    0.532785748509
11032    0.53278573515
11034    0.532785681081
11036    0.532781567676
11038    0.532781395701
11040    0.532781386749
11042    0.53278137886
11044    0.532777236203
11046    0.532777057523
11048    0.532777049583
11050    0.532764984324
11052    0.532764984318
11078    0.531531548677
11080    0.531529294867
11082    0.531529195871
11084    0.531509238716
11086    0.53150922822
11088    0.531509219752
11090    0.531509137095
11092    0.53148913757
11094    0.531487590504
11096    0.531485826751
11098    0.531485826713
11100    0.53148457451
11102    0.531483243391
11104    0.531483236517
11106    0.531482864319
11108    0.531482650443
11110    0.531482461474
11112    0.531482454891
11114    0.531482358101
11116    0.531482069319
11118    0.531478143717
11120    0.531478143662
11122    0.531458057638
11124    0.531457164674
11126    0.531457114029
11128    0.531457064074
11130    0.53145665659
11132    0.53145628448
11134    0.531456224501
11136    0.531456162892
11138    0.531455812208
11140    0.531452833666
11142    0.531452833442
11144    0.531437801184
11146    0.53143689573
11148    0.531436866979
11150    0.531422040216
11152    0.531422031216
11154    0.53142202413
11156    0.531422000559
11158    0.531407377522
11160    0.53140677056
11162    0.531399692415
11164    0.531399682353
11166    0.531397825825
11168    0.531395167664
11170    0.531374503751
11172    0.531374459512
11174    0.531374200613
11176    0.531373968632
11178    0.531354787568
11180    0.531354758932
11182    0.531352938376
11184    0.531352892548
11186    0.531352892545
11188    0.531352854581
11190    0.531344388462
11192    0.531343145329
11194    0.53134034473
11196    0.531317983006
11198    0.53129568411
11200    0.531295672073
11202    0.531288347532
11204    0.531265241109
11206    0.531259386441
11208    0.531259386133
11210    0.531238488083
11212    0.531227271793
11214    0.5312240021
11240    0.530447709759
11242    0.530429243452
11244    0.530410858514
11246    0.530404863971
11272    0.529227939855
11274    0.529213873125
11276    0.529205200142
11278    0.529205200055
11280    0.529200966989
11282    0.529200840024
11284    0.529200645464
11286    0.529200056005
11288    0.529196729288
11290    0.529193525311
11292    0.529193382524
11294    0.529192743795
11296    0.529189697209
11298    0.529186170699
11300    0.529186170699
11302    0.529168869694
11304    0.529168675935
11306    0.529168004607
11308    0.529166921694
11310    0.529166910893
11312    0.529166902011
11314    0.529166265061
11316    0.529165281555
11318    0.529165227505
11320    0.529156193968
11322    0.529156012048
11324    0.529139216471
11326    0.529139215918
11328    0.529139202452
11330    0.529139197107
11332    0.5291391871
11334    0.52913918204
11336    0.529138944425
11338    0.529138920149
11340    0.52913889856
11342    0.529138850499
11344    0.529135168483
11346    0.529135037253
11348    0.529135030586
11350    0.529135024708
11352    0.529131303795
11354    0.52913116273
11356    0.529131152534
11358    0.529120921053
11360    0.529120921049
11386    0.527984044317
11388    0.527981793554
11390    0.527981697466
11392    0.527962138587
11394    0.527962128171
11396    0.527962119767
11398    0.527962039589
11400    0.527942438101
11402    0.527940893924
11404    0.52793917837
11406    0.527939178336
11408    0.527937887504
11410    0.527936521629
11412    0.527936514789
11414    0.527936220759
11416    0.527936021143
11418    0.527935844774
11420    0.527935838117
11422    0.527935776507
11424    0.527935502486
11426    0.527931747099
11428    0.527931747048
11430    0.527912026368
11432    0.527911060898
11434    0.527911009814
11436    0.527910960018
11438    0.52791059882
11440    0.527910268977
11442    0.527910209088
11444    0.52791014725
11446    0.527909836194
11448    0.527907096205
11450    0.527907095983
11452    0.527892586121
11454    0.527891680357
11456    0.527891661273
11458    0.527877438349
11460    0.527877429354
11462    0.52787742227
11464    0.527877406581
11466    0.527863377668
11468    0.527862770027
11470    0.527855902389
11472    0.527855892308
11474    0.527853913237
11476    0.527851166626
11478    0.527830878225
11480    0.527830835977
11482    0.527830608877
11484    0.527830405389
11486    0.527811579654
11488    0.527811549618
11490    0.527809816646
11492    0.527809772121
11494    0.527809772118
11496    0.52780973309
11498    0.52780138883
11500    0.527800318011
11502    0.527797211824
11504    0.527775042895
11506    0.527752936372
11508    0.52775293544
11510    0.527746023318
11512    0.527723137851
11514    0.527717536351
11516    0.527717536045
11518    0.527697106181
11520    0.527686462322
11522    0.527683030879
11548    0.526937904539
11550    0.526920527259
11552    0.52690322819
11554    0.526897454254
11580    0.52576799053
11582    0.525755220712
11584    0.525747089216
11586    0.525747089129
11588    0.525743920693
11590    0.525743857576
11592    0.525743665677
11594    0.525743072302
11596    0.525740110789
11598    0.525737258541
11600    0.525737112793
11602    0.525736473536
11604    0.525733766668
11606    0.52573045753
11608    0.52573045753
11610    0.525713621615
11612    0.525713429232
11614    0.525712876062
11616    0.525711998478
11618    0.525711987373
11620    0.525711978241
11622    0.525711451406
11624    0.525710653831
11626    0.525710599154
11628    0.525701946532
11630    0.525701796348
11632    0.525685498081
11634    0.525685497973
11636    0.525685488649
11638    0.525685484931
11640    0.525685478158
11642    0.525685474563
11644    0.52568526331
11646    0.525685239838
11648    0.525685209751
11650    0.525685166147
11652    0.525681870455
11654    0.525681768996
11656    0.525681763894
11658    0.525681759396
11660    0.525678416866
11662    0.525678303772
11664    0.525678291584
11666    0.525669718535
11668    0.525669718531
11694    0.524623898927
11696    0.52462165191
11698    0.52462155921
11700    0.524602390573
11702    0.524602380194
11704    0.52460237182
11706    0.524602294531
11708    0.524583083068
11710    0.524581541422
11712    0.524579865741
11714    0.52457986571
11716    0.524578542188
11718    0.52457714962
11720    0.524577142783
11722    0.524576908292
11724    0.524576719552
11726    0.524576552792
11728    0.524576546088
11730    0.524576508284
11732    0.524576245662
11734    0.524572654633
11736    0.524572654587
11738    0.524553291443
11740    0.524552263783
11742    0.524552212326
11744    0.524552162603
11746    0.524551837938
11748    0.524551541457
11750    0.524551481621
11752    0.524551419671
11754    0.524551139965
11756    0.524548622971
11758    0.524548622751
11760    0.524534613598
11762    0.524533707392
11764    0.524533694691
11766    0.524520050649
11768    0.524520041677
11770    0.524520034611
11772    0.524520024132
11774    0.524506564831
11776    0.524505956676
11778    0.524499283743
11780    0.524499273645
11782    0.524497175588
11784    0.52449436123
11786    0.524474441691
11788    0.524474400875
11790    0.524474197991
11792    0.524474016199
11794    0.524455539082
11796    0.524455508016
11798    0.524453846663
11800    0.524453802992
11802    0.524453802989
11804    0.524453763237
11806    0.524445541665
11808    0.524444609363
11810    0.524441241004
11812    0.524419264496
11814    0.524397349973
11816    0.524397348477
11818    0.524390761962
11820    0.524368096046
11822    0.52436273929
11824    0.524362738987
11826    0.524342765514
11828    0.52433274512
11830    0.524329170712
11856    0.523620495369
11858    0.523604226316
11860    0.523588031947
11862    0.523582447413
11888    0.522506842946
11890    0.522495328374
11892    0.522487713233
11894    0.522487713149
11896    0.522485445214
11898    0.52248542155
11900    0.522485231457
11902    0.522484634559
11904    0.522481992895
11906    0.522479448696
11908    0.522479300743
11910    0.522478660989
11912    0.522476251575
11914    0.5224731485
11916    0.5224731485
11918    0.522456762511
11920    0.522456570926
11922    0.522456115511
11924    0.522455404118
11926    0.522455392836
11928    0.522455383558
11930    0.52245494801
11932    0.522454300994
11934    0.522454245928
11936    0.522445959819
11938    0.522445835738
11940    0.522430019012
11942    0.522430019012
11944    0.522430012542
11946    0.522430009891
11948    0.522430005319
11950    0.522430002696
11952    0.522429812482
11954    0.52242978979
11956    0.522429751413
11958    0.522429711159
11960    0.522426761447
11962    0.52242668202
11964    0.522426678012
11966    0.522426674478
11968    0.522423671467
11970    0.522423579469
11972    0.522423565559
11974    0.522416477271
11976    0.522416477268
12002    0.521456144945
12004    0.521453902177
12006    0.521453813263
12008    0.521435027006
12010    0.521435016634
12012    0.521435008265
12014    0.521434934202
12016    0.521416104929
12018    0.521414565585
12020    0.521412922965
12022    0.521412922938
12024    0.521411571855
12026    0.52141015903
12028    0.52141015218
12030    0.521409963262
12032    0.521409782886
12034    0.521409623515
12036    0.521409616776
12038    0.521409594742
12040    0.521409340996
12042    0.521405908609
12044    0.521405908567
12046    0.521386895295
12048    0.521385814737
12050    0.521385762952
12052    0.521385713238
12054    0.521385417615
12056    0.521385147654
12058    0.52138508785
12060    0.521385025876
12062    0.521384771155
12064    0.521382462456
12066    0.521382462238
12068    0.521368933052
12070    0.521368026356
12072    0.521368017875
12074    0.521354928812
12076    0.521354919871
12078    0.52135491283
12080    0.521354905805
12082    0.521341992632
12084    0.521341384077
12086    0.52133489132
12088    0.521334881204
12090    0.521332667929
12092    0.521329802961
12094    0.521310245693
12096    0.521310205919
12098    0.521310021667
12100    0.521309856568
12102    0.521291721486
12104    0.521291689668
12106    0.521290087519
12108    0.521290044404
12110    0.521290044401
12112    0.521290004162
12114    0.521281905634
12116    0.521281085191
12118    0.521277493787
12120    0.521255709118
12122    0.521233986007
12124    0.521233976165
12126    0.521227647747
12128    0.521205199922
12130    0.521200079582
12132    0.521200079281
12134    0.521180550688
12136    0.521171192043
12138    0.521167491361
12164    0.520499508089
12166    0.5204843517
12168    0.520469266181
12170    0.520463845041
12196    0.51944708258
12198    0.519436769608
12200    0.519429644338
12202    0.519429644257
12204    0.519428114797
12206    0.519428110755
12208    0.519427921934
12210    0.519427321835
12212    0.519424960589
12214    0.51942268646
12216    0.519422536831
12218    0.519421896646
12220    0.519419747939
12222    0.519416840172
12224    0.519416840172
12226    0.519400889501
12228    0.519400698338
12230    0.519400323757
12232    0.519399746902
12234    0.519399735525
12236    0.519399726168
12238    0.519399366275
12240    0.5193988412
12242    0.519398785905
12244    0.519390852383
12246    0.519390749784
12248    0.51937539932
12250    0.519375399257
12252    0.519375394755
12254    0.519375392815
12256    0.519375389739
12258    0.519375387771
12260    0.519375214443
12262    0.519375192506
12264    0.519375146333
12266    0.519375108627
12268    0.51937246877
12270    0.519372405868
12272    0.519372402639
12274    0.51937239979
12276    0.519369701461
12278    0.519369625601
12280    0.519369610221
12282    0.519363837329
12284    0.519363837327
12310    0.518483441127
12312    0.51848120298
12314    0.518481118164
12316    0.518462706596
12318    0.518462696209
12320    0.518462687828
12322    0.518462617259
12324    0.518444162506
12326    0.518442625323
12328    0.518441010178
12330    0.518441010155
12332    0.518439635918
12334    0.518438207946
12336    0.518438201074
12338    0.518438047224
12340    0.518437873327
12342    0.518437719681
12344    0.518437712916
12346    0.518437701013
12348    0.518437454235
12350    0.518434174925
12352    0.518434174886
12354    0.51841550397
12356    0.518414378736
12358    0.518414326656
12360    0.518414276905
12362    0.518414004525
12364    0.518413755789
12366    0.518413696005
12368    0.518413634076
12370    0.518413399408
12372    0.518411285119
12374    0.518411284905
12376    0.51839821585
12378    0.51839730867
12380    0.518397302986
12382    0.518384746001
12384    0.518384737098
12386    0.518384730087
12388    0.518384725355
12390    0.518372335811
12392    0.518371726941
12394    0.518365400989
12396    0.518365390859
12398    0.518363066286
12400    0.518360164787
12402    0.518340963277
12404    0.51834092427
12406    0.518340754489
12408    0.518340602358
12410    0.518322802858
12412    0.518322770498
12414    0.518321217851
12416    0.518321175096
12418    0.518321175094
12420    0.51832113453
12422    0.518313159024
12424    0.518312429317
12426    0.518308649241
12428    0.518287055659
12430    0.518265523211
12432    0.518265500048
12434    0.518259376874
12436    0.518237145639
12438    0.518232253515
12440    0.518232253216
12442    0.518213158271
12444    0.518204486365
12446    0.518200674205
12448    0.518176332093
12450    0.518161645423
12452    0.518147027966
12454    0.51814171614
12480    0.517163654582
12482    0.517153977928
12484    0.517147211989
12486    0.517147211928
12488    0.517146062022
12490    0.517146061624
12492    0.517145876199
12494    0.517145273175
12496    0.517143157749
12498    0.51714112037
12500    0.517140967591
12502    0.517140327048
12504    0.517138406814
12506    0.517135684112
12508    0.517135684112
12510    0.517120154642
12512    0.51711996366
12514    0.517119655879
12516    0.51711918796
12518    0.517119176544
12520    0.517119167155
12522    0.517118869937
12524    0.51711844365
12526    0.517118388231
12528    0.517110793816
12530    0.517110708903
12532    0.517095809862
12534    0.517095809657
12536    0.517095806515
12538    0.517095805053
12540    0.517095802992
12542    0.517095801471
12544    0.517095641764
12546    0.51709562056
12548    0.517095567233
12550    0.517095531489
12552    0.517093169131
12554    0.51709311879
12556    0.517093116126
12558    0.517093113776
12560    0.517090688888
12562    0.517090625556
12564    0.517090608924
12566    0.517085988442
12568    0.51708598844
12594    0.516280065107
12596    0.516277831857
12598    0.516277751375
12600    0.516259706924
12602    0.516259696506
12604    0.516259688101
12606    0.516259621225
12608    0.516241533444
12610    0.516239998344
12612    0.516238406076
12614    0.516238406055
12616    0.516237012436
12618    0.516235573353
12620    0.516235566453
12622    0.516235439739
12624    0.516235270899
12626    0.51623512172
12628    0.516235114933
12630    0.516235109239
12632    0.51623486798
12634    0.516231736324
12636    0.516231736288
12638    0.516213400313
12640    0.516212237586
12642    0.516212185235
12644    0.516212135412
12646    0.516211881747
12648    0.5162116501
12650    0.516211590328
12652    0.516211528496
12654    0.516211310028
12656    0.516209377032
12658    0.516209376821
12660    0.516196748898
12662    0.516195841266
12664    0.516195837439
12666    0.516183790562
12668    0.516183781699
12670    0.516183774721
12672    0.516183771515
12674    0.516171884016
12676    0.516171274898
12678    0.516165103424
12680    0.51616509328
12682    0.516162661424
12684    0.516159734891
12686    0.51614088266
12688    0.516140844223
12690    0.516140685788
12692    0.516140543822
12694    0.516123073534
12696    0.516123040787
12698    0.516121530019
12700    0.516121487492
12702    0.51612148749
12704    0.516121446714
12706    0.516113593884
12708    0.516112938086
12710    0.516108999004
12712    0.516087595571
12714    0.516066252845
12716    0.516066213391
12718    0.516060253829
12720    0.516038237596
12722    0.516033565678
12724    0.516033565382
12726    0.516014892154
12728    0.51600662933
12730    0.516002721717
12732    0.515979439856
12734    0.51596523124
12736    0.515951090084
12738    0.515945870531
12764    0.515007295736
12766    0.514998235767
12768    0.514991810093
12770    0.514991810046
12772    0.51499097933
12774    0.514990969857
12776    0.51499078685
12778    0.514990181147
12780    0.514988281694
12782    0.514986452321
12784    0.514986297226
12786    0.514985656405
12788    0.514983936834
12790    0.51498138946
12792    0.51498138946
12794    0.514966267625
12796    0.514966076677
12798    0.514965824063
12800    0.51496544437
12802    0.514965432949
12804    0.514965423555
12806    0.514965178241
12808    0.514964832005
12810    0.514964776531
12812    0.514957508218
12814    0.514957437876
12816    0.514942975927
12818    0.514942975558
12820    0.514942973356
12822    0.514942972223
12824    0.514942970847
12826    0.514942969637
12828    0.51494282097
12830    0.514942800475
12832    0.514942740701
12834    0.514942706485
12836    0.514940592654
12838    0.514940551987
12840    0.514940549744
12842    0.514940547765
12844    0.514938368314
12846    0.514938314844
12848    0.514938297147
12850    0.514934674071
12852    0.51493467407
12878    0.514197909201
12880    0.514195681064
12882    0.514195605075
12884    0.514177920378
12886    0.514177909919
12888    0.514177901481
12890    0.514177838432
12892    0.514160110283
12894    0.514158577237
12896    0.514157004064
12898    0.514157004045
12900    0.514155594268
12902    0.514154147261
12904    0.514154140331
12906    0.514154034734
12908    0.514153869869
12910    0.514153724202
12912    0.514153717394
12914    0.514153715216
12916    0.514153478365
12918    0.514150489097
12920    0.514150489064
12922    0.514132480821
12924    0.514131286822
12926    0.51413123422
12928    0.514131184301
12930    0.514130945793
12932    0.514130727989
12934    0.514130668221
12936    0.514130606526
12938    0.514130401228
12940    0.514128637151
12942    0.514128636942
12944    0.514116432022
12946    0.51411552399
12948    0.514115521399
12950    0.514103963618
12952    0.514103954796
12954    0.51410394785
12956    0.514103945665
12958    0.514092539565
12960    0.514091930252
12962    0.514085901912
12964    0.514085891756
12966    0.514083356701
12968    0.514080414485
12970    0.514061905205
12972    0.514061867197
12974    0.514061717733
12976    0.514061583805
12978    0.514044436537
12980    0.514044403517
12982    0.514042928622
12984    0.514042886236
12986    0.514042886234
12988    0.514042845321
12990    0.514035114597
12992    0.514034519243
12994    0.514030446449
12996    0.514009232173
12998    0.513988078179
13000    0.513988020879
13002    0.513982192005
13004    0.513960389223
13006    0.513955929473
13008    0.513955929178
13010    0.513937666764
13012    0.513929814287
13014    0.513925822686
13016    0.513903621324
13018    0.513889896338
13020    0.51387623698
13022    0.513871095536
13048    0.512972503715
13050    0.512964039378
13052    0.512957935411
13054    0.512957935375
13056    0.51295736657
13058    0.512957338004
13060    0.512957156753
13062    0.512956548596
13064    0.512954839114
13066    0.512953192702
13068    0.512953035907
13070    0.512952394889
13072    0.512950851757
13074    0.512948470436
13076    0.512948470436
13078    0.512933743159
13080    0.512933552152
13082    0.51293334507
13084    0.512933036846
13086    0.512933025441
13088    0.512933016061
13090    0.512932813714
13092    0.512932532364
13094    0.512932476878
13096    0.51292552211
13098    0.51292546378
13100    0.512911425044
13102    0.51291142451
13104    0.512911422961
13106    0.512911422055
13108    0.512911421144
13110    0.512911420151
13112    0.512911280469
13114    0.512911260661
13116    0.512911195153
13118    0.512911162146
13120    0.512909270889
13122    0.512909237775
13124    0.512909235849
13126    0.51290923415
13128    0.51290727502
13130    0.512907229427
13132    0.512907210819
13134    0.512904439235
13136    0.512904439234
13162    0.512231708279
13164    0.512229485428
13166    0.512229414026
13168    0.512212081871
13170    0.512212071364
13172    0.512212062887
13174    0.512212003742
13176    0.512194628039
13178    0.512193097049
13180    0.512191539848
13182    0.51219153983
13184    0.512190116642
13186    0.512188664216
13188    0.512188657256
13190    0.512188568194
13192    0.512188406477
13194    0.512188263592
13196    0.512188256766
13198    0.512188256279
13200    0.512188022988
13202    0.512185170988
13204    0.512185170958
13206    0.512167483388
13208    0.512166263458
13210    0.512166210618
13212    0.512166160587
13214    0.512165934422
13216    0.512165727889
13218    0.512165668122
13220    0.512165606592
13222    0.512165412065
13224    0.512163805228
13226    0.512163805022
13228    0.512152005771
13230    0.512151097398
13232    0.512151095633
13234    0.512140006813
13236    0.512139998033
13238    0.512139991119
13240    0.512139989618
13242    0.512129045133
13244    0.512128435675
13246    0.512122540006
13248    0.512122529839
13250    0.512119895695
13252    0.512116945371
13254    0.512098772811
13256    0.512098735132
13258    0.512098592823
13260    0.512098465304
13262    0.512081634986
13264    0.512081601778
13266    0.512080158004
13268    0.512080115703
13270    0.512080115701
13272    0.512080074705
13274    0.512072465323
13276    0.512071919575
13278    0.512067734433
13280    0.512046708236
13282    0.512025741895
13284    0.512025666177
13286    0.512019941836
13288    0.51199835093
13290    0.511994095503
13292    0.511994095211
13294    0.511976232993
13296    0.511968789596
13298    0.511964723949
13300    0.511943614811
13302    0.5119303764
13304    0.511917201713
13306    0.511912126576
13332    0.511053740398
13334    0.511045849467
13336    0.51104004919
13338    0.511040049161
13340    0.511039688245
13342    0.511039632827
13344    0.511039452884
13346    0.511038842477
13348    0.511037300297
13350    0.511035815014
13352    0.511035656971
13354    0.51103501583
13356    0.511033628018
13358    0.511031403919
13360    0.511031403919
13362    0.511017058588
13364    0.511016867471
13366    0.511016697938
13368    0.511016447623
13370    0.511016436247
13372    0.51101642689
13374    0.511016260094
13376    0.511016031354
13378    0.511015975884
13380    0.511009322533
13382    0.511009274111
13384    0.51099564515
