14    5.25024166983
40    5.14608801472
42    5.14608115042
68    5.13126183017
70    5.13125929865
94    5.00773410548
96    5.00773410544
99    5.0076822745
125    4.88375368123
137    4.75995369901
163    4.65547636865
165    4.65546391211
167    4.65545453242
169    4.65545033532
195    4.64096643616
197    4.64096085019
223    4.52038580785
225    4.52038580785
244    4.51831786508
270    4.47229377027
287    4.34889847113
313    4.22672507996
339    4.19849664524
365    4.18173701295
367    4.18173374621
380    4.18081529284
406    4.17119105186
432    4.05080780765
434    4.05080780765
454    4.04856118828
480    4.02268637025
506    3.95262019902
508    3.95259853204
534    3.93059490317
560    3.91386957088
586    3.88514754343
588    3.88513601008
614    3.87275324737
638    3.74857521701
640    3.74857521701
642    3.74856247989
654    3.62392076511
678    3.50032951355
704    3.42663063008
706    3.42662867473
708    3.42662784301
710    3.42661329074
736    3.39823203574
738    3.39823199857
764    3.36530590152
766    3.36530590152
792    3.34036697071
818    3.25122198466
844    3.12772665979
870    3.00444790018
896    2.98131500368
922    2.97560525662
924    2.97559287991
926    2.97557455789
952    2.97418551582
978    2.85057291015
980    2.85057291015
982    2.85055790466
1008    2.7353138641
1034    2.64353758932
1060    2.55098657349
1086    2.54360328878
1096    2.54328784284
1122    2.52194623918
1148    2.50073969803
1151    2.50069328261
1177    2.44540271039
1179    2.44540271039
1205    2.41514761809
1231    2.3202324837
1257    2.29587075885
1283    2.2420506674
1309    2.22144683649
1335    2.21691585599
1361    2.19762462641
1387    2.16837112315
1410    2.1673642686
1436    2.04548710853
1438    2.04548710853
1456    2.04362692641
1472    1.91915301186
1498    1.79682475462
1524    1.67342451715
1526    1.67341975508
1528    1.67341705207
1537    1.67303866238
1543    1.67287114084
1545    1.67286970189
1571    1.63014635038
1573    1.63014635038
1599    1.60167851478
1625    1.54392969587
1651    1.46576980169
1677    1.41048483943
1703    1.3794275647
1729    1.36497531495
1755    1.33865030702
1781    1.30872137717
1807    1.30248323464
1825    1.17761228048
1827    1.17761228048
1829    1.17760262199
1855    1.05566207193
1868    0.931955768526
1894    0.844714046218
1910    0.843305231805
1912    0.843286405552
1914    0.843278909799
1940    0.819412662594
1942    0.819394153792
1968    0.695290414378
1970    0.695290369336
1977    0.695035599132
1979    0.695032273847
2005    0.692918813829
2007    0.692918306428
2010    0.692869127313
2012    0.6928690249
2014    0.692865960396
2016    0.692865904772
2018    0.692854412012
2020    0.692849267171
2022    0.692847555966
2047    0.691282307917
2049    0.691279079648
2051    0.691276637669
2053    0.691275927032
2055    0.691254634808
2057    0.691253149414
2059    0.691238996701
2061    0.69123899665
2063    0.691226527518
2089    0.686556304039
2091    0.686552645729
2094    0.686503252222
2120    0.683344937331
2146    0.681578206175
2148    0.681578047582
2150    0.681562358089
2176    0.680569883533
2178    0.680564185437
2180    0.680564185335
2182    0.68055614136
2208    0.672186696782
2234    0.661581188125
2236    0.661565514184
2262    0.655572320686
2288    0.651402919553
2314    0.647907176763
2316    0.64789695315
2342    0.644951425865
2344    0.644945486554
2346    0.644945486554
2348    0.644941313173
2350    0.644940001866
2352    0.644929717077
2378    0.63508237441
2380    0.635082341705
2382    0.635082327675
2384    0.635074938805
2410    0.631680769521
2412    0.631680487895
2438    0.616560939446
2440    0.616560939225
2466    0.604586507668
2468    0.604573570949
2470    0.604566538883
2472    0.604555870865
2474    0.604533061202
2476    0.604511448901
2478    0.604508465985
2480    0.604503065953
2482    0.6044825582
2484    0.604474132372
2486    0.604474132321
2488    0.604470716918
2490    0.604467088752
2516    0.599605944745
2542    0.595358615918
2544    0.59534406331
2546    0.595330942588
2568    0.594406662392
2586    0.593734661897
2588    0.593716531015
2614    0.580131881105
2616    0.580131880812
2642    0.572485233438
2644    0.572475708141
2670    0.556814336066
2696    0.541240879526
2698    0.541220814986
2700    0.541201854327
2726    0.529560068024
2752    0.522028167767
2756    0.521955484527
2758    0.521939376385
2760    0.521939376212
2762    0.521931533948
2764    0.521929603815
2766    0.521913665795
2768    0.521906451938
2770    0.521906114407
2772    0.521905922252
2774    0.521893057691
2776    0.521887401518
2778    0.521887302982
2804    0.506322709658
2806    0.506322709467
2832    0.495910353305
2858    0.493127344751
2884    0.484863108459
2910    0.470346966845
2936    0.469311849676
2940    0.469239178328
2966    0.466708154976
2992    0.459689391494
2994    0.459669270361
2996    0.459662425552
2998    0.459662425532
3000    0.459661396889
3002    0.459657088163
3004    0.459653271962
3030    0.453777956173
3032    0.453765962907
3034    0.453755828416
3036    0.453754199838
3062    0.452314020219
3064    0.452301890181
3066    0.452279906172
3068    0.452279835446
3070    0.45226788823
3072    0.45226689944
3074    0.452244953597
3076    0.452244932554
3078    0.452224553336
3080    0.452224545362
3082    0.452223598644
3084    0.452223548949
3086    0.452216061759
3088    0.452214296195
3090    0.452213999219
3092    0.452194388661
3094    0.452193340899
3096    0.452192548108
3098    0.452192426782
3100    0.452174273836
3102    0.452173872128
3104    0.452163338666
3106    0.452163338632
3108    0.45215404363
3110    0.452138542311
3112    0.452136534847
3114    0.452119619891
3121    0.451966382931
3123    0.451942798676
3125    0.45194228542
3127    0.451931384959
3129    0.451908062263
3131    0.45190480586
3133    0.451904805721
3135    0.451900573648
3161    0.450207525912
3187    0.448868856251
3189    0.448852411377
3215    0.447559361381
3241    0.446678403584
3243    0.446657661956
3245    0.44664822335
3265    0.446128332894
3267    0.446125302728
3269    0.446125302728
3271    0.446123193807
3273    0.446122263879
3275    0.446116975193
3299    0.44521008415
3301    0.445209986804
3303    0.445209945016
3305    0.445206152608
3307    0.44518322956
3309    0.445182918494
3335    0.438978153335
3337    0.438978152983
3363    0.433667238301
3365    0.433657316031
3367    0.433655494774
3369    0.433648955509
3371    0.433630077739
3373    0.433612190039
3375    0.433611822507
3377    0.433608933906
3379    0.433591940268
3381    0.433587338408
3383    0.433587338335
3385    0.433586226773
3387    0.433584616738
3390    0.43353749438
3392    0.433519331852
3394    0.433509462985
3396    0.433500565016
3398    0.433481174518
3400    0.43346605518
3402    0.433452364706
3428    0.430254193722
3430    0.430254192314
3456    0.428155699851
3458    0.428148723418
3484    0.418885515549
3510    0.414971312977
3512    0.414955021154
3514    0.414939612696
3540    0.40829321084
3566    0.406474398337
3568    0.406452414084
3570    0.40644099616
3572    0.406440995933
3574    0.406436904957
3576    0.406436370966
3578    0.406425953731
3580    0.406424492242
3582    0.406424485386
3584    0.406424481481
3586    0.406416068925
3588    0.406414923147
3590    0.40641492223
3616    0.401006082566
3618    0.401006082013
3644    0.397103906218
3646    0.397085019471
3667    0.396333584988
3693    0.393037372158
3695    0.393020723448
3697    0.393004606866
3699    0.392983079789
3725    0.391404193017
3727    0.391388927443
3729    0.391385705035
3731    0.391385705011
3733    0.39138567235
3735    0.39138462942
3737    0.391383728518
3741    0.391310341853
3743    0.391303941383
3745    0.391298532913
3747    0.391298195496
3749    0.391277120047
3751    0.391269629012
3753    0.391254972311
3755    0.391254904021
3757    0.391247738739
3759    0.391247245634
3761    0.391228337017
3763    0.391228332429
3765    0.391210771871
3767    0.391210712402
3769    0.391210541034
3771    0.391210496811
3773    0.391205361218
3775    0.391204681338
3777    0.391204629826
3779    0.391187897946
3781    0.39118755941
3783    0.391187303237
3785    0.391187282903
3787    0.39117178778
3789    0.391171698409
3791    0.391163974853
3793    0.391163974829
3795    0.391157144046
3797    0.391145311077
3799    0.391143778977
3801    0.391131547564
3803    0.391109367514
3805    0.391087681967
3807    0.391086945745
3809    0.391079483629
3811    0.391058028583
3813    0.391055830871
3815    0.391055830759
3817    0.391052923663
3819    0.391037352197
3823    0.390962016429
3825    0.390943981088
3827    0.390923927201
3829    0.390904169252
3831    0.390887175405
3833    0.390877541783
3835    0.390855006649
3837    0.39085347929
3839    0.39085347929
3841    0.390852433431
3843    0.390851445757
3845    0.390848739001
3847    0.390831290855
3849    0.390831214637
3851    0.390831181909
3853    0.390829244916
3855    0.390812514293
3857    0.390812221037
3883    0.388460209793
3885    0.388460209442
3911    0.386111526961
3913    0.386103994805
3915    0.386103614037
3917    0.386099564437
3919    0.386083936032
3921    0.386069127006
3923    0.386069126348
3925    0.386067640167
3927    0.386053558436
3929    0.386050654163
3931    0.386050654092
3933    0.386050209141
3935    0.386049685185
3937    0.38602922405
3939    0.386015544294
3941    0.386008648585
3943    0.386002431114
3945    0.385985226073
3947    0.385974076032
3949    0.385963581135
3969    0.385365075661
3971    0.385365072783
3991    0.384778061659
3993    0.384771595744
4019    0.379609907504
4045    0.378642284101
4047    0.378627636825
4049    0.37861377793
4075    0.374995470898
4077    0.374972691107
4079    0.374953010424
4081    0.374944412499
4083    0.374944412255
4085    0.374942015108
4087    0.374941748783
4089    0.374934961025
4091    0.374934832519
4093    0.374934826176
4095    0.374934822563
4097    0.37492933953
4099    0.374929238406
4101    0.374929234529
4127    0.373234375311
4129    0.373234374551
4155    0.371740423754
4157    0.371726923617
4159    0.371703686423
4178    0.371142211104
4180    0.37112862864
4182    0.37111548059
4184    0.371094644546
4186    0.37107082404
4188    0.371057712439
4190    0.371055844201
4192    0.371055844178
4194    0.371055805532
4196    0.371055701072
4198    0.371055480992
4200    0.3710346363
4202    0.371031056822
4204    0.371028032076
4206    0.371027969935
4208    0.371009075259
4210    0.37100422611
4212    0.370994344981
4214    0.370994280395
4216    0.370990046392
4218    0.370989694822
4220    0.370973398585
4222    0.370973376765
4224    0.370958241658
4226    0.370958150124
4228    0.37095815
4230    0.370958110717
4232    0.370954396524
4234    0.370954108801
4236    0.370954099795
4238    0.370939815692
4240    0.370939707444
4242    0.370939625531
4244    0.370939622259
4246    0.370926389596
4248    0.370926378156
4250    0.370920717583
4252    0.370920717566
4254    0.37091569892
4256    0.370905192018
4258    0.370903894668
4260    0.370895047101
4262    0.370874641612
4264    0.37085469113
4266    0.370853802681
4268    0.370848737638
4270    0.370828991943
4272    0.370827462182
4274    0.370827462104
4276    0.370825287722
4278    0.370810876379
4280    0.370788535845
4282    0.370770389615
4284    0.370751507457
4286    0.370732903965
4288    0.370717417574
4290    0.370707746954
4292    0.370686406704
4294    0.370685634164
4296    0.370685634164
4298    0.370685118793
4300    0.370684118798
4302    0.370682736022
4304    0.370669259225
4306    0.370669186429
4308    0.370669155167
4310    0.370668165512
4312    0.370655245596
4314    0.370654955853
4340    0.369834282828
4342    0.369834282527
4368    0.368766075261
4370    0.368760434418
4372    0.368760372319
4374    0.368757818979
4376    0.368744885319
4378    0.368732629652
4380    0.368732510626
4382    0.368731783022
4384    0.368720120579
4386    0.368718221681
4388    0.368718221613
4390    0.368718076359
4392    0.368718002181
4394    0.368699697674
4396    0.368688274355
4398    0.368683435415
4400    0.368679072369
4402    0.368663805976
4404    0.368654639926
4406    0.368646465345
4408    0.368631926784
4410    0.368631922636
4412    0.368607726914
4414    0.368601923135
4440    0.365846446399
4443    0.365797689194
4445    0.365785073384
4447    0.365773134081
4473    0.363875550031
4475    0.363854372742
4477    0.363837265994
4479    0.363830570177
4481    0.363830569942
4483    0.363829077306
4485    0.363828880053
4487    0.363824467349
4489    0.363824462309
4491    0.363824444322
4493    0.363824434077
4495    0.363820868804
4497    0.363820864977
4499    0.363820856259
4501    0.36379679593
4503    0.36379679512
4529    0.362929965135
4531    0.362918626915
4533    0.362897175194
4535    0.362874478629
4537    0.362862554256
4539    0.362851011275
4541    0.362831876398
4543    0.362809461619
4545    0.362797925251
4547    0.362796673
4549    0.362796672979
4551    0.362796517369
4553    0.362796487029
4555    0.362796428213
4557    0.362777670594
4559    0.36277560681
4561    0.362773862851
4563    0.362773854307
4565    0.362756911871
4567    0.362753598403
4569    0.362746861291
4571    0.362746800252
4573    0.362744359911
4575    0.362744054727
4577    0.362730008677
4579    0.362729977104
4581    0.362716931544
4583    0.362716825879
4585    0.362716747817
4587    0.362716712952
4589    0.362713882063
4591    0.362713743837
4593    0.362713742217
4595    0.362701543807
4597    0.362701509841
4599    0.362701484139
4601    0.362701483659
4603    0.362690180104
4605    0.362690180093
4607    0.362686032072
4609    0.36268603206
4611    0.362682344363
4613    0.362673028833
4615    0.362671854935
4617    0.362665422126
4619    0.362646641942
4621    0.3626282806
4623    0.362627293818
4625    0.362623883666
4627    0.362605705399
4629    0.36260464406
4631    0.362604644007
4633    0.362602997876
4635    0.362589592517
4637    0.362568909749
4639    0.362550650991
4641    0.362532869709
4643    0.36251535087
4645    0.362501243447
4647    0.362491533614
4649    0.362471318815
4651    0.362470926065
4653    0.362470926065
4655    0.362470674658
4657    0.36246967845
4659    0.362468971861
4661    0.362458016724
4663    0.36245794426
4665    0.362457913138
4667    0.362457407389
4669    0.362446906539
4671    0.362446617593
4673    0.36243442494
4675    0.362434424714
4693    0.361966241121
4695    0.361962106177
4697    0.361962050783
4699    0.36196040518
4701    0.361949732584
4703    0.361939619436
4705    0.361939488744
4707    0.3619391591
4709    0.361929529184
4711    0.361928239146
4713    0.36192823908
4715    0.361928210729
4717    0.361928200551
4719    0.361911822706
4721    0.361901522915
4723    0.361898109508
4725    0.361895031788
4727    0.361881486764
4729    0.361873306723
4731    0.361866829862
4733    0.361850981555
4735    0.361850976492
4737    0.361827287927
4739    0.361822446963
4765    0.360378632855
4767    0.360355579926
4769    0.360344825638
4771    0.3603346468
4797    0.359354244606
4799    0.35933403103
4801    0.359319316179
4803    0.359314046584
4805    0.359314046358
4807    0.359313151323
4809    0.359312976954
4811    0.359310108569
4813    0.359310097624
4815    0.359310073764
4817    0.359310060173
4819    0.359307742147
4821    0.359307733749
4823    0.359307722705
4825    0.359296514697
4827    0.359296513856
4830    0.35924762908
4832    0.359237769619
4834    0.359218145276
4836    0.359196804118
4838    0.359186378704
4840    0.359176286781
4842    0.359158843464
4844    0.359137747479
4846    0.359127638657
4848    0.359126706642
4850    0.359126706623
4852    0.359126438898
4854    0.359126159132
4856    0.359126140503
4858    0.359109260014
4860    0.359108024881
4862    0.359106981152
4864    0.3591069808
4866    0.35909178731
4868    0.359089392051
4870    0.359084737525
4872    0.359084679878
4874    0.35908332138
4876    0.359083032176
4878    0.359070925111
4880    0.359070889461
4882    0.359059644617
4884    0.359059533126
4886    0.359059294122
4888    0.35905926319
4890    0.359056996019
4892    0.359056918797
4894    0.35905691848
4896    0.359046498969
4898    0.359046488665
4900    0.359046480868
4902    0.359046480813
4904    0.359036823352
4906    0.359036818928
4908    0.35903378007
4910    0.359033780061
4912    0.35903107014
4914    0.359022825178
4916    0.359021715819
4918    0.359017010307
4920    0.358999719971
4922    0.358982815321
4924    0.358981766344
4926    0.358979493327
4928    0.358962753198
4930    0.358962024084
4932    0.358962024047
4934    0.358960771557
4936    0.358948306457
4938    0.358929152669
4940    0.358910780713
4942    0.358894034353
4944    0.358877535184
4946    0.358864689516
4948    0.358854938864
4950    0.358835784863
4952    0.358835583638
4954    0.358835583638
4956    0.358835462919
4958    0.358834475573
4960    0.358834114411
4962    0.358824294028
4964    0.358824220751
4966    0.358824189279
4968    0.358823930765
4970    0.358814518704
4972    0.358814229358
4974    0.358807079049
4976    0.358807078886
4978    0.358783962486
4980    0.358780993482
4982    0.358780931315
4984    0.358779842706
4986    0.358771038064
4988    0.358762694967
4990    0.358762569818
4992    0.358762438909
4994    0.358754489528
4996    0.358753575586
4998    0.358753575523
5000    0.358753575421
5002    0.358753412465
5004    0.358738756398
5006    0.358729500692
5008    0.358727063811
5010    0.358724866579
5012    0.358712850569
5014    0.358705579461
5016    0.3587003388
5018    0.358683593896
5020    0.358683588131
5022    0.358660682667
5024    0.358656723937
5050    0.357906152144
5052    0.357884095685
5054    0.357875005459
5056    0.357866401021
5058    0.357843863183
5060    0.357824676689
5062    0.357812174096
5064    0.357807983911
5066    0.357807983694
5068    0.357807478055
5070    0.357807312286
5072    0.357805447846
5074    0.357805439864
5076    0.35780541349
5078    0.357805398468
5080    0.357803891414
5082    0.357803885303
5084    0.357803873262
5086    0.357793532768
5088    0.357793531941
5090    0.357770127221
5092    0.357761560165
5094    0.357743609176
5096    0.357723539385
5098    0.357714427182
5100    0.357705606501
5102    0.357689709293
5104    0.357669851397
5106    0.357660994611
5108    0.357660237412
5110    0.357660237395
5112    0.357659884753
5114    0.35765927332
5116    0.357659265715
5118    0.357644073367
5120    0.35764330076
5122    0.357642647879
5124    0.357642647631
5126    0.357629021657
5128    0.357627191333
5130    0.357623926024
5132    0.357623871608
5134    0.357623152366
