26    5.12621760226
52    5.00327353523
71    4.8786915825
89    4.75437222151
115    4.73492640879
141    4.69311089529
167    4.65917248896
193    4.53880092878
219    4.46279824027
245    4.36093567004
271    4.34676632768
297    4.33941153031
323    4.29714751226
349    4.14438949999
373    4.02082799781
383    3.89614860388
385    3.8961472109
411    3.77288027857
427    3.77084245297
439    3.64519935942
463    3.52157874544
489    3.4971919399
491    3.49719187208
517    3.46275543534
543    3.43523274889
569    3.34441183067
595    3.31383710998
597    3.31382803379
623    3.28621748219
649    3.17026839387
675    3.12082573077
701    2.98424092044
718    2.86018563276
744    2.85801333806
746    2.85801263711
772    2.84591298499
798    2.83050765244
824    2.70070862419
826    2.70070054458
852    2.61743530525
878    2.60550805532
904    2.54572453877
930    2.50343067811
956    2.34443342231
982    2.33062008441
1008    2.29903521251
1033    2.29556545778
1059    2.27721374048
1085    2.23799110609
1111    2.19579874137
1137    2.07349012328
1163    1.99379547709
1165    1.99379414438
1191    1.91949727693
1217    1.88377146608
1243    1.73954885198
1269    1.42574244238
1295    1.39102459604
1321    1.37393554558
1347    1.3632350105
1373    1.34935278812
1375    1.34935275986
1377    1.34935231379
1382    1.34926481805
1408    1.33981132642
1434    1.33281199874
1460    1.32629254905
1486    1.31725614313
1512    1.31448576222
1514    1.31447901517
1540    1.30864007984
1566    1.29531085498
1592    1.28720788074
1594    1.2872074642
1596    1.28720745041
1598    1.28720745009
1600    1.28720713803
1602    1.28719059647
1604    1.2871812012
1606    1.28718119146
1632    1.2733204019
1634    1.27332040176
1660    1.26272515619
1686    1.25554496324
1712    1.23070158623
1738    1.21656328451
1740    1.21655188857
1766    1.21235729919
1768    1.21235429346
1794    1.19699308524
1820    1.18866857914
1822    1.18866857911
1848    1.18632224191
1850    1.18632224187
1876    1.17797536543
1902    1.17003740025
1928    1.15259411893
1930    1.15257580637
1956    1.14612887309
1958    1.14611989363
1984    1.13999630479
2010    1.12687744822
2036    1.11930305353
2062    1.10821351876
2088    1.09418038262
2090    1.09418036721
2116    1.08447986366
2142    1.06441782411
2168    1.04364403065
2170    1.04363748928
2196    1.03634062623
2198    1.03634043773
2224    1.03308021268
2250    1.02699799018
2276    1.01827185881
2302    1.00661844156
2328    1.00351853567
2351    1.00266146859
2377    0.997557618564
2403    0.989947231579
2405    0.989947230686
2407    0.989947224984
2409    0.989944163543
2435    0.987743147225
2461    0.984977393564
2487    0.982532158177
2513    0.981230868779
2515    0.981218121296
2517    0.981217430882
2543    0.977248972577
2569    0.970360100435
2595    0.966076102165
2597    0.966075867728
2599    0.966075862063
2601    0.96607586198
2603    0.966075693904
2605    0.966061264309
2607    0.966053971813
2609    0.966053969237
2635    0.958925925164
2637    0.95892592512
2663    0.956061725917
2689    0.953199921713
2715    0.941853039825
2741    0.9358137192
2743    0.93580256278
2769    0.935017985451
2771    0.935017949022
2797    0.927340873429
2823    0.91988710369
2825    0.919887103676
2851    0.917946551975
2853    0.917946551957
2879    0.913098013169
2905    0.909018311561
2931    0.897813877743
2933    0.897796602009
2950    0.897295047549
2952    0.897293912735
2977    0.89655712406
3003    0.887320664265
3029    0.884442861757
3055    0.87711625287
3081    0.870410012518
3083    0.870409550642
3109    0.865908825625
3135    0.85484099016
3161    0.842382625488
3163    0.842382400806
3184    0.841712311034
3186    0.841712305565
3188    0.841697990164
3214    0.837553673882
3240    0.834894753201
3266    0.832593446861
3283    0.832105220457
3285    0.832097617251
3311    0.8289529664
3337    0.823815558185
3339    0.823815558078
3341    0.823815556819
3343    0.823815015822
3365    0.823263503622
3391    0.821571074549
3417    0.8201375045
3419    0.820121055537
3421    0.820117295276
3423    0.820117089669
3449    0.817511092529
3475    0.813418393301
3501    0.810917208122
3503    0.810917072896
3505    0.810917069459
3507    0.810917069444
3509    0.810916974354
3511    0.810904213823
3513    0.810898464444
3515    0.810898463462
3541    0.807245344636
3543    0.807245344621
3569    0.806396167304
3595    0.80466503063
3621    0.797610738347
3647    0.794886830272
3649    0.794877014283
3651    0.794866208687
3653    0.794866017848
3679    0.790099408152
3705    0.783411845206
3707    0.78341184519
3733    0.781891737589
3735    0.781891737579
3761    0.779194463006
3787    0.776816217108
3813    0.768215400612
3815    0.76819917095
3817    0.768188096931
3819    0.768187943516
3821    0.768178087203
3847    0.760698520254
3873    0.75921114723
3899    0.754676430027
3925    0.751144657493
3927    0.751144165509
3953    0.749041371242
3979    0.741923616969
4005    0.733089062484
4007    0.733089053624
4009    0.733078791733
4011    0.733078776037
4013    0.733074594414
4039    0.729817821502
4065    0.728591514757
4086    0.727973553176
4088    0.727955162291
4090    0.727951714287
4116    0.725822937416
4142    0.721970248187
4144    0.72197024816
4146    0.721970247733
4148    0.721970168945
4150    0.721956552097
4176    0.720781455586
4202    0.719804255468
4204    0.719795328357
4206    0.719794299048
4208    0.719794238288
4234    0.718078259735
4260    0.715420802778
4286    0.713748287105
4288    0.713748207272
4290    0.713748204729
4292    0.713748204728
4294    0.713748148338
4296    0.713736742243
4298    0.713732157241
4300    0.713732156855
4326    0.711766859645
4328    0.71176685964
4330    0.711752234881
4356    0.710511861181
4382    0.705539742691
4408    0.704202283452
4410    0.704193895833
4412    0.704188308582
4414    0.704188131511
4440    0.700935080593
4466    0.695014789686
4468    0.695014789645
4494    0.693856478434
4496    0.693856478428
4522    0.692305975666
4548    0.690561649464
4574    0.683250821272
4576    0.683235681204
4578    0.683229676219
4580    0.683229662034
4582    0.683224723111
4608    0.67701309246
4634    0.676199202484
4660    0.673396601168
4686    0.671370270618
4688    0.671369878422
4714    0.670316783087
4740    0.665071811521
4766    0.658177861928
4768    0.658177861541
4770    0.658173016518
4772    0.658172957226
4774    0.658171493958
4800    0.655497155824
4824    0.654892962147
4826    0.654873416856
4828    0.654856071804
4830    0.654852931349
4856    0.65330933621
4882    0.650294821211
4884    0.650294821195
4886    0.650294821009
4888    0.650294817164
4890    0.650285785301
4916    0.64947075985
4942    0.648795509555
4944    0.648790851636
4946    0.648790595901
4948    0.648790572617
4974    0.647621189675
5000    0.645693281351
5026    0.644384054604
5028    0.644384006393
5030    0.644384004347
5032    0.644384004347
5034    0.644383969413
5036    0.644373683071
5038    0.644369989211
5040    0.644369988967
5066    0.643214553261
5068    0.64321455326
5070    0.643205717692
5096    0.642326211475
5122    0.638667314795
5148    0.637961061261
5150    0.637953832931
5152    0.637950856674
5154    0.637950727278
5180    0.635591441478
5206    0.63040461171
5208    0.630404611665
5234    0.629526367827
5236    0.629526367822
5262    0.628574055827
5288    0.627054134356
5314    0.620482702475
5316    0.620468959263
5318    0.620465504147
5320    0.620465504143
5322    0.620462956856
5348    0.615225097346
5354    0.615116103705
5380    0.613342190961
5406    0.612089152694
5408    0.612088811824
5428    0.611649620327
5454    0.607432080327
5480    0.601785791349
5482    0.601785791334
5484    0.601783363942
5486    0.601783264719
5488    0.601782648336
5514    0.599553360363
5516    0.59953318109
5518    0.59951450178
5520    0.599498099183
5522    0.599495237347
5548    0.59832104645
5574    0.595937592404
5576    0.595937592393
5578    0.595937592317
5580    0.595937590278
5582    0.5959315414
5599    0.595560422561
5603    0.595497360837
5605    0.595494963327
5607    0.595494913425
5609    0.595494900159
5635    0.594658002197
5661    0.593093792695
5687    0.591925214292
5689    0.591925184531
5691    0.59192518283
5693    0.591925182828
5695    0.59192516032
5697    0.591915813511
5699    0.591912807209
5701    0.591912807033
5727    0.591196124754
5729    0.591196124754
5731    0.591190598256
5755    0.590633912751
5781    0.587843907804
5783    0.587824704182
5785    0.587818264522
5787    0.58781634481
5789    0.587816332011
5815    0.585993924086
5841    0.581475367445
5843    0.581475367405
5869    0.580806498304
5871    0.580806498299
5897    0.580176446199
5923    0.578757195116
5949    0.572710817306
5951    0.572698142176
5953    0.57269503836
5955    0.572695035763
5957    0.57269306198
5983    0.568218186088
5985    0.568198317051
6011    0.56703366221
6037    0.5662074052
6039    0.566207131762
6041    0.566190694255
6067    0.562635961025
6093    0.557897484455
6095    0.557897484449
6097    0.557895268938
6099    0.557895141968
6101    0.557894687299
6127    0.556031228363
6129    0.556011620841
6131    0.555993759306
6133    0.555978237412
6135    0.555975627844
6161    0.555054246645
6187    0.553173835728
6189    0.553173835716
6191    0.553173835269
6193    0.553173825174
6195    0.553168614001
6197    0.553148240152
6199    0.553127872377
6201    0.553126648626
6203    0.5531266447
6205    0.5531266364
6231    0.552495153614
6257    0.551107999134
6283    0.549977866851
6285    0.549977848087
6287    0.54997784665
6289    0.549977846647
6291    0.549977831647
6293    0.549969283253
6295    0.549966810244
6297    0.54996681011
6302    0.549882169256
6304    0.549882169256
6306    0.549878206021
6308    0.549857587766
6334    0.547636064263
6336    0.547619819462
6338    0.547613804406
6340    0.547612668911
6342    0.547612653203
6368    0.546158602461
6394    0.542226327725
6396    0.542226327693
6399    0.542184255143
6401    0.542184255138
6403    0.542164071076
6429    0.540810545223
6455    0.535180258273
6457    0.535168497469
6459    0.535165487079
6461    0.535165481318
6463    0.535164012508
6489    0.531300192574
6491    0.531281312991
6517    0.530481648415
6534    0.530096759225
6536    0.530096551155
6538    0.530083715414
6564    0.527035282063
6590    0.523031343198
6592    0.523031343196
6594    0.523029316184
6596    0.523029164087
6598    0.523028872042
6624    0.52147731398
6626    0.521458227898
6628    0.52144113931
6630    0.521426442456
6632    0.521424061482
6658    0.520686437451
6684    0.519210082223
6686    0.519210082215
6688    0.519210081915
6690    0.519210061265
6692    0.519205036256
6694    0.519184994217
6696    0.519164960623
6698    0.519164343501
6700    0.519164342469
6702    0.519164336612
6704    0.519143410537
6730    0.517830371834
6756    0.516694128138
6758    0.516694116065
6760    0.51669411484
6762    0.516694114837
6764    0.516694104552
6766    0.516686243419
6768    0.516684185374
6770    0.516684185246
6772    0.516665222421
6774    0.516665222421
6776    0.51666216033
6778    0.516641678832
6804    0.514805998465
6806    0.514792619332
6808    0.514786671381
6810    0.51478599234
6812    0.514785974684
6838    0.513601625654
6864    0.510165910182
6866    0.510165910145
6868    0.510147443443
6870    0.510147443438
6872    0.510128750405
6898    0.508859237717
6924    0.503642150072
6926    0.503631098873
6928    0.50362814915
6930    0.503628142978
6932    0.503627142353
6958    0.500262074021
6960    0.500244070899
6977    0.499876402969
6984    0.499746379361
6986    0.49974628696
6988    0.499735998875
7014    0.49708635809
7040    0.493677605016
7042    0.493677605011
7044    0.493675744256
7046    0.493675569971
7048    0.493675392869
7074    0.492392044127
7076    0.492373438243
7078    0.492357080921
7080    0.492343158644
7082    0.492340984982
7108    0.491740835885
7134    0.490585648238
7136    0.490585648233
7138    0.490585648034
7140    0.490585621065
7142    0.490580773977
7144    0.490561057322
7146    0.490541351354
7148    0.49054099454
7150    0.490540990348
7152    0.490540986043
7154    0.490521238921
7180    0.489253281738
7206    0.488105966479
7208    0.488105958563
7210    0.488105957515
7212    0.488105957511
7214    0.488105950293
7216    0.488098685723
7218    0.488096952019
7220    0.488096951903
7222    0.488080190523
7224    0.488080190523
7226    0.488077896007
7228    0.488057523038
7254    0.486503246217
7256    0.486492386133
7258    0.486486180074
7260    0.486485771277
7262    0.48648575356
7288    0.485509547137
7314    0.482481063422
7316    0.482481063385
7318    0.482464964239
7320    0.482464964232
7322    0.482447922305
7348    0.481276214774
7374    0.476478543212
7376    0.476467952431
7378    0.476465034915
7380    0.476465028429
7382    0.476464385789
7408    0.473508793495
7410    0.4734915555
7412    0.473471615447
7415    0.473429577172
7417    0.473429559135
7419    0.473420902725
7445    0.47108774583
7471    0.468160445187
7473    0.46816044518
7475    0.468158731453
7477    0.468158544845
7479    0.468158439475
7505    0.467103676636
7507    0.467085522537
7509    0.46706985753
7511    0.467056663684
7513    0.467054678162
7515    0.467034577594
7541    0.466090349543
7543    0.466090349539
7545    0.466090349412
7547    0.466090336614
7549    0.466085658453
7551    0.466066274219
7553    0.466046887639
7555    0.466046693929
7557    0.466046683635
7559    0.466046680292
7561    0.466027925546
7587    0.464790845976
7613    0.463635690872
7615    0.463635685589
7617    0.463635684686
7619    0.463635684683
7621    0.463635679521
7623    0.463628937565
7625    0.463627458168
7627    0.463627458066
7629    0.46361289382
7631    0.46361289382
7633    0.463611211911
7635    0.463590912862
7661    0.46225153286
7663    0.462242786906
7665    0.462236020212
7667    0.462235774461
7669    0.462235757682
7695    0.461426142496
7721    0.458720845648
7723    0.458720845611
7725    0.458706873001
7727    0.458706872994
7729    0.458691553536
7755    0.457626382264
7781    0.453245986503
7783    0.453235616108
7785    0.453232704206
7787    0.453232697399
7789    0.453232303436
7815    0.450613319786
7817    0.450596761605
7819    0.450578461024
7821    0.450558023011
7823    0.450558008417
7825    0.450550759689
7851    0.448482185267
7877    0.445956165613
7879    0.445956165605
7881    0.445954582736
7883    0.445954395512
7885    0.445954332681
7911    0.445092417489
7913    0.445074694733
7915    0.445059685519
7917    0.445047177623
7919    0.445045362947
7921    0.445027156155
7947    0.444246012977
7949    0.444246012973
7951    0.444246012897
7953    0.444246001909
7955    0.444241485131
7957    0.444222412785
7959    0.444203339114
7961    0.444203240666
7963    0.444203223419
7965    0.444203220762
7967    0.444185352366
7993    0.442974391417
8019    0.441819028444
8021    0.441819024858
8023    0.441819024078
8025    0.441819024074
8027    0.441819020329
8029    0.441812740128
8031    0.441811460781
8033    0.441811460693
8035    0.441798906961
8037    0.441798906961
8039    0.441797693902
8041    0.441777447201
8067    0.440608430687
8069    0.440601415779
8071    0.440593801435
8073    0.440593654069
8075    0.4405936386
8101    0.439920471079
8127    0.437462309395
8129    0.437462309361
8131    0.437450222423
8133    0.437450222414
8135    0.437436620802
8161    0.436481737491
8187    0.432506692672
8189    0.432496335589
8191    0.432493401867
8193    0.432493394758
8195    0.432493163741
8221    0.430150761738
8223    0.430134836819
8225    0.430118362958
8227    0.430098835778
8229    0.43009882174
8231    0.430092777535
8257    0.428253507822
8283    0.426068585921
8285    0.426068585915
8287    0.426067120345
8289    0.426066941965
8291    0.426066903928
8317    0.425366092446
8319    0.425348784395
8321    0.425334396743
8323    0.42532253556
8325    0.42532087612
8327    0.425304497152
8353    0.42465249232
8355    0.424652492315
8357    0.424652492274
8359    0.424652480687
8361    0.424648118256
8363    0.424629348103
8365    0.424610581007
8367    0.424610535174
8369    0.424610511701
8371    0.424610509565
8373    0.424593485936
8399    0.423409902495
8425    0.422264431303
8427    0.422264428831
8429    0.422264428153
8431    0.42226442815
8433    0.4222644254
8435    0.422258556333
8437    0.422257434901
8439    0.422257434825
8441    0.422246651759
8443    0.422246651759
8445    0.42224578724
8447    0.422225588606
8473    0.421196036318
8475    0.421190420484
8477    0.421181685072
8479    0.421181596794
8481    0.421181582673
8500    0.420783784732
8526    0.418505257343
8528    0.418505257311
8530    0.418494829122
8532    0.418494829112
8534    0.418482880282
8560    0.417637595229
8586    0.414047773767
8588    0.414037263092
8590    0.414034283497
8592    0.414034276095
8594    0.414034147343
8620    0.411918803347
8622    0.411903472469
8624    0.4118888334
8626    0.411870429603
8628    0.411870416501
8630    0.411865410881
8656    0.410228657186
8682    0.408336332112
8684    0.408336332107
8686    0.408334972365
8688    0.408334808593
8690    0.408334785023
8716    0.407767463929
8718    0.407750555367
8720    0.407736757102
8722    0.407725506207
8724    0.407723987905
8726    0.407709275644
8742    0.40738152054
8744    0.407381520532
8746    0.407381520514
8748    0.407381508463
8750    0.40737729398
8752    0.407358818335
8754    0.407340352054
8756    0.407340333484
8758    0.407340305216
8760    0.407340303487
8762    0.407324128994
8788    0.406172890493
8814    0.405048565531
8816    0.405048563799
8818    0.405048563207
8820    0.405048563204
8822    0.405048561166
8824    0.405043060688
8826    0.405042064373
8828    0.405042064308
8830    0.405032827332
8832    0.405032827332
8834    0.405032216737
8836    0.405012078469
8862    0.404098856052
8864    0.404094077324
8866    0.40408396273
8868    0.404083904816
8870    0.404083891381
8872    0.404063395989
8898    0.401905904821
8900    0.401905904792
8902    0.401896924418
8904    0.401896924406
8906    0.401886520476
8932    0.401146571131
8958    0.397916260059
8960    0.397905469519
8962    0.397902422893
8964    0.397902415205
8966    0.397902348147
8992    0.395973364337
8994    0.395958591575
8996    0.395945702732
8998    0.395928479547
9000    0.395928467669
9002    0.39592435283
9028    0.394468031917
9054    0.392827848287
9056    0.392827848284
9058    0.392826584551
9060    0.392826438367
9062    0.392826423342
9064    0.392808303388
9066    0.392791725492
9068    0.392778486332
9070    0.39276781189
9072    0.392766421971
9074    0.392752606837
9076    0.392731900038
9078    0.392731900028
9080    0.392731900023
9082    0.392731888128
9084    0.392727815426
9086    0.392709627669
9088    0.39269145653
9090    0.39269145076
9092    0.392691419315
9094    0.392691417907
9096    0.39267612546
9122    0.391564226822
9148    0.390472444345
9150    0.390472443113
9152    0.390472442594
9154    0.390472442591
9156    0.39047244107
9158    0.390467273056
9160    0.390466376277
9162    0.390466376221
9164    0.390458481236
9166    0.390458481236
9168    0.390458052777
9170    0.390437998999
9196    0.389623021796
9198    0.389618388355
9200    0.389606654965
9202    0.389606609403
9204    0.389606594776
9206    0.38958645712
9232    0.387502153639
9234    0.387502153613
9236    0.387494427318
9238    0.387494427304
9240    0.387485434372
9266    0.38684398016
9292    0.383944509933
9294    0.383933351766
9296    0.383930218963
9298    0.383930210994
9300    0.38393017947
9326    0.382154381921
9328    0.382140132127
9330    0.382128852024
9332    0.38211288063
9334    0.382112870034
9336    0.38210957283
9362    0.380817530891
9388    0.379325251259
9390    0.379325251259
9392    0.379324072832
9394    0.379323930305
9396    0.379323915579
9398    0.379308586862
9400    0.379292328651
9402    0.379279620145
9404    0.3792694905
9406    0.379268217438
9408    0.379254517538
9410    0.379233992858
9412    0.379233992845
9414    0.379233992845
9416    0.379233981098
9418    0.379230043937
9420    0.379212138856
9422    0.379194256953
9424    0.37919425608
9426    0.379194223022
9428    0.379194221871
9430    0.379179857784
9456    0.37811504813
9482    0.377066539903
9484    0.377066539013
9486    0.377066538556
9488    0.377066538553
9490    0.377066537411
9492    0.377061670931
9494    0.377060853694
9496    0.377060853646
9498    0.377054084821
9500    0.377054084821
9502    0.377053784967
9504    0.377033842383
9530    0.376304924142
9532    0.376300431056
9534    0.376286869615
9536    0.376286834569
9538    0.376286819189
9540    0.376267024315
9566    0.37421700685
9568    0.374217006826
9570    0.374210359252
9572    0.374210359236
9574    0.374202631427
9591    0.373853150787
9617    0.371254793062
9619    0.371243215164
9621    0.371239978594
9623    0.371239970454
9625    0.371239958052
9651    0.369590879286
9653    0.369577116816
9655    0.369567286153
9657    0.369552525727
9659    0.36955251636
9661    0.369549877183
9687    0.368403970487
9713    0.367047012022
9715    0.367047012014
9717    0.367045912418
9719    0.367045774629
9721    0.367045760225
9723    0.367032940088
9725    0.36701699119
9727    0.367004786545
9729    0.366995172092
9731    0.366994005455
9733    0.366980418839
9735    0.366960073577
9737    0.366960073563
9739    0.36696007356
9741    0.366960061953
9743    0.366956254413
9745    0.366938626966
9747    0.366921028608
9749    0.366921028573
9751    0.366920995304
9753    0.366920994358
9755    0.366907605623
9781    0.365897393482
9807    0.364901578143
9809    0.364901577489
9811    0.364901577085
9813    0.364901577082
9815    0.364901576221
9817    0.364896984507
9819    0.364896231151
9821    0.364896231109
9823    0.364890413545
9825    0.364890413545
9827    0.364890203895
9829    0.364870401452
9855    0.364217715344
9857    0.364213358162
9859    0.364197802562
9861    0.364197775752
9863    0.364197759622
9865    0.364178296946
9891    0.362132178181
9893    0.36213217816
9895    0.362126347414
9897    0.362126347396
9899    0.362119542545
9901    0.362098801015
9927    0.359770237313
9929    0.359758220142
9931    0.35975486336
9933    0.359754855164
9935    0.359754851844
9961    0.358211698773
9963    0.358198386971
9965    0.358189845334
9967    0.358176226219
9969    0.35817621798
9971    0.358174108114
9997    0.357158071186
10023    0.35592491387
10025    0.35592491385
10027    0.355923887146
10029    0.35592375493
10031    0.35592374087
10033    0.355913158142
10035    0.355897508728
10037    0.355885782689
10039    0.355876655679
10041    0.355875586019
10043    0.355862110778
10045    0.355841942285
10047    0.35584194227
10049    0.355841942257
10051    0.355841930785
10053    0.355838247251
10055    0.35582089256
10057    0.355803572258
10059    0.355803571189
10061    0.355803538903
10063    0.355803538121
10065    0.355791162832
10091    0.354842086986
10117    0.353906614652
10119    0.353906614164
10121    0.353906613804
10123    0.353906613802
10125    0.35390661315
10127    0.353902272835
10129    0.353901571061
10131    0.353901571025
10133    0.353896559755
10135    0.353896559755
10137    0.353896413058
10139    0.353876779172
10165    0.353292122351
10167    0.353287897041
10169    0.353270233668
10171    0.353270213036
10173    0.353270196145
10175    0.35325105903
10201    0.351186471264
10203    0.351186471245
10205    0.351181204577
10207    0.351181204556
10209    0.351174992134
10211    0.351154422583
10237    0.349066449581
10239    0.349054002076
10241    0.349050509622
10243    0.349050501305
10245    0.349050501108
10271    0.347596802256
10273    0.347583903662
10275    0.347576497604
10277    0.347563938484
10279    0.347563931258
10281    0.347562246236
10307    0.346661457724
10333    0.345541438814
10335    0.345541438779
10337    0.345540479519
10339    0.345540353502
10341    0.345540339803
10343    0.34553173569
10345    0.345516376458
10347    0.345505105222
10349    0.345496439623
10351    0.345495458382
10353    0.345482092671
10355    0.34546209838
10357    0.345462098365
10359    0.345462098335
10361    0.345462086991
10363    0.345458522143
10365    0.345441435519
10367    0.345424388004
10369    0.345424385231
10371    0.345424354888
10373    0.345424354238
10375    0.345413015162
10401    0.344530154736
10427    0.343660642261
10429    0.34366064189
10431    0.343660641568
10433    0.343660641566
10435    0.343660641071
10437    0.343656531595
10439    0.343655871726
10441    0.343655871694
10443    0.343651545583
10445    0.343651545583
10447    0.343651442666
10449    0.34363200353
10454    0.343547668997
10456    0.343543541792
10458    0.343523715694
10460    0.34352369659
10462    0.343523678896
10464    0.343504795646
10490    0.341406816259
10492    0.341406816241
10494    0.34140205828
10496    0.341402058258
10498    0.341396443234
10500    0.341376060652
10526    0.339503186443
10528    0.339490341527
10530    0.339486698771
10532    0.339486690317
10534    0.339486689863
10560    0.338109882231
10562    0.338097358859
10564    0.338090946271
10566    0.338079362948
10568    0.338079356619
10570    0.338078011661
10596    0.337279345094
10622    0.336262549762
10624    0.336262549713
10626    0.336261652893
10628    0.336261533514
10630    0.336261520191
10632    0.336254648879
10634    0.336239570953
10636    0.336228732033
10638    0.336220503355
10640    0.336219602771
10642    0.336206344762
10644    0.336186522112
10646    0.336186522097
10648    0.336186522045
10650    0.336186510823
10652    0.336183059602
10654    0.336166236461
10656    0.336149456592
10658    0.336149452071
10660    0.336149424394
10662    0.336149423851
10664    0.336139124971
10690    0.3353258262
10716    0.334525770501
10718    0.334525770212
10720    0.334525769923
10722    0.334525769922
10724    0.334525769544
10726    0.334521872668
10728    0.334521247085
10730    0.334521247063
10732    0.334517074211
10734    0.334517074211
10736    0.334516972186
10738    0.334497873924
10740    0.334477031527
10742    0.334472998465
10751    0.334301268924
10753    0.334301250757
10755    0.334301214533
10757    0.334282573065
10783    0.33212729568
10785    0.332127295663
10787    0.332122992476
10789    0.332122992452
10791    0.332117954864
10793    0.332097755847
10819    0.330417596995
10821    0.330404407634
10823    0.330400600759
10825    0.330400592189
10827    0.330400589699
10853    0.329091362708
10855    0.329079176591
10857    0.329073628781
10859    0.329062938794
10861    0.329062933256
10863    0.32906185978
10889    0.328353573971
10915    0.327430785121
10917    0.327430785059
10919    0.327429946082
10921    0.32742983362
10923    0.327429820685
10925    0.327424449817
10927    0.327409644792
10929    0.327399216981
10931    0.3273914022
10933    0.327390575234
10935    0.327377423174
10937    0.327357769705
10939    0.327357769689
10941    0.32735776961
10943    0.327357758506
10945    0.32735441612
10947    0.327337852064
10949    0.327321334918
10951    0.327321328898
10953    0.327321304374
10955    0.327321303917
10957    0.327312029736
10983    0.326569835794
11009    0.325840695067
11011    0.325840694838
11013    0.325840694578
11015    0.325840694576
11017    0.325840694288
11019    0.325836993737
11021    0.325836396407
11023    0.325836396391
11025    0.325832311286
11027    0.325832311286
11029    0.325832205426
11031    0.325813459555
11033    0.325792724142
11035    0.325788783314
11053    0.325411786994
11055    0.325411769696
11057    0.325411697134
11059    0.325393295986
11085    0.323159989028
11087    0.323159989014
11089    0.323156089725
11091    0.323156089703
11093    0.323151594654
11095    0.323131565707
11121    0.321624352969
11123    0.321610887993
11125    0.321606903997
11127    0.32160689535
11129    0.321606890029
11155    0.320358579402
11157    0.320346693041
11159    0.320341895248
11161    0.320332020125
11163    0.320332015277
11165    0.320331158045
11191    0.319702787998
11217    0.318865449423
11219    0.31886544935
11221    0.318864663995
11223    0.318864558588
11225    0.318864546048
11227    0.31886045695
11229    0.318845916816
11231    0.318835880083
11233    0.318828457512
11235    0.318827697778
11237    0.31881464996
11239    0.318795163261
11241    0.318795163245
11243    0.318795163133
11245    0.318795152143
11247    0.318791914044
11249    0.318775604811
11251    0.318759345624
11253    0.318759338464
11255    0.318759317361
11257    0.318759316973
11259    0.318751033835
11285    0.318079766984
11311    0.317421159739
11313    0.317421159553
11315    0.317421159317
11317    0.317421159316
11319    0.317421159095
11321    0.317417640258
11323    0.317417066397
11325    0.317417066384
11327    0.317413066437
11329    0.317413066437
11331    0.317412956889
11333    0.31739455579
11335    0.317373925818
11337    0.31737007561
11357    0.316944265409
11359    0.31694424892
11361    0.316944162149
11363    0.316926025539
11389    0.314623831744
11391    0.314623831732
11393    0.314620289226
11395    0.314620289207
11397    0.314616293826
11399    0.314596418282
11425    0.313244593199
11427    0.313230933087
11429    0.313226759831
11431    0.313226751152
11433    0.313226742793
11459    0.312034786469
11461    0.312023163295
11463    0.312019014321
11465    0.312009880633
11467    0.312009876389
11469    0.3120091911
11489    0.311595486514
11515    0.310834759992
11517    0.31083475991
11519    0.310834024293
11521    0.310833926034
11523    0.310833913897
11525    0.310830910045
11527    0.310816627075
11529    0.310806962461
11531    0.31079991164
11533    0.310799213335
11535    0.310786268069
11537    0.310766945744
11539    0.310766945727
11541    0.310766945579
11543    0.310766934698
11545    0.310763796559
11547    0.310747737977
11549    0.310731732107
11551    0.310731724179
11553    0.310731706567
11555    0.310731706236
11557    0.310724365096
11583    0.310122325338
11609    0.309532313367
11611    0.309532313213
11613    0.309532312999
11615    0.309532312997
11617    0.309532312828
11619    0.309528962506
11621    0.309528408312
11623    0.309528408301
11625    0.309524491015
11627    0.309524491015
11629    0.30952437793
11631    0.309506314174
11633    0.30948578817
11635    0.309482030269
11655    0.309055814691
11657    0.309055798944
11659    0.309055707869
11661    0.309037849776
11687    0.306688031048
11689    0.306688031038
11691    0.306684802223
11693    0.30668480221
11695    0.306681260393
11697    0.306661520638
11723    0.305449408996
11725    0.305435641893
11727    0.305431282833
11729    0.30543127417
11731    0.305431262876
11757    0.304292764934
11759    0.304281379881
11761    0.304277676593
11763    0.304269237778
11765    0.30426923388
11767    0.304268657487
11769    0.304247947076
11795    0.303554302885
11797    0.303554302795
11799    0.303553613345
11801    0.303553522311
11803    0.303553510582
11805    0.303551414771
11807    0.303537381471
11809    0.303528071032
11811    0.303521372645
11813    0.303520730496
11815    0.303507886113
11817    0.303488725777
11819    0.303488725761
11821    0.303488725573
11823    0.303488714799
11825    0.303485672504
11827    0.303469860489
11829    0.303454103418
11831    0.303454095054
11833    0.303454080837
11835    0.303454080551
11837    0.303447620576
11848    0.303233490517
11854    0.303127811648
11856    0.303127811516
11858    0.30312781132
11860    0.303127811319
11862    0.303127811188
11864    0.303124616586
11866    0.303124079024
11868    0.303124079015
11870    0.303120241976
11872    0.303120241976
11874    0.303120125506
11876    0.30310239179
11878    0.303081968276
11880    0.303078304682
11899    0.302677075296
11901    0.302677060227
11903    0.302676969588
11905    0.302659397353
11931    0.300289928511
11933    0.300289928503
11935    0.300286974321
11937    0.300286974312
11939    0.300283839839
11941    0.300264218932
11967    0.299177763135
11969    0.299163981024
11971    0.299159465668
11973    0.29915945707
11975    0.299159443078
12001    0.298072770825
12003    0.29806161991
12005    0.298058040324
12007    0.298050275775
12009    0.298050271333
12011    0.298049723022
12013    0.298029241967
12039    0.297396347198
12041    0.297396347103
12043    0.297395700525
12045    0.297395616508
12047    0.297395605188
12049    0.297394228637
12051    0.297380437968
12053    0.297371464704
12055    0.297365100499
12057    0.297364509714
12059    0.297351764553
12061    0.297332763827
12063    0.297332763812
12065    0.297332763596
12067    0.297332752924
12069    0.297329802762
12071    0.297314233776
12073    0.297298719169
12075    0.297298710396
12077    0.297298693701
12079    0.297298693436
12081    0.297292518729
12083    0.297271661951
12085    0.297250834545
12087    0.29725083443
12089    0.297250834251
12091    0.29725083425
12093    0.29725083415
12095    0.297247784315
12097    0.297247260966
12099    0.297247260958
12101    0.297243501871
12103    0.297243501871
12105    0.297243382169
12107    0.297225971472
12109    0.297205649151
12111    0.297202081099
12127    0.296870115772
12129    0.296870101329
12131    0.296870021258
12133    0.296852742768
12159    0.294496775844
12161    0.294496775838
12163    0.294494061158
12165    0.294494061152
12167    0.294491289677
12169    0.294471772696
12195    0.293498331015
12197    0.293484625976
12199    0.293479947888
12201    0.293479939401
12203    0.293479923145
12229    0.292444162114
12231    0.292433217181
12233    0.292429759152
12235    0.292422586968
12237    0.292422582141
12239    0.292422072598
12241    0.292401818275
12267    0.29182408866
12269    0.291824088562
12271    0.291823481822
12273    0.291823404589
12275    0.291823393679
12277    0.291822562778
12279    0.291809008024
12281    0.291800355863
12283    0.291794308616
12285    0.291793764834
12287    0.291781117303
12289    0.291762273886
12291    0.291762273871
12293    0.291762273636
12295    0.291762263063
12297    0.291759401398
12299    0.291744071797
12301    0.291728794532
12303    0.291728785624
12305    0.291728769463
12307    0.291728769211
12309    0.291722677912
12311    0.291701933318
12313    0.291681213821
12315    0.291681213719
12317    0.291681213553
12319    0.291681213552
12321    0.291681213474
12323    0.291678298536
12325    0.29167778746
12327    0.291677787452
12329    0.291674104123
12331    0.291674104123
12333    0.291673981343
12335    0.291656886854
12337    0.29163666453
12339    0.291633192595
12353    0.291348638063
12355    0.291348624197
12357    0.291348550238
12359    0.291331561446
12385    0.289017507848
12387    0.289017507844
12389    0.28901500123
12391    0.289015001227
12393    0.289012551384
12395    0.288993125404
12421    0.288121296644
12423    0.288107758036
12425    0.28810291171
12427    0.288102903382
12429    0.288102885317
12455    0.287117649145
12457    0.287106884101
12459    0.287103543977
12461    0.287096901462
12463    0.28709689639
12465    0.287096430304
12467    0.287076395969
12472    0.28699214776
12474    0.286992147686
12476    0.286991577407
12478    0.286991502584
12480    0.286991491884
12482    0.286990733028
12484    0.286977417364
12486    0.286969071071
12488    0.286963324493
12490    0.28696282375
12492    0.286950272273
12494    0.286931583883
12496    0.286931583868
12498    0.286931583618
12500    0.286931573142
12502    0.286928796394
12504    0.286913702336
12506    0.286898658557
12508    0.286898649525
12510    0.286898633868
12512    0.286898633628
12514    0.28689262422
12516    0.28687199105
12518    0.286851378803
12520    0.286851378709
12522    0.286851378556
12524    0.286851378555
12526    0.286851378495
12528    0.286848589418
12530    0.286848089054
12532    0.286848089047
12534    0.286844479363
12536    0.286844479363
12538    0.286844353661
12540    0.286827568717
12542    0.286807445219
12544    0.286804068506
12554    0.286608775366
12556    0.28660876204
12558    0.286608703289
12560    0.286592006042
12586    0.284347545494
12588    0.284347545491
12590    0.284345218923
12592    0.284345218921
12594    0.284343052885
12596    0.284323707474
12622    0.283543189398
12624    0.283529901225
12626    0.283524881866
12628    0.283524873739
12630    0.283524854312
12656    0.282590030288
12658    0.28257942119
12660    0.282576148688
12662    0.282569682808
12664    0.282569677562
12666    0.282569226182
12668    0.282549300319
12670    0.282528455578
12672    0.282528455525
12674    0.282527919112
12676    0.282527846094
12678    0.282527835586
12680    0.282527096349
12682    0.282514014447
12684    0.2825059596
12686    0.282500498301
12688    0.282500036985
12690    0.282487580042
12692    0.282469044458
12694    0.282469044444
12696    0.28246904418
12698    0.282469033798
12700    0.282466338568
12702    0.282451476333
12704    0.282436662315
12706    0.282436653169
12708    0.282436637986
12710    0.282436637756
12712    0.282430708774
12714    0.282410186326
12716    0.282389680725
12718    0.282389680637
12720    0.282389680495
12722    0.282389680495
12724    0.282389680448
12726    0.282387008952
12728    0.282386518044
12730    0.282386518038
12732    0.282382979984
12734    0.282382979984
12736    0.282382851512
12738    0.282366369657
12740    0.282346343918
12742    0.282343061072
12750    0.282192911713
12752    0.282192898893
12754    0.282192846833
12756    0.282176430691
12782    0.280021003072
12784    0.280021003069
12786    0.280018831667
12788    0.280018831666
12790    0.280016915352
12792    0.279997642128
12818    0.279299122302
12820    0.279286161229
12822    0.279280965286
12824    0.279280957399
12826    0.279280937027
12852    0.278396492878
12854    0.278386017885
12856    0.278382804957
12858    0.278376470418
12860    0.278376465081
12862    0.278376024082
12864    0.278356191168
12866    0.278335453392
12868    0.278335453354
12870    0.278334948491
12872    0.278334877223
12874    0.278334866913
12876    0.278334146952
12878    0.278321292399
12880    0.278313515327
12882    0.27830832475
12884    0.278307899572
12886    0.278295535676
12888    0.278277150716
12890    0.278277150702
12892    0.278277150427
12894    0.278277140137
12896    0.278274523196
12898    0.278259889155
12900    0.278245301269
12902    0.27824529202
12904    0.278245277286
12906    0.278245277065
12908    0.27823942708
12910    0.27821901468
12912    0.278198615145
12914    0.278198615062
12916    0.278198614929
12918    0.278198614928
12920    0.278198614892
12922    0.278196053365
12924    0.278195570897
12926    0.27819557089
12928    0.278192102531
12930    0.278192102531
12932    0.278191971442
12934    0.278175786398
12936    0.278155857421
12938    0.278152665854
12943    0.278067959098
12945    0.27806794676
12947    0.278067905061
12949    0.278051764575
12975    0.276000972682
12977    0.27600097268
12979    0.275998934397
12981    0.275998934397
12983    0.275997237411
12985    0.275978030199
13011    0.275353088477
13013    0.275340522293
13015    0.275335147318
13017    0.275335139703
13019    0.275335118762
13045    0.274500951004
13047    0.274490590427
13049    0.274487435563
13051    0.274481228129
13053    0.274481222772
13055    0.274480791876
13057    0.274461050949
13059    0.274440417864
13061    0.274440417836
13063    0.274439942384
13065    0.274439872815
13067    0.274439862709
13069    0.274439161682
13071    0.274426528303
13073    0.27441901604
13075    0.274414082405
13077    0.274413690367
13079    0.274401418058
13081    0.274383181563
13083    0.27438318155
13085    0.274383181265
13087    0.274383171065
13089    0.274380629339
13091    0.274366219942
13093    0.274351854646
13095    0.274351845302
13097    0.274351830994
13099    0.27435183078
13101    0.274346058397
13103    0.274325755386
13105    0.274305461344
13107    0.274305461262
13109    0.274305461138
13111    0.274305461137
13113    0.274305461108
13115    0.274303002542
13117    0.274302527688
13119    0.274302527681
13121    0.274299127157
13123    0.274299127157
13125    0.274298993602
13127    0.274283099253
13129    0.274263266092
13131    0.274260162985
13133    0.274239216743
13135    0.274239204866
13137    0.274239173097
13139    0.274223299463
13165    0.272286780128
13167    0.272286780127
13169    0.272284855466
13171    0.272284855466
13173    0.272283350913
13175    0.272264205388
13196    0.271829387726
13198    0.271817264448
13200    0.271811708784
13202    0.271811701577
13204    0.271811680366
13230    0.271025934379
13232    0.271015669559
13234    0.271012571309
13236    0.27100648691
13238    0.27100648159
13240    0.271006060529
13242    0.27098641065
13244    0.270965880116
13246    0.270965880096
13248    0.270965432076
13250    0.270965364153
13252    0.270965354256
13254    0.270964671831
13256    0.270952253668
13258    0.270944993904
13260    0.270940304165
13262    0.270939942532
13264    0.270927760371
13266    0.270909670201
13268    0.270909670188
13270    0.270909669893
13272    0.270909659781
13274    0.270907190345
13276    0.270893002108
13278    0.270878855927
13280    0.270878846498
13282    0.270878832593
13284    0.270878832387
13286    0.270873136239
13288    0.270852941959
13290    0.270832752836
13292    0.270832752755
13294    0.270832752639
13296    0.270832752639
13298    0.270832752617
13300    0.270830390541
13302    0.270829922628
13304    0.270829922622
13306    0.270826588141
13308    0.270826588141
13310    0.270826452269
13312    0.270810842648
13314    0.270791104397
13316    0.270788086689
13318    0.270767588775
13320    0.270767577338
13322    0.270767545581
13324    0.27075192419
13350    0.268936004071
13352    0.268936004071
13354    0.268934155121
13356    0.268934155121
13358    0.268932783245
13360    0.26891371657
13362    0.268893099596
13364    0.268881435555
13366    0.26887569761
13368    0.268875692273
13370    0.268875670977
13396    0.268133512943
13398    0.268123324532
13400    0.268120281499
13402    0.268114316221
13404    0.268114310979
13406    0.268113899492
13408    0.268094339718
13410    0.26807390971
13412    0.268073909695
13414    0.26807348728
13416    0.268073420955
13418    0.26807341127
13420    0.268072747116
13422    0.268060538418
13424    0.268053519463
13426    0.26804906126
13428    0.268048727537
13430    0.2680366341
13432    0.268018688129
13434    0.268018688116
13436    0.268018687814
13438    0.268018677788
13440    0.268016277855
13442    0.268002307355
13444    0.267988376881
13446    0.267988367376
13448    0.267988353855
13450    0.267988353655
13452    0.267982732402
13454    0.267962646196
13456    0.267942561414
13458    0.267942561332
13460    0.267942561222
13462    0.267942561222
13464    0.267942561205
13466    0.267940289638
13468    0.267939828115
13470    0.267939828109
13472    0.267936557938
13474    0.267936557938
13476    0.267936419897
13478    0.267921089178
13480    0.267901444961
13482    0.267898508828
13484    0.267878748771
13486    0.267878737762
13488    0.267878706094
13490    0.26786332561
13516    0.266172311007
13518    0.266172311005
13520    0.266170473535
13522    0.266170473535
13524    0.266169111738
13526    0.266150188472
13528    0.266129905457
13530    0.266118740416
13532    0.26611281946
13534    0.266112814743
13536    0.266112793584
13562    0.265414447348
13564    0.265404321197
13566    0.265401332041
13568    0.265395482137
13570    0.265395477002
13572    0.265395074837
13574    0.265375604319
13576    0.265355272975
13578    0.265355272964
13580    0.265354874463
13582    0.265354809688
13584    0.265354800218
13586    0.265354154011
13588    0.265342149253
13590    0.265335360025
13592    0.26533112166
13594    0.26533081357
13596    0.265318807486
13598    0.265301003646
13600    0.265301003633
13602    0.265301003322
13604    0.265300993381
13606    0.265298660302
13608    0.265284904216
13610    0.265271186144
13612    0.26527117657
13614    0.265271163414
13616    0.265271163219
13618    0.265265615563
13620    0.265245636825
13622    0.265225655852
13624    0.265225655769
13626    0.265225655665
13628    0.265225655665
13630    0.265225655651
13632    0.265223469064
13634    0.265223013478
13636    0.265223013472
13638    0.265219805942
13640    0.265219805942
13642    0.265219665876
13644    0.265204608412
13646    0.265185057436
13648    0.265182199234
13650    0.265163396666
13652    0.265163386073
13654    0.265163355013
13656    0.265148204302
13682    0.263584092872
13684    0.263584092871
13686    0.263582266274
13688    0.263582266274
13690    0.263580914556
13692    0.263562133737
13694    0.26354216855
13696    0.263531532015
13698    0.263525428381
13700    0.26352542396
13702    0.263525403129
13728    0.26287070537
13730    0.262860629127
13732    0.262857692559
13734    0.262851954428
13736    0.26285194942
13738    0.262851556329
13740    0.262832174257
13742    0.262811939832
13744    0.262811939824
13746    0.26281156367
13748    0.2628115004
13750    0.262811491148
13752    0.262810862566
13754    0.262799056418
13756    0.262792486387
13758    0.262788456778
13760    0.262788172243
13762    0.262776252164
13764    0.262758588411
13766    0.262758588399
13768    0.262758588081
13770    0.262758578222
13772    0.262756309474
13774    0.262742764544
13776    0.262729255632
13778    0.262729245999
13780    0.262729233191
13782    0.262729233001
13784    0.26272375767
13786    0.262703885807
13788    0.262684008125
13790    0.262684008039
13792    0.262684007942
13794    0.262684007942
13796    0.262684007931
13798    0.262681901199
13800    0.262681451176
13802    0.26268145117
13804    0.26267830467
13806    0.26267830467
13808    0.262678162723
13810    0.262663373009
13812    0.262643914518
13814    0.262641130908
13816    0.26262344624
13818    0.26262343605
13820    0.262623405896
13822    0.262608473844
13848    0.261171046994
13850    0.261171046993
13852    0.261169230807
13854    0.261169230807
13856    0.261167889178
13858    0.261149249911
13860    0.261129587165
13862    0.26111949982
13864    0.261113214868
13866    0.261113210651
13868    0.261113190309
13894    0.260501605666
13896    0.260491568703
13898    0.260488683475
13900    0.260483053657
13902    0.260483048788
13904    0.260482664531
13906    0.26046337013
13908    0.260443230982
13910    0.260443230975
13912    0.26044287572
13914    0.26044281391
13916    0.260442804877
13918    0.260442193603
13920    0.260430580916
13922    0.260424220082
13924    0.260420388723
13926    0.26042012584
13928    0.260408290444
13930    0.26039076476
13932    0.260390764748
13934    0.260390764424
13936    0.260390754647
13938    0.260388547825
13940    0.260375210855
13942    0.26036190793
13944    0.260361898244
13946    0.260361885769
13948    0.260361885584
13950    0.260356481336
13952    0.260336715768
13954    0.260316940862
13956    0.260316940774
13958    0.260316940681
13960    0.26031694068
13962    0.260316940672
13964    0.260314909042
13966    0.260314464271
13968    0.260314464265
13970    0.260311377239
13972    0.260311377239
13974    0.260311233549
13976    0.260296706218
13978    0.260277339489
13980    0.260274627371
13982    0.260258167578
13984    0.26025815778
13986    0.260258128691
13988    0.260243404356
14014    0.258930441548
14016    0.258930441546
14018    0.258928635368
14020    0.258928635368
14022    0.258927303845
14024    0.258908805286
14026    0.258889430326
14028    0.258879904702
14030    0.25887344078
14032    0.258873436743
14034    0.258873417021
14060    0.258304068345
14062    0.258294061664
14064    0.258291226573
14066    0.258285701741
14068    0.258285697018
14070    0.258285321363
14072    0.258266113892
14074    0.258246068475
14076    0.25824606847
14078    0.258245732768
14080    0.258245672376
14082    0.258245663563
14084    0.258245069284
14086    0.258233645083
14088    0.258227483941
14090    0.258223840876
14092    0.258223597908
14094    0.258211845897
14096    0.258194456285
14098    0.258194456274
14100    0.258194455943
14102    0.258194446246
14104    0.258192299058
14106    0.258179166912
14108    0.258166066859
14110    0.258166057128
14112    0.258166044971
14114    0.258166044789
14116    0.258160710408
14118    0.258141050563
14120    0.258121377931
14122    0.258121377839
14124    0.258121377751
14126    0.25812137775
14128    0.258121377743
14130    0.258119416799
14132    0.258118977022
14134    0.258118977015
14136    0.258115947957
14138    0.258115947957
14140    0.258115802661
14142    0.258101532476
14144    0.258082256821
14146    0.258079613307
14148    0.258064438036
14150    0.258064428616
14152    0.258064400678
14154    0.258049873472
14180    0.256857440101
14182    0.256857440099
14184    0.256855643548
14186    0.256855643548
14188    0.256854322154
14190    0.256835963512
14192    0.256816862407
14194    0.25680790355
14196    0.256801263935
14198    0.256801260072
14200    0.256801241073
14203    0.256759171486
14205    0.256749310281
14207    0.256746524457
14209    0.256741101402
14211    0.256741096826
14213    0.256740729568
14215    0.256721612791
14217    0.256701659598
14219    0.256701659594
14221    0.2567013422
14223    0.256701283185
14225    0.256701274591
14227    0.256700696995
14229    0.256689456448
14231    0.256683485949
14233    0.25668002173
14235    0.256679797087
