26    5.028746889
52    4.88243975637
78    4.80922312383
98    4.6849315751
108    4.6844531118
134    4.63470623931
160    4.5757113024
186    4.52977425652
212    4.47946966688
238    4.39127361012
264    4.37195534538
290    4.36014955466
316    4.30374161665
342    4.25447140209
368    4.13163218326
394    4.06835852495
420    4.05949112368
446    3.95458006993
472    3.92629870317
498    3.88594426278
524    3.76272024594
526    3.76271838116
552    3.75926959151
578    3.64762718783
604    3.62872392849
630    3.56640522102
656    3.4481724269
682    3.44734021723
708    3.41862852881
734    3.30461548893
760    3.27435826077
786    3.16375105152
812    3.04163517574
838    3.03222433951
864    3.01483204045
890    2.90063529198
916    2.88602891179
942    2.74697780913
968    2.63401407175
987    2.50964789887
989    2.50964545335
1015    2.38867062402
1041    2.3758482714
1067    2.3312535282
1088    2.20653876783
1114    2.14612698013
1140    2.11974147713
1166    2.0906152112
1192    2.04954276247
1218    1.95162707712
1244    1.84018033034
1270    1.7171435819
1296    1.68959399818
1309    1.5663096087
1335    1.53821735683
1361    1.41145800599
1387    1.15175335916
1396    1.15102218964
1422    1.14576401488
1448    1.14265161929
1464    1.14203510753
1490    1.13237834439
1492    1.13237776581
1494    1.13237764192
1520    1.12400897304
1546    1.11241355858
1572    1.09849615102
1598    1.08458872823
1624    1.07812916758
1650    1.07041122515
1676    1.06301374945
1702    1.04101221913
1728    1.02143541636
1730    1.02143025117
1756    1.00918131846
1782    1.00315855925
1784    1.00313705955
1810    0.996397241171
1836    0.982106581603
1838    0.982104060086
1840    0.982093384951
1866    0.979074592718
1868    0.979061001895
1894    0.97379261126
1920    0.957476232218
1926    0.957339847618
1952    0.956720848985
1978    0.952378964576
1980    0.952369466133
2006    0.948264885943
2032    0.937710435788
2034    0.937708103556
2060    0.931509466445
2062    0.931491550315
2064    0.931481556503
2088    0.930429687739
2114    0.920875422864
2125    0.920487668479
2127    0.920486897492
2129    0.920486895931
2131    0.920486510304
2154    0.919484301354
2180    0.909384989808
2182    0.909384963814
2208    0.895524530549
2234    0.889573129571
2260    0.878627947115
2286    0.866740172179
2312    0.844843178858
2331    0.84386208027
2333    0.843861008658
2359    0.839543703021
2361    0.839543637098
2387    0.835149003208
2389    0.835132907239
2415    0.827328553733
2417    0.827312513555
2443    0.823062224788
2445    0.823043414332
2447    0.823022887032
2473    0.821223436443
2475    0.821223285447
2477    0.821223180466
2503    0.819579211448
2529    0.81511946343
2555    0.809092968322
2581    0.804415786846
2595    0.803992330591
2621    0.800706505785
2647    0.79622108226
2673    0.785044896302
2699    0.774355917157
2701    0.77435581078
2727    0.771822366107
2753    0.767968808322
2755    0.767967993888
2781    0.764448957455
2807    0.7562631764
2809    0.756263069458
2811    0.756252803275
2837    0.753872575056
2839    0.75387193681
2865    0.750475928223
2891    0.740791559134
2893    0.740789287322
2895    0.74076582358
2921    0.739908028634
2923    0.739907669985
2949    0.7383064854
2975    0.731047481676
2977    0.731047313308
3003    0.726214676018
3005    0.726211874862
3007    0.726211192793
3009    0.726191208151
3035    0.718867155964
3037    0.71886356527
3039    0.718863413471
3041    0.718863413372
3043    0.718863400398
3045    0.718841680642
3071    0.715360397863
3073    0.715360397841
3099    0.712032627981
3125    0.71051135677
3151    0.706901277954
3177    0.7019412636
3203    0.693372051083
3205    0.69336651941
3207    0.693365785739
3233    0.692500702864
3235    0.692500702577
3261    0.690699305986
3263    0.690685293838
3289    0.684596606302
3291    0.684583678049
3317    0.681298217965
3319    0.681281230426
3321    0.681262755818
3327    0.681136104481
3329    0.681136053347
3331    0.681136048802
3333    0.681114203074
3359    0.678585471219
3385    0.675062162639
3411    0.673165378111
3413    0.673155881032
3439    0.671622683343
3465    0.668843007413
3491    0.661925413633
3517    0.655486155195
3519    0.65548615517
3534    0.655077028532
3560    0.652613416172
3562    0.652613294461
3588    0.65045316442
3614    0.645070795547
3616    0.645070778401
3618    0.645060880866
3644    0.643271892887
3646    0.643271845015
3672    0.641030091176
3698    0.633317115414
3700    0.633316721218
3702    0.633294392154
3704    0.633281066486
3706    0.633281033268
3732    0.632317590927
3758    0.626220492686
3760    0.626220362821
3786    0.622505382505
3788    0.622504421356
3790    0.622504241491
3792    0.622485828729
3818    0.61680802238
3820    0.616805023698
3822    0.616804987338
3824    0.616804987334
3826    0.616804984708
3828    0.61678459548
3854    0.614816729352
3856    0.614816729345
3882    0.613869734908
3886    0.613798119502
3912    0.61252430127
3938    0.609471740744
3964    0.604597366652
3966    0.604595849996
3968    0.604595343358
3970    0.604582908367
3972    0.604582908269
3998    0.603520618984
4000    0.603508195345
4026    0.59868256094
4028    0.598672051166
4054    0.596182834161
4056    0.59616744329
4058    0.596150697083
4060    0.596136480722
4062    0.596136467093
4064    0.596136465947
4066    0.596125034313
4092    0.594598659308
4118    0.592151150723
4144    0.591253411623
4146    0.59125020512
4172    0.590458096533
4198    0.588661205332
4224    0.583737212732
4250    0.579322310973
4252    0.579322307614
4254    0.579307423519
4280    0.577682600277
4282    0.577682554528
4308    0.576116129318
4334    0.572470354204
4336    0.572470347683
4338    0.572460429872
4364    0.57114032033
4366    0.571140318175
4392    0.569665601267
4418    0.563191229031
4420    0.563191118028
4422    0.563170981481
4424    0.563163050299
4426    0.563163044767
4439    0.562851793232
4465    0.557425809091
4467    0.557425706981
4493    0.554624146337
4495    0.554623861467
4497    0.554623811029
4499    0.554606256849
4525    0.550152691876
4527    0.550150179899
4529    0.550150175118
4531    0.550150175113
4533    0.550150173661
4535    0.550130994457
4561    0.54876830544
4563    0.548768305413
4565    0.548749604328
4567    0.548735769079
4572    0.548639839287
4598    0.546411027228
4624    0.543118711628
4626    0.543118218008
4628    0.543117865642
4630    0.54311116166
4632    0.543111161623
4649    0.542676208683
4651    0.542665013298
4677    0.538660940407
4679    0.538652328152
4705    0.536768887343
4707    0.536754897726
4709    0.536739640822
4711    0.536731603711
4713    0.536731601878
4715    0.536731600826
4717    0.536725213609
4743    0.535787093847
4769    0.533928100571
4774    0.533831869221
4776    0.533830949494
4778    0.533811169564
4804    0.532612945194
4830    0.528674736633
4856    0.525219575375
4858    0.525219571844
4860    0.525210523414
4886    0.524089531673
4888    0.524089515823
4914    0.522766450307
4940    0.520256349776
4942    0.520256346636
4944    0.520246655423
4970    0.519273885333
4972    0.519273885217
4998    0.518288376189
5024    0.512749265807
5026    0.512749199994
5028    0.512731405092
5030    0.512725883525
5032    0.512725881349
5034    0.512702944395
5060    0.507786783523
5062    0.507786702071
5088    0.505703867366
5090    0.505703792706
5092    0.505703776968
5094    0.505686978937
5120    0.502154605354
5122    0.502152498574
5124    0.502152496859
5126    0.502152496846
5128    0.50215249541
5130    0.502134416934
5156    0.501189664076
5158    0.50118966406
5160    0.501176074865
5162    0.501167543977
5164    0.501152449962
5190    0.499505441265
5216    0.497204474347
5218    0.497204216138
5220    0.497203969402
5222    0.497199803165
5224    0.497199803146
5226    0.497176751285
5228    0.497166525981
5254    0.493673057889
5256    0.493665931899
5282    0.492229008401
5284    0.492216251052
5286    0.492202288882
5288    0.492197857392
5290    0.492197855235
5292    0.492197854487
5294    0.492194153964
5305    0.491938247773
5331    0.490442093677
5333    0.490421734739
5335    0.490421527243
5337    0.49040622564
5363    0.489560755094
5389    0.48623788065
5415    0.48325684746
5417    0.483256844653
5419    0.483251486101
5445    0.482441239758
5447    0.482441232964
5473    0.481208998937
5499    0.479434475833
5501    0.479434474278
5503    0.479425114617
5529    0.478697446871
5531    0.478697445968
5557    0.478005136965
5583    0.473188956703
5585    0.473188899191
5587    0.473173179532
5589    0.473169025254
5591    0.473169023713
5593    0.473146602738
5619    0.468653789577
5621    0.46865372387
5647    0.467120456184
5649    0.467120439923
5651    0.46712043481
5653    0.467104434363
5679    0.464281325461
5681    0.464279557771
5683    0.464279557092
5685    0.46427955708
5687    0.464279555566
5689    0.464262480414
5708    0.463786405561
5710    0.463786405551
5712    0.463776963621
5714    0.463771219686
5716    0.46376122076
5742    0.462545876018
5768    0.460907450849
5770    0.460907224227
5772    0.460907050332
5774    0.460904112672
5776    0.460904112655
5778    0.460881508468
5780    0.460872068958
5806    0.457708074078
5808    0.457702097714
5834    0.456593171391
5836    0.456581499327
5838    0.456568658582
5840    0.456565232712
5842    0.456565228542
5844    0.456565228007
5846    0.456562745937
5848    0.456539735095
5874    0.455328514294
5876    0.455311801659
5878    0.455311777796
5880    0.455299841514
5897    0.454898899043
5923    0.452015221169
5949    0.449294094684
5951    0.449294092526
5953    0.449290953493
5967    0.448971856013
5969    0.448971852642
5995    0.447761761152
6021    0.446456719517
6023    0.446456718775
6025    0.446447776673
6027    0.446425341058
6029    0.446425339547
6031    0.446402380837
6057    0.442160697877
6059    0.44216064731
6061    0.44214657647
6063    0.44214359158
6065    0.442143590392
6067    0.442121615262
6093    0.437986814346
6095    0.437986760821
6121    0.436865526224
6123    0.436865523986
6125    0.436865522436
6127    0.43685035171
6153    0.434585102592
6155    0.434583619252
6157    0.434583618978
6159    0.434583618974
6161    0.434583617416
6163    0.434567457152
6165    0.434544390301
6167    0.434544390289
6169    0.434537823482
6171    0.434533542229
6173    0.434526763484
6199    0.433632058065
6225    0.432448330304
6227    0.432448130137
6229    0.432448006991
6231    0.432445994038
6233    0.432445994024
6235    0.432423709855
6237    0.432414913245
6263    0.42948978017
6265    0.429484673073
6291    0.428619399862
6293    0.428608685283
6295    0.428596825487
6297    0.42859361952
6299    0.428593613187
6301    0.428593612844
6303    0.428591870758
6305    0.428569274265
6331    0.427587117997
6333    0.42757393105
6335    0.427573929261
6337    0.427564589786
6339    0.427542867633
6365    0.425005769025
6391    0.42245244798
6393    0.422452446452
6395    0.42245011858
6397    0.422428612663
6399    0.422428611142
6425    0.421231161781
6451    0.420160317488
6453    0.420160317067
6455    0.420151740033
6457    0.42013108138
6459    0.420131079183
6461    0.420109832489
6487    0.416334191859
6489    0.416334147144
6491    0.416321269099
6493    0.416319191596
6495    0.416319190594
6497    0.416297557672
6523    0.412465339362
6525    0.412465295353
6551    0.411648761709
6553    0.411648761699
6555    0.411648761334
6557    0.411634420191
6583    0.409814357621
6585    0.409813112957
6587    0.409813112117
6589    0.409813112117
6591    0.409813110614
6593    0.409797784779
6595    0.409774819024
6597    0.409774819016
6599    0.409770214467
6601    0.409767073453
6603    0.409762386133
6624    0.409238511602
6650    0.408371691556
6652    0.408371513745
6654    0.408371426129
6656    0.408370071759
6658    0.408370071748
6660    0.408348020109
6662    0.408339750343
6688    0.405615304796
6690    0.405610833182
6716    0.404929659297
6718    0.404919791051
6720    0.404908795678
6722    0.404905792265
6724    0.404905783595
6726    0.404905783357
6728    0.404904580861
6730    0.404882321536
6756    0.40408613916
6758    0.404075979371
6760    0.404075979167
6762    0.404068661136
6764    0.404048950638
6790    0.401814136145
6816    0.399404882552
6818    0.399404881391
6820    0.39940324672
6822    0.399383601977
6824    0.399383601018
6850    0.398212047716
6876    0.397309549245
6878    0.397309549007
6880    0.397301209087
6882    0.397282099818
6884    0.397282097341
6886    0.397262122951
6912    0.393867512879
6914    0.393867473121
6916    0.393855358578
6918    0.393853947302
6920    0.393853946404
6922    0.393832574633
6948    0.390255177667
6950    0.390255141139
6961    0.390011004566
6963    0.390011004101
6965    0.390011003153
6967    0.389997471259
6993    0.388487778655
6995    0.388486736132
6997    0.388486735292
6999    0.388486735272
7001    0.388486733831
7003    0.388472161189
7005    0.388449298959
7007    0.388449298952
7009    0.388446009135
7011    0.388443560857
7013    0.388440181098
7015    0.388417067331
7034    0.387952625146
7036    0.387952466536
7038    0.387952403915
7040    0.387951386853
7042    0.387951386844
7044    0.387929613903
7046    0.387921773734
7072    0.385385628841
7074    0.385381599733
7076    0.385358972496
7078    0.385349853464
7080    0.385339621389
7082    0.385336804723
7084    0.385336793627
7086    0.385336793442
7088    0.385335971608
7090    0.385314006222
7111    0.384805530532
7113    0.384797659953
7115    0.384797658083
7117    0.384791783308
7119    0.38477408382
7145    0.382807065414
7171    0.380543976187
7173    0.38054397514
7175    0.38054286158
7177    0.380524976809
7179    0.380524976181
7205    0.37939232985
7231    0.37861286285
7233    0.378612862715
7235    0.378604600072
7237    0.378586825305
7239    0.37858682269
7241    0.378567734138
7267    0.37548490845
7269    0.375484872908
7271    0.375473140254
7273    0.37547220147
7275    0.375472200633
7277    0.375451043403
7303    0.372087666491
7305    0.37208763591
7307    0.372067516627
7309    0.372067515337
7311    0.372067513639
7313    0.372054763386
7339    0.370771416073
7341    0.370770542959
7343    0.37077054272
7345    0.370770542665
7347    0.370770541299
7349    0.370756656236
7351    0.37073415111
7353    0.3707341511
7355    0.370731513137
7357    0.370729134675
7359    0.370726308009
7361    0.370703413298
7363    0.370680287692
7365    0.370680145858
7367    0.370680100901
7369    0.370679112968
7371    0.37067911296
7373    0.370657786441
7375    0.370650294315
7401    0.368271849162
7403    0.368268100044
7405    0.368246968707
7407    0.368238514012
7409    0.368228957398
7411    0.36822631131
7413    0.368226297878
7415    0.368226297722
7417    0.368225687628
7419    0.368204047452
7421    0.368180632034
7423    0.368174490957
7425    0.368174481686
7427    0.368169504917
7429    0.368153775236
7455    0.366426579154
7481    0.364316628479
7483    0.364316627532
7485    0.364315883534
7487    0.364299674245
7489    0.364299673833
7515    0.3632176833
7541    0.362528608822
7543    0.362528608747
7545    0.362520254278
7547    0.362503621212
7549    0.362503618486
7551    0.362485082004
7577    0.359656509112
7579    0.359656477168
7581    0.359644796769
7583    0.359644185226
7585    0.359644184421
7587    0.359623224948
7613    0.356439422482
7615    0.356439396516
7617    0.356422766336
7619    0.356422764324
7621    0.356422763528
7623    0.356410749059
7649    0.355322719848
7651    0.355321987598
7653    0.355321987548
7655    0.355321987467
7657    0.35532198616
7659    0.355308736645
7661    0.355286589243
7663    0.355286589237
7665    0.355284068012
7667    0.355281759942
7669    0.355279014875
7671    0.355256419184
7673    0.35523359313
7675    0.355233465846
7677    0.355233433437
7679    0.355232473598
7681    0.355232473592
7683    0.355211583536
7685    0.355204369577
7711    0.352986454019
7713    0.352982855666
7715    0.352963246609
7717    0.352955381959
7719    0.352946424371
7721    0.352943931153
7723    0.352943923926
7725    0.352943923785
7727    0.352943324952
7729    0.352922151677
7731    0.35289875282
7733    0.352893940319
7735    0.352893921969
7737    0.352889750634
7739    0.352875879737
7765    0.351362045229
7791    0.349411081651
7793    0.349411080802
7795    0.349410591242
7797    0.34939597882
7799    0.349395978546
7825    0.34837443316
7844    0.347937532819
7846    0.347937532774
7848    0.347928919777
7850    0.347913005457
7852    0.347913002625
7854    0.347894697071
7880    0.34527207398
7882    0.345272045117
7884    0.345260137145
7886    0.34525974815
7888    0.345259747356
7890    0.345238989613
7916    0.342205945816
7918    0.342205923414
7920    0.342192323137
7922    0.342192320539
7924    0.342192320061
7926    0.342180988439
7952    0.341261748017
7954    0.34126113304
7956    0.341261133035
7958    0.341261132931
7960    0.341261131669
7962    0.341248471386
7964    0.341226674836
7966    0.34122667483
7968    0.341224263591
7970    0.341222023217
7972    0.341219356638
7974    0.341197054919
7976    0.341174520881
7978    0.341174406249
7980    0.341174382801
7982    0.341173450066
7984    0.34117345006
7986    0.34115298689
7988    0.341145996623
8014    0.339088122728
8016    0.33908458712
8018    0.339066482358
8020    0.339059142668
8022    0.3390507174
8024    0.339048366646
8026    0.339048361898
8028    0.339048361762
8030    0.339047774299
8032    0.339027055822
8034    0.33900365252
8036    0.338999867059
8038    0.338999841541
8040    0.338996372461
8042    0.338984232661
8068    0.337661049563
8094    0.335872259111
8096    0.335872258365
8098    0.335871900974
8100    0.335858805217
8102    0.33585880511
8128    0.334905136706
8130    0.334881685274
8132    0.334881685244
8134    0.334872655883
8136    0.334856869579
8138    0.33485686664
8140    0.334838631425
8166    0.332381219142
8168    0.332381192927
8170    0.332368824216
8172    0.332368584088
8174    0.332368583288
8176    0.332348043673
8202    0.32944188426
8204    0.329441864655
8206    0.329430838087
8208    0.329430834991
8210    0.329430834626
8212    0.329420138273
8238    0.32864547932
8240    0.328644962118
8242    0.328644962117
8244    0.328644961988
8246    0.328644960761
8248    0.328632848152
8250    0.328611396266
8252    0.328611396263
8254    0.32860908871
8256    0.328606913444
8258    0.328604322383
8260    0.328582309735
8262    0.328560060614
8264    0.328559957018
8266    0.328559940005
8268    0.328559033426
8270    0.328559033421
8272    0.328538987855
8274    0.328532181008
8300    0.326631069224
8302    0.326627540181
8304    0.326610887131
8306    0.326604015311
8308    0.326596064115
8310    0.326593846218
8312    0.326593842359
8314    0.326593842222
8316    0.326593266166
8318    0.32657299094
8320    0.326549569206
8322    0.326546581767
8324    0.326546552615
8326    0.326543683812
8328    0.326533135464
8354    0.325380409534
8380    0.323753499392
8382    0.323753498754
8384    0.323753167784
8386    0.323741502148
8388    0.323741502119
8414    0.322860610728
8416    0.322837271105
8418    0.322837271084
8420    0.322827681294
8422    0.322812020657
8424    0.322812017582
8426    0.322793849302
8452    0.320467311786
8454    0.320467287857
8456    0.320454269977
8458    0.320454127644
8460    0.320454126826
8462    0.320433828141
8488    0.317635075522
8490    0.317635058139
8492    0.31762619514
8494    0.317626191593
8496    0.317626191281
8498    0.317616086853
8522    0.317033962182
8524    0.31703352659
8526    0.31703352658
8528    0.31703352643
8530    0.317033525233
8532    0.317021922759
8534    0.317000809812
8536    0.317000809808
8538    0.316998600067
8540    0.316996487432
8542    0.316993969059
8544    0.31697224077
8546    0.316950269915
8548    0.31695017597
8550    0.316950163604
8552    0.316949282275
8554    0.316949282271
8556    0.316929645343
8558    0.316922994144
8584    0.315173152724
8586    0.315169598342
8588    0.315154319359
8590    0.315147865307
8592    0.315140337276
8594    0.315138243367
8596    0.315138239631
8598    0.315138239491
8600    0.315137674823
8602    0.315117831846
8604    0.31509438506
8606    0.315092020442
8608    0.315091991286
8610    0.315089628253
8612    0.315080524465
8638    0.314079895564
8664    0.312611101184
8666    0.31261110062
8668    0.3126107937
8670    0.312600462343
8672    0.312600462236
8698    0.311794768135
8700    0.311771537465
8702    0.311771537452
8704    0.311761258602
8706    0.31174572131
8708    0.311745718079
8710    0.311727613397
8736    0.309503165857
8738    0.309503143911
8740    0.3094893326
8742    0.309489253029
8744    0.309489252183
8746    0.309469219584
8772    0.306762360133
8774    0.306762344522
8776    0.306755099933
8778    0.306755095958
8780    0.306755095698
8782    0.306745541749
8784    0.306722232259
8786    0.30672186467
8788    0.30672186465
8790    0.306721864522
8792    0.30672186335
8794    0.306710736556
8796    0.306689957061
8798    0.306689957057
8800    0.306687839639
8802    0.306685787259
8804    0.30668333887
8806    0.306661890336
8808    0.306640191437
8810    0.306640105954
8812    0.30664009696
8814    0.306639240013
8816    0.30663924001
8818    0.306620002978
8820    0.306613490101
8846    0.305007778248
8848    0.305004184652
8850    0.304990185645
8852    0.304984105332
8854    0.30497695589
8856    0.304974977768
8858    0.30497497372
8860    0.304974973573
8862    0.304974420233
8864    0.304954998929
8866    0.304931527189
8868    0.304929650563
8870    0.30492962429
8872    0.304927682861
8874    0.304919874315
8900    0.304054454655
8926    0.302737129284
8928    0.302737128785
8930    0.302736844018
8932    0.30272774496
8934    0.302727744822
8960    0.301997492293
8962    0.301974367533
8964    0.301974367525
8966    0.301963289338
8968    0.301947873095
8970    0.301947869689
8972    0.301929825307
8998    0.299783595536
9000    0.29978357532
9002    0.299768870764
9004    0.29976883012
9006    0.299768829242
9008    0.299749087803
9034    0.297122233032
9036    0.297122218766
9038    0.297115099244
9040    0.297115094852
9042    0.297115094832
9044    0.297106045355
9046    0.29708294815
9048    0.297082637525
9050    0.297082637497
9052    0.297082637388
9054    0.297082636236
9056    0.297071954706
9058    0.297051503425
9060    0.297051503422
9062    0.297049473205
9064    0.297047478817
9066    0.297045097833
9068    0.297023924647
9070    0.297002491784
9072    0.297002413744
9074    0.29700240721
9076    0.297001573815
9078    0.297001573812
9080    0.296982728219
9082    0.296976344674
9108    0.295506504643
9110    0.295502870912
9112    0.295490048863
9114    0.295484303588
9116    0.295477493688
9118    0.295475623775
9120    0.295475619136
9122    0.295475618982
9124    0.295475076877
9126    0.295456067142
9128    0.295432576298
9130    0.295431083379
9132    0.295431061832
9134    0.295429469058
9136    0.295422808679
9162    0.294677019702
9188    0.293502359108
9190    0.29350235867
9192    0.293502094395
9194    0.293494122012
9196    0.293494121871
9222    0.29283772044
9224    0.292814698532
9226    0.292814698528
9228    0.292802731852
9230    0.292787434455
9232    0.292787430855
9234    0.29276944358
9260    0.290681989282
9262    0.290681970582
9264    0.290666317787
9266    0.29066629998
9268    0.290666299067
9270    0.290646872532
9296    0.288091476975
9298    0.288091463818
9300    0.288084465008
9302    0.288084460214
9304    0.288084460191
9306    0.288075880776
9308    0.288052992538
9310    0.288052729708
9312    0.288052729675
9314    0.288052729581
9316    0.288052728448
9318    0.288042464358
9320    0.288022336209
9322    0.288022336206
9324    0.2880203884
9326    0.288018449838
9328    0.2880161338
9330    0.287995231681
9332    0.287974059248
9334    0.287973987773
9336    0.287973983042
9338    0.287973172403
9340    0.2879731724
9342    0.287954710008
9344    0.287948453064
9370    0.286605564621
9372    0.286601898645
9374    0.286590147657
9376    0.286584703352
9378    0.286578198732
9380    0.286576430017
9382    0.28657642459
9384    0.286576424429
9386    0.286575893441
9388    0.286557285549
9390    0.286533785883
9392    0.286532595637
9394    0.286532579606
9396    0.286531273458
9398    0.286525620311
9420    0.286000722208
9446    0.284958488359
9448    0.284958487975
9450    0.284958242688
9452    0.284951290861
9454    0.284951290727
9459    0.28485627411
9461    0.284833350363
9463    0.284833350361
9465    0.284820429641
9467    0.284805249102
9469    0.284805245293
9471    0.284787312197
9497    0.282743212996
9499    0.282743195634
9501    0.282726583941
9503    0.282726578225
9505    0.282726577277
9507    0.282707487309
9533    0.280218042806
9535    0.280218030573
9537    0.280211148574
9539    0.280211143397
9541    0.280211143246
9543    0.280203002451
9545    0.280180320399
9547    0.280180097736
9549    0.280180097699
9551    0.280180097618
9553    0.2801800965
9555    0.280170224292
9557    0.280150414261
9559    0.280150414258
9561    0.280148544377
9563    0.280146659567
9565    0.280144406113
9567    0.280123770855
9569    0.280102853465
9571    0.280102787795
9573    0.280102784389
9575    0.280101995741
9577    0.280101995738
9579    0.280083908465
9581    0.280077779761
9607    0.27885263853
9609    0.278848953725
9611    0.2788381697
9613    0.278832996342
9615    0.278826766883
9617    0.278825092867
9619    0.278825086267
9621    0.278825086098
9623    0.278824566141
9625    0.278806351434
9627    0.278782902378
9629    0.278781915092
9631    0.278781913332
9633    0.278780800551
9635    0.278775945579
9637    0.278752544868
9663    0.277834342518
9665    0.277834342172
9667    0.277834114467
9669    0.277827824692
9671    0.27782782458
9674    0.277780599494
9676    0.277757770215
9678    0.277757770214
9680    0.277743855691
9682    0.277728789904
9684    0.277728785878
9686    0.277710903879
9712    0.275698427482
9714    0.275698411309
9716    0.275680872789
9718    0.275680872088
9720    0.275680871108
9722    0.275662137109
9748    0.273235859991
9750    0.273235848537
9752    0.273229079846
9754    0.273229074312
9756    0.273229073986
9758    0.273221343006
9760    0.273198864762
9762    0.273198675911
9764    0.273198675871
9766    0.2731986758
9768    0.273198674696
9770    0.273189170866
9772    0.273169674067
9774    0.273169674065
9776    0.273167877912
9778    0.273166044874
9780    0.273163851755
9782    0.273143479288
9784    0.273122811837
9786    0.273122751316
9788    0.273122748886
9790    0.273121981495
9792    0.273121981493
9794    0.273104261475
9796    0.27309826545
9822    0.271981689294
9824    0.271978002085
9826    0.271968086157
9828    0.271963157276
9830    0.271957176494
9832    0.271955591152
9834    0.271955582359
9836    0.271955582183
9838    0.27195507327
9840    0.271937245472
9842    0.271914035514
9844    0.271913086059
9846    0.271913085763
9848    0.271911981092
9850    0.271907577036
9852    0.27188434292
9878    0.271074588257
9880    0.271074587945
9882    0.271074376558
9884    0.271068698501
9886    0.271068698409
9888    0.271045078614
9890    0.271022340326
9892    0.271022340326
9894    0.271007419617
9896    0.270992466552
9898    0.270992462304
9900    0.270974628398
9926    0.268985419024
9928    0.268985403915
9930    0.268967010234
9932    0.268967010001
9934    0.268967008992
9936    0.268948648079
9962    0.26658511639
9964    0.266585105597
9966    0.26657844705
9968    0.266578441198
9970    0.266578440688
9972    0.266571093043
9974    0.266548816519
9976    0.266548656175
9978    0.266548656134
9980    0.266548656072
9982    0.266548654981
9984    0.266539497863
9986    0.266520309549
9988    0.266520309547
9990    0.266518583196
9992    0.266516800042
9994    0.266514665108
9996    0.266494551525
9998    0.26647412919
10000    0.266474073249
10002    0.266474071538
10004    0.266473324704
10006    0.266473324701
10008    0.266455964293
10010    0.266450106891
10036    0.265433162627
10038    0.265429490565
10040    0.265420351348
10042    0.265415643594
10044    0.265409888175
10046    0.265408385937
10048    0.265408375637
10050    0.265408375454
10052    0.265407877343
10054    0.265390427255
10056    0.265367449984
10058    0.265366536569
10060    0.265366534711
10062    0.265365438337
10064    0.265361473761
10066    0.265338416018
10092    0.264623982762
10094    0.264623982481
10096    0.264623786242
10098    0.264618677118
10100    0.264618677043
10103    0.264571453557
10105    0.26454880305
10107    0.26454880305
10109    0.264532891904
10111    0.264518049561
10113    0.264518045095
10115    0.264500256301
10141    0.262529023186
10143    0.262529009033
10145    0.262509866735
10147    0.262509864159
10149    0.26250986313
10151    0.262491890144
10177    0.260192629406
10179    0.260192619181
10181    0.260186067887
10183    0.260186061762
10185    0.26018606109
10187    0.260179072324
10189    0.260156995577
10191    0.260156859307
10193    0.260156859263
10195    0.260156859209
10197    0.260156858129
10199    0.260148027697
10201    0.260129143208
10203    0.260129143206
10205    0.260127482979
10207    0.260125747905
10209    0.260123669101
10211    0.260103810601
10213    0.260083628779
10215    0.260083576922
10217    0.26008357574
10219    0.260082848789
10221    0.260082848788
10223    0.260065840525
10225    0.260060128173
10251    0.259134288218
10253    0.259130648611
10255    0.259122203452
10257    0.259117696192
10259    0.259112145583
10261    0.25911072128
10263    0.25911071001
10265    0.259110709822
10267    0.259110222283
10269    0.259093141032
10271    0.25907039174
10273    0.259069512626
10275    0.259069510072
10277    0.259068422153
10279    0.259064873244
10281    0.259041990376
10301    0.258573461612
10303    0.258573461348
10305    0.25857327916
10307    0.258568574628
10309    0.258568574566
10311    0.258545025782
10313    0.258522460142
10315    0.258522460142
10317    0.258505602274
10319    0.258490868702
10321    0.258490864025
10323    0.258473117424
10349    0.256517318007
10351    0.25651730472
10353    0.256497549203
10355    0.256497542676
10357    0.256497541633
10359    0.256479969204
10385    0.254248008481
10387    0.25424799875
10389    0.254241552038
10391    0.254241545693
10393    0.254241544888
10395    0.254234892326
10397    0.254213013477
10399    0.254212897568
10401    0.254212897523
10403    0.254212897475
10405    0.254212896406
10407    0.254204374094
10409    0.254185788833
10411    0.25418578883
10413    0.254184191274
10415    0.254182502555
10417    0.254180477911
10419    0.254160870773
10421    0.254140925036
10423    0.254140876832
10425    0.254140876036
10427    0.254140168322
10429    0.25414016832
10431    0.254123504888
10433    0.254117943749
10459    0.253275188511
10461    0.253271597502
10463    0.253263772987
10465    0.253259447972
10467    0.253254084014
10469    0.253252732847
10471    0.253252720987
10473    0.253252720795
10475    0.253252243602
10477    0.253235522603
10479    0.253212999617
10481    0.253212151003
10483    0.253212148226
10485    0.253211069112
10487    0.253207813961
10489    0.253185096528
10491    0.253161615074
10493    0.253161614807
10495    0.25316144561
10497    0.253156803408
10499    0.253156803359
10501    0.253133382118
10503    0.253110899107
10505    0.253110899106
10507    0.253093165045
10509    0.253078538312
10511    0.253078533439
10513    0.25306082613
10539    0.251120335919
10541    0.251120323422
10543    0.251100111952
10545    0.251100100685
10547    0.251100099638
10549    0.251082938277
10575    0.248922354591
10577    0.248922345293
10579    0.248916000683
10581    0.248915994178
10583    0.248915993275
10585    0.248909655822
10587    0.248887973023
10589    0.24888787436
10591    0.248887874314
10593    0.248887874271
10595    0.248887873214
10597    0.248879641787
10599    0.248861351213
10601    0.248861351211
10603    0.248859813087
10605    0.248858169071
10607    0.248856196701
10609    0.248836837283
10611    0.248817123366
10613    0.248817078439
10615    0.248817077924
10617    0.248816388823
10619    0.248816388821
10621    0.248800063053
10623    0.248794658526
10649    0.248027534782
10651    0.24802400677
10653    0.248016738666
10655    0.248012579732
10657    0.248007386371
10659    0.248006103877
10661    0.24800609168
10663    0.248006091484
10665    0.248005624424
10667    0.247989255358
10669    0.247966960407
10671    0.247966135705
10673    0.247966133795
10675    0.247965064099
10677    0.247961857345
10679    0.247939298206
10681    0.247915951765
10683    0.247915951494
10685    0.247915794375
10687    0.247911213292
10689    0.247911213255
10691    0.247887918883
10693    0.247865515415
10695    0.247865515413
10697    0.247847000394
10699    0.247832478645
10701    0.247832473593
10703    0.24781480276
10729    0.245891571334
10731    0.24589155956
10733    0.245871063806
10735    0.245871047575
10737    0.245871046534
10739    0.245854304752
10765    0.243769779417
10767    0.243769770499
10769    0.243763525689
10771    0.243763519086
10773    0.243763518117
10775    0.243757476118
10777    0.24373598759
10779    0.243735903556
10781    0.243735903509
10783    0.24373590347
10785    0.243735902421
10787    0.243727945875
10789    0.243709945555
10791    0.243709945553
10793    0.243708463823
10795    0.243706862933
10797    0.243704941035
10799    0.243685825819
10801    0.243666339666
10803    0.243666297685
10805    0.243666297369
10807    0.243665626286
10809    0.243665626284
10811    0.243649631201
10813    0.243644387617
10839    0.242946033379
10841    0.242942580715
10843    0.242935813517
10845    0.242931806346
10847    0.242926769377
10849    0.24292555141
10851    0.242925539036
10853    0.242925538838
10855    0.242925081694
10857    0.242909056534
10859    0.242886986356
10861    0.242886184598
10863    0.242886183348
10865    0.242885123066
10867    0.242881963753
10869    0.242859561503
10871    0.242836348671
10873    0.242836348399
10875    0.242836202504
10877    0.242831681369
10879    0.24283168134
10881    0.242808513177
10883    0.242786186258
10885    0.242786186255
10887    0.242767007101
10889    0.242752588519
10891    0.242752583314
10893    0.242734946194
10919    0.240832626934
10921    0.240832615824
10923    0.240812014222
10925    0.240811993182
10927    0.240811992156
10929    0.240795676488
10955    0.238792069358
10957    0.238792060781
10959    0.238785913609
10961    0.238785906972
10963    0.238785905969
10965    0.238780141048
10967    0.23875884503
10969    0.238758773425
10971    0.238758773377
10973    0.238758773342
10975    0.238758772304
10977    0.23875107574
10979    0.238733361306
10981    0.238733361304
10983    0.238731933113
10985    0.238730373843
10987    0.238728500691
10989    0.238709626244
10991    0.238690363945
10993    0.23869032462
10995    0.238690324443
10997    0.238689670803
10999    0.238689670802
11001    0.23867399957
11003    0.238668920017
11027    0.238103345621
11029    0.238100093019
11031    0.238093733938
11033    0.238089865824
11035    0.238084972649
11037    0.238083815352
11039    0.238083802901
11041    0.238083802701
11043    0.238083355262
11045    0.238067666217
11047    0.23804581783
11049    0.2380450381
11051    0.238045037338
11053    0.238043986454
11055    0.238040873653
11057    0.238018626925
11059    0.237995546356
11061    0.237995546084
11063    0.237995410624
11065    0.237990948293
11067    0.237990948271
11069    0.237967905665
11071    0.237945652379
11073    0.237945652375
11075    0.237925943586
11077    0.237911626386
11079    0.237911621055
11081    0.237894014929
11107    0.236017586252
11109    0.236017575755
11111    0.235997046268
11113    0.235997020823
11115    0.23599701982
11117    0.235981134877
11143    0.234063109582
11145    0.234063101311
11147    0.234057049739
11149    0.234057043127
11151    0.234057042116
11153    0.234051537069
11155    0.234030431797
11157    0.234030370761
11159    0.234030370713
11161    0.234030370681
11163    0.234030369652
11165    0.234022919183
11167    0.234005486324
11169    0.234005486322
11171    0.234004108987
11173    0.234002589895
11175    0.234000763833
11177    0.233982126792
11179    0.233963084576
11181    0.233963047654
11183    0.23396304757
11185    0.233962410823
11187    0.233962410821
11189    0.233947056749
11191    0.233942221474
11193    0.233918647197
11195    0.23391624268
11197    0.233909942703
11199    0.233906202346
11201    0.233901441772
11203    0.233900341549
11205    0.233900329079
11207    0.233900328878
11209    0.233899890935
11211    0.233884530415
11213    0.233862900998
11215    0.233862142423
11217    0.233862142006
11219    0.233861100498
11221    0.233858033297
11223    0.233835940715
11225    0.233812991083
11227    0.233812990811
11229    0.233812865055
11231    0.233808460408
11233    0.233808460392
11235    0.233785542663
11237    0.233763360133
11239    0.233763360127
11241    0.233743269333
11243    0.233729051745
11245    0.23372904632
11247    0.233711468489
11273    0.231866849973
11275    0.231866840044
11277    0.231846553658
11279    0.231846524366
11281    0.231846523396
11283    0.231831071888
11309    0.230002780822
11311    0.230002772828
11313    0.229996814912
11315    0.229996808384
11317    0.229996807386
11319    0.229991546082
11321    0.229970629757
11323    0.229970577725
11325    0.229970577674
11327    0.229970577647
11329    0.229970576627
11331    0.229963359281
11333    0.229946203718
11335    0.229946203716
11337    0.229944874713
11339    0.229943394414
11341    0.229941613854
11343    0.229923210897
11345    0.229904385085
11347    0.229904350341
11349    0.229904350323
11351    0.229903729937
11353    0.229903729935
11355    0.229888686445
11357    0.229884531773
11359    0.229861006061
11361    0.229859041685
11363    0.229852799941
11365    0.229849177302
11367    0.229844539386
11369    0.229843492891
11371    0.229843480437
11373    0.229843480236
11375    0.229843051583
11377    0.229828012254
11379    0.229806599181
11381    0.229805860934
11383    0.229805860746
11385    0.229804828585
11387    0.229801806104
11389    0.229779866388
11391    0.229757046476
11393    0.229757046204
11395    0.229756929472
11397    0.229752581433
11399    0.229752581421
11401    0.229729787954
11403    0.229707673429
11405    0.229707673423
11407    0.229687356557
11409    0.229673236875
11411    0.22967323139
11413    0.229655679254
11439    0.227849366094
11441    0.227849356692
11443    0.22782947205
11445    0.227829439556
11447    0.227829438625
11449    0.227814421486
11475    0.226079271778
11477    0.226079264035
11479    0.22607339794
11481    0.226073391551
11483    0.226073390583
11485    0.226068357908
11487    0.226047628786
11489    0.226047584431
11491    0.22604758438
11493    0.226047584354
11495    0.226047583343
11497    0.226040587025
11499    0.226023704579
11501    0.226023704577
11503    0.226022421535
11505    0.226020978709
11507    0.22601924213
11509    0.226001070052
11511    0.225982457135
11513    0.225982424371
11515    0.225982424371
11517    0.225981819835
11519    0.225981819835
11521    0.225967080523
11523    0.225963318217
11525    0.225939855488
11527    0.225938125089
11529    0.225931940731
11531    0.225928426862
11533    0.225923902748
11535    0.225922906862
11537    0.225922894441
11539    0.225922894241
11541    0.225922474677
11543    0.225907749407
11545    0.225886550159
11547    0.225885831455
11549    0.225885831397
11551    0.225884808554
11553    0.225881829936
11555    0.225860041836
11557    0.225837350476
11559    0.225837350206
11561    0.225837241865
11563    0.225832949383
11565    0.225832949375
11567    0.225810279568
11569    0.225788230366
11571    0.225788230358
11573    0.225767846573
11575    0.225753823128
11577    0.225753817616
11579    0.225736288628
11605    0.223974993569
11607    0.223974984658
11609    0.223955643783
11611    0.22395560877
11613    0.223955607884
11615    0.223941024297
11641    0.222301505306
11643    0.222301497794
11645    0.22229572177
11647    0.222295715564
11649    0.222295714639
11651    0.222290896419
11653    0.22227035276
11655    0.222270314957
11657    0.222270314905
11659    0.222270314882
11661    0.222270313879
11663    0.222263527279
11665    0.222246913831
11667    0.222246913829
11669    0.222245674513
11671    0.222244267895
11673    0.222242573842
11675    0.222224629505
11677    0.222206226084
11679    0.222206195124
11681    0.222206195097
11683    0.222205605923
11685    0.222205605921
11687    0.222191164517
11689    0.222187646259
11691    0.222164256581
11693    0.222162655266
11695    0.222156527468
11697    0.22215311439
11699    0.222148696176
11701    0.222147747987
11703    0.222147735609
11705    0.22214773541
11707    0.222147324737
11709    0.222132906591
11711    0.222111918729
11713    0.222111218822
11715    0.222111218818
11717    0.222110205254
11719    0.222107269662
11721    0.222085631958
11723    0.222063068023
11725    0.222063067755
11727    0.222062967219
11729    0.222058729276
11731    0.22205872927
11733    0.222036182528
11735    0.222014196035
11737    0.222014196026
11739    0.22199390279
11741    0.221979973943
11743    0.22197996844
11745    0.221962460111
11771    0.220252791154
11773    0.220252782698
11775    0.220234108049
11777    0.220234071198
11779    0.220234070362
11781    0.220219917844
11807    0.218677505374
11809    0.218677498076
11811    0.218671810442
11813    0.218671804461
11815    0.218671803587
11817    0.218667186536
11819    0.218646826604
11821    0.2186467944
11823    0.218646794348
11825    0.218646794327
11827    0.218646793333
11829    0.218640205871
11831    0.218623857357
11833    0.218623857355
11835    0.218622659663
11837    0.218621288042
11839    0.218619635116
11841    0.218601915446
11843    0.218583718227
11845    0.218583688915
11847    0.218583688828
11849    0.218583114542
11851    0.218583114541
11853    0.218568964902
11855    0.218565612839
11857    0.218542303181
11859    0.218540777087
11861    0.218534705044
11863    0.218531385627
11865    0.218527066253
11867    0.218526163045
11869    0.218526150711
11871    0.218526150513
11873    0.218525748537
11875    0.218511630762
11877    0.218490851915
11879    0.218490170094
11881    0.218490170082
11883    0.218489165758
11885    0.218486272377
11887    0.218464783879
11889    0.218442346285
11891    0.218442346019
11893    0.218442252742
11895    0.218438068341
11897    0.218438068338
11899    0.218415644077
11901    0.218393717739
11903    0.218393717729
11905    0.218373666278
11907    0.218359830424
11909    0.218359824964
11911    0.218342334864
11937    0.216690514406
11939    0.216690506374
11941    0.21667259915
11943    0.216672561115
11945    0.216672560333
11947    0.216658834837
11973    0.215213960843
11975    0.215213953743
11977    0.215208352887
11979    0.215208347162
11981    0.215208346345
11983    0.215203918014
11985    0.215183740075
11987    0.21518371266
11989    0.215183712606
11991    0.215183712587
11993    0.215183711601
11995    0.21517731337
11997    0.215161225782
11999    0.215161225781
12001    0.215160067731
12003    0.215158729947
12005    0.215157116807
12007    0.215139618791
12009    0.215121624576
12011    0.215121596774
12013    0.215121596601
12015    0.215121036749
12017    0.215121036748
12019    0.215107172863
12021    0.215103944912
12023    0.215080720039
12025    0.215079241164
12027    0.215073224086
12029    0.215069991951
12031    0.215065765094
12033    0.215064904329
12035    0.215064892039
12037    0.215064891844
12039    0.215064498373
12041    0.215050674395
12043    0.215030102245
12045    0.215029437836
12047    0.215029437767
12049    0.215028442639
12051    0.215025590674
12053    0.215004250217
12055    0.214981937915
12057    0.214981937652
12059    0.214981851127
12061    0.214977719302
12063    0.2149777193
12065    0.214955416947
12067    0.21493354827
12069    0.214933548258
12071    0.214913879638
12073    0.2149001352
12075    0.214900129816
12077    0.214882655573
12103    0.213294288739
12105    0.213294281102
12107    0.213277220696
12109    0.213277182083
12111    0.213277181357
12113    0.21326387739
12139    0.211915955509
12141    0.211915948593
12143    0.211910432963
12145    0.211910427518
12147    0.211910426761
12149    0.211906175497
12151    0.211886177826
12153    0.211886154508
12155    0.211886154454
12157    0.211886154437
12159    0.211886153459
12161    0.211879935177
12163    0.211864104564
12165    0.211864104562
12167    0.211862984285
12169    0.211861679226
12171    0.211860104586
12173    0.21184282527
12175    0.211825030956
12177    0.21182500454
12179    0.211825004265
12181    0.21182445841
12183    0.211824458409
12185    0.211810874388
12187    0.211807746845
12189    0.211784609961
12191    0.211783163499
12193    0.211777200612
12195    0.21177405004
12197    0.21176991003
12199    0.211769089337
12201    0.211769077088
12203    0.211769076896
12205    0.211768691742
12207    0.211755155155
12209    0.211734787432
12211    0.211734139793
12213    0.211734139627
12215    0.21173315365
12217    0.211730342325
12219    0.211709148769
12221    0.211686960742
12223    0.211686960481
12225    0.211686880239
12227    0.211682800046
12229    0.211682800045
12231    0.21166061903
12233    0.211638805576
12235    0.211638805563
12237    0.211619647385
12239    0.211605992817
12241    0.211605987538
12243    0.211588526842
12269    0.210068423734
12271    0.210068416465
12273    0.21005226089
12275    0.210052222246
12277    0.210052221578
12279    0.210039332339
12305    0.208786827741
12307    0.208786820999
12309    0.208781389094
12311    0.208781383947
12313    0.208781383253
12315    0.208777298158
12317    0.208757479034
12319    0.208757459227
12321    0.208757459172
12323    0.208757459156
12325    0.208757458187
12327    0.20875141115
12329    0.208735833613
12331    0.208735833612
12333    0.208734749346
12335    0.208733475946
12337    0.20873193857
12339    0.208714875056
12341    0.208697277624
12343    0.208697252484
12345    0.208697252096
12347    0.208696719816
12349    0.208696719815
12351    0.208683409896
12353    0.208680368654
12355    0.208657321869
12357    0.208655899815
12359    0.208649990362
12361    0.20864691622
12363    0.20864285796
12365    0.20864207512
12367    0.20864206291
12369    0.208642062721
12371    0.208641685701
12373    0.208628430261
12375    0.20860826474
12377    0.208607633259
12379    0.208607632968
12381    0.208606656092
12383    0.208603884653
12385    0.20858283688
12387    0.208560772146
12389    0.208560771888
12391    0.208560697491
12393    0.208556668011
12395    0.208556668011
12397    0.208534607775
12399    0.208512847162
12401    0.208512847147
12403    0.208494311173
12405    0.208480744956
12407    0.20848073981
12409    0.208463290413
12435    0.207015343735
12437    0.207015336809
12439    0.207000123903
12441    0.20700008571
12443    0.207000085098
12445    0.206987602622
12471    0.205828134116
12473    0.205828127537
12475    0.205822777907
12477    0.205822773068
12479    0.205822772436
12481    0.205818843328
12483    0.205799201042
12485    0.20579918424
12487    0.205799184183
12489    0.205799184169
12491    0.205799183209
12493    0.205793299251
12495    0.205777970946
12497    0.205777970945
12499    0.205776921028
12501    0.205775678264
12503    0.205774176967
12505    0.205757326411
12507    0.205739922923
12509    0.20573989896
12511    0.205739898455
12513    0.205739379344
12515    0.205739379343
12517    0.205726337878
12519    0.20572337397
12521    0.205700418611
12523    0.205699016512
12525    0.205693159744
12527    0.205690157417
12529    0.20568617632
12531    0.205685429257
12533    0.205685417083
12535    0.205685416897
12537    0.205685047828
12539    0.205672067447
12541    0.205652101941
12543    0.205651486035
12545    0.205651485599
12547    0.205650517773
12549    0.205647785481
12551    0.205626882397
12553    0.205604939996
12555    0.205604939742
12557    0.205604870783
12559    0.205600891119
12561    0.205600891118
12563    0.205578951109
12565    0.205557241003
12567    0.205557240988
12569    0.205539421552
12571    0.205525942196
12573    0.205525937206
12575    0.205508496919
12601    0.204135613267
12603    0.20413560666
12605    0.204121355868
12607    0.204121318533
12609    0.204121317978
12611    0.204109233297
12637    0.203039696061
12639    0.203039689635
12641    0.203034420874
12643    0.203034416349
12645    0.203034415776
12647    0.203030633155
12649    0.203011166005
12651    0.203011151781
12653    0.203011151724
12655    0.203011151712
12657    0.203011150759
12659    0.203005422217
12661    0.202990339353
12663    0.202990339351
12665    0.202989322212
12667    0.202988109106
12669    0.202986642747
12671    0.20297000236
12673    0.202952789954
12675    0.202952767079
12677    0.202952766458
12679    0.202952260124
12681    0.202952260123
12683    0.202939481585
12685    0.202936588876
12687    0.202913725726
12689    0.202912341009
12691    0.202906536196
12693    0.202903601523
12695    0.202899693446
12697    0.202898980217
12699    0.202898968075
12701    0.202898967893
12703    0.202898606599
12705    0.202885895339
12707    0.202866127697
12709    0.20286552681
12711    0.202865526214
12713    0.202864567385
12715    0.202861873519
12717    0.202841114049
12719    0.202819293055
12721    0.202819292803
12723    0.202819228904
12725    0.202815298182
12727    0.202815298182
12729    0.202793477853
12731    0.20277181597
12733    0.202771815954
12735    0.202754789214
12737    0.202741395258
12739    0.202741390444
12741    0.202723957138
12767    0.201428037475
12769    0.201428031165
12771    0.201414745683
12773    0.201414709545
12775    0.201414709043
12777    0.201403012346
12803    0.200419710924
12805    0.200419704643
12807    0.200414515386
12809    0.200414511173
12811    0.200414510658
12813    0.200410865665
12815    0.200391571964
12817    0.200391559948
12819    0.20039155989
12821    0.200391559879
12823    0.200391558934
12825    0.200385978607
12827    0.200371137443
12829    0.200371137442
12831    0.200370151599
12833    0.200368967208
12835    0.200367534694
12837    0.200351101734
12839    0.200334077621
12841    0.200334055754
12843    0.200334055018
12845    0.200333561085
12847    0.200333561085
12849    0.200321040061
12851    0.200318214046
12853    0.2002954435
12855    0.200294074614
12857    0.200288321035
12859    0.200285450259
12861    0.200281611459
12863    0.200280930242
12865    0.200280918129
12867    0.200280917951
12869    0.200280564258
12871    0.200268116326
12873    0.20024854443
12875    0.200247958033
12877    0.200247957269
12879    0.200247007383
12881    0.20024435124
12883    0.200223734329
12885    0.200202033835
12887    0.200202033588
12889    0.200201974397
12891    0.200198091764
12893    0.200198091764
12895    0.200176390579
12897    0.200154774684
12899    0.200154774667
12901    0.200138598605
12903    0.200125288612
12905    0.200125283988
12907    0.200107855596
12933    0.198889818346
12935    0.19888981231
12937    0.198877481429
12939    0.198877446758
12941    0.198877446308
12943    0.198866127099
12969    0.197964909971
12971    0.197964903827
12973    0.19795979275
12975    0.197959788845
12977    0.197959788385
12979    0.197956272767
12981    0.197937150837
12983    0.197937140712
12985    0.197937140654
12987    0.197937140644
12989    0.197937139706
12991    0.197931700828
12993    0.197917097677
12995    0.197917097676
12997    0.197916141726
12999    0.19791498515
13001    0.197913585429
13003    0.197897357204
13005    0.197880518663
13007    0.197880497733
13009    0.197880496886
13011    0.197880014991
13013    0.19788001499
13015    0.197867746181
13017    0.197864983339
13019    0.197842305523
13021    0.197840951483
13023    0.19783524843
13025    0.197832438155
13027    0.197828665237
13029    0.197828014326
13031    0.19782800224
13033    0.197828002067
13035    0.197827655806
13037    0.197815465547
13039    0.197796087312
13041    0.197795514901
13043    0.197795513964
13045    0.197794572963
13047    0.197791953855
13049    0.197771478466
13051    0.197749897591
13053    0.197749897346
13055    0.197749842536
13057    0.197746007162
13059    0.197746007162
13061    0.197724424588
13063    0.197702852488
13065    0.197702852469
13067    0.197687567528
13069    0.197674340087
13071    0.197674335667
13073    0.197656910177
13099    0.196516749024
13101    0.196516743246
13103    0.196505344737
13105    0.196505311734
13107    0.196505311333
13109    0.196494358589
13135    0.195670747555
13137    0.195670741543
13139    0.195665707353
13141    0.195665703748
13143    0.195665703339
13145    0.195662309419
13147    0.195643357597
13149    0.195643349093
13151    0.195643349034
13153    0.195643349025
13155    0.195643348097
13157    0.195638044305
13159    0.19562367553
13161    0.195623675529
13163    0.195622748148
13165    0.195621618519
13167    0.19562025058
13169    0.195604224444
13171    0.195587568817
13173    0.195587548759
13175    0.195587547808
13177    0.195587077599
13179    0.195587077598
13181    0.195575055816
13183    0.195572353254
13185    0.195549768103
13187    0.195548428247
13189    0.195542775025
13191    0.195540022169
13193    0.19553631205
13195    0.195535689843
13197    0.195535677782
13199    0.195535677612
13201    0.195535338615
13203    0.195523400511
13205    0.195504213883
13207    0.195503654976
13209    0.195503653866
13211    0.195502721693
13213    0.195500138952
13215    0.195479804065
13217    0.195458341948
13219    0.195458341707
13221    0.195458290974
13223    0.195454502046
13225    0.195454502046
13227    0.195433037558
13229    0.195411507103
13231    0.195411507084
13233    0.195397137316
13235    0.19538399104
13237    0.195383986832
13239    0.195366562291
13265    0.194303430171
13267    0.194303424631
13269    0.194292927067
13271    0.194292895879
13273    0.194292895525
13275    0.194282297843
13301    0.193531607355
13303    0.193531601467
13305    0.193526642909
13307    0.193526639592
13309    0.193526639231
13311    0.19352335987
13313    0.193504576503
13315    0.193504569387
13317    0.193504569327
13319    0.193504569318
13321    0.193504568397
13323    0.193499393703
13325    0.193485255719
13327    0.193485255719
13329    0.193484355653
13331    0.19348325214
13333    0.193481915014
13335    0.193466088367
13337    0.193449613061
13339    0.193449593814
13341    0.193449592765
13343    0.193449133906
13345    0.193449133905
13347    0.193437354068
13349    0.193434709317
13351    0.193412216632
13353    0.19341089049
13355    0.193405286416
13357    0.193402588181
13359    0.193398938055
13361    0.193398343048
13363    0.193398331009
13365    0.193398330844
13367    0.193397998949
13369    0.19338630761
13371    0.193367310565
13373    0.193366764701
13375    0.193366763421
13377    0.193365840015
13379    0.193363292986
13381    0.193343097597
13383    0.193321753397
13385    0.193321753159
13387    0.19332170622
13389    0.193317962947
13391    0.193317962946
13393    0.193296616024
13395    0.193275125109
13397    0.193275125089
13399    0.193261679688
13401    0.193248613218
13403    0.193248609226
13405    0.193231183738
13431    0.19224349464
13433    0.192243489322
13435    0.19223385423
13437    0.192233824949
13439    0.192233824638
13441    0.192223570371
13467    0.19154101366
13469    0.191541007893
13471    0.191536123741
13473    0.191536120699
13475    0.191536120382
13477    0.191532948941
13479    0.191514332392
13481    0.191514326462
13483    0.191514326402
13485    0.191514326394
13487    0.191514325482
13489    0.191509274254
13491    0.191495363524
13493    0.191495363523
13495    0.191494489586
13497    0.19149341139
13499    0.191492104141
13501    0.191476474426
13503    0.191460176901
13505    0.191460158415
13507    0.191460157275
13509    0.191459709437
13511    0.191459709437
13513    0.191448166572
13515    0.191445577462
13517    0.191423176953
13519    0.191421864171
13521    0.191416308571
13523    0.191413662409
13525    0.191410069711
13527    0.191409500494
13529    0.191409488477
13531    0.191409488317
13533    0.191409163365
13535    0.19139771353
13537    0.19137890407
13539    0.19137837081
13541    0.191378369364
13543    0.191377454667
13545    0.19137494271
13547    0.191354885833
13549    0.19133365873
13551    0.191333658495
13553    0.191333615086
13555    0.191329916696
13557    0.191329916695
13559    0.191308686825
13561    0.191287233382
13563    0.191287233362
13565    0.191274708431
13567    0.191261720429
13569    0.191261716655
13571    0.191244288374
13597    0.190329829172
13599    0.19032982406
13601    0.190321007881
13603    0.190320980554
13605    0.190320980281
13607    0.190311057664
13624    0.189922891731
13626    0.18992288608
13628    0.189918075131
13630    0.189918072449
13632    0.189918072172
13634    0.189915001764
13636    0.189896550391
13638    0.189896545474
13640    0.189896545413
13642    0.189896545407
13644    0.189896544502
13646    0.189891611426
13648    0.18987792445
13650    0.189877924448
13652    0.189877075516
13654    0.189876021869
13656    0.189874743597
13658    0.189859308283
13660    0.189843186042
13662    0.189843168267
13664    0.189843167043
13666    0.189842729913
13668    0.189842729913
13670    0.189831419138
13672    0.189828883724
13674    0.189806575015
13676    0.189805275314
13678    0.189799767522
