26    5.05128447129
52    4.89631544071
63    4.77173046707
89    4.71395682688
96    4.71371440811
122    4.7093134552
148    4.70056519884
174    4.55816141952
200    4.47201232702
224    4.34782636185
250    4.33483261595
276    4.24666516603
302    4.19553115089
328    4.12662138536
354    4.00579910415
380    3.88746237517
406    3.8588841063
432    3.73763382328
458    3.71830922501
484    3.58621810913
501    3.46197897043
527    3.33792646988
529    3.33792639353
555    3.23111064653
581    3.21642664925
607    3.08867652814
633    2.96623444222
659    2.90656622677
664    2.90643679345
690    2.829947828
716    2.79928073002
742    2.72232093485
758    2.59822460222
784    2.56083956638
810    2.53711960606
836    2.50472732532
862    2.46254771662
888    2.41185278791
914    2.29031543348
929    2.16576130644
955    2.16397037249
981    2.05055655727
1007    2.03331725973
1033    2.01017000171
1059    1.89572249573
1085    1.77391420328
1111    1.75957624624
1137    1.74478045877
1163    1.70623179451
1189    1.56556669247
1191    1.56556599237
1217    1.56007684497
1219    1.5600763246
1245    1.52871314772
1271    1.49744297848
1297    1.46607865329
1323    1.15737820129
1349    1.14630128357
1375    1.10547436818
1401    1.0957526767
1427    1.09058102253
1429    1.09058102122
1455    1.07600010084
1457    1.07600009534
1483    1.07189799412
1509    1.06605203625
1535    1.05022401717
1561    1.04364438885
1563    1.04364405734
1565    1.04363818013
1591    1.04190717092
1617    1.03607201558
1643    1.02755553257
1645    1.02754806416
1649    1.02746994953
1675    1.02407283394
1677    1.02407255938
1703    1.02140321144
1712    1.02113098127
1714    1.02113097229
1716    1.02113088046
1718    1.02113087979
1720    1.02110759237
1734    1.02062498195
1741    1.02043396906
1743    1.02043184171
1769    1.00717785639
1771    1.00717773713
1797    1.00408460437
1823    1.00170974391
1849    0.981947932925
1851    0.981947932689
1877    0.965219887841
1903    0.958260975057
1929    0.947386227133
1955    0.935001128072
1981    0.91366787327
1983    0.913659876593
1985    0.913659524979
2011    0.911843585696
2013    0.911836271999
2039    0.907218811245
2065    0.897019314722
2077    0.896529139511
2079    0.896521855362
2105    0.888693264402
2131    0.879448779191
2157    0.863808855951
2183    0.856955150373
2185    0.856955131665
2211    0.853400993421
2213    0.853400993363
2239    0.842222509645
2265    0.827795158936
2291    0.809589756341
2317    0.796411306456
2343    0.792218679623
2369    0.788816123329
2395    0.787028239505
2421    0.785476190922
2423    0.785476190815
2449    0.781606190135
2451    0.781606190055
2477    0.7784247272
2503    0.77447763454
2529    0.766424459439
2545    0.76587684201
2547    0.7658767326
2549    0.765876128408
2551    0.765870382883
2577    0.763880726695
2603    0.761397778603
2605    0.761397548683
2607    0.761388564729
2614    0.761223703753
2616    0.761223689626
2642    0.759996990178
2644    0.75997630687
2646    0.759976304229
2648    0.759976275953
2650    0.759976275948
2652    0.759969633564
2654    0.759949037432
2656    0.759927217244
2658    0.75992716065
2684    0.757213887847
2686    0.757213885085
2688    0.757202339117
2709    0.756498775857
2735    0.748934207377
2737    0.748934207245
2763    0.742293164792
2789    0.740212938492
2815    0.737051071979
2841    0.732101303158
2867    0.719815644591
2869    0.719815238851
2871    0.719815021903
2897    0.718228081429
2899    0.718227826497
2925    0.714896913222
2951    0.709779780078
2953    0.709775770511
2955    0.709775463402
2981    0.705684281153
3007    0.700399338929
3033    0.692326592399
3059    0.688630990707
3061    0.68863087029
3087    0.685995395814
3089    0.685995395811
3115    0.682077022925
3141    0.67249515119
3167    0.659555723513
3193    0.657768568396
3219    0.654453089609
3221    0.654427676611
3223    0.65440330616
3248    0.653611601289
3250    0.653611601248
3276    0.652375783092
3278    0.652375782827
3304    0.650072066453
3330    0.647557796737
3356    0.6425539104
3358    0.642542179932
3360    0.64254216282
3362    0.642542034574
3364    0.642540702351
3387    0.641768887512
3413    0.640514552576
3415    0.640514547292
3417    0.640507383607
3419    0.640496851292
3421    0.640496850341
3437    0.640054430803
3439    0.640036286075
3441    0.640036284495
3443    0.640036265652
3445    0.640036265648
3447    0.640030816192
3449    0.64001201712
3451    0.639992476649
3453    0.63999247127
3467    0.639583730844
3469    0.63958372976
3471    0.639580353372
3473    0.639557028026
3499    0.635486373643
3501    0.63548637356
3527    0.632720023405
3545    0.632215072359
3571    0.631220464019
3597    0.628290683485
3623    0.619884915719
3625    0.619884847453
3627    0.619884730395
3653    0.618608342212
3655    0.618608323375
3681    0.616190098535
3707    0.613223125182
3709    0.613222507339
3711    0.613222479067
3737    0.611011085276
3763    0.60801352092
3789    0.603123487253
3815    0.600799195344
3817    0.600799071415
3843    0.59880600985
3845    0.598806009849
3871    0.597238741798
3897    0.589446293618
3923    0.579239725143
3936    0.578870765481
3962    0.57618399742
3964    0.576168563577
3966    0.576154314858
3968    0.57612959896
3970    0.576129598932
3973    0.576078503297
3975    0.576078503263
4001    0.574424054877
4027    0.572809234502
4053    0.569382983729
4055    0.569377429426
4057    0.569377424027
4059    0.569377383075
4061    0.569376981591
4063    0.569352414947
4079    0.568905431676
4081    0.568905431528
4083    0.568899702633
4085    0.568893094377
4087    0.568893093921
4089    0.568868504849
4091    0.568852516177
4093    0.568852515097
4095    0.568852502103
4097    0.5688525021
4099    0.568848012926
4101    0.56883078575
4103    0.568813184756
4105    0.568813180773
4107    0.568796961572
4109    0.568796959612
4111    0.568795360485
4113    0.568772943473
4139    0.566124486105
4141    0.566124486062
4167    0.564865492341
4169    0.564849777644
4171    0.564832309296
4197    0.562699843941
4223    0.556599527504
4225    0.55659949525
4227    0.556599428911
4253    0.555622231904
4255    0.555622230484
4281    0.5539305036
4307    0.551836654501
4309    0.551836559485
4311    0.551836551222
4337    0.550567351339
4363    0.548809910919
4389    0.545313056661
4415    0.543590188486
4417    0.543590057102
4443    0.542083619686
4445    0.542083619681
4466    0.54148603531
4492    0.534747063761
4518    0.526295701825
4520    0.526271959798
4546    0.524129040071
4548    0.524114805264
4550    0.524101285488
4552    0.524077352641
4554    0.52407735262
4556    0.524058961808
4558    0.52405896177
4584    0.522869567349
4610    0.521785253566
4636    0.519298629206
4638    0.519293558024
4640    0.519293555779
4642    0.519293534418
4644    0.51929329077
4646    0.519269563599
4648    0.519244771689
4650    0.519244771591
4652    0.519240177449
4654    0.519233937863
4656    0.519233937275
4658    0.519209947477
4660    0.519195803547
4662    0.519195802722
4664    0.519195793508
4666    0.519195793505
4668    0.519192080302
4670    0.519176240929
4672    0.519160297195
4674    0.519160294195
4676    0.519150089686
4678    0.519150087188
4680    0.51914934893
4682    0.519127497286
4708    0.51726975279
4710    0.517269752757
4722    0.516958400015
4724    0.516948458917
4726    0.516937441805
4752    0.515369295785
4778    0.510871255763
4780    0.510871233201
4782    0.510871192349
4808    0.510137465122
4810    0.51013746509
4836    0.508980539512
4862    0.507271309318
4864    0.507271295688
4866    0.50727128923
4892    0.506493229556
4918    0.5054112619
4944    0.502596383491
4970    0.50115635071
4972    0.501156188873
4998    0.500013901368
5000    0.500013901362
5002    0.49999345904
5028    0.494097080826
5054    0.486880601785
5056    0.486857967506
5082    0.485175366161
5084    0.485162235082
5086    0.485149401598
5088    0.48512621411
5090    0.485126214095
5092    0.485113269761
5094    0.485113269717
5120    0.484241352717
5146    0.483440348513
5172    0.481538705777
5174    0.481534061437
5176    0.481534059491
5178    0.481534047
5180    0.481533822292
5182    0.481510889649
5184    0.481486738808
5186    0.481486738747
5188    0.481483044959
5190    0.481477149122
5192    0.481477148452
5194    0.481453736129
5196    0.481441181149
5198    0.481441180462
5200    0.48144117374
5202    0.481441173736
5204    0.481438089733
5206    0.481423485178
5208    0.481408971143
5210    0.481408968847
5212    0.481402622855
5214    0.48140262015
5216    0.481402275669
5218    0.48138091629
5244    0.480044239737
5246    0.480044239716
5248    0.480022904704
5250    0.480016416143
5252    0.480009070929
5278    0.478856497643
5304    0.475478954637
5306    0.475478937047
5308    0.475478909632
5310    0.475457257564
5312    0.475457257484
5338    0.474611685846
5364    0.473116170689
5366    0.473116169297
5368    0.473116160968
5370    0.473094028849
5390    0.472567566015
5416    0.470098220576
5442    0.468810691554
5444    0.468810466756
5470    0.467938139508
5472    0.467938139504
5474    0.467921928573
5500    0.462792499031
5526    0.456511920215
5528    0.456490335315
5554    0.455185411927
5556    0.455173296664
5558    0.455161109706
5560    0.455138633076
5562    0.455138633066
5564    0.455129642247
5566    0.455129642197
5577    0.454867493059
5603    0.454171922442
5629    0.452617156738
5631    0.452612895387
5633    0.452612893646
5635    0.452612884761
5637    0.452612677281
5639    0.452590499606
5641    0.452566965946
5643    0.45256696591
5645    0.452563988469
5647    0.452558413426
5649    0.452558412721
5651    0.452535557718
5653    0.452524379352
5655    0.452524378744
5657    0.4525243737
5659    0.452524373697
5661    0.452521801595
5663    0.452508303106
5665    0.452495033206
5667    0.452495031426
5669    0.452491055947
5671    0.452491053276
5673    0.452490886272
5675    0.452470053615
5701    0.451488741302
5703    0.45148874129
5705    0.451471328427
5707    0.451466990257
5709    0.451462060199
5735    0.450620052762
5761    0.448001414113
5763    0.448001401183
5765    0.448001392683
5767    0.447984385342
5769    0.447984385128
5771    0.447958872972
5797    0.44660194855
5799    0.446601948547
5801    0.446601935764
5803    0.446583375555
5805    0.446561850394
5831    0.444341471643
5857    0.443155476532
5859    0.443155205719
5878    0.442674184701
5880    0.442674184698
5882    0.442661543666
5908    0.438227329074
5934    0.432642077855
5936    0.43262148941
5962    0.431622501715
5964    0.431611320975
5966    0.431599743321
5968    0.431577946595
5970    0.431577946585
5972    0.431571580829
5974    0.431571580779
5976    0.431549352641
5978    0.431523597442
6004    0.430189965351
6006    0.430186048762
6008    0.430186047167
6010    0.430186039636
6012    0.43018584784
6014    0.430164393952
6016    0.430141455295
6018    0.430141455276
6020    0.430139049285
6022    0.430133773853
6024    0.430133773146
6026    0.430111456727
6028    0.43010147725
6030    0.430101476689
6032    0.430101472799
6034    0.430101472795
6036    0.430099318584
6038    0.430086816707
6040    0.430074638224
6042    0.430074636829
6044    0.430072099487
6046    0.430072096993
6048    0.430072010748
6050    0.430051757345
6073    0.429418066485
6075    0.429418066477
6077    0.4294038638
6079    0.429400819165
6081    0.429397502558
6088    0.429238540336
6114    0.427096071064
6116    0.427096060562
6118    0.42709605284
6120    0.427080927583
6122    0.427080927313
6124    0.427059351763
6150    0.425841253513
6152    0.425841253508
6154    0.425841233016
6156    0.425825697528
6158    0.425807460079
6184    0.423820906061
6210    0.422735584245
6212    0.422735280131
6214    0.422712269073
6216    0.422712269071
6218    0.42270269893
6244    0.418896347638
6270    0.413820330423
6272    0.413800691237
6298    0.413049180443
6300    0.413038859067
6302    0.413027856935
6304    0.413006714277
6306    0.41300671427
6308    0.413001963915
6310    0.413001963797
6312    0.412981320078
6314    0.412955662229
6340    0.411787724632
6342    0.411784120806
6344    0.411784119318
6346    0.411784112208
6348    0.411783934701
6350    0.411763167893
6352    0.411740803622
6354    0.411740803614
6356    0.411738854646
6358    0.411733859269
6360    0.411733858582
6362    0.41171206331
6364    0.411703132867
6366    0.411703132337
6368    0.411703129256
6370    0.411703129252
6372    0.411701317381
6374    0.41168971817
6376    0.411678504301
6378    0.411678503194
6380    0.411676690928
6382    0.411676688687
6384    0.411676635614
6386    0.411657024155
6388    0.411631659193
6390    0.41163165919
6392    0.411620240098
6394    0.411617379225
6396    0.411614886369
6398    0.411589579394
6424    0.409821418538
6426    0.409821409854
6428    0.409821402896
6430    0.409807967551
6432    0.409807967254
6434    0.409789697065
6460    0.408706555968
6462    0.408706555877
6464    0.408706522891
6466    0.408693506636
6468    0.408677993272
6494    0.406912784409
6520    0.405927111999
6522    0.405926780634
6524    0.405905991519
6526    0.405905991517
6528    0.40589857464
6554    0.402647248438
6580    0.397995985774
6582    0.397977251511
6584    0.397954516578
6586    0.397944962321
6588    0.397934503643
6590    0.397913987736
6592    0.397913987728
6594    0.397910486489
6596    0.397910486309
6598    0.397891220112
6624    0.397218049352
6650    0.396160350099
6652    0.396157031563
6654    0.396157030155
6656    0.396157023178
6658    0.396156858701
6660    0.396136740376
6662    0.396114931187
6664    0.396114931186
6666    0.396113348627
6668    0.39610861521
6670    0.396108614559
6672    0.396087324084
6674    0.396079315412
6676    0.396079314903
6678    0.3960793124
6680    0.396079312396
6682    0.396077781964
6684    0.396067003978
6686    0.396056648476
6688    0.396056647586
6690    0.396054921768
6692    0.396054919803
6694    0.396054861681
6696    0.396036006116
6698    0.39601093304
6700    0.396010933037
6702    0.396001845835
6704    0.395999071026
6706    0.395997173613
6708    0.395972171239
6734    0.394502806734
6736    0.394502799433
6738    0.394502793231
6740    0.394490851136
6742    0.394490850817
6744    0.394475320653
6770    0.393520917593
6772    0.393520917385
6774    0.393520867155
6776    0.393509965995
6778    0.393496739901
6804    0.391939811922
6830    0.391051499067
6832    0.391051139695
6834    0.391032517924
6836    0.391032517923
6838    0.391026734632
6864    0.388263481326
6890    0.383876388396
6892    0.383858664886
6894    0.383839929337
6896    0.383831083631
6898    0.383821137122
6900    0.383801218719
6902    0.38380121871
6904    0.383798811557
6906    0.383798811502
6908    0.383781235399
6934    0.383087777798
6960    0.382099187341
6962    0.382096128583
6964    0.382096127237
6966    0.382096120332
6968    0.382095967753
6970    0.382076467689
6972    0.38205519547
6974    0.38205519547
6976    0.382053907379
6978    0.382049419171
6980    0.382049418564
6982    0.382028617517
6984    0.382021421856
6986    0.382021421362
6988    0.382021419283
6990    0.382021419278
6992    0.382020121055
6994    0.382010093067
6996    0.382000506034
6998    0.382000505312
7000    0.381998861052
7002    0.38199885936
7004    0.381998796534
7006    0.381980664146
7008    0.381955877558
7010    0.381955877556
7012    0.381948680306
7014    0.38194598886
7016    0.3819445576
7018    0.381919803544
7044    0.38069094524
7046    0.380690938999
7048    0.380690933543
7050    0.38068030012
7052    0.380680299785
7054    0.380667019751
7080    0.379833146243
7082    0.379833145955
7084    0.379833073381
7086    0.379823955516
7088    0.379812669252
7114    0.378449384495
7140    0.377654725685
7142    0.377654334489
7144    0.377637446608
7146    0.377637446608
7148    0.377632893017
7174    0.375292122985
7200    0.371151556758
7202    0.371134779968
7204    0.371119504425
7206    0.371111313349
7208    0.371101851324
7210    0.37108250654
7212    0.371082506531
7214    0.371080847457
7216    0.371080847407
7218    0.371064440697
7244    0.370339588589
7270    0.369390538941
7272    0.369387716956
7274    0.369387715659
7276    0.369387708742
7278    0.36938756704
7280    0.369368657173
7282    0.36934790482
7284    0.369347904819
7286    0.369346853939
7288    0.369342595402
7290    0.369342594842
7292    0.369322268681
7294    0.369315792508
7296    0.369315792026
7298    0.369315790261
7300    0.369315790255
7302    0.369314684324
7304    0.369305343491
7306    0.369296448207
7308    0.369296447621
7310    0.369294880333
7312    0.369294878893
7314    0.36929481173
7316    0.369277371448
7318    0.369252866185
7320    0.369252866184
7322    0.369247165112
7324    0.369244554371
7326    0.369243481097
7328    0.369218936029
7354    0.368184679468
7356    0.368184674052
7358    0.368184669319
7360    0.368175176862
7362    0.368175176517
7364    0.368163727542
7390    0.367440765888
7392    0.367440765567
7394    0.367440665386
7396    0.367433053
7398    0.36742342272
7424    0.366237725711
7449    0.365582778032
7451    0.365582348877
7453    0.365566838537
7455    0.365566838538
7457    0.365563234341
7483    0.363584388204
7509    0.359678180295
7511    0.359662290523
7513    0.359649979331
7515    0.359642393234
7517    0.359633389253
7519    0.359614595623
7521    0.359614595615
7523    0.359613454938
7525    0.359613454888
7527    0.359597838039
7553    0.358835214257
7579    0.357904457302
7581    0.357901851359
7583    0.357901850104
7585    0.357901843133
7587    0.357901711387
7589    0.357883365574
7591    0.357863116899
7593    0.357863116894
7595    0.357862257545
7597    0.357858214263
7599    0.35785821375
7601    0.357838348679
7603    0.357832511145
7605    0.357832510672
7607    0.357832509146
7609    0.35783250914
7611    0.357831563037
7613    0.357822853492
7615    0.357814583921
7617    0.357814583443
7619    0.35781308882
7621    0.357813087604
7623    0.357813016486
7625    0.35779623878
7627    0.357772009871
7629    0.35777200987
7631    0.357767480952
7633    0.3577649483
7635    0.357764146517
7637    0.357739786507
7663    0.356863612899
7665    0.356863608127
7667    0.35686360408
7669    0.356855103183
7671    0.356855102832
7673    0.356845129526
7676    0.356793568013
7678    0.35679356774
7680    0.356793435116
7682    0.356786736168
7684    0.356778508317
7710    0.355757930881
7713    0.355706363652
7715    0.355705888608
7717    0.355691469369
7719    0.355691469369
7721    0.355688610618
7747    0.354016753338
7773    0.35033592288
7775    0.350320864358
7777    0.350311067542
7779    0.350304040657
7781    0.350295469857
7783    0.350277206233
7785    0.350277206224
7787    0.350276427881
7789    0.350276427831
7791    0.350261324993
7817    0.349457874285
7843    0.348530335958
7845    0.348527927348
7847    0.348527926127
7849    0.348527919093
7851    0.348527796468
7853    0.348509990255
7855    0.348490229831
7857    0.348490229822
7859    0.348489525476
7861    0.348485684046
7863    0.34848568358
7865    0.348466266415
7867    0.348460997256
7869    0.348460996792
7871    0.34846099545
7873    0.348460995443
7875    0.348460182681
7877    0.348452054396
7879    0.348444353194
7881    0.348444352804
7883    0.348442926797
7885    0.348442925776
7887    0.348442851086
7889    0.348426707811
7891    0.34840275036
7893    0.34840275036
7895    0.348399136759
7897    0.348396679611
7899    0.348396082013
7901    0.348371895174
7927    0.347624563629
7929    0.34762455936
7931    0.347624554434
7933    0.347616913605
7935    0.347616913301
7937    0.347608114346
7940    0.347556706319
7942    0.347556706019
7944    0.347556543686
7946    0.347550707288
7948    0.347543364077
7974    0.346671713591
7977    0.346620113566
7979    0.346619583555
7981    0.346606029178
7983    0.346606029178
7985    0.346603762075
8011    0.345189736096
8037    0.341726958456
8039    0.341712679197
8041    0.341704993066
8043    0.341698483247
8045    0.341690322334
8047    0.341672568943
8049    0.341672568935
8051    0.341672044846
8053    0.341672044797
8055    0.341657259132
8081    0.340812407936
8107    0.339877770936
8109    0.339875542767
8111    0.339875541575
8113    0.339875534482
8115    0.339875420227
8117    0.339858130872
8119    0.339838844146
8121    0.339838844131
8123    0.33983826552
8125    0.33983461351
8127    0.339834613087
8129    0.339815631378
8131    0.339810869304
8133    0.339810868847
8135    0.339810867649
8137    0.339810867643
8139    0.339810166554
8141    0.339802574531
8143    0.339795391578
8145    0.339795391259
8147    0.339794030075
8149    0.339794029219
8151    0.339793951341
8153    0.339778415803
8155    0.339754725203
8157    0.339754725203
8159    0.339751826982
8161    0.339749442816
8163    0.339748997937
8165    0.339724981259
8172    0.339568416389
8174    0.339568412287
8176    0.33956840745
8178    0.33956098863
8180    0.339560988361
8182    0.339552475202
8184    0.339526756911
8186    0.339526756624
8188    0.339526565633
8190    0.339521504889
8192    0.339514985834
8218    0.338770985062
8221    0.338719356334
8223    0.338718761501
8225    0.338705895967
8227    0.338705895966
8229    0.338704101476
8255    0.337504547232
8281    0.334253084314
8283    0.334239535737
8285    0.334233602024
8287    0.334227570395
8289    0.334219797476
8291    0.334202535692
8293    0.334202535683
8295    0.334202189806
8297    0.334202189758
8299    0.334187586715
8325    0.333302730887
8351    0.332354474929
8353    0.332352411915
8355    0.332352410748
8357    0.332352403605
8359    0.332352297037
8361    0.332335503248
8363    0.332316676338
8365    0.332316676316
8367    0.332316199928
8369    0.332312725779
8371    0.332312725398
8373    0.332294167233
8375    0.33228985853
8377    0.332289858079
8379    0.332289856995
8381    0.332289856989
8383    0.332289249786
8385    0.332282153286
8387    0.332275444401
8389    0.332275444141
8391    0.33227414417
8393    0.332274143454
8395    0.332274062764
8397    0.332259109518
8399    0.332235685818
8401    0.332235685818
8403    0.33223298638
8405    0.332230675172
8407    0.332230260308
8409    0.332206550329
8411    0.332181049041
8413    0.332181045024
8415    0.332181039907
8417    0.332173700636
8419    0.332173700401
8421    0.332165288716
8424    0.332113818406
8426    0.332113818141
8428    0.332113599376
8430    0.332109228995
8432    0.332103464524
8438    0.331973377617
8440    0.331947729198
8442    0.331947059319
8444    0.331934747986
8446    0.331934747986
8448    0.331933332327
8474    0.330910473969
8500    0.327863534883
8502    0.327850671602
8504    0.327846175643
8506    0.327840586346
8508    0.327833180849
8510    0.327816393128
8512    0.327816393119
8514    0.327816171296
8516    0.327816171247
8518    0.327801667216
8544    0.326879868515
8570    0.325914624793
8572    0.325912713086
8574    0.325912711943
8576    0.32591270476
8578    0.325912605261
8580    0.32589628711
8582    0.325877906782
8584    0.325877906753
8586    0.325877513664
8588    0.325874206621
8590    0.325874206275
8592    0.325856060279
8594    0.325852157698
8596    0.325852157254
8598    0.325852156261
8600    0.325852156256
8602    0.325851628287
8604    0.325844990273
8606    0.325838716254
8608    0.325838716042
8610    0.325837473926
8612    0.325837473328
8614    0.325837390192
8616    0.325822994997
8618    0.32579983433
8620    0.32579983433
8622    0.325797228242
8624    0.325794987734
8626    0.325794578226
8628    0.325771204344
8630    0.325745922246
8632    0.325745918307
8634    0.325745916381
8636    0.325738655279
8638    0.325738655047
8640    0.325730342992
8642    0.325704829694
8644    0.325704829441
8646    0.32570460882
8648    0.325700397238
8650    0.325694814207
8652    0.325669291321
8654    0.325643772015
8656    0.325643016849
8658    0.325631158841
8660    0.32563115884
8662    0.325630047239
8688    0.324751283089
8714    0.321901677987
8716    0.321889457628
8718    0.321886125687
8720    0.321880945644
8722    0.321873888244
8724    0.321857558073
8726    0.321857558064
8728    0.321857421401
8730    0.321857421353
8732    0.321842975504
8758    0.320888765979
8784    0.319905857335
8786    0.319904084381
8788    0.319904083258
8790    0.319904076045
8792    0.319903983055
8794    0.319888121904
8796    0.31987017557
8798    0.319870175533
8800    0.319869850473
8802    0.319866700539
8804    0.319866700228
8806    0.319848955559
8808    0.319845417414
8810    0.319845416976
8812    0.319845416059
8814    0.319845416052
8816    0.319844955215
8818    0.319838741901
8820    0.319832867762
8822    0.319832867591
8824    0.319831680188
8826    0.319831679686
8828    0.319831594456
8830    0.319817734244
8832    0.319794831794
8834    0.319794831794
8836    0.31979231516
8838    0.319790142557
8840    0.319789738319
8842    0.31976669508
8844    0.319741627697
8846    0.31974162383
8848    0.319741622869
8850    0.319734438598
8852    0.319734438382
8854    0.319726223704
8856    0.319700881373
8858    0.319700881132
8860    0.319700660626
8862    0.319696513724
8864    0.319691009385
8866    0.319665663649
8868    0.319640268794
8870    0.319639418404
8872    0.319627940122
8874    0.319627940122
8876    0.319627072487
8902    0.318864530115
8928    0.316204519186
8930    0.31619290216
8932    0.316190498168
8934    0.31618569685
8936    0.316178969371
8938    0.316163081151
8940    0.316163081142
8942    0.316163001606
8944    0.316163001559
8946    0.316148609377
8972    0.315167832302
8998    0.314168907077
9000    0.314167261481
9002    0.314167260379
9004    0.314167253144
9006    0.314167166155
9008    0.314151744516
9010    0.314134220143
9012    0.314134220099
9014    0.314133950726
9016    0.314130948593
9018    0.314130948311
9020    0.314113594586
9022    0.314110383978
9024    0.314110383546
9026    0.314110382691
9028    0.314110382685
9030    0.314109978943
9032    0.314104159395
9034    0.314098653725
9036    0.314098653586
9038    0.314097517942
9040    0.314097517521
9042    0.314097430533
9044    0.314084083309
9046    0.314061434477
9048    0.314061434477
9050    0.314059003586
9052    0.314056896223
9054    0.314056497171
9056    0.314033779267
9058    0.314008922329
9060    0.314008918527
9062    0.31400891795
9064    0.314001809209
9066    0.314001809007
9068    0.313993689515
9070    0.313968516334
9072    0.313968516101
9074    0.313968293085
9076    0.313964209569
9078    0.313958782588
9080    0.313933612421
9082    0.313908338563
9084    0.313907383595
9086    0.313896233256
9088    0.313896233254
9090    0.313895561054
9105    0.313525781822
9131    0.311042956462
9133    0.311031905881
9135    0.311030234228
9137    0.31102578343
9139    0.311019368758
9141    0.311003907693
9143    0.311003907683
9145    0.311003865118
9147    0.311003865071
9149    0.310989552674
9175    0.309989198479
9201    0.30897790105
9203    0.308976372455
9205    0.30897637137
9207    0.30897636412
9209    0.308976282671
9211    0.308961284081
9213    0.308944170132
9215    0.308944170081
9217    0.308943946391
9219    0.308941083383
9221    0.308941083128
9223    0.308924110364
9225    0.308921194539
9227    0.308921194112
9229    0.308921193309
9231    0.308921193303
9233    0.308920838308
9235    0.308915384114
9237    0.308910218553
9239    0.308910218443
9241    0.308909131779
9243    0.308909131425
9245    0.308909043001
9247    0.308896187761
9249    0.308873788109
9251    0.308873788109
9253    0.308871439418
9255    0.308869394751
9257    0.308869000805
9259    0.308846603024
9261    0.308821952401
9263    0.308821948659
9265    0.308821948251
9267    0.308814913756
9269    0.308814913564
9271    0.308806887102
9273    0.308781881554
9275    0.30878188133
9277    0.308781664264
9279    0.30877764285
9281    0.308772291916
9283    0.308747295834
9285    0.308722149965
9287    0.308721148306
9289    0.308710398132
9291    0.30871039813
9293    0.308709852545
9295    0.308684603466
9321    0.306367356244
9323    0.306356837653
9325    0.306355728508
9327    0.306351602182
9329    0.306345484201
9331    0.306330436243
9333    0.306330436234
9335    0.306330416286
9337    0.306330416239
9339    0.306316234882
9365    0.305304246339
9391    0.304285886477
9393    0.304284465466
9395    0.304284464398
9397    0.304284457138
9399    0.304284380806
9401    0.30426978976
9403    0.30425307517
9405    0.304253075112
9407    0.304252888981
9409    0.304250157014
9411    0.304250156783
9413    0.304233555387
9415    0.304230905204
9417    0.304230904783
9419    0.304230904024
9421    0.304230904018
9423    0.304230590801
9425    0.304225475815
9427    0.30422062466
9429    0.304220624572
9431    0.304219584277
9433    0.304219583977
9435    0.304219494416
9437    0.304207111111
9439    0.304184956373
9441    0.304184956372
9443    0.304182686507
9445    0.304180702109
9447    0.30418031319
9449    0.304158230444
9451    0.304133782173
9453    0.304133778487
9455    0.304133778162
9457    0.304126816655
9459    0.304126816472
9461    0.304118880927
9463    0.304094041677
9465    0.304094041457
9467    0.304093839029
9469    0.304089878454
9471    0.304084602292
9473    0.304059778858
9475    0.30403476977
9477    0.304033790854
9479    0.304023510822
9481    0.304023510821
9483    0.304023046206
9485    0.303998199603
9511    0.301839423185
9513    0.301829404271
9515    0.301828706856
9517    0.301824880948
9519    0.301819044482
9521    0.301804396279
9523    0.301804396269
9525    0.301804388917
9527    0.30180438887
9529    0.30179040923
9555    0.300775438558
9581    0.299756633373
9583    0.299755311375
9585    0.299755310323
9587    0.299755303057
9589    0.299755231459
9591    0.299741033336
9593    0.299724707505
9595    0.299724707439
9597    0.299724552255
9599    0.299721943791
9601    0.299721943581
9603    0.29970570434
9605    0.299703293819
9607    0.299703293402
9609    0.29970329268
9611    0.299703292674
9613    0.2997030154
9615    0.299698215517
9617    0.29969365538
9619    0.299693655312
9621    0.299692658927
9623    0.299692658673
9625    0.299692568259
9627    0.299680637761
9629    0.29965872386
9631    0.29965872386
9633    0.2996565296
9635    0.29965460316
9637    0.299654219193
9639    0.299632446538
9641    0.299608196847
9643    0.299608193212
9645    0.299608192929
9647    0.299601303189
9649    0.299601303014
9651    0.299593456327
9653    0.299568782176
9655    0.299568781962
9657    0.29956859135
9659    0.299564690387
9661    0.299559487735
9663    0.299534835456
9665    0.299509961882
9667    0.299509003603
9669    0.299499152099
9671    0.299499152097
9673    0.299498759385
9675    0.299474280218
9701    0.297466457429
9703    0.297456907995
9705    0.297456495936
9707    0.297452948216
9709    0.297447378954
9711    0.29743311776
9713    0.297433117751
9715    0.297433116233
9717    0.297433116187
9719    0.297419422295
9745    0.296410536501
9771    0.295398815723
9773    0.295397584931
9775    0.295397583894
9777    0.295397576622
9779    0.295397509409
9781    0.295383690372
9783    0.295367743107
9785    0.295367743034
9787    0.295367613406
9789    0.295365121414
9791    0.295365121224
9793    0.295349235261
9795    0.295347041192
9797    0.29534704078
9799    0.295347040089
9801    0.295347040084
9803    0.295346793846
9805    0.295342286807
9807    0.29533799633
9809    0.295337996277
9811    0.295337041491
9813    0.295337041274
9815    0.295336950269
9817    0.295325454297
9819    0.295303777301
9821    0.2953037773
9823    0.295301655577
9825    0.295299784885
9827    0.295299405796
9829    0.295277938395
9831    0.295253883654
9833    0.295253880068
9835    0.295253879809
9837    0.295247060641
9839    0.295247060472
9841    0.295239300622
9843    0.295214790447
9845    0.295214790236
9847    0.29521460921
9849    0.295210766654
9851    0.295205636254
9853    0.295181153644
9855    0.295156414667
9857    0.295155474975
9859    0.295146021569
9861    0.295146021568
9863    0.295145691193
9865    0.295121546177
9891    0.293256838648
9893    0.293247730471
9895    0.293247498295
9897    0.293244208215
9899    0.293238892657
9901    0.293225006274
9903    0.293225006264
9905    0.293225006264
9907    0.293225006219
9909    0.293211689204
9935    0.29221803873
9961    0.291221425639
9963    0.291220278939
9965    0.291220277915
9967    0.291220270638
9969    0.29122020749
9971    0.291206754406
9973    0.291191175894
9975    0.291191175814
9977    0.291191067334
9979    0.291188685247
9981    0.291188685073
9983    0.291173143822
9985    0.291171145435
9987    0.291171145028
9989    0.291171144366
9991    0.29117114436
9993    0.29117092502
9995    0.29116669024
9997    0.291162649861
9999    0.291162649822
10001    0.291161734458
10003    0.291161734272
10005    0.291161642922
10007    0.291150564003
10009    0.291129120108
10011    0.291129120108
10013    0.291127067992
10015    0.291125250942
10017    0.291124876658
10019    0.29110370978
10021    0.291079846487
10023    0.291079842947
10025    0.291079842701
10027    0.291073092931
10029    0.291073092768
10031    0.291065417774
10033    0.2910410705
10035    0.291041070293
10037    0.291040897074
10039    0.291037111752
10041    0.291032052353
10043    0.291007737935
10045    0.290983132848
10047    0.290982209811
10049    0.290973131769
10051    0.290973131767
10053    0.290972854612
10055    0.290949012717
10081    0.28921937641
10083    0.289210683115
10085    0.289210543062
10087    0.289207491623
10089    0.289202417026
10091    0.28918889375
10093    0.289188893741
10095    0.289188892763
10097    0.289188892718
10099    0.289176044598
10125    0.288206514253
10151    0.287233099849
10153    0.287232030749
10155    0.287232029739
10157    0.287232022457
10159    0.287231963082
10161    0.287218863455
10163    0.28720364424
10165    0.287203644154
10167    0.28720355321
10169    0.287201274896
10171    0.287201274738
10173    0.287186069921
10175    0.287184248599
10177    0.287184248196
10179    0.287184247558
10181    0.287184247552
10183    0.287184051609
10185    0.287180070031
10187    0.287176261791
10189    0.287176261762
10191    0.287175383771
10193    0.28717538361
10195    0.287175292141
10197    0.287164613571
10199    0.287143399101
10201    0.287143399101
10203    0.287141413794
10205    0.287139648373
10207    0.287139278825
10209    0.287118407838
10211    0.287094732619
10213    0.287094729122
10215    0.287094728885
10217    0.287088047363
10219    0.287088047204
10221    0.287080455121
10223    0.287056269716
10225    0.287056269511
10227    0.287056102675
10229    0.287052373438
10231    0.287047383801
10233    0.287023236112
10235    0.286998764334
10237    0.286997856167
10239    0.286989136005
10241    0.286989136004
10243    0.286988903829
10245    0.286965336464
10271    0.285362641101
10273    0.285354338034
10275    0.285354217219
10277    0.285351386854
10279    0.285346541182
10281    0.285333369762
10283    0.285333369753
10285    0.285333366622
10287    0.285333366577
10289    0.285321074473
10315    0.284383942781
10341    0.283441478902
10343    0.28344048148
10345    0.283440480482
10347    0.283440473191
10349    0.283440417323
10351    0.283427659225
10353    0.283412790186
10355    0.283412790095
10357    0.283412713723
10359    0.28341053345
10361    0.283410533304
10363    0.283395656923
10365    0.283393995956
10367    0.283393995557
10369    0.283393994941
10371    0.283393994935
10373    0.283393819415
10375    0.283390073381
10377    0.283386480753
10379    0.283386480732
10381    0.283385638184
10383    0.283385638046
10385    0.283385546665
10387    0.283375252464
10389    0.283354263852
10391    0.283354263852
10393    0.283352342687
10395    0.28335062697
10397    0.28335026209
10399    0.283329682454
10401    0.283306192054
10403    0.283306188599
10405    0.283306188369
10407    0.283299573968
10409    0.283299573814
10411    0.283292062736
10413    0.283268038197
10415    0.283268037994
10417    0.283267876395
10419    0.283264202125
10421    0.283259281024
10423    0.283235298619
10425    0.283210959638
10427    0.283210064712
10429    0.283201688441
10431    0.283201688439
10433    0.283201494037
10435    0.28317817504
10461    0.281694315576
10463    0.281686379697
10465    0.281686217619
10467    0.281683592081
10469    0.281678963954
10471    0.281666133551
10473    0.281666133542
10475    0.281666127992
10477    0.281666127949
10479    0.281654469071
10505    0.280757103476
10531    0.279852642096
10533    0.279851710941
10535    0.279851709954
10537    0.279851702651
10539    0.279851650043
10541    0.27983922206
10543    0.279824694391
10545    0.279824694294
10547    0.279824630055
10549    0.279822542464
10551    0.27982254233
10553    0.27980798664
10555    0.27980647101
10557    0.279806470616
10559    0.279806470018
10561    0.279806470014
10563    0.279806312381
10565    0.279802785525
10567    0.279799393276
10569    0.279799393264
10571    0.279798584341
10573    0.279798584219
10575    0.279798493117
10577    0.279788567999
10579    0.279767801789
10581    0.279767801789
10583    0.279765942215
10585    0.279764274366
10587    0.279763914087
10589    0.279743621359
10591    0.279720312632
10593    0.279720309216
10595    0.27972030899
10597    0.279713760605
10599    0.279713760454
10601    0.279706328509
10603    0.279682463859
10605    0.279682463658
10607    0.279682306368
10609    0.27967868597
10611    0.279673832193
10613    0.279650013644
10615    0.279625806983
10617    0.279624923825
10619    0.279616879699
10621    0.279616879697
10623    0.279616716889
10625    0.279593622428
10651    0.278220616744
10653    0.278213026512
10655    0.278212772917
10657    0.278210337175
10659    0.278205915835
10661    0.278193415992
10663    0.278193415984
10665    0.27819340834
10667    0.278193408296
10669    0.278182446052
10695    0.27733105821
10721    0.276470660615
10723    0.276469790782
10725    0.276469789808
10727    0.276469782489
10729    0.276469732919
10731    0.276457624097
10733    0.276443429289
10735    0.276443429185
10737    0.27644337507
10739    0.276441375145
10741    0.276441375021
10743    0.276427132518
10745    0.276425748716
10747    0.276425748325
10749    0.276425747744
10751    0.276425747739
10753    0.276425605826
10755    0.276422282963
10757    0.27641907703
10759    0.276419077021
10761    0.27641830001
10763    0.276418299904
10765    0.276418209253
10767    0.276408638585
10769    0.276388091418
10771    0.276388091418
10773    0.276386291002
10775    0.276384669264
10777    0.276384313521
10779    0.276364303344
10781    0.27634117325
10783    0.276341169872
10785    0.27634116965
10787    0.276334686197
10789    0.276334686049
10791    0.276327331403
10793    0.276303625688
10795    0.276303625488
10797    0.276303471752
10799    0.276299904161
10801    0.276295116515
10803    0.276271460411
10805    0.276247385609
10807    0.276246512891
10809    0.276238790512
10811    0.27623879051
10813    0.276238654065
10815    0.276215762489
10841    0.27494583287
10843    0.274938568148
10845    0.274938181192
10847    0.274935921339
10849    0.274931696602
10851    0.274919517226
10853    0.274919517219
10855    0.274919508132
10857    0.27491950809
10859    0.274909289492
10885    0.274108767936
10911    0.27329730006
10913    0.273296487027
10915    0.273296486063
10917    0.273296478723
10919    0.273296431983
10921    0.273284631793
10923    0.27327076161
10925    0.273270761502
10927    0.273270715849
10929    0.273268798897
10931    0.273268798783
10933    0.273254862193
10935    0.273253598046
10937    0.27325359766
10939    0.273253597093
10941    0.273253597089
10943    0.273253469035
10945    0.273250336074
10947    0.273247303458
10949    0.273247303453
10951    0.273246556739
10953    0.273246556645
10955    0.273246466603
10957    0.273237236381
10959    0.273216904991
10961    0.273216904991
10963    0.273215161408
10965    0.273213584101
10967    0.273213232832
10969    0.273193500939
10971    0.273170546533
10973    0.273170543191
10975    0.273170542973
10977    0.273164123389
10979    0.273164123244
10981    0.273156844094
10983    0.273133296376
10985    0.273133296178
10987    0.273133145382
10989    0.273129629556
10991    0.273124906864
10993    0.273101411817
10995    0.273077468413
10997    0.273076604944
10999    0.273069194631
11001    0.273069194628
11003    0.273069080156
11005    0.273046371833
11031    0.271872009902
11033    0.271865051859
11035    0.27186449657
11037    0.271862399737
11039    0.271858361964
11041    0.271846493305
11043    0.271846493298
11045    0.271846483548
11047    0.271846483507
11049    0.271837037962
11075    0.271090866232
11101    0.270331886792
11103    0.270331126419
11105    0.270331125465
11107    0.2703311181
11109    0.270331074001
11111    0.270319572295
11113    0.270306018772
11115    0.270306018658
11117    0.270305980092
11119    0.270304141718
11121    0.270304141612
11123    0.270290503878
11125    0.270289348415
11127    0.270289348031
11129    0.270289347479
11131    0.270289347475
11133    0.270289231678
11135    0.270286275538
11137    0.270283404207
11139    0.270283404206
11141    0.270282686265
11143    0.270282686182
11145    0.27028259689
11147    0.270273693703
11149    0.270253574913
11151    0.270253574912
11153    0.270251885942
11155    0.270250351461
11157    0.270250004603
11159    0.270230546808
11161    0.270207765245
11163    0.270207761937
11165    0.270207761721
11167    0.270201404964
11169    0.270201404822
11171    0.270194199403
11173    0.270170808762
11175    0.270170808565
11177    0.270170660207
11179    0.27016719513
11181    0.270162536237
11183    0.270139200879
11185    0.270115388407
11187    0.270114533119
11189    0.270107425485
11191    0.270107425483
11193    0.270107329321
11195    0.270084786465
11221    0.268998802428
11223    0.268992133449
11225    0.268991380441
11227    0.268989434718
11229    0.268985574776
11231    0.268974007419
11233    0.268974007413
11235    0.26897399776
11237    0.268973997719
11239    0.268965337107
11261    0.268402906513
11287    0.267700565124
11289    0.267699853614
11291    0.26769985267
11293    0.267699845247
11295    0.267699803614
11297    0.267688590867
11299    0.267675346278
11301    0.26767534616
11303    0.267675313538
11305    0.267673549624
11307    0.267673549525
11309    0.267660203785
11311    0.267659147102
11313    0.267659146722
11315    0.267659146182
11317    0.267659146178
11319    0.267659041254
11321    0.267656249785
11323    0.267653528599
11325    0.267653528598
11327    0.267652837994
11329    0.267652837921
11331    0.267652749507
11333    0.267644160506
11335    0.267624251211
11337    0.267624251211
11339    0.267622614729
11341    0.267621121537
11343    0.267620779031
11345    0.26760159122
11347    0.267578979724
11349    0.267578976451
11351    0.267578976237
11353    0.267572681283
11355    0.267572681143
11357    0.267565547716
11359    0.267542313234
11361    0.267542313038
11363    0.267542166705
11365    0.267538751386
11367    0.267534155152
11369    0.267510978123
11371    0.267487296099
11373    0.267486448033
11375    0.267479633711
11377    0.267479633708
11379    0.267479552807
11381    0.267457159308
11407    0.26645271652
11409    0.266446320129
11411    0.266445344535
11413    0.266443538897
11415    0.266439847801
11417    0.266428572004
11419    0.266428571998
11421    0.266428564548
11423    0.266428564506
11425    0.26642061279
11430    0.266316944405
11433    0.266265479611
11435    0.266264814103
11437    0.266264813169
11439    0.266264806133
11441    0.266264766803
11443    0.266253827976
11445    0.266240884788
11447    0.266240884666
11449    0.266240857041
11451    0.266239163718
11453    0.266239163626
11455    0.266226103171
11457    0.26622513632
11459    0.266225135944
11461    0.266225135415
11463    0.266225135412
11465    0.26622504016
11467    0.266222402068
11469    0.26621982069
11471    0.26621982069
11473    0.266219156067
11475    0.266219156001
11477    0.266219068578
11479    0.266210781426
11481    0.266191078527
11483    0.266191078527
11485    0.266189492499
11487    0.26618803912
11489    0.266187700905
11491    0.266168778976
11493    0.266146334769
11495    0.266146331529
11497    0.266146331319
11499    0.266140097138
11501    0.266140096999
11503    0.266133033834
11505    0.266109954523
11507    0.266109954328
11509    0.26610980968
11511    0.266106443138
11513    0.266101908429
11515    0.266078888314
11517    0.266055336166
11519    0.266054494459
11521    0.266047963919
11523    0.266047963916
11525    0.266047895747
11527    0.266025636951
11553    0.265096272231
11555    0.265090132985
11557    0.265088913584
11559    0.265087237816
