26    5.2763914743
52    5.21908632536
78    5.12324288729
91    4.99859481946
117    4.99774050935
143    4.89009454033
169    4.8513021677
195    4.72354749343
212    4.59932327055
232    4.47494833817
234    4.4749478744
260    4.47232794873
286    4.46561903838
312    4.33509759602
338    4.21139097748
364    4.08895510096
366    4.08895468632
392    4.07403887618
418    4.05699749993
444    3.93379582996
469    3.80955598466
495    3.78509185104
521    3.77294699247
547    3.64933190103
573    3.645364235
599    3.53102065077
625    3.47564573242
651    3.35150626143
677    3.32991835872
701    3.20643359293
727    3.1694741771
753    3.12246984266
779    3.09135395215
805    3.0825241936
831    3.05511472878
857    3.00886221187
883    2.9372626669
909    2.78291666348
935    2.67312238046
961    2.55561379335
963    2.55559007192
989    2.55222026498
1015    2.53177799616
1041    2.3937830133
1051    2.26917844169
1077    2.14566201509
1079    2.1456561031
1098    2.02189748315
1108    2.02075675312
1134    2.0028390202
1160    1.88896966056
1186    1.76541562058
1212    1.75346730396
1238    1.7301877679
1264    1.68640616664
1290    1.55146654166
1316    1.4169800002
1342    1.38483048898
1368    1.35313696132
1394    1.32383041959
1420    1.29789250622
1446    1.29327953363
1448    1.29327953345
1474    1.29258233968
1476    1.29256159085
1502    1.28566941781
1504    1.28564756474
1506    1.28564756175
1508    1.28564755204
1510    1.28564755204
1536    1.28323694511
1562    1.27849076966
1588    1.27421848356
1590    1.27421841782
1592    1.27421140573
1594    1.27421140561
1620    1.2649975345
1646    1.25682710059
1672    1.24853601178
1674    1.24853585441
1700    1.23452706076
1702    1.2345214474
1704    1.23452091853
1707    1.23446778882
1733    1.21992588669
1759    1.20592354508
1761    1.20592277865
1772    1.20559733272
1774    1.20559654988
1800    1.19590658956
1826    1.18609066957
1852    1.17042933379
1878    1.16427194403
1904    1.15894831746
1930    1.14966629402
1956    1.12854990465
1982    1.1155437957
2002    1.11436207034
2009    1.11416604773
2011    1.11416604683
2037    1.11117201148
2063    1.10500997699
2089    1.09975894279
2091    1.09975887775
2093    1.09975702837
2095    1.09975702769
2097    1.0997570266
2099    1.09973905485
2125    1.09003599085
2140    1.08929199152
2142    1.0892913778
2168    1.08198263037
2194    1.07093302238
2220    1.05478469235
2246    1.04742306724
2272    1.01697003843
2298    1.01228199358
2324    0.997867474228
2350    0.983618977801
2376    0.966660337867
2381    0.966551370439
2383    0.966551368103
2385    0.966530389318
2387    0.966527011624
2413    0.962623004471
2415    0.962603510853
2417    0.96260350816
2419    0.962603504885
2421    0.962603504883
2447    0.960536862679
2473    0.956837262588
2499    0.953550349721
2501    0.953550349715
2503    0.953550215972
2505    0.953550215927
2531    0.948405325276
2557    0.944130426745
2583    0.94032826857
2585    0.940328177119
2611    0.932600954767
2613    0.932599817612
2615    0.932599210412
2617    0.93257662693
2643    0.92523953388
2669    0.92130646675
2671    0.92130639542
2673    0.921301070782
2675    0.92130072937
2701    0.917268339475
2727    0.914142205261
2753    0.907672695269
2779    0.902944489048
2805    0.901846424802
2831    0.899911939746
2857    0.890327372037
2883    0.882086842868
2885    0.882079973361
2887    0.88207745008
2889    0.882077444577
2915    0.879618518969
2941    0.875615683011
2967    0.872156918499
2969    0.872156893506
2971    0.872156674921
2973    0.87215667492
2975    0.872156674745
2977    0.872142408922
3003    0.866881280482
3005    0.86687592959
3007    0.866875910964
3033    0.862636758552
3059    0.857803569298
3085    0.849988292004
3111    0.84672985549
3137    0.832928545608
3163    0.831475435356
3189    0.822831250636
3215    0.813919482182
3241    0.800875228602
3243    0.800865441597
3245    0.800865439629
3247    0.800849674987
3249    0.800849045688
3275    0.798154866792
3277    0.798136579923
3279    0.798136578489
3281    0.798136574843
3283    0.798136574842
3309    0.796468967054
3335    0.793735393223
3361    0.791325030736
3363    0.791325030466
3365    0.791325030389
3367    0.791325030361
3393    0.788481857126
3419    0.785932372954
3445    0.783667751164
3447    0.783667688517
3473    0.779253790525
3475    0.779253567826
3477    0.779253133048
3479    0.779232055811
3505    0.774728815651
3531    0.773456401843
3533    0.773456395676
3535    0.773455080597
3537    0.773454952997
3563    0.771315162971
3589    0.769631277095
3615    0.76685867927
3641    0.763311479349
3643    0.763296754183
3646    0.763244785321
3672    0.757290321566
3698    0.75127817743
3700    0.751276280623
3702    0.751275993663
3704    0.751275988296
3730    0.749360244611
3756    0.746663436027
3782    0.74430121178
3784    0.744301197683
3786    0.744301097314
3788    0.744301097314
3790    0.744301097226
3792    0.744289612436
3818    0.741196835304
3820    0.741195809425
3822    0.74119580554
3848    0.738710103435
3874    0.736519291217
3900    0.73190685551
3926    0.729898294489
3952    0.721289659396
3962    0.721025727768
3988    0.715129911866
4014    0.708871102594
4040    0.698077706462
4042    0.698073897322
4044    0.698073896139
4046    0.698062520301
4048    0.698062383236
4074    0.696069058592
4076    0.696052004874
4078    0.69605200406
4080    0.696052000036
4082    0.696052000036
4108    0.694758978958
4134    0.692814822588
4160    0.691103616927
4162    0.691103616535
4164    0.691103613789
4166    0.691103613773
4192    0.689469251439
4218    0.68763041636
4244    0.685960689775
4246    0.685960645788
4272    0.683329448872
4274    0.683329406955
4276    0.683329108608
4278    0.6833093719
4304    0.680198057807
4306    0.680172049648
4308    0.680172048786
4310    0.680171752205
4312    0.680171749927
4338    0.678778861011
4364    0.677700502991
4390    0.676397039187
4416    0.673763072433
4418    0.673755400323
4420    0.673741941102
4446    0.669737770408
4472    0.665143537665
4474    0.665142966572
4476    0.665142934049
4478    0.665142929162
4504    0.663697466685
4530    0.661892337884
4556    0.660292417528
4558    0.660292407512
4560    0.660292348285
4562    0.660292348284
4564    0.660292348247
4566    0.660282977327
4592    0.658149202433
4594    0.658149007324
4596    0.658149004905
4622    0.656631227673
4648    0.655559288063
4674    0.652291677527
4700    0.650800092267
4726    0.644799708211
4728    0.644775507753
4754    0.64056226291
4780    0.635911000412
4806    0.626639759817
4808    0.62663825552
4810    0.626638254836
4812    0.626630401752
4814    0.626630364216
4840    0.625117767477
4842    0.625101978677
4844    0.625101978191
4846    0.625101973855
4848    0.625101973855
4874    0.624121091856
4900    0.62277030112
4926    0.621577537135
4928    0.621577536695
4930    0.621577533126
4932    0.621577533116
4958    0.620579678711
4984    0.619043933657
5010    0.617633602482
5012    0.617633570948
5038    0.616001666014
5040    0.616001658341
5042    0.616001453417
5044    0.615983068219
5070    0.613632394526
5072    0.613614166898
5074    0.613614163235
5076    0.613614086162
5078    0.613614084133
5104    0.612656518992
5119    0.612249526696
5131    0.611935953181
5157    0.609968944941
5159    0.609964008042
5161    0.609956166869
5187    0.607071497791
5213    0.603443402178
5215    0.603443212603
5217    0.603443208746
5219    0.60344320442
5245    0.602365304999
5271    0.601157443537
5297    0.600073516733
5299    0.600073508765
5301    0.600073472355
5303    0.600073472355
5305    0.600073472341
5307    0.600065732168
5333    0.598348903404
5335    0.598348867754
5337    0.598348866219
5363    0.597374120495
5365    0.597348455026
5391    0.594674634586
5417    0.593419780985
5443    0.589062921232
5445    0.589039762239
5471    0.585981113531
5497    0.582417937297
5523    0.574276451308
5525    0.574275846487
5527    0.574275846064
5529    0.574270689992
5531    0.574270676059
5557    0.573115995693
5559    0.573101433592
5561    0.573101433289
5563    0.573101428723
5565    0.573101428723
5591    0.572362875108
5617    0.571433610421
5643    0.570607041756
5645    0.570607041322
5647    0.570607037937
5649    0.570607037933
5659    0.570364073608
5685    0.568957324339
5711    0.567667338038
5713    0.567667314965
5739    0.56661348838
5741    0.566613487012
5743    0.566613344016
5745    0.566596282716
5771    0.564704993866
5773    0.564692605989
5775    0.564692599378
5777    0.564692579955
5779    0.564692578508
5793    0.564328397049
5795    0.5643028998
5797    0.56428238331
5823    0.562803141629
5825    0.562799649373
5827    0.562794807042
5853    0.560626025304
5879    0.557696823761
5881    0.557696754207
5883    0.55769675343
5885    0.557696749678
5911    0.556889358984
5937    0.55606587834
5963    0.555316387207
5965    0.555316380537
5967    0.555316357638
5969    0.555316357638
5971    0.555316357633
5973    0.55530989342
5999    0.553793111279
6001    0.553793106635
6003    0.553793105763
6014    0.553522580517
6016    0.553503590871
6042    0.551192673056
6068    0.550138081522
6094    0.546915039513
6096    0.54689257287
6122    0.54465349311
6148    0.541870387548
6174    0.534612021643
6176    0.534611775066
6178    0.534611774778
6180    0.534608584681
6182    0.534608577617
6208    0.533729921219
6210    0.533716511415
6212    0.533716511219
6214    0.533716506512
6216    0.533716506512
6218    0.533694472862
6237    0.533202661327
6244    0.533044595415
6246    0.533044595021
6248    0.533044592107
6250    0.533044592105
6252    0.53302259224
6278    0.531715512775
6304    0.530520074186
6306    0.530520056941
6323    0.530053183093
6325    0.530053182862
6327    0.530053132739
6329    0.530037363716
6355    0.52844110767
6357    0.528431094949
6359    0.528431090604
6361    0.528431085074
6363    0.528431083869
6365    0.528405763361
6367    0.528380447045
6369    0.528364659454
6395    0.527244350209
6397    0.527241934597
6399    0.527238915929
6425    0.525569371658
6451    0.523171784498
6453    0.523171756163
6455    0.523171755655
6457    0.523171752451
6459    0.523147246729
6461    0.523121333008
6467    0.522989795679
6469    0.52298978997
6471    0.522989782117
6473    0.522989782078
6475    0.522989782078
6477    0.52298433361
6503    0.521574367797
6505    0.521574367034
6507    0.521574366669
6509    0.521552065413
6511    0.521537773161
6537    0.519506225302
6563    0.518623430595
6589    0.516208058714
6591    0.516186169164
6617    0.514527064676
6643    0.512319706257
6669    0.505774128464
6671    0.505774027284
6673    0.50577402707
6675    0.505772196503
6677    0.505772191939
6684    0.50561462724
6686    0.505602258532
6688    0.505602258382
6690    0.505602252596
6692    0.505602252596
6694    0.505582392763
6696    0.50555736406
6698    0.505531740331
6700    0.505531740005
6702    0.505531737155
6704    0.505531737154
6706    0.505512929048
6732    0.504306430667
6758    0.503205454615
6760    0.503205441424
6762    0.503180323808
6764    0.503180323777
6766    0.503180319917
6768    0.50316573361
6794    0.50175934002
6796    0.501749789004
6798    0.501749785655
6800    0.501749783876
6802    0.501749782723
6804    0.501724954121
6806    0.501699765029
6808    0.501687763765
6834    0.500834627179
6836    0.500832976051
6838    0.50083107513
6864    0.49951977387
6890    0.497541583409
6892    0.497541557537
6894    0.497541556835
6896    0.497541553821
6898    0.49751766704
6900    0.497492563082
6902    0.497466858887
6904    0.497466853947
6906    0.497466850608
6908    0.497466850394
6910    0.497466850394
6912    0.497462217529
6938    0.496145209285
6940    0.496145209223
6942    0.496145209093
6944    0.496125992774
6946    0.496115064425
6972    0.494329651611
6998    0.493619932643
7024    0.491781825689
7026    0.491760509607
7052    0.490503435254
7078    0.488724857944
7104    0.48266902551
7106    0.482668948735
7108    0.482668948566
7110    0.48266780797
7112    0.482667801571
7114    0.482646921179
7116    0.482635503345
7118    0.482635503209
7120    0.482635498826
7122    0.482635498826
7124    0.482615847575
7126    0.482591169375
7128    0.482565900609
7130    0.482565900348
7132    0.482565897424
7134    0.482565897423
7136    0.482549700709
7162    0.481444708621
7188    0.480438628686
7190    0.480438618294
7192    0.480415675604
7194    0.480415675603
7196    0.480415671904
7198    0.480402155584
7224    0.479136437896
7226    0.479127319372
7228    0.479127316274
7230    0.479127315595
7232    0.479127314499
7234    0.479102959389
7236    0.479077896327
7238    0.47906883202
7248    0.47882723436
7250    0.478826109987
7252    0.478825029314
7278    0.477780424682
7304    0.476102503863
7306    0.476102480541
7308    0.476102480105
7310    0.476102477389
7312    0.476078834867
7314    0.476054052385
7316    0.476028679637
7318    0.476028675338
7320    0.47602867274
7322    0.476028672414
7324    0.476028672414
7326    0.476024701693
7352    0.474804506598
7354    0.474804506546
7356    0.474804506511
7358    0.474787898879
7360    0.474779405577
7386    0.473214652209
7388    0.473188712112
7414    0.471757884358
7416    0.47173717295
7442    0.470749385823
7468    0.469294660265
7494    0.46364388071
7496    0.463643813212
7498    0.463643813066
7500    0.463643129269
7502    0.463643119601
7504    0.463626682986
7506    0.463616134786
7508    0.46361613466
7510    0.463616131078
7512    0.463616131078
7514    0.463596685538
7516    0.463572351989
7518    0.463547432456
7520    0.463547432247
7522    0.463547429348
7524    0.463547429348
7526    0.463533425724
7552    0.462529730356
7578    0.461617938231
7580    0.461617929785
7582    0.461597331094
7584    0.461597331092
7586    0.461597327737
7588    0.461584804269
7614    0.460433962038
7616    0.460425251293
7618    0.460425248045
7620    0.460425247772
7622    0.460425246736
7624    0.460401351325
7626    0.460376447596
7628    0.460369632227
7630    0.460346156882
7632    0.460345389676
7634    0.460344763772
7660    0.459499858478
7686    0.458046389773
7688    0.458046368757
7690    0.458046368502
7692    0.458046366114
7694    0.458022964049
7696    0.457998495669
7698    0.457973447833
7700    0.457973444079
7702    0.457973442003
7704    0.457973441649
7706    0.457973441648
7708    0.457970014984
7734    0.456850128663
7736    0.456850128457
7738    0.45685012735
7740    0.456835788212
7742    0.456828474473
7768    0.45546435219
7770    0.455438385305
7796    0.454287376484
7798    0.454267311271
7824    0.453450154477
7850    0.452243666461
7876    0.446958128055
7878    0.446958068947
7880    0.446958068814
7882    0.44695770541
7884    0.446957692584
7886    0.446945011231
7888    0.446935259429
7890    0.446935259308
7892    0.446935256201
7894    0.4469352562
7896    0.446916013647
7898    0.446892019132
7900    0.446867443377
7902    0.446867443209
7904    0.44686744043
7906    0.44686744043
7908    0.446855314918
7934    0.445951101118
7960    0.445131503147
7962    0.4451314961
7964    0.445113157363
7966    0.445113157359
7968    0.445113154366
7970    0.445101550566
7996    0.444048902192
7998    0.444040577077
8000    0.444040573443
8002    0.444040573325
8004    0.444040572348
8006    0.44401712498
8008    0.443992430734
8010    0.443987301755
8012    0.443966720803
8014    0.443966193723
8016    0.443965796291
8034    0.443498311549
8060    0.442234862003
8062    0.442234842948
8064    0.442234842811
8066    0.442234840777
8068    0.442211675437
8070    0.44218751354
8072    0.442162784259
8074    0.442162780975
8076    0.442162779305
8078    0.44216277898
8080    0.442162778978
8082    0.44215980422
8108    0.441140550894
8110    0.441140550549
8112    0.441140546854
8114    0.441128157704
8116    0.44112193101
8142    0.439935323663
8144    0.439909297815
8170    0.438942119319
8172    0.438922735977
8198    0.438202985405
8224    0.437189699733
8250    0.432240651222
8252    0.43224059963
8254    0.432240599503
8256    0.432240442737
8258    0.432240427049
8260    0.432230867793
8262    0.432221846141
8264    0.432221846025
8266    0.432221843204
8268    0.432221843204
8270    0.432202800975
8272    0.432179139984
8274    0.432154902663
8276    0.432154902527
8278    0.432154899944
8280    0.432154899944
8282    0.432144403739
8308    0.431336222501
8334    0.430605247982
8336    0.430605241971
8338    0.4305889981
8340    0.430588998094
8342    0.430588995439
8344    0.430578242725
8370    0.429612363267
8372    0.429604403444
8374    0.429604399107
8376    0.429604399044
8378    0.429604398124
8380    0.429581388278
8382    0.429557046014
8384    0.42955281607
8386    0.429535056616
8388    0.429534639923
8390    0.429534354594
8392    0.429508737776
8418    0.428409379472
8420    0.428409362113
8422    0.428409362049
8424    0.428409360342
8426    0.428386428088
8428    0.428362565652
8430    0.428338148662
8432    0.428338145782
8434    0.428338144417
8436    0.428338144141
8438    0.42833814414
8440    0.428335548395
8466    0.427415317802
8468    0.427415317374
8470    0.427415311117
8472    0.427404611585
8474    0.427399356988
8500    0.426369944709
8502    0.426343832228
8528    0.425487940811
8530    0.425469265557
8540    0.42523326975
8566    0.424372929486
8592    0.419738695591
8594    0.419738650681
8596    0.419738650558
8598    0.419738608057
8600    0.419738589907
8602    0.419731577235
8604    0.419723225655
8606    0.419723225541
8608    0.419723222899
8610    0.419723222899
8612    0.419704378341
8614    0.419681045418
8616    0.419657141221
8618    0.41965714111
8620    0.419657138778
8622    0.419657138778
8624    0.419648066491
8649    0.418982735071
8655    0.418851252664
8657    0.418851247451
8659    0.418836907572
8661    0.418836907363
8663    0.418836905016
8665    0.418826950091
8691    0.417939609089
8693    0.417931995632
8695    0.417931990313
8697    0.417931990269
8699    0.417931989405
8701    0.417909407116
8703    0.417885585075
8705    0.417881503808
8707    0.417866363985
8709    0.417865946138
8711    0.417865711647
8713    0.417840402762
8739    0.416884780577
8741    0.416884764699
8743    0.416884764676
8745    0.416884763246
8747    0.41686206049
8749    0.416838490768
8751    0.416814379861
8753    0.416814377332
8755    0.416814376191
8757    0.416814375969
8759    0.416814375968
8761    0.416812100849
8787    0.41598751707
8789    0.415987516608
8791    0.415987508456
8793    0.415978279727
8795    0.41597387577
8821    0.415083413894
8824    0.415031225177
8850    0.414230914082
8852    0.414212960905
8854    0.414187016742
8880    0.413449939745
8906    0.409113268558
8908    0.409113229548
8910    0.409113229426
8912    0.409113228329
8914    0.409113208157
8916    0.409108224593
8918    0.40910048851
8920    0.409100488399
8922    0.409100485866
8924    0.409100485866
8926    0.409081836427
8928    0.409058826274
8930    0.409035250114
8932    0.409035250031
8934    0.409035244852
8936    0.409035244852
8938    0.409026894122
8940    0.409000923884
8942    0.40897505913
8944    0.408975054545
8946    0.4089624252
8948    0.40896242408
8950    0.408962422009
8952    0.408953206527
8978    0.40813812866
8980    0.408130843875
8982    0.408130837835
8984    0.408130837794
8986    0.408130836986
8988    0.408108672682
8990    0.408085355628
8992    0.408081416791
8994    0.408068606783
8996    0.408068188189
8998    0.408067998943
9000    0.408042980744
9026    0.407213169676
9028    0.407213155104
9030    0.4072131551
9032    0.407213153906
9034    0.407190677172
9036    0.407167393711
9038    0.407143582815
9040    0.407143580594
9042    0.407143579612
9044    0.407143579439
9046    0.407143579438
9048    0.407141577626
9074    0.406407806932
9076    0.40640780647
9078    0.406407799526
9080    0.406399852991
9082    0.406396176533
9108    0.405627870538
9110    0.405601786333
9136    0.40483273874
9138    0.404815508173
9140    0.404789431208
9142    0.404763768031
9168    0.400680577742
9170    0.400680543399
9172    0.40068054328
9174    0.400680527275
9176    0.400680505529
9178    0.400677026327
9180    0.400669856368
9182    0.400669856258
9184    0.400669853795
9186    0.400669853795
9188    0.400651397367
9190    0.40062870523
9192    0.400605452292
9194    0.400605452243
9196    0.400605447786
9198    0.400605447786
9200    0.400597224882
9202    0.400571399559
9204    0.400545679177
9206    0.400545675096
9208    0.400534571053
9210    0.400534568619
9212    0.400534566796
9214    0.400526030514
9240    0.399778118118
9242    0.399771145367
9244    0.399771138823
9246    0.399771138774
9248    0.399771138022
9250    0.399749382382
9252    0.399726556752
9254    0.399722753877
9256    0.399711990934
9258    0.399711571977
9260    0.399711420859
9262    0.399686677183
9288    0.398992556893
9290    0.398992543475
9292    0.398992543475
9294    0.398992542479
9296    0.398970288391
9298    0.398947284962
9300    0.398923768143
9302    0.398923766189
9304    0.398923765314
9306    0.398923765184
9308    0.398923765182
9310    0.398921997914
9316    0.398790225988
9318    0.398790225471
9320    0.39879021779
9322    0.398783136274
9324    0.398780089999
9333    0.398567016552
9335    0.398541067507
9361    0.397787629018
9363    0.397771119808
9389    0.397076495219
9391    0.397052188705
9417    0.393212255428
9419    0.39321222505
9421    0.393212224932
9423    0.39321215235
9425    0.393212129458
9427    0.393209782809
9429    0.393203133635
9431    0.393203133528
9433    0.393203131113
9435    0.393203131113
9437    0.393184865197
9439    0.393162485918
9441    0.393139551101
9443    0.393139551073
9445    0.393139547179
9447    0.393139547179
9449    0.393131449389
9451    0.393105767777
9453    0.393080190404
9455    0.393080186736
9457    0.393070436051
9459    0.393070432147
9461    0.393070430544
9463    0.393062518715
9480    0.392633855784
9482    0.392627171618
9484    0.392627164735
9486    0.392627164665
9488    0.392627163962
9490    0.39260579233
9492    0.392583445739
9494    0.392579771413
9496    0.392570729322
9498    0.39257031039
9500    0.392570189321
9502    0.392545703899
9504    0.392519897549
9506    0.392519885157
9508    0.392519885151
9510    0.392519884259
9512    0.392497849526
9514    0.392475120008
9516    0.392451891444
9518    0.392451889724
9520    0.392451889235
9522    0.392451889137
9524    0.392451889136
9526    0.392450324099
9528    0.392424302801
9530    0.392424302275
9532    0.392424296728
9534    0.392417508016
9536    0.392414653605
9538    0.392388766803
9540    0.392363046175
9566    0.391593617415
9568    0.391577837352
9594    0.390839712453
9596    0.390816762726
9622    0.387211300739
9624    0.387211273748
9626    0.387211273631
9628    0.387211116079
9630    0.387211092431
9632    0.387209551231
9634    0.387203381442
9636    0.387203381335
9638    0.387203378953
9640    0.387203378953
9642    0.387185301048
9644    0.387163229498
9646    0.387140607724
9648    0.387140607706
9650    0.387140604257
9652    0.387140604257
9654    0.387132628923
9656    0.387107089804
9658    0.387081654242
9660    0.38708165088
9662    0.387072701407
9664    0.387072696038
9666    0.387072694598
9668    0.387065357083
9670    0.387039360329
9672    0.387032938933
9674    0.387032931834
9676    0.387032931697
9678    0.387032931041
9680    0.387011911139
9682    0.3869900328
9684    0.386986458017
9686    0.386977547947
9688    0.386977129953
9690    0.386977012197
9692    0.386952731079
9694    0.386927126834
9696    0.386927115342
9698    0.386927115323
9700    0.38692711451
9702    0.386905295918
9704    0.386882834401
9706    0.386859888388
9708    0.386859886872
9710    0.386859886508
9712    0.386859886436
9714    0.386859886435
9716    0.386858496846
9718    0.386832611858
9720    0.386832611338
9722    0.386832607949
9724    0.386825918875
9726    0.386823110943
9728    0.386797403047
9730    0.386771907661
9756    0.385961899986
9758    0.38594684358
9784    0.38514508169
9786    0.38512346613
9812    0.381744116271
9814    0.381744092187
9816    0.381744092071
9818    0.381743831643
9820    0.381743807587
9822    0.381742785293
9824    0.381737057076
9826    0.381737056972
9828    0.381737054614
9830    0.381737054614
9832    0.381719162313
9834    0.381697393515
9836    0.381675079861
9838    0.38167507985
9840    0.381675076756
9842    0.381675076756
9844    0.381667221322
9846    0.38164182361
9848    0.381616528905
9850    0.381616525754
9852    0.381607751423
9854    0.381607744695
9856    0.381607743525
9858    0.38160093456
9860    0.381575064298
9862    0.381568893103
9864    0.381568885872
9866    0.381568885661
9868    0.381568885047
9870    0.381548208507
9872    0.381526787388
9874    0.381523309047
9876    0.38151452811
9878    0.3815141113
9880    0.381513996743
9882    0.38148991704
9884    0.381464512286
9886    0.381464501592
9888    0.381464501558
9890    0.381464500806
9892    0.381442895261
9894    0.381420696056
9896    0.381398027053
9898    0.381398025716
9900    0.381398025439
9902    0.381398025385
9904    0.381398025385
9906    0.38139678871
9908    0.381371039136
9910    0.38137103862
9912    0.381371036568
9914    0.381364445201
9916    0.381361682796
9918    0.381336152091
9920    0.381310879412
9946    0.380442365135
9948    0.380428025005
9974    0.379548658835
9976    0.37952833848
10002    0.376366624988
10004    0.376366603411
10006    0.376366603295
10008    0.376366230264
10010    0.376366206104
10012    0.376365452904
10014    0.376360131663
10016    0.37636013156
10018    0.376360129221
10020    0.376360129221
10022    0.37634242018
10024    0.376320949265
10026    0.37629893891
10028    0.376298938902
10030    0.376298936094
10032    0.376298936094
10034    0.376291198083
10036    0.376265940771
10038    0.376240786108
10040    0.376240783164
10042    0.376232178689
10044    0.376232170766
10046    0.376232169764
10048    0.376225847738
10050    0.376200101415
10052    0.376194168568
10054    0.376194161265
10056    0.376194160976
10058    0.3761941604
10060    0.376173819252
10062    0.376152844807
10064    0.376149459909
10066    0.376140805349
10068    0.376140389953
10070    0.376140278487
10072    0.376116397395
10074    0.376091189713
10076    0.376091179729
10078    0.376091179679
10080    0.376091178975
10082    0.376069783434
10084    0.376047840978
10086    0.376025443529
10088    0.37602544235
10090    0.376025442133
10092    0.376025442093
10094    0.376025442093
10096    0.376024339227
10098    0.375998724231
10100    0.375998723719
10102    0.37599872249
10104    0.375992226937
10106    0.37598950912
10108    0.375964153919
10110    0.375939101801
10136    0.375000006374
10138    0.374986373522
10164    0.374021023927
10166    0.374001949241
10192    0.371049029832
10194    0.371049010427
10196    0.371049010311
10198    0.371048521238
10200    0.371048497229
10202    0.371047796464
10204    0.371042850511
10206    0.37104285041
10208    0.371042848086
10210    0.371042848086
10212    0.371025319989
10214    0.371004142154
10216    0.370982430346
10218    0.37098243034
10220    0.370982427764
10222    0.370982427764
10224    0.370974804763
10226    0.370949686868
10228    0.370924671493
10230    0.370924668743
10232    0.370916229066
10234    0.370916220139
10236    0.370916219249
10238    0.370910346123
10240    0.370884721489
10242    0.370879015807
10244    0.370879008468
10246    0.370879008104
10248    0.370879007563
10250    0.370858994198
10252    0.370838456279
10254    0.370835161929
10256    0.370826631117
10258    0.370826217349
10260    0.370826108867
10262    0.37080242366
10264    0.370777410796
10266    0.370777401447
10268    0.370777401379
10270    0.370777400715
10272    0.370756212186
10274    0.370734521033
10276    0.370712389767
10278    0.370712388726
10280    0.370712388551
10282    0.370712388523
10284    0.370712388523
10286    0.370711403153
10288    0.370685921945
10290    0.370685921436
10292    0.370685920714
10294    0.370679519123
10296    0.370676844968
10298    0.370651663613
10300    0.370626830153
10326    0.369610632914
10328    0.369597696785
10354    0.368543461508
10356    0.368525576939
10382    0.365772171578
10384    0.365772154061
10386    0.365772153947
10388    0.365771550112
10390    0.365771526469
10392    0.365770691274
10394    0.365766091557
10396    0.365766091456
10398    0.365766089144
10400    0.365766089144
10402    0.365748739704
10404    0.365727850215
10406    0.365706432262
10408    0.365706432258
10410    0.365706429873
10412    0.365706429873
10414    0.365698919531
10416    0.365673940103
10418    0.365649063291
10420    0.365649060727
10422    0.365640781008
10424    0.365640771277
10426    0.365640770464
10428    0.365635311405
10430    0.36560980645
10432    0.365604317372
10434    0.365604310025
10436    0.365604309589
10438    0.365604309079
10440    0.36558461622
10442    0.365564505018
10444    0.365561298417
10446    0.365552888835
10448    0.365552476895
10450    0.365552371296
10452    0.365528879325
10454    0.365504059147
10456    0.365504050369
10458    0.365504050284
10460    0.365504049655
10462    0.365483065188
10464    0.365461619995
10466    0.365439749625
10468    0.365439748705
10470    0.365439748562
10472    0.365439748541
10474    0.365439748541
10476    0.365438866664
10478    0.365413518491
10480    0.365413517984
10482    0.365413517568
10484    0.365407208127
10486    0.365404576723
10488    0.365379567591
10490    0.365354951033
10516    0.364260634965
10518    0.36424838337
10544    0.363107909741
10546    0.36309115701
10572    0.360527578959
10574    0.360527563092
10576    0.360527562978
10578    0.360526849115
10580    0.36052682601
10582    0.360525696152
10584    0.360521416007
10586    0.360521415908
10588    0.360521413606
10590    0.360521413606
10592    0.360504240564
10594    0.360483634752
10596    0.360462506031
10598    0.360462506028
10600    0.3604625038
10602    0.3604625038
10604    0.360455103824
10606    0.360430261935
10608    0.36040552298
10610    0.360405520588
10612    0.360397396204
10614    0.360397385866
10616    0.360397385108
10618    0.360392308179
10620    0.360366921103
10622    0.360361638652
10624    0.36036163131
10626    0.360361630809
10628    0.36036163033
10630    0.360342251
10632    0.360322557008
10634    0.360319435454
10636    0.360311144687
10638    0.360310734763
10640    0.36031063195
10642    0.360287330637
10644    0.360262701117
10646    0.360262692853
10648    0.360262692754
10650    0.360262692153
10652    0.360241908846
10654    0.36022070437
10656    0.360199089685
10658    0.360199088872
10660    0.360199088751
10662    0.360199088736
10664    0.360199088736
10666    0.360198298265
10668    0.360173082402
10670    0.360173081898
10672    0.360173081667
10674    0.360166862603
10676    0.360164273058
10678    0.360139434554
10680    0.360115033228
10706    0.358947060952
10708    0.358935479888
10734    0.357716973462
10736    0.357701293783
10762    0.355317538518
10764    0.355317524096
10766    0.355317523982
10768    0.355316707231
10770    0.355316684802
10772    0.355315123724
10774    0.355311138669
10776    0.355311138572
10778    0.355311136279
10780    0.355311136279
10782    0.355294137401
10784    0.355273810661
10786    0.355252966606
10788    0.355252966603
10790    0.355252964507
10792    0.355252964507
10794    0.355245672662
10796    0.355220967408
10798    0.355196365608
10800    0.355196363378
10802    0.355188389909
10804    0.355188379145
10806    0.35518837843
10808    0.355183654316
10810    0.355158383489
10812    0.355153298231
10814    0.355153290904
10816    0.355153290346
10818    0.355153289893
10820    0.355134217391
10822    0.355114931375
10824    0.355111892256
10826    0.355103717987
10828    0.355103310253
10830    0.355103210133
10832    0.355080096969
10834    0.355055656161
10836    0.355055648364
10838    0.35505564825
10840    0.355055647675
10842    0.355035062666
10844    0.355014093759
10846    0.354992729627
10848    0.354992728908
10850    0.354992728804
10852    0.354992728792
10854    0.354992728792
10856    0.354992019245
10858    0.354966934992
10860    0.354966934489
10862    0.354966934366
10864    0.354960803945
10866    0.354958255384
10868    0.354933585945
10870    0.354909398216
10896    0.353677521443
10898    0.353666594876
10924    0.352383558264
10926    0.35236889374
10952    0.350154756785
10954    0.350154743636
10956    0.350154743523
10958    0.350153832608
10960    0.35015381096
10962    0.350151703016
10964    0.35014799055
10966    0.350147990453
10968    0.350147988168
10970    0.350147988168
10972    0.350131161247
10974    0.350111109035
10976    0.350090545141
10978    0.350090545139
10980    0.350090543153
10982    0.350090543153
10984    0.350083357257
10986    0.350058787755
10988    0.350034322407
10990    0.350034320328
10992    0.350026493546
10994    0.35002648252
10996    0.35002648184
10998    0.350022083609
11000    0.349996927544
11002    0.349992030554
11004    0.349992023246
11006    0.34999202264
11008    0.349992022211
11010    0.349973250096
11012    0.349954363069
11014    0.34995140386
11016    0.349943343862
11018    0.349942938482
11020    0.349942840964
11022    0.349919913504
11024    0.349895659529
11026    0.349895652155
11028    0.349895652029
11030    0.349895651475
11032    0.349875261944
11034    0.349854523543
11036    0.349833404909
11038    0.349833404272
11040    0.349833404179
11042    0.349833404171
11044    0.349833404171
11046    0.349832766426
11048    0.349807813103
11050    0.349807812602
11052    0.349807812541
11054    0.349801769069
11056    0.349799260633
11058    0.349774758723
11060    0.34975078296
11086    0.348469538909
11088    0.348459248575
11114    0.347129810925
11116    0.347116105361
11142    0.345061309852
11144    0.345061297827
11146    0.345061297714
11148    0.345060302282
11150    0.345060281494
11152    0.345057529412
11154    0.345054068843
11156    0.345054068748
11158    0.345054066471
11160    0.345054066471
11162    0.345037409323
11164    0.345017627157
11166    0.344997338979
11168    0.344997338978
11170    0.344997337086
11172    0.344997337086
11174    0.344990255012
11176    0.344965820399
11178    0.344941490794
11180    0.344941488855
11182    0.344933804715
11184    0.344933793572
11186    0.34493379292
11188    0.344929695806
11190    0.344904653139
11192    0.34489993597
11194    0.344899928682
11196    0.344899928036
11198    0.344899927629
11200    0.344881449691
11202    0.344862952903
11204    0.344860071166
11206    0.344852123289
11208    0.344851720416
11210    0.344851625412
11212    0.344828881272
11214    0.344804812307
11216    0.344804805318
11218    0.344804805182
11220    0.344804804649
11222    0.344784607814
11224    0.344764094942
11226    0.344743216823
11228    0.344743216259
11230    0.344743216177
11232    0.344743216172
11234    0.344743216171
11236    0.344742642259
11238    0.344717819199
11240    0.3447178187
11242    0.344717818672
11244    0.34471186049
11246    0.344709391343
11248    0.344685055453
11250    0.344661290001
11276    0.343349109308
11278    0.343339434595
11304    0.341985226789
11306    0.341972426106
11332    0.34006674752
11334    0.340066736491
11336    0.340066736379
11338    0.34006566649
11340    0.340065646615
11342    0.340062169159
11344    0.34005894145
11346    0.340058941356
11348    0.340058939086
11350    0.340058939086
11352    0.340042449552
11354    0.340022933011
11356    0.34000291616
11358    0.340002916158
11360    0.340002914348
11362    0.340002914348
11364    0.339995934018
11366    0.339971633448
11368    0.339947438871
11370    0.339947437062
11372    0.339939891688
11374    0.339939880554
11376    0.339939879927
11378    0.339936061139
11380    0.339911130606
11382    0.339906585258
11384    0.33990657799
11386    0.339906577311
11388    0.339906576926
11390    0.339888387177
11392    0.339870272098
11394    0.339867465475
11396    0.339859627648
11398    0.339859227422
11400    0.33985913485
11402    0.339836571703
11404    0.33981268597
11406    0.339812679333
11408    0.339812679189
11410    0.339812678672
11412    0.339792671788
11414    0.339772379551
11416    0.339751737036
11418    0.339751736536
11420    0.33975173646
11422    0.339751736456
11424    0.339751736456
11426    0.339751219389
11428    0.339726525943
11430    0.339726525445
11432    0.339726525436
11434    0.33972065092
11436    0.339718220243
11438    0.339694048894
11440    0.339670492055
11466    0.338348433444
11468    0.338339351382
11494    0.33698399262
11496    0.336972045025
11522    0.335205425178
11524    0.335205415036
11526    0.335205414925
11528    0.335204280662
11530    0.335204261735
11532    0.335199991593
11534    0.335196979216
11536    0.335196979123
11538    0.33519697686
11540    0.33519697686
11542    0.335180652803
11544    0.335161397522
11546    0.335141647667
11548    0.335141647666
11550    0.335141645924
11552    0.335141645924
11554    0.335134765313
11556    0.335110597956
11558    0.335086537684
11560    0.335086535997
11562    0.335079125674
11564    0.335079114652
11566    0.335079114047
11568    0.335075552599
11570    0.335050733022
11572    0.335046351915
11574    0.335046344666
11576    0.335046343962
11578    0.335046343596
11580    0.335028436253
11582    0.335010694566
11584    0.335007960779
11586    0.335000230997
11588    0.334999833552
11590    0.334999743331
11592    0.334977358907
11594    0.334953654668
11596    0.334953648353
11598    0.334953648202
11600    0.334953647701
11602    0.334933828061
11604    0.334913751645
11606    0.334893339892
11608    0.334893339449
11610    0.334893339379
11612    0.334893339376
11614    0.334893339376
11616    0.334892873016
11618    0.334868308545
11620    0.334868308048
11622    0.334868308046
11624    0.334862515613
11626    0.334860122605
11628    0.334836114341
11630    0.334812764362
11656    0.333502984117
11658    0.333494469513
11684    0.332161832096
11686    0.332150688105
11712    0.330513333833
11714    0.330513324482
11716    0.33051332437
11718    0.33051213556
11720    0.330512117599
11722    0.330506999474
11724    0.330504186286
11726    0.330504186194
11728    0.330504183938
11730    0.330504183938
11732    0.330488023246
11734    0.330469024923
11736    0.330449537789
11738    0.330449537787
11740    0.330449536107
11742    0.330449536107
11744    0.330442753237
11746    0.330418718281
11748    0.330394791585
11750    0.33039479001
11752    0.330387511175
11754    0.330387500354
11756    0.330387499768
11758    0.330384176326
11760    0.330359466604
11762    0.330355242549
11764    0.330355235316
11766    0.330355234595
11768    0.330355234247
11770    0.330337603719
11772    0.330320227307
11774    0.330317564152
11776    0.330309940478
11778    0.330309545935
11780    0.330309457989
11782    0.330287250068
11784    0.330263725621
11786    0.330263719602
11788    0.330263719446
11790    0.33026371896
11792    0.330244083892
11794    0.33022421856
11796    0.3302040328
11798    0.330204032406
11800    0.330204032341
11802    0.330204032339
11804    0.330204032339
11806    0.330203611279
11808    0.330179175153
11810    0.330179174658
11812    0.330179174658
11814    0.330173462755
11816    0.330171106635
11818    0.330147260026
11820    0.330124115101
11846    0.328848250194
11848    0.328840275912
11874    0.327552757717
11876    0.327542370098
11902    0.326024834503
11904    0.32602482586
11906    0.326024825751
11908    0.326023591749
11910    0.326023574757
11912    0.326017563677
11914    0.326014934798
11916    0.326014934708
11918    0.326014932458
11920    0.326014932458
11922    0.325998933041
11924    0.325980187425
11926    0.325960958791
11928    0.325960958789
11930    0.325960957163
11932    0.325960957163
11934    0.325954270102
11936    0.325930366749
11938    0.325906572896
11940    0.325906571425
11942    0.325899420655
11944    0.325899410103
11946    0.325899409535
11948    0.325896306275
11950    0.325871705366
11952    0.325867631546
11954    0.325867624327
11956    0.325867623597
11958    0.325867623265
11960    0.325850264141
11962    0.325833245084
11964    0.325830650432
11966    0.325823130988
11968    0.325822739461
11970    0.325822653715
11972    0.325800620132
11974    0.3257772738
11976    0.325777268053
11978    0.325777267892
11980    0.325777267419
11982    0.325757814286
11984    0.325738155375
11986    0.325718190907
11988    0.325718190558
11990    0.325718190497
11992    0.325718190495
11994    0.325718190495
11996    0.325717809958
11998    0.325693501555
12000    0.325693501062
12002    0.325693501061
12004    0.325687868172
12006    0.325685548177
12008    0.32566186182
12010    0.325638920085
12036    0.324416592204
12038    0.324409129568
12064    0.32318616868
12066    0.323176492374
12092    0.321769738171
12094    0.321769730166
12096    0.321769730056
12098    0.321768459617
12100    0.321768443587
12102    0.321761503394
12104    0.32175904511
12106    0.32175904502
12108    0.321759042776
12110    0.321759042776
12112    0.321743202568
12114    0.321724705472
12116    0.321705731176
12118    0.321705731175
12120    0.321705729596
12122    0.321705729596
12124    0.321699136459
12126    0.321675363925
12128    0.321651702178
12130    0.321651700805
12132    0.321644674811
12134    0.321644664585
12136    0.321644664033
12138    0.321641764516
12140    0.321617271435
12142    0.32161334138
12144    0.321613334174
12146    0.321613333438
12148    0.321613333121
12150    0.321596240158
12152    0.321579570722
12154    0.321577042514
12156    0.321569625478
12158    0.321569237072
12160    0.321569153453
12162    0.321547292087
12164    0.321524122228
12166    0.32152411673
12168    0.321524116568
12170    0.321524116106
12172    0.321504842309
12174    0.321485385233
12176    0.321465637424
12178    0.321465637114
12180    0.321465637056
12182    0.321465637055
12184    0.321465637055
12186    0.321465292814
12188    0.321441111526
12190    0.321441111035
12192    0.321441111031
12194    0.321435555673
12196    0.321433271058
12198    0.321409743571
12200    0.321387003129
12226    0.320234628946
12228    0.320227648245
12254    0.319084661532
12256    0.31907565356
12282    0.317771099291
12284    0.317771091861
12286    0.317771091751
12288    0.317769792943
12290    0.317769777859
12292    0.317761879894
12294    0.317759579554
12296    0.317759579465
12298    0.317759577228
12300    0.317759577228
12302    0.317743894185
12304    0.317725641475
12306    0.317706917408
12308    0.317706917407
12310    0.31770691587
12312    0.31770691587
12314    0.317700414818
12316    0.317676772338
12318    0.317653241959
12320    0.317653240675
12322    0.317646336297
12324    0.317646326438
12326    0.3176463259
12328    0.31764361496
12330    0.31761922877
12332    0.317615436338
12334    0.317615429143
12336    0.317615428409
12338    0.317615428106
12340    0.317598596225
12342    0.317582268862
12344    0.317579805109
12346    0.317572488713
12348    0.317572103524
12350    0.317572021965
12352    0.317550330747
12354    0.317527335738
12356    0.317527330472
12358    0.317527330307
12360    0.317527329857
12362    0.317508232829
12364    0.317488973076
12366    0.317469437361
12368    0.317469437084
12370    0.317469437028
12372    0.317469437028
12374    0.317469437027
12376    0.317469125337
12378    0.31744507056
12380    0.317445070071
12382    0.317445070065
12384    0.317439590788
12386    0.317437340828
12388    0.317413970857
12390    0.317391429789
12416    0.316321459384
12418    0.316314930404
12444    0.315262766778
12446    0.315254386158
12472    0.314043936757
12474    0.314043929846
12476    0.314043929737
12478    0.314042609901
12480    0.314042595739
12482    0.314033717688
12484    0.31403156362
12486    0.314031563533
12488    0.314031561302
12490    0.314031561302
12492    0.314016033406
12494    0.313998021009
12496    0.313979543119
12498    0.313979543117
12500    0.313979541619
12502    0.313979541619
12504    0.313973130855
12506    0.313949617675
12508    0.31392621793
12510    0.313926216729
12512    0.313919430923
12514    0.313919421462
12516    0.313919420938
12518    0.313916884576
12520    0.313892604383
12522    0.31388894374
12524    0.313888936553
12526    0.313888935823
12528    0.313888935534
12530    0.313872359806
12532    0.313856367144
12534    0.313853965922
12536    0.313846748448
12538    0.313846366565
12540    0.313846287
12542    0.313824763904
12544    0.313801942151
12546    0.313801937099
12548    0.313801936934
12550    0.313801936493
12552    0.313783013703
12554    0.313763946832
12556    0.313744618716
12558    0.313744618471
12560    0.313744618417
12562    0.313744618417
12564    0.313744618417
12566    0.313744335949
12568    0.313720407092
12570    0.313720406604
12572    0.313720406596
12574    0.313715001982
12576    0.313712785969
12578    0.313689572182
12580    0.31366722857
12606    0.312687850017
12608    0.312681742586
12634    0.311726642281
12636    0.311718849953
12662    0.310594913571
12664    0.310594907132
12666    0.310594907023
12668    0.310593572758
12670    0.310593559489
12672    0.310583684392
12674    0.310581665824
12676    0.310581665738
12678    0.310581663513
12680    0.310581663513
12682    0.310566288769
12684    0.310548512663
12686    0.310530276954
12688    0.310530276953
12690    0.31053027549
12692    0.31053027549
12694    0.310523953261
12696    0.310500568646
12698    0.310477298803
12700    0.310477297679
12702    0.310470627516
12704    0.310470618472
12706    0.310470617961
12708    0.310468243251
12710    0.310444068198
12712    0.310440533801
12714    0.31044052662
12716    0.3104405259
12718    0.310440525624
12720    0.310424201269
12722    0.310408536109
12724    0.310406195557
12726    0.310399075335
12728    0.310398696839
12730    0.310398619204
12732    0.310377262251
12734    0.310354612185
12736    0.310354607331
12738    0.310354607167
12740    0.310354606736
12742    0.310335855691
12744    0.310316977337
12746    0.310297852392
12748    0.310297852174
12750    0.310297852122
12752    0.310297852122
12754    0.310297852121
12756    0.310297595917
12758    0.310273792395
12760    0.31027379191
12762    0.310273791898
12764    0.310268460562
12766    0.310266277804
12768    0.310243218897
12770    0.310221070841
12796    0.309336339377
12798    0.309330623852
12824    0.308474594805
12826    0.308467353574
12852    0.307422846772
12854    0.307422840763
12856    0.307422840654
12858    0.307421497834
12860    0.307421485426
12862    0.307410600811
12864    0.307408707796
12866    0.307408707711
12868    0.307408705492
12870    0.307408705492
12872    0.307393481928
12874    0.307375938156
12876    0.307357940686
12878    0.307357940684
12880    0.307357939253
12882    0.307357939253
12884    0.30735170385
12886    0.307328447076
12888    0.307305306409
12890    0.307305305358
12892    0.307298748014
12894    0.307298739403
12896    0.307298738903
12898    0.30729651391
12900    0.307272443178
12902    0.307269029756
12904    0.307269022579
12906    0.307269021873
12908    0.307269021608
12910    0.30725294398
12912    0.307237599294
12914    0.307235317613
12916    0.307228293019
12918    0.307227917984
12920    0.307227842217
12922    0.307206649471
12924    0.307184169544
12926    0.307184164876
12928    0.307184164713
12930    0.307184164291
12932    0.30716558253
12934    0.307146888397
12936    0.307127962263
12938    0.307127962068
12940    0.307127962018
12942    0.307127962017
12944    0.307127962017
12946    0.307127729441
12948    0.307104050679
12950    0.307104050197
12952    0.307104050182
12954    0.307098790771
12956    0.307096640596
12958    0.307073735286
12960    0.307051780924
12986    0.306262074662
12988    0.306256722351
13014    0.305498199807
13016    0.305491474291
13042    0.304519817699
13044    0.304519812083
13046    0.304519811974
13048    0.304518465775
13050    0.304518454193
13052    0.304506551345
13054    0.304504774698
13056    0.304504774614
13058    0.304504772402
13060    0.304504772402
13062    0.304489698073
13064    0.304472382731
13066    0.304454619616
13068    0.304454619614
13070    0.304454618212
13072    0.304454618212
13074    0.304448467964
13076    0.304425338327
13078    0.304402326116
13080    0.304402325132
13082    0.304395877885
13084    0.304395869708
13086    0.30439586922
13088    0.304393782912
13090    0.304369815711
13092    0.304366518253
13094    0.30436651108
13096    0.304366510389
13098    0.304366510135
13100    0.304350674725
13102    0.304335643647
13104    0.304333419098
13106    0.30432648855
13108    0.304326117044
13110    0.304326043087
13112    0.304305012658
13114    0.304282701346
13116    0.30428269685
13118    0.304282696688
13120    0.304282696274
13122    0.304264281375
13124    0.304245767238
13126    0.304227035622
13128    0.304227035449
13130    0.3042270354
13132    0.3042270354
13134    0.304227035399
13136    0.304226824101
13138    0.304203269534
13140    0.304203269054
13142    0.304203269037
13144    0.304198080228
13146    0.304195961979
13148    0.304173209009
13150    0.304151446527
13175    0.303506167481
13177    0.303501140329
13186    0.303290375585
13188    0.303284132155
13214    0.302379236894
13216    0.302379231636
13218    0.302379231529
13220    0.302377886469
13222    0.302377875674
13224    0.302364948979
13226    0.302363280211
13228    0.302363280127
13230    0.302363277922
13232    0.302363277922
13234    0.302348350878
13236    0.302331260083
13238    0.302313727456
13240    0.302313727454
13242    0.30231372608
13244    0.30231372608
13246    0.302307659346
13248    0.302284656106
13250    0.302261771596
13252    0.302261770674
13254    0.302255430887
13256    0.302255423147
13258    0.302255422669
13260    0.302253464851
13262    0.302229600376
13264    0.302226414107
13266    0.302226406935
13268    0.302226406264
13270    0.302226406019
13272    0.302210808409
13274    0.302196084203
13276    0.302193915101
13278    0.302187077041
13280    0.302186709124
13282    0.30218663692
13284    0.302165766913
13286    0.30214362267
13288    0.302143618334
13290    0.302143618174
13292    0.302143617768
13294    0.302125367303
13296    0.302107028969
13298    0.302088487606
13300    0.302088487451
13302    0.302088487404
13304    0.302088487404
13306    0.302088487404
13308    0.302088295281
13310    0.302064864307
13312    0.30206486383
13314    0.302064863812
13316    0.302059744299
13318    0.302057657333
13320    0.302035055428
13322    0.302013483009
13324    0.301987957018
13326    0.301983117273
13328    0.301957152259
