26    5.20504233497
52    5.07298284867
78    5.07228726117
104    4.94848229197
130    4.92660246041
153    4.80294965644
179    4.78672781764
205    4.68760956637
231    4.62904052988
257    4.50606029933
283    4.48748005403
307    4.36440789923
333    4.32860287307
359    4.20146414973
385    4.07831932471
411    3.96139388735
413    3.96139310474
434    3.83843195515
455    3.83604949343
481    3.70341342674
507    3.652701499
533    3.52918002915
535    3.52916671767
561    3.43265656271
587    3.38247467839
613    3.25667379259
639    3.25487571447
665    3.23938681414
690    3.23581176602
716    3.11767419447
742    3.10016286093
768    3.06221863042
794    2.93815967577
813    2.8138289378
839    2.80108324106
865    2.76444655751
891    2.7233229438
917    2.581470972
943    2.57465316027
969    2.45092619679
971    2.45092244808
983    2.32687714833
1009    2.31303697963
1035    2.28951728873
1061    2.17240727022
1087    2.12725594194
1113    2.11101856692
1139    2.08590746403
1165    2.04101990582
1191    1.8878500986
1217    1.76782074464
1243    1.65284406338
1269    1.64262618077
1295    1.52032107777
1321    1.51293352519
1347    1.38046767819
1372    1.00645105072
1388    1.00485932718
1390    1.00485048862
1416    0.983391104007
1442    0.964409732098
1444    0.964390903597
1446    0.96439026733
1461    0.96393652125
1463    0.963936514841
1489    0.955096231308
1515    0.952171940346
1541    0.939362987136
1543    0.939361777872
1547    0.939292949211
1549    0.939291920911
1575    0.930367975597
1577    0.930348704667
1579    0.930348134591
1586    0.93016590548
1588    0.930165905088
1590    0.930165905082
1592    0.930146412487
1605    0.929683418247
1631    0.915481107054
1633    0.915480479873
1635    0.915479648009
1655    0.914686511286
1681    0.904240358768
1707    0.902792213593
1733    0.900704404045
1759    0.888877372132
1761    0.888877172449
1763    0.888876476567
1789    0.880634582406
1815    0.858450220657
1817    0.858449379474
1819    0.858449377803
1845    0.850808545325
1871    0.840330905014
1897    0.826780214638
1923    0.821857356157
1949    0.816508682197
1951    0.81650862204
1953    0.816508528919
1955    0.816508229147
1981    0.807145458001
2007    0.796558758906
2016    0.796272507371
2042    0.782100475671
2068    0.774129386682
2094    0.763534700965
2120    0.748089878284
2146    0.729979892122
2148    0.729965936736
2157    0.72971251041
2159    0.729709290914
2161    0.729709265497
2176    0.729211737967
2202    0.727953468713
2204    0.727941202829
2206    0.727926806723
2208    0.727921852853
2234    0.716450125946
2260    0.705490138489
2262    0.705471981625
2264    0.705471979444
2266    0.705465974541
2268    0.705465974159
2294    0.698245937253
2312    0.697666226628
2338    0.694401393512
2340    0.694400568905
2342    0.694396085748
2344    0.694395684561
2370    0.690723858462
2372    0.690706290749
2374    0.690705938897
2376    0.690699091368
2378    0.690699091185
2380    0.690699090984
2382    0.690681004872
2384    0.690661534207
2410    0.68619083173
2412    0.686190724062
2414    0.686190230778
2416    0.686186548168
2442    0.681646832897
2444    0.681626591972
2470    0.679637377733
2496    0.672077647025
2498    0.672077644547
2500    0.672077068061
2526    0.665325002121
2552    0.652830093624
2554    0.652830087549
2556    0.652830087538
2582    0.648725373963
2608    0.645783257452
2634    0.639562162243
2660    0.637256132956
2686    0.633089692176
2688    0.633089268913
2690    0.6330892259
2692    0.633088908895
2718    0.626235254922
2744    0.621237907381
2746    0.621235247723
2772    0.616218010229
2798    0.612425137471
2824    0.608037108209
2850    0.600947961032
2876    0.592598649972
2878    0.592596222763
2880    0.592594501437
2882    0.59259421001
2884    0.592594205835
2886    0.592573607681
2888    0.592552873789
2890    0.592543822841
2892    0.59253151071
2894    0.592528466538
2920    0.583875367568
2946    0.57548807985
2948    0.57547118618
2950    0.575471169388
2952    0.575469390279
2954    0.575469389949
2980    0.569231168615
2982    0.569209946187
3008    0.56821381923
3010    0.568213263013
3012    0.568211840579
3014    0.568211697735
3040    0.566216169986
3042    0.566199990152
3044    0.566199771493
3046    0.566194266014
3048    0.566194265901
3050    0.566194265782
3052    0.566177368349
3054    0.566160329545
3080    0.56454470606
3082    0.564544641168
3084    0.564544423443
3086    0.564543022081
3112    0.561978668959
3114    0.561959817273
3140    0.560217692209
3166    0.55568215155
3168    0.555682073244
3170    0.555681154331
3196    0.549892104417
3222    0.54215302594
3224    0.542153025628
3226    0.542153025614
3252    0.539980381211
3278    0.539013091017
3304    0.535249079286
3330    0.533744404824
3356    0.530587109327
3358    0.530586848344
3360    0.530586829772
3362    0.530586523871
3388    0.525361158793
3414    0.522463366336
3416    0.522463085995
3442    0.520424244797
3468    0.518527627591
3494    0.516575504332
3520    0.512303059234
3546    0.507223341266
3548    0.50722147206
3550    0.507220072624
3552    0.507220042812
3554    0.507220040032
3556    0.50720076136
3558    0.507181010437
3560    0.507173764608
3562    0.507163196728
3564    0.507161110203
3590    0.499781755433
3616    0.492639341462
3618    0.49262421249
3620    0.492624198039
3622    0.492623651929
3624    0.49262365174
3650    0.487115919709
3652    0.487095377941
3654    0.487074667058
3656    0.487074293628
3658    0.487073906428
3660    0.487073903599
3686    0.485767050497
3688    0.485752016508
3690    0.485751881102
3692    0.485747459835
3694    0.485747459751
3696    0.485747459666
3698    0.48573159607
3700    0.485716540922
3719    0.48520147468
3721    0.485201430626
3723    0.485201369359
3725    0.485200923572
3751    0.483506534081
3753    0.483488846363
3779    0.482016079238
3805    0.479294653562
3807    0.479294536488
3809    0.479293692169
3835    0.474220764755
3861    0.468719244434
3863    0.468719243719
3865    0.468719243715
3891    0.467529137488
3893    0.467510360714
3919    0.46474877245
3945    0.463623637455
3971    0.461253481361
3973    0.461253332332
3975    0.461253325134
3977    0.461253047346
4003    0.457044889796
4029    0.454944805274
4031    0.454944784082
4057    0.454007057062
4083    0.452982664559
4109    0.452023561146
4135    0.44889003935
4161    0.445301516698
4163    0.445300071985
4165    0.445298933105
4167    0.445298932797
4169    0.445298930779
4171    0.445280772704
4173    0.445261917826
4175    0.445255754081
4177    0.445246652729
4179    0.445245057212
4205    0.438729562495
4231    0.43247621758
4233    0.432462871548
4235    0.432462858509
4237    0.432462694742
4239    0.432462694574
4265    0.427556168295
4267    0.427536312067
4269    0.427521456878
4271    0.427521207182
4273    0.427521074852
4275    0.42752107251
4301    0.426610672018
4303    0.426596644334
4305    0.426596561069
4307    0.426593004259
4309    0.426593004188
4311    0.426593004119
4313    0.42657805141
4315    0.426564639488
4317    0.426545075203
4319    0.426545041397
4321    0.426545037972
4323    0.426544915205
4349    0.425303712083
4351    0.425287134195
4377    0.424065125716
4403    0.422383287594
4405    0.422383166635
4407    0.422382475818
4433    0.417834071577
4459    0.413480493137
4461    0.413480492563
4463    0.413480492562
4489    0.412791587027
4491    0.412779141189
4517    0.410609453761
4543    0.409775228579
4569    0.407999217717
4571    0.407999126236
4573    0.407999123887
4575    0.407998881674
4601    0.404454401916
4627    0.402726955827
4629    0.402726955749
4635    0.402609859535
4651    0.40224175095
4654    0.402196215672
4680    0.399605605048
4706    0.396799953305
4708    0.396798831788
4710    0.396797904152
4712    0.396797903857
4714    0.396797902269
4716    0.396780713525
4718    0.396762680359
4720    0.396757209585
4722    0.396749345587
4724    0.396748008791
4750    0.391007544385
4776    0.385562104519
4778    0.385550295195
4780    0.385550283138
4782    0.38555023896
4784    0.385550238812
4810    0.381155242055
4812    0.381136175869
4814    0.381125909696
4816    0.381125743172
4818    0.381125693135
4820    0.381125691467
4842    0.380586755442
4844    0.380573611609
4846    0.380573561
4848    0.380570689358
4850    0.380570689295
4852    0.380570689233
4854    0.380556547282
4856    0.380544515818
4858    0.380529209781
4860    0.380529181209
4862    0.380529178235
4864    0.38052913575
4890    0.379583058274
4892    0.379567539006
4918    0.378566227705
4944    0.377482591931
4946    0.377482479597
4948    0.377481929235
4974    0.373318253183
5000    0.369654896951
5002    0.369654896559
5004    0.369654896552
5006    0.369636267042
5008    0.36962790603
5034    0.367833393337
5051    0.367433564303
5077    0.366103393091
5079    0.366103345583
5081    0.366103345064
5083    0.366103139879
5109    0.363034649286
5135    0.361540186906
5137    0.361540186501
5139    0.361521176881
5141    0.361502699059
5143    0.361485686748
5169    0.359294019077
5195    0.357037305024
5197    0.357036429455
5199    0.357035673316
5201    0.357035671472
5203    0.357035670136
5205    0.357019343341
5207    0.35700206752
5209    0.356997068894
5211    0.356990252208
5213    0.356989056676
5239    0.35201375107
5265    0.347352971043
5267    0.347342341257
5269    0.347342330275
5271    0.347342321437
5273    0.347342321304
5299    0.343384389174
5301    0.343366207935
5303    0.343358696043
5305    0.34335858512
5307    0.343358559491
5309    0.343358558277
5311    0.343336399835
5313    0.343324018669
5315    0.343323988457
5317    0.343321662867
5319    0.343321662809
5321    0.34332166275
5323    0.343308248634
5325    0.343297423989
5327    0.343285839813
5329    0.34328581398
5331    0.343285811601
5333    0.343285795293
5359    0.34255429347
5361    0.342539767023
5387    0.341728062209
5413    0.340980623833
5415    0.340980524034
5417    0.34098008106
5443    0.337108726671
5469    0.333923434748
5471    0.333923434494
5473    0.333923434483
5475    0.333908393203
5477    0.333902275093
5503    0.332415191481
5505    0.332392540505
5531    0.33139835566
5533    0.331398331133
5535    0.331398331121
5537    0.331398161544
5563    0.328706692035
5589    0.32740423896
5591    0.327404237815
5593    0.327388832768
5595    0.327373723574
5597    0.327360658601
5623    0.325515303635
5649    0.323682349428
5651    0.323681661919
5653    0.32368104518
5655    0.323681041341
5657    0.323681040152
5659    0.323665495383
5661    0.323648920598
5663    0.323644261802
5665    0.3236383343
5667    0.323637219666
5693    0.319413865101
5719    0.315504573335
5721    0.315494743206
5723    0.315494733959
5725    0.315494733434
5727    0.315494733313
5753    0.311908130651
5755    0.311890932586
5757    0.311883763668
5759    0.311883689079
5761    0.31188365709
5763    0.311883655943
5765    0.311861864613
5767    0.311850173885
5769    0.311850156336
5771    0.311848267527
5773    0.311848267472
5775    0.311848267414
5777    0.311835511532
5779    0.311825747347
5781    0.311817090544
5783    0.311817065927
5785    0.311817064105
5787    0.311817057039
5797    0.311604074527
5799    0.31159047755
5825    0.310939729789
5831    0.31082345573
5833    0.310823369504
5835    0.310823196929
5861    0.307190591199
5887    0.304385049773
5889    0.304385049571
5891    0.304385048563
5893    0.304372433241
5895    0.304367576847
5921    0.303127535616
5923    0.303104917115
5949    0.302365409722
5951    0.302365389705
5953    0.302365389643
5955    0.302365252754
5981    0.299993346178
6007    0.298870027677
6009    0.298870025654
6011    0.298857820188
6013    0.298845472422
6015    0.298835321864
6041    0.297292926652
6067    0.295799556429
6069    0.2957990135
6071    0.295798510198
6073    0.295798504944
6075    0.295798503845
6077    0.295783673136
6079    0.295767749702
6081    0.295763347298
6083    0.295758177031
6085    0.295757111716
6111    0.292245926381
6137    0.289030373261
6139    0.2890209826
6141    0.289020975043
6143    0.28902097457
6145    0.289020974457
6171    0.285747156306
6173    0.285730880038
6175    0.285724033945
6177    0.285723984165
6179    0.285723946174
6181    0.285723945115
6183    0.285702508295
6185    0.285691445659
6187    0.285691435879
6189    0.285689893484
6191    0.285689893431
6193    0.285689893373
6195    0.285677736576
6197    0.285668867636
6199    0.285661183718
6201    0.285661158214
6203    0.285661156592
6205    0.28566114965
6207    0.285638667385
6209    0.285625918189
6211    0.285604854141
6213    0.285583490103
6215    0.285583484472
6217    0.285583457918
6243    0.282093928015
6269    0.279602376805
6271    0.279602376639
6273    0.279602374495
6275    0.279591773229
6277    0.279588002865
6303    0.27855203231
6305    0.278529393223
6309    0.27846058318
6311    0.278460567416
6313    0.27846056708
6315    0.278460563417
6341    0.276292698386
6367    0.275333141636
6369    0.275333139166
6371    0.27532356325
6373    0.275313485066
6375    0.275305548723
6401    0.274026196172
6427    0.272809227947
6429    0.272808796743
6431    0.272808385852
6433    0.27280837993
6435    0.272808378885
6437    0.272794201294
6439    0.272778885073
6441    0.27277468407
6443    0.272770160647
6445    0.272769127823
6471    0.269904824797
6497    0.267305469542
6499    0.267296193194
6501    0.267296187223
6503    0.267296184649
6505    0.267296184539
6531    0.264283326071
6533    0.2642679154
6535    0.264261373475
6537    0.264261340607
6539    0.264261297112
6541    0.264261296147
6543    0.264240202555
6545    0.264229713658
6547    0.264229708547
6549    0.264228443993
6551    0.264228443942
6553    0.264228443884
6555    0.264216835455
6557    0.264208747205
6559    0.26420135246
6561    0.264201325162
6563    0.264201323581
6565    0.26420131404
6567    0.264179116944
6569    0.264167106229
6571    0.264149109254
6573    0.264129372183
6575    0.264129368415
6577    0.264129341593
6603    0.260778872375
6629    0.258559228773
6631    0.258559228632
6633    0.258559225967
6635    0.25855037387
6637    0.258547491825
6663    0.257682687871
6665    0.257660003304
6667    0.257641132152
6669    0.25764112048
6671    0.257641120235
6673    0.257641119142
6699    0.255643193089
6725    0.254830477895
6727    0.254830475384
6729    0.254822986304
6731    0.254814774644
6733    0.254808549102
6759    0.253754862277
6785    0.252764195103
6787    0.252763850659
6789    0.25276351513
6791    0.252763509107
6793    0.252763508092
6795    0.25274992859
6797    0.252735180242
6799    0.252731143099
6801    0.25272717396
6803    0.252726164474
6829    0.250427567362
6855    0.248357141833
6857    0.248347691919
6859    0.248347687392
6861    0.248347682446
6863    0.248347682336
6889    0.245550287139
6891    0.245535690332
6893    0.245529435312
6895    0.245529413935
6897    0.245529365517
6899    0.245529364643
6901    0.24550860423
6903    0.245498641367
6905    0.245498638965
6907    0.245497599458
6909    0.24549759941
6911    0.245497599351
6913    0.245486495531
6915    0.245479108509
6917    0.245471988323
6919    0.245471958485
6921    0.245471956959
6923    0.245471944846
6925    0.245450024476
6927    0.2454386893
6929    0.245423543324
6931    0.24540543972
6933    0.245405436101
6935    0.245405410834
6961    0.242202813071
6987    0.240223332851
6989    0.240223332732
6991    0.240223330197
6993    0.240215978485
6995    0.24021379921
7021    0.239492902135
7023    0.239470160705
7025    0.239454943496
7027    0.239454935546
7029    0.239454935342
7031    0.239454934455
7057    0.237609301523
7083    0.23692607835
7085    0.236926076034
7087    0.236920215882
7089    0.236913537737
7091    0.236908646713
7117    0.236046186828
7143    0.235241020607
7145    0.235240743858
7147    0.235240469846
7149    0.235240464069
7151    0.235240463073
7153    0.235227431969
7155    0.235213216135
7157    0.235209316472
7159    0.235205823781
7161    0.235204832536
7187    0.233385319326
7213    0.231756100493
7215    0.231746224122
7217    0.231746220867
7219    0.23174621377
7221    0.231746213655
7247    0.229124639785
7249    0.229110808873
7251    0.229104824711
7253    0.229104811098
7255    0.229104758381
7257    0.229104757591
7259    0.229084321206
7261    0.229074842158
7263    0.229074841229
7265    0.229073984628
7267    0.229073984582
7269    0.229073984523
7271    0.229063347205
7273    0.22905659229
7275    0.229049733001
7277    0.229049699845
7279    0.229049698383
7281    0.22904968382
7283    0.229028032591
7285    0.229017320068
7287    0.229004701308
7289    0.228988123801
7291    0.228988120536
7293    0.228988098149
7319    0.2259425628
7345    0.224176997503
7347    0.224176997401
7349    0.22417699538
7351    0.224170917026
7353    0.224169281097
7369    0.223808892579
7371    0.223786258207
7373    0.223774303371
7375    0.223774298633
7377    0.223774298462
7379    0.223774297759
7405    0.222061687985
7415    0.221851608886
7417    0.2218516067
7419    0.221847009432
7421    0.221841326396
7423    0.221837490243
7449    0.221137525425
7475    0.220484495886
7477    0.220484272203
7479    0.22048404845
7481    0.220484043102
7483    0.220484042117
7485    0.220471514627
7487    0.220457799329
7489    0.22045401817
7491    0.220450936294
7493    0.220449960372
7519    0.219025630083
7545    0.217755957656
7547    0.217745434619
7549    0.217745432448
7551    0.217745423474
7553    0.217745423351
7579    0.215265442707
7581    0.215252332991
7583    0.21524660474
7585    0.215246596322
7587    0.215246539942
7589    0.215246539227
7591    0.215226418411
7593    0.215217385587
7595    0.215217385358
7597    0.215216677864
7599    0.21521667782
7601    0.215216677759
7603    0.215206473503
7605    0.215200289997
7607    0.2151936788
7609    0.215193641537
7611    0.215193640143
7613    0.215193623318
7615    0.215172234302
7617    0.215162096299
7619    0.215151679632
7621    0.215136307779
7623    0.215136304973
7625    0.215136285698
7651    0.212255880466
7677    0.210683485312
7679    0.210683485221
7681    0.21068348421
7683    0.210678291297
7685    0.210676911772
7688    0.21063139801
7690    0.21060905854
7692    0.210599949975
7694    0.210599946124
7696    0.210599945984
7698    0.210599945446
7724    0.209000307828
7726    0.20897759776
7728    0.208977595776
7730    0.208973975056
7732    0.208969085469
7734    0.208966076954
7743    0.208778875723
7745    0.20875643127
7747    0.208756248509
7749    0.208756065851
7751    0.208756062456
7753    0.208756061478
7755    0.208744000944
7757    0.208730757155
7759    0.208727080584
7761    0.208724354031
7763    0.208723391701
7789    0.207618189483
7815    0.206636085279
7817    0.20662472735
7819    0.206624726056
7821    0.206624715424
7823    0.206624715292
7849    0.204257139375
7851    0.20424470909
7853    0.204239222804
7855    0.204239217816
7857    0.204239158396
7859    0.204239157748
7861    0.204219344619
7863    0.204210724402
7865    0.204210724396
7867    0.204210138794
7869    0.204210138751
7871    0.204210138691
7873    0.204200337965
7875    0.204194672225
7877    0.204188297107
7879    0.20418825494
7881    0.204188253615
7883    0.204188234752
7885    0.204167101573
7887    0.204157494065
7889    0.204148974001
7891    0.204134509309
7893    0.204134506955
7895    0.204134490559
7921    0.201425391565
7947    0.200025693985
7949    0.200025693902
7951    0.200025693687
7953    0.200021105674
7955    0.200019763296
7957    0.199997050438
7959    0.199975013835
7961    0.199968328027
7963    0.199968325398
7965    0.199968325284
7967    0.199968324884
7993    0.198461601457
7995    0.198438997626
7997    0.198438995678
7999    0.198435443373
8001    0.198430829256
8003    0.198428001941
8005    0.198405486829
8007    0.198383263285
8009    0.198383113119
8011    0.198382964086
8013    0.198382961962
8015    0.19838296099
8017    0.198371329977
8019    0.198358531286
8021    0.198354948947
8023    0.198352530694
8025    0.198351580898
8051    0.197499768719
8077    0.196744279237
8079    0.196731931191
8081    0.196731930556
8083    0.19673191842
8085    0.196731918276
8111    0.194452303385
8113    0.194440513512
8115    0.194435256215
8117    0.194435253441
8119    0.19443519158
8121    0.194435190991
8123    0.194415678336
8125    0.194407440615
8127    0.194407440546
8129    0.19440695485
8131    0.19440695481
8133    0.19440695475
8135    0.194397531397
8137    0.194392335816
8139    0.194386185549
8141    0.194386137677
8143    0.19438613642
8145    0.194386115766
8147    0.194365232695
8149    0.194356115507
8151    0.194349211952
8153    0.19433555878
8155    0.194335556834
8157    0.194335542985
8183    0.19180145955
8209    0.190553424231
8211    0.190553424155
8213    0.190553424152
8215    0.190549399309
8217    0.190548078642
8219    0.190525326977
8221    0.190503587848
8223    0.190498907641
8225    0.190498906673
8227    0.190498906585
8229    0.190498906294
8255    0.189065651979
8257    0.189043215205
8259    0.189043213217
8261    0.189039768857
8263    0.189035241822
8265    0.189032473702
8267    0.189010168994
8269    0.188988162212
8271    0.188988038123
8273    0.188987916625
8275    0.188987915331
8277    0.188987914362
8279    0.188976679546
8281    0.188964301789
8283    0.188960805829
8285    0.188958655901
8287    0.188957717959
8313    0.188304419464
8323    0.188093739621
8325    0.188080282449
8327    0.188080282245
8329    0.188080269222
8331    0.188080269065
8357    0.18586917421
8359    0.185857988139
8361    0.185852947704
8363    0.185852946307
8365    0.185852882569
8367    0.185852882031
8369    0.185833663069
8371    0.185825780729
8373    0.185825780432
8375    0.185825376823
8377    0.185825376785
8379    0.185825376724
8381    0.18581630738
8383    0.18581153948
8385    0.185805603516
8387    0.185805549148
8389    0.185805547955
8391    0.185805525767
8393    0.185784887487
8395    0.185776223918
8397    0.185770683212
8399    0.185757742092
8401    0.1857577405
8403    0.18575772889
8429    0.183399891862
8455    0.182285409013
8457    0.182285408945
8459    0.18228540887
8461    0.182281905119
8463    0.182280605991
8465    0.182257810192
8467    0.182236363828
8469    0.182233289273
8471    0.182233289103
8473    0.182233289035
8475    0.182233288837
8501    0.180855218338
8503    0.180832945598
8505    0.180832943579
8507    0.18082960309
8509    0.180825161016
8511    0.180822450552
8513    0.180800353611
8515    0.180778559711
8517    0.18077845658
8519    0.180778357636
8521    0.180778356872
8523    0.180778355908
8525    0.180767487618
8527    0.180755508573
8529    0.180752092917
8531    0.180750177223
8533    0.180749250669
8535    0.180726848663
8537    0.180704222219
8539    0.180689570668
8541    0.180689570657
8543    0.180689557621
8545    0.18068955745
8571    0.178532639855
8573    0.178522023188
8575    0.178517188267
8577    0.178517187679
8579    0.178517122585
8581    0.178517122093
8583    0.178498190414
8585    0.178490638961
8587    0.178490638348
8589    0.178490302342
8591    0.178490302306
8593    0.178490302246
8595    0.178481565921
8597    0.178477187663
8599    0.178471456081
8601    0.178471394453
8603    0.178471393324
8605    0.178471369853
8607    0.178450971398
8609    0.178442727958
8611    0.178438323351
8613    0.178425989975
8615    0.178425988684
8617    0.178425979002
8643    0.176243268222
8669    0.175246720587
8671    0.175246720527
8673    0.175246720231
8675    0.175243687463
8677    0.175242409686
8680    0.175196906101
8682    0.175175735538
8684    0.175173891682
8686    0.17517389167
8688    0.17517389162
8690    0.175173891496
8716    0.173834311595
8718    0.173812200329
8720    0.173812198286
8722    0.173808957747
8724    0.173804598557
8726    0.173801944253
8728    0.17378005249
8730    0.173758467831
8732    0.173758381621
8734    0.173758301161
8736    0.173758300726
8738    0.173758299767
8740    0.173747771481
8742    0.173736170662
8744    0.173732830518
8746    0.173731119907
8748    0.173730204403
8750    0.173707988662
8752    0.17368553162
8754    0.17366964377
8756    0.173669643708
8758    0.173669629958
8760    0.173669629771
8786    0.1715551272
8788    0.171545047622
8790    0.171540407612
8792    0.171540407442
8794    0.171540341467
8796    0.171540341015
8798    0.171521690615
8800    0.171514447896
8802    0.171514446928
8804    0.171514166724
8806    0.171514166689
8808    0.17151416663
8810    0.171505744404
8812    0.171501721629
8814    0.171496185111
8816    0.171496115509
8818    0.171496114439
8820    0.171496089931
8822    0.171475926723
8824    0.171468072928
8826    0.171464604671
8828    0.171452787537
8830    0.1714527865
8832    0.17145277846
8858    0.169441957382
8884    0.168549532449
8886    0.168549532396
8888    0.168549531807
8890    0.168546917335
8892    0.16854567455
8894    0.168522958931
8896    0.168502073464
8898    0.168501116055
8900    0.168501115682
8902    0.168501115647
8904    0.168501115579
8930    0.167185285021
8932    0.167163332921
8934    0.167163330862
8936    0.167160186513
8938    0.167155908191
8940    0.167153308606
8942    0.167131619564
8944    0.167110240782
8946    0.167110168297
8948    0.167110102986
8950    0.167110102751
8952    0.167110101798
8954    0.167099889762
8956    0.167088648265
8958    0.167085379781
8960    0.167083849252
8962    0.167082944541
8964    0.167060908865
8966    0.167038606354
8968    0.167021479454
8970    0.167021479093
8972    0.167021464367
8974    0.167021464165
9000    0.164941239127
9002    0.164931666217
9004    0.164927211176
9006    0.164927211165
9008    0.164927144738
9010    0.164927144322
9012    0.16490876948
9014    0.16490181538
9016    0.16490181405
9018    0.164901580004
9020    0.164901579971
9022    0.164901579912
9024    0.164893454616
9026    0.164889756544
9028    0.164884406315
9030    0.164884328088
9032    0.164884327074
9034    0.164884301757
9036    0.164864369482
9038    0.164856877595
9040    0.164854172257
9042    0.164842766562
9044    0.164842765733
9046    0.16484275908
9072    0.162998805967
9098    0.162198873625
9100    0.16219887358
9102    0.162198872585
9104    0.162196625197
9106    0.162195402906
9108    0.162172618674
9110    0.162152014442
9112    0.162151634004
9114    0.162151632812
9116    0.162151632788
9118    0.162151632758
9144    0.160847049078
9146    0.160825253874
9148    0.160825251806
9150    0.160822200037
9152    0.160818000617
9154    0.160815454354
9156    0.160793965624
9158    0.160772789528
9160    0.160772728227
9162    0.160772675333
9164    0.160772675215
9166    0.160772674268
9168    0.160762757105
9170    0.160751857403
9172    0.160748657409
9174    0.160747285451
9176    0.160746391323
9178    0.160724529396
9180    0.160702366941
9182    0.16068403757
9184    0.160684036654
9186    0.160684020881
9188    0.160684020665
9214    0.158633222333
9216    0.158624127435
9218    0.158619848037
9220    0.158619848012
9222    0.158619781516
9224    0.158619781131
9226    0.158601676383
9228    0.158594992595
9230    0.158594990912
9232    0.158594795129
9234    0.158594795097
9236    0.158594795039
9238    0.158586951016
9240    0.158583549839
9242    0.158578377621
9244    0.158578290204
9246    0.158578289243
9248    0.158578263333
9250    0.158558557908
9252    0.158551402737
9254    0.158549312098
9256    0.15853823443
9258    0.158538233772
9260    0.158538228277
9286    0.15685463648
9312    0.156136739658
9314    0.156136739618
9316    0.156136738136
9318    0.156134809704
9320    0.156133607697
9323    0.156088101827
9325    0.156067763213
9327    0.156067687951
9329    0.156067685494
9331    0.156067685478
9333    0.156067685469
9359    0.154764320956
9361    0.154742680363
9363    0.154742678292
9365    0.154739715633
9367    0.154735593203
9369    0.154733098904
9371    0.154711808138
9373    0.154690831684
9375    0.154690779542
9377    0.154690736823
9379    0.154690736769
9381    0.154690735829
9383    0.154681094246
9385    0.154670520053
9387    0.154667385871
9389    0.154666153918
9391    0.15466527019
9393    0.154643575563
9395    0.154621539008
9397    0.154602081449
9399    0.154602079724
9401    0.154602062921
9403    0.154602062691
9429    0.152578749147
9431    0.152570105262
9433    0.15256599275
9435    0.152565992599
9437    0.152565926373
9439    0.152565926016
9441    0.152548086123
9443    0.152541655951
9445    0.152541653938
9447    0.152541489937
9449    0.152541489907
9451    0.15254148985
9453    0.152533912762
9455    0.152530783302
9457    0.152525781286
9459    0.152525684212
9461    0.152525683299
9463    0.152525656991
9465    0.152506174544
9467    0.152499333242
9469    0.152497732522
9471    0.15248691596
9473    0.152486915441
9475    0.152486910909
9501    0.150956009522
9527    0.150310699103
9529    0.150310699071
9531    0.150310697048
9533    0.150309038748
9535    0.150307869879
9537    0.15028514784
9539    0.150265083608
9541    0.150265081354
9543    0.150265077176
9545    0.150265077167
9547    0.150265077167
9573    0.148955556427
9575    0.148934068118
9577    0.148934066049
9579    0.148931189174
9581    0.148927141872
9583    0.148924698216
9585    0.148903603113
9587    0.148882823384
9589    0.148882778778
9591    0.148882744392
9593    0.14888274437
9595    0.148882743439
9597    0.148873359975
9599    0.148863096118
9601    0.148860025438
9603    0.148858917419
9605    0.148858043931
9607    0.148836510011
9609    0.148814585495
9611    0.148794108558
9613    0.148794105767
9615    0.148794088005
9617    0.148794087763
9643    0.146798812121
9645    0.146790593806
9647    0.146786639953
9649    0.146786639607
9651    0.146786573944
9653    0.146786573612
9655    0.146768993538
9657    0.146762801717
9659    0.146762799402
9661    0.146762661851
9663    0.146762661823
9665    0.146762661767
9667    0.146755338427
9669    0.146752457841
9671    0.146747618651
9673    0.146747511562
9675    0.146747510694
9677    0.146747484167
9679    0.146728221
9681    0.146721672867
9683    0.146720458486
9685    0.146709830817
9687    0.146709830409
9689    0.146709826674
9715    0.145323117067
9724    0.145138621227
9726    0.145138621199
9728    0.145138618484
9730    0.145137044709
9732    0.145135897085
9734    0.145113292206
9736    0.145093509592
9738    0.145093388946
9740    0.145093382571
9742    0.145093382566
9744    0.145093382562
9770    0.143773089021
9772    0.143751750606
9774    0.143751748542
9776    0.143748954254
9778    0.14374498026
9780    0.143742585964
9782    0.143721684235
9784    0.143701098398
9786    0.143701060021
9788    0.143701032455
9790    0.143701032449
9792    0.143701031527
9794    0.143691890331
9796    0.143681922631
9798    0.143678913409
9800    0.143677915365
9802    0.143677051968
9804    0.143655671995
9806    0.143633845964
9808    0.14361248844
9810    0.143612484331
9812    0.143612465712
9814    0.143612465461
9840    0.141647832754
9842    0.141640016024
9844    0.141636213084
9846    0.141636212505
9848    0.141636147661
9850    0.141636147352
9852    0.141618822215
9854    0.141612854754
9856    0.141612852167
9858    0.141612736671
9860    0.141612736644
9862    0.141612736588
9864    0.141605654806
9866    0.141603002333
9868    0.141598318988
9870    0.141598201673
9872    0.141598200847
9874    0.141598174258
9876    0.141579126805
9878    0.141572853052
9880    0.141571932749
9882    0.141561280115
9884    0.141561279793
9886    0.141561277709
9912    0.140305490496
9914    0.140283027292
9916    0.140283027267
9918    0.140283023753
9920    0.140281470457
9922    0.140280344326
9924    0.140257931254
9926    0.140238430033
9928    0.140238040708
9930    0.140238031623
9932    0.140238031621
9934    0.140238031604
9960    0.138905138187
9962    0.1388839473
9964    0.138883945247
9966    0.138881230482
9968    0.138877328036
9970    0.138874981854
9972    0.138854271291
9974    0.138833876645
9976    0.138833843442
9978    0.138833821452
9980    0.13883382145
9982    0.138833820537
9984    0.138824907209
9986    0.138815222425
9988    0.138812272829
9990    0.138811372605
9992    0.138810519156
9994    0.138789286308
9996    0.138767545674
9998    0.138745470797
10000    0.13874546512
10002    0.138745445777
10004    0.138745445518
10030    0.136815663057
10032    0.13680822533
10034    0.13680456602
10036    0.136804565188
10038    0.136804501379
10040    0.13680450109
10042    0.136787426205
10044    0.136781670266
10046    0.136781667438
10048    0.136781570367
10050    0.136781570342
10052    0.136781570287
10054    0.136774718779
10056    0.136772275523
10058    0.136767741424
10060    0.136767613752
10062    0.136767612966
10064    0.136767586456
10066    0.136748751319
10068    0.136742734929
10070    0.136742040695
10072    0.136731309997
10074    0.136731309744
10076    0.136731308878
10102    0.13559645567
10104    0.135574254282
10106    0.13557425426
10108    0.13557424983
10110    0.135572716973
10112    0.135571611824
10114    0.135549389324
10116    0.135530165002
10118    0.135529397289
10120    0.135529384949
10122    0.135529384949
10124    0.135529384911
10150    0.134184781041
10152    0.134163735367
10154    0.134163733326
10156    0.134161095151
10158    0.134157262541
10160    0.134154963266
10162    0.134134441722
10164    0.134114235676
10166    0.13411420679
10168    0.134114189349
10170    0.134114189349
10172    0.134114188448
10174    0.134105489879
10176    0.134096075615
10178    0.134093183972
10180    0.134092370951
10182    0.134091527315
10184    0.134070434734
10186    0.134048766976
10188    0.134026156052
10190    0.134026148567
10192    0.134026128646
10194    0.134026128382
10220    0.132136548022
10222    0.132129468048
10224    0.132125945513
10226    0.132125944422
10228    0.132125881833
10230    0.132125881562
10232    0.132109052413
10234    0.132103496197
10236    0.132103493159
10238    0.132103411508
10240    0.132103411483
10242    0.13210341143
10244    0.132096779709
10246    0.132094528454
10248    0.13209013736
10250    0.132089999294
10252    0.132089998544
10254    0.132089972235
10256    0.132071346162
10258    0.132065571718
10260    0.132065052528
10262    0.132054245664
10264    0.132054245463
10266    0.132054244812
10292    0.131031859655
10294    0.131009882157
10296    0.131009882138
10298    0.131009876666
10300    0.131008364196
10302    0.131007279531
10304    0.130985246351
10306    0.130966294557
10308    0.130965077829
10310    0.130965061655
10312    0.130965061655
10314    0.130965061592
10340    0.129612168884
10342    0.129591266179
10344    0.129591264155
10346    0.129588699758
10348    0.129584935323
10350    0.12958268178
10352    0.129562347152
10354    0.129542327207
10356    0.129542301941
10358    0.129542288205
10360    0.129542288205
10362    0.129542287315
10364    0.129533791543
10366    0.129524636175
10368    0.129521800932
10370    0.129521065809
10372    0.129520231859
10374    0.129499272685
10376    0.129477665972
10379    0.129431913321
10381    0.129431903806
10383    0.129431881333
10385    0.129431880832
10411    0.127588275563
10413    0.127581533284
10415    0.127578141064
10417    0.127578139717
10419    0.127578078498
10421    0.127578078244
10423    0.127561490458
10425    0.12755612309
10427    0.12755611987
10429    0.127556051145
10431    0.127556051122
10433    0.127556051069
10435    0.127549629355
10437    0.127547554392
10439    0.127543300386
10441    0.127543152009
10443    0.127543151294
10445    0.127543125291
10447    0.127524705148
10449    0.127519158655
10451    0.12751877356
10453    0.127507891433
10455    0.127507891274
10457    0.127507890716
10483    0.126589490563
10485    0.12656770305
10487    0.126567703032
10489    0.126567696389
10491    0.126566204234
10493    0.126565139572
10495    0.126543294439
10497    0.126524610944
10499    0.126522911093
10501    0.126522890482
10503    0.126522890482
10505    0.126522890391
10531    0.125167363625
10533    0.125146601772
10535    0.125146599766
10537    0.125144106452
10539    0.125140408573
10541    0.125138199624
10543    0.125118049854
10545    0.125098213594
10547    0.125098191377
10549    0.125098180649
10551    0.125098180648
10553    0.12509817977
10555    0.12508987586
10557    0.125080968465
10559    0.125078188171
10561    0.125077522772
10563    0.12507669838
10565    0.125055865992
10567    0.125034308377
10571    0.124965803285
10573    0.124965791537
10575    0.124965765876
10577    0.124965765078
10603    0.123174781457
10605    0.123168357968
10607    0.123165089967
10609    0.123165088374
10611    0.123165028651
10613    0.123165028411
10615    0.12314867775
10617    0.123143489191
10619    0.123143485817
10621    0.123143427944
10623    0.123143427922
10625    0.123143427872
10627    0.12313720702
10629    0.123135294
10631    0.123131171473
10633    0.123131012975
10635    0.123131012292
10637    0.123130986688
10639    0.123112769446
10641    0.12310743819
10643    0.123107154979
10645    0.123096199109
10647    0.123096198983
10649    0.12309619849
10675    0.122273421175
10677    0.122251793769
10679    0.122251793753
10681    0.122251785807
10683    0.122250313881
10685    0.122249268754
10687    0.122227610379
10689    0.122209191103
10691    0.122207006898
10693    0.122206981232
10695    0.122206981231
10697    0.122206981113
10723    0.120856299482
10725    0.120835676531
10727    0.120835674545
10729    0.12083324973
10731    0.120829616839
10733    0.120827451375
10735    0.120807484448
10737    0.120787829533
10739    0.120787809897
10741    0.120787801604
10743    0.120787801603
10745    0.120787800738
10747    0.120779678675
10749    0.120771008985
10751    0.120768282264
10753    0.120767679386
10755    0.120766864431
10757    0.120746152305
10759    0.120724632135
10761    0.120701890338
10763    0.120701876148
10765    0.120701854215
10767    0.12070185397
10793    0.118970473945
10795    0.118964351742
10797    0.118961202211
10799    0.118961200384
10801    0.118961142255
10803    0.11896114203
10805    0.118945024382
10807    0.118940005342
10809    0.11894000184
10811    0.118939953094
10813    0.118939953074
10815    0.118939953024
10817    0.118933924459
10819    0.118932160262
10821    0.118928163892
10823    0.118927995569
10825    0.118927994915
10827    0.118927969785
10829    0.11890995251
10831    0.118904824904
10833    0.118904618491
10835    0.118893591154
10837    0.118893591055
10839    0.118893590614
10865    0.118158309244
10867    0.11813681593
10869    0.118136815914
10871    0.118136806537
10873    0.118135354734
10875    0.118134328688
10877    0.118112855753
10879    0.118094696771
10881    0.118092055212
10883    0.118092023871
10885    0.11809202387
10887    0.118092023726
10913    0.116754991824
10915    0.116734506031
10917    0.116734504067
10919    0.116732145277
10921    0.116728575845
10923    0.116726452787
10925    0.11670666672
10927    0.116687190878
10929    0.116687173434
10931    0.116687167102
10933    0.116687167102
10935    0.116687166249
10937    0.116679216847
10939    0.116670775186
10941    0.116668100723
10943    0.116667554003
10945    0.116666748363
10947    0.116646149534
10949    0.116624659152
10951    0.116602113603
10953    0.116602096781
10955    0.116602076107
10957    0.11660207586
10983    0.114936016093
10985    0.114930178618
10987    0.114927142126
10989    0.114927140081
10991    0.114927083624
10993    0.114927083411
10995    0.114911194784
10997    0.11490633666
10999    0.114906333053
11001    0.11490629199
11003    0.114906291971
11005    0.114906291923
11007    0.114900447587
11009    0.11489882021
11011    0.114894944944
11013    0.11489476718
11015    0.114894766553
11017    0.114894741962
11019    0.114876921818
11021    0.11487198728
11023    0.114871838298
11025    0.114860742458
11027    0.114860742379
11029    0.114860741981
11055    0.114205155044
11057    0.114183773451
11059    0.114183773436
11061    0.114183762505
11063    0.114182330702
11065    0.114181323297
11067    0.114160034469
11069    0.114142132035
11071    0.114139082894
11073    0.114139045273
11075    0.11413904527
11077    0.114139045103
11103    0.112825236773
11105    0.112804886645
11107    0.112804884706
11109    0.112802589567
11111    0.112799082108
11113    0.112797000412
11115    0.112777393267
11117    0.112758094298
11119    0.112758078727
11121    0.112758073966
11123    0.112758073965
11125    0.112758073125
11127    0.112750287946
11129    0.112742065195
11131    0.112739441735
11133    0.11273894554
11135    0.112738149096
11137    0.112717657381
11139    0.11269618986
11141    0.112674025053
11143    0.112674005441
11145    0.112673985316
11147    0.112673985075
11173    0.111078377291
11175    0.111072809012
11177    0.111069880429
11179    0.111069878182
11181    0.111069823453
11183    0.111069823251
11185    0.111054159765
11187    0.111049454567
11189    0.111049450876
11191    0.111049416294
11193    0.111049416276
11195    0.111049416229
11197    0.111043748536
11199    0.111042246989
11201    0.111038488027
11203    0.111038301289
11205    0.111038300688
11207    0.111038276687
11209    0.111020650918
11211    0.111015899748
11213    0.111015793366
11215    0.111004632562
11217    0.1110046325
11219    0.111004632138
11230    0.110772098367
11232    0.110750804118
11234    0.110750804103
11236    0.110750791508
11238    0.110749382335
11240    0.110748393158
11242    0.110727289936
11244    0.110709640448
11246    0.110706250298
11248    0.110706205825
11250    0.110706205821
11252    0.110706205634
11278    0.109425386521
11280    0.109405170813
11282    0.109405168897
11284    0.109402935135
11286    0.1093994882
11288    0.109397446844
11290    0.109378016689
11292    0.109358892428
11294    0.109358878462
11296    0.109358874948
11298    0.109358874948
11300    0.109358874121
11302    0.109351245383
11304    0.109343232924
11306    0.109340659253
11308    0.109340208577
11310    0.109339421211
11312    0.109319030795
11314    0.10929758012
11316    0.109275958119
11318    0.109275935584
11320    0.109275915865
11322    0.109275915633
11348    0.107755050079
11350    0.107749736433
11352    0.107746910905
11354    0.107746908474
11356    0.107746855512
11358    0.107746855321
11360    0.107731413176
11362    0.107726853471
11364    0.107726849715
11366    0.107726820602
11368    0.107726820585
11370    0.107726820539
11372    0.10772132232
11374    0.107719936534
11376    0.107716289492
11378    0.107716102392
11380    0.107716101815
11382    0.107716078448
11384    0.107698644612
11386    0.107694082495
11388    0.107693989868
11390    0.107682887836
11392    0.107682887767
11394    0.107682887273
11396    0.107660200273
11398    0.107638985734
11400    0.10763898572
11402    0.107638971366
11404    0.107637585865
11406    0.107636614508
11408    0.107615696886
11410    0.107598296946
11412    0.107594643063
11414    0.107594591217
11416    0.107594591213
11418    0.107594591011
11444    0.106356173084
11446    0.106336090863
11448    0.106336088974
11450    0.10633391441
11452    0.106330526593
11454    0.106328524587
11456    0.106309269547
11458    0.106290317911
11460    0.106290305329
11462    0.106290302798
11464    0.106290302797
11466    0.106290301983
11468    0.106282822532
11470    0.106275012229
11472    0.106272487178
11474    0.106272077568
11476    0.106271299165
11478    0.106251004717
11480    0.106229566153
11482    0.106208626686
11484    0.106208601119
11486    0.106208581849
11488    0.106208581627
11514    0.104765786245
11516    0.104760713605
11518    0.104757986544
11520    0.104757983944
11522    0.104757932774
11524    0.104757932592
11526    0.104742708107
11528    0.104738286976
11530    0.104738283173
11532    0.104738258682
11534    0.104738258666
11536    0.104738258623
11538    0.104732923111
11540    0.104731643856
11542    0.10472810449
11544    0.104727921247
11546    0.104727920694
11548    0.104727897994
11550    0.104710653619
11552    0.104706277156
11554    0.104706186668
11556    0.10469520927
11558    0.104695209169
11560    0.104695208287
11562    0.104672616637
11564    0.104651479194
11566    0.104651479181
11568    0.104651462994
11570    0.104650100571
11572    0.104649146629
11574    0.104628413
11576    0.104611259399
11578    0.104607423923
11580    0.104607364253
11582    0.104607364248
11584    0.104607364036
11610    0.10341992275
11612    0.103399973403
11614    0.103399971539
11616    0.103397854086
11618    0.103394524022
11620    0.103392560406
11622    0.103373478657
11624    0.103354697633
11626    0.103354686245
11628    0.103354684478
11630    0.103354684474
11632    0.103354683674
11634    0.103347346909
11636    0.103339731078
11638    0.103337253518
11640    0.103336881004
11642    0.103336111451
11644    0.103315908183
11646    0.103294478421
11648    0.103274338188
11650    0.103274309511
11652    0.103274290785
11654    0.103274290574
11680    0.101911868905
11682    0.101907024516
11684    0.101904391582
11686    0.101904388831
11688    0.101904339462
11690    0.101904339289
11692    0.101889328893
11694    0.101885039886
11696    0.101885036052
11698    0.101885015469
11700    0.101885015453
11702    0.10188501541
11704    0.101879836205
11706    0.101878655018
11708    0.10187521919
11710    0.101875039287
11712    0.101875038755
11714    0.101875016747
11716    0.101857959305
11718    0.101853756812
11720    0.10185366838
11722    0.101842812417
11724    0.101842812292
11726    0.10184281103
11728    0.101820314437
11730    0.101799251869
11732    0.101799251855
11734    0.101799233783
11736    0.101797893864
11738    0.101796956946
11740    0.101776405721
11742    0.101759495414
11744    0.101755560121
11746    0.101755492258
11748    0.101755492253
11750    0.101755492035
11776    0.100626381058
11778    0.100606564262
11780    0.100606562425
11782    0.100604500082
11784    0.100601226445
11786    0.100599300286
11788    0.100580390038
11790    0.100561777672
11792    0.100561767322
11794    0.100561766138
11796    0.100561766131
11798    0.100561765345
11800    0.100554565163
11802    0.100547136529
11804    0.100544705366
11806    0.1005443664
11808    0.100543605586
11810    0.100523489277
11812    0.100502066451
11814    0.100482818865
11816    0.100482787024
11818    0.10048276894
11820    0.100482768741
11846    0.0992019909256
11848    0.0991973628492
11850    0.0991948199314
11852    0.0991948170447
11854    0.0991947694774
11856    0.099194769313
11858    0.0991799695283
11860    0.0991758066215
11862    0.099175802769
11864    0.0991757854953
11866    0.0991757854807
11868    0.0991757854397
11870    0.099170756474
11872    0.0991696655871
11874    0.0991663293522
11876    0.0991661524311
11878    0.0991661519193
11880    0.099166130618
11882    0.0991492576412
11884    0.0991452185885
11886    0.0991451321404
11888    0.0991343945763
11890    0.0991343944337
11892    0.0991343928306
11894    0.0991119910229
11896    0.09909100142
11898    0.0990910014065
11900    0.0990909814263
11902    0.0990896634575
11904    0.0990887431808
11906    0.0990683727858
11908    0.0990517028754
11910    0.099047744855
11912    0.0990476685296
11914    0.0990476685251
11916    0.0990476683067
11942    0.0979827542171
11944    0.0979630699285
11946    0.0979630681186
11948    0.0979610589697
11950    0.0979578404663
11952    0.0979559508555
11954    0.097937210354
11956    0.0979187647415
11958    0.097918755296
11960    0.097918754548
11962    0.0979187545352
11964    0.0979187537624
11966    0.0979116845141
11968    0.097904436187
11970    0.097902050358
11972    0.0979017417631
11974    0.097900989576
11976    0.0978809566158
11978    0.0978595402939
11980    0.0978412559319
11982    0.0978412209053
11984    0.0978412035474
11986    0.0978412033612
12012    0.0966423437923
12014    0.0966379208514
12016    0.096635464056
12018    0.096635461048
12020    0.0966354152717
12022    0.0966354151148
12024    0.0966208225478
12026    0.0966167801035
12028    0.096616776245
12030    0.0966167617719
12032    0.0966167617583
12034    0.0966167617188
12036    0.0966118772354
12038    0.0966108695211
12040    0.0966076291168
12042    0.0966074549385
12044    0.0966074544455
12046    0.0966074338621
12048    0.0965907429423
12050    0.0965868577763
12052    0.0965867732482
12054    0.0965761511979
12056    0.0965761510433
12058    0.0965761491548
12060    0.096553841867
12062    0.0965329235754
12064    0.0965329235621
12066    0.0965329016772
12068    0.0965316051257
12070    0.0965307011199
12072    0.0965105099977
12074    0.0964940777139
12076    0.0964901661117
12078    0.0964900811601
12080    0.0964900811557
12082    0.09649008094
12108    0.0954936023116
12110    0.0954740507278
12112    0.0954740489455
12114    0.0954720911532
12116    0.0954689265293
12118    0.0954670725852
12120    0.0954485001039
12122    0.0954302193921
12124    0.0954302107374
12126    0.0954302103038
12128    0.0954302102842
12130    0.0954302095255
12132    0.0954232659742
12134    0.095416191419
12136    0.0954138498915
12138    0.0954135688173
12140    0.0954128251498
12142    0.0953928725608
12144    0.0953714636906
12146    0.0953541914066
12148    0.0953541531979
12150    0.0953541366298
12152    0.0953541364564
12178    0.094236546741
12180    0.0942323184649
12182    0.0942299441011
12184    0.0942299409859
12186    0.094229896982
12188    0.094229896832
12190    0.094215508175
12192    0.0942115809113
12194    0.0942115770578
12196    0.094211564957
12198    0.0942115649441
12200    0.0942115649054
12202    0.0942068194332
12204    0.0942058883431
12206    0.0942027401816
12208    0.0942025685895
12210    0.0942025681142
12212    0.094202548254
12214    0.0941860370384
12216    0.0941822970289
12218    0.0941822143647
12220    0.0941717050718
12222    0.0941717049109
12224    0.0941717027921
12226    0.0941494897523
12228    0.0941286413204
12230    0.0941286413074
12232    0.0941286175513
12234    0.0941273419011
12236    0.094126453805
12238    0.0941064404124
12240    0.0940902430892
12242    0.0940864369658
12244    0.0940863433367
12246    0.094086343332
12248    0.0940863431232
12274    0.0931608867186
12276    0.0931414682504
12278    0.0931414664959
12280    0.0931395582987
12282    0.093136446331
12284    0.0931346271951
12286    0.093116221041
12288    0.0930981034237
12290    0.0930980954637
12292    0.0930980952452
12294    0.0930980952164
12296    0.0930980944717
12298    0.0930912717531
12300    0.0930843647683
12302    0.0930820665402
12304    0.0930818104253
12306    0.0930810751696
12308    0.0930612006229
12310    0.0930398014508
12312    0.0930235700485
12314    0.0930235286895
12316    0.0930235129586
12318    0.0930235127978
12344    0.0919857201091
12346    0.0919816766831
12348    0.0919793812489
12350    0.09197937804
12352    0.091979335783
12354    0.0919793356396
12356    0.0919651476651
12358    0.0919613306277
12360    0.0919613267895
12362    0.0919613166976
12364    0.0919613166856
12366    0.0919613166484
12368    0.0919567049842
12370    0.0919558445051
12372    0.0919527851623
12374    0.091952616062
12376    0.0919526156035
12378    0.0919525964672
12380    0.0919362626569
12382    0.0919326597856
12384    0.0919325789356
12386    0.0919221797643
12388    0.0919221796021
12390    0.0919221773062
12392    0.0919000582336
12394    0.0918792783864
12396    0.0918792783734
12398    0.0918792528076
12400    0.0918779975593
12402    0.0918771250226
12404    0.0918572878354
12406    0.0918413228801
12408    0.0918376701248
12410    0.0918375678781
12412    0.0918375678744
12414    0.0918375676746
12440    0.0909841443935
12442    0.0909648596181
12444    0.0909648578901
12446    0.0909629975991
12448    0.0909599371
12450    0.0909581519391
12452    0.0909399104483
12454    0.0909219541638
12456    0.0909219468155
12458    0.0909219467306
12460    0.0909219466906
12462    0.0909219459595
12464    0.090915239551
12466    0.0909084942502
12468    0.0909062383431
12470    0.0909060048839
12472    0.0909052779351
12474    0.0908854797466
12476    0.0908640937096
12478    0.0908489140129
12480    0.0908488695609
12482    0.0908488546952
12484    0.0908488545469
12510    0.0898886759636
12512    0.0898848081756
12514    0.0898825883498
12516    0.0898825850598
12518    0.0898825445184
12520    0.0898825443812
12522    0.0898685539369
12524    0.0898648424708
12526    0.0898648386551
12528    0.0898648302658
12530    0.0898648302542
12532    0.0898648302182
12534    0.0898603474088
12536    0.0898595520123
12538    0.0898565782179
12540    0.0898564115559
12542    0.0898564111133
12544    0.0898563926974
12546    0.0898402340444
12548    0.0898367609126
12550    0.0898366818311
12552    0.0898263902508
12554    0.0898263900899
12556    0.0898263876639
12558    0.0898043622665
12560    0.0897836498734
12562    0.0897836498604
12564    0.0897836225729
12566    0.0897823872459
12568    0.0897815299285
12570    0.0897618674341
12572    0.0897461323064
12574    0.089742669449
12576    0.0897425587535
12578    0.0897425587499
12580    0.0897425585604
12606    0.0889607555787
12608    0.0889416051991
12610    0.0889416034989
12612    0.0889397894935
12614    0.0889367793069
12616    0.0889350273092
12618    0.0889169488469
12620    0.0888991521765
12622    0.0888991453689
12624    0.0888991453533
12626    0.0888991453008
12628    0.0888991445829
12630    0.0888925502715
12632    0.0888859610553
12634    0.0888837465198
12636    0.0888835336389
12638    0.0888828148925
12640    0.0888630920111
12642    0.0888417236116
12644    0.0888275907812
12646    0.088827543317
12648    0.088827529329
12650    0.0888275291933
12676    0.0879421936904
12678    0.0879384928824
12680    0.0879363455098
12682    0.0879363421499
12684    0.0879363032878
12686    0.0879363031558
12688    0.0879225071636
12690    0.0879188968906
12692    0.0879188931051
12694    0.0879188861552
12696    0.0879188861445
12698    0.0879188861099
12700    0.0879145274347
12702    0.0879137920413
12704    0.0879109006727
12706    0.0879107364248
12708    0.0879107359972
12710    0.0879107182953
12712    0.0878947326021
12714    0.0878913823589
12716    0.0878913050028
12718    0.0878811185843
12720    0.0878811184279
12722    0.0878811159121
12724    0.0878591838866
12726    0.08783853794
12728    0.0878385379275
12730    0.0878385090317
12732    0.0878372931602
12734    0.0878364507307
12736    0.087816961434
12738    0.087801453621
12740    0.0877982063616
12742    0.087798087488
12744    0.0877980874849
12746    0.0877980873089
12772    0.087086270677
12774    0.0870672554755
12776    0.0870672538021
12778    0.0870654845284
12780    0.0870625235289
12782    0.0870608039063
12784    0.0870428868665
12786    0.0870252481316
12788    0.087025241803
12790    0.0870252418024
12792    0.0870252417347
12794    0.0870252410308
12796    0.0870187548849
12798    0.0870123164308
12800    0.0870101423406
12802    0.0870099481642
12804    0.0870092375168
12806    0.0869895894978
12808    0.0869682441732
12810    0.0869551401221
12812    0.0869550897498
12814    0.0869550766381
12816    0.0869550765142
12842    0.0861413476206
12844    0.0861378056481
12846    0.0861357277335
12848    0.0861357243136
12850    0.0861356870901
12852    0.086135686964
12854    0.0861220824168
12856    0.086118569211
12858    0.086118565462
12860    0.0861185597301
12862    0.0861185597195
12864    0.0861185596865
12866    0.0861143206449
12868    0.0861136405811
12870    0.0861108286551
12872    0.0861106668163
12874    0.086110666403
12876    0.0861106494052
12878    0.0860948345214
12880    0.0860916007991
12882    0.08609152513
12884    0.0860814415326
12886    0.0860814413818
12888    0.0860814388097
12890    0.0860595998435
12892    0.0860390194438
12894    0.086039019431
12896    0.0860389890601
12898    0.0860377921928
12900    0.0860369643287
12902    0.0860176467491
12904    0.0860023637402
12906    0.0859993479792
12908    0.085999221289
12910    0.0859992212859
12912    0.0859992211227
12938    0.0853547643151
12940    0.085335885111
12942    0.0853358834641
12944    0.0853341574312
12946    0.0853312445251
12948    0.0853295565115
12950    0.0853117993154
12952    0.0852943168773
12954    0.0852943109754
12956    0.0852943109473
12958    0.0852943108635
12960    0.0852943101736
12962    0.0852879285213
12964    0.0852816357621
12966    0.0852795012163
12968    0.0852793240507
12970    0.085278621401
