26    5.37349987093
38    5.24890534574
64    5.24708872597
66    5.24708059318
92    5.24512875359
118    5.15982697373
120    5.15982697373
146    5.13537868479
160    5.01081768779
174    4.8870809872
200    4.76329725557
202    4.76329495452
204    4.76329382552
206    4.7632860463
208    4.76327234289
210    4.76327179379
236    4.68779022439
238    4.68779022439
264    4.65991752085
290    4.56680932435
316    4.44601749999
342    4.39519441024
368    4.37416929781
394    4.36956839728
408    4.36853178533
434    4.33972096615
457    4.33875774331
482    4.21402622382
484    4.21402622382
486    4.21401789924
512    4.10477432999
538    3.9846390065
564    3.87153201639
590    3.86090970406
608    3.8600684993
626    3.85827343774
652    3.85048765844
654    3.85047066069
656    3.85046467564
658    3.85046467564
660    3.85045261549
686    3.75259723203
712    3.74484144847
738    3.63838881878
764    3.62004679621
790    3.61692054557
816    3.60913657388
842    3.59661700493
851    3.59638662785
877    3.50840165767
879    3.50840165767
905    3.48513704675
931    3.36277292649
957    3.25593418174
983    3.20662421146
997    3.20565215766
999    3.20563540514
1025    3.19339200591
1051    3.16424762752
1053    3.16423280848
1079    3.04859742879
1081    3.04859742879
1107    3.04171898134
1133    2.92818692556
1159    2.81246530682
1185    2.80033006189
1211    2.7924523518
1222    2.792085786
1248    2.7872005648
1274    2.77595931955
1276    2.7759390278
1302    2.66592756084
1304    2.66592756084
1330    2.65457168806
1356    2.53066539574
1382    2.47263610003
1408    2.35327838876
1410    2.35326882455
1412    2.35326166017
1438    2.3234444515
1461    2.32037814058
1463    2.32037514188
1486    2.19650674941
1488    2.19650674941
1490    2.19649658619
1516    2.17576189854
1542    2.16391018023
1568    2.14820142961
1594    2.13042449668
1620    2.11572796771
1646    2.10573412434
1672    2.09050274096
1698    2.07869123203
1724    1.95906585792
1726    1.95906585792
1752    1.95511530928
1778    1.93633826822
1804    1.81331639659
1816    1.68883947668
1842    1.67273428961
1868    1.65902445466
1870    1.65900820627
1872    1.6590055409
1898    1.64765117797
1912    1.5232878628
1914    1.5232878628
1916    1.52328105391
1942    1.51898754678
1953    1.39457412569
1979    1.2756392856
2005    1.27170256886
2031    1.26770133757
2033    1.26769595327
2059    1.26386879244
2085    1.25986488709
2111    1.16400506188
2113    1.16400351546
2139    1.14285024268
2165    1.14107974614
2167    1.14107968103
2193    1.13890443608
2195    1.13890418672
2221    1.13659411091
2247    1.1312256628
2249    1.13122429498
2275    1.12919868861
2277    1.12919812962
2279    1.12919450138
2281    1.12917853302
2283    1.12917843625
2285    1.12917838817
2287    1.12917654857
2289    1.12916459224
2291    1.12916456927
2317    1.12103082734
2319    1.12103082718
2345    1.1176029192
2347    1.11759342858
2349    1.11757783702
2375    1.10146310386
2377    1.10144435601
2379    1.10142665241
2381    1.10141583493
2407    1.09327168268
2409    1.09325093358
2411    1.09324476415
2413    1.093244764
2415    1.09324435628
2417    1.093231756
2419    1.09321202173
2430    1.0928503061
2432    1.09283676622
2434    1.09282440869
2436    1.09280836638
2438    1.09278889349
2440    1.09277735904
2442    1.09276637045
2444    1.09276637045
2446    1.09274676203
2449    1.09270118836
2475    1.08565457586
2495    1.08469121239
2497    1.08467477343
2499    1.08465942834
2525    1.07757016429
2527    1.0775511488
2529    1.07753967277
2555    1.07228611893
2557    1.07228611839
2583    1.07062447114
2585    1.07061762257
2608    1.06930944773
2634    1.05342527753
2636    1.0534158605
2638    1.05340798587
2640    1.05338803465
2666    1.04504796202
2668    1.04503772333
2674    1.0448971764
2676    1.0448971759
2678    1.04488510654
2680    1.04487239938
2683    1.04482628629
2709    1.03365088645
2711    1.03363444789
2713    1.0336196008
2715    1.0336006264
2741    1.02394174203
2743    1.02392452603
2764    1.02281950643
2766    1.02281950611
2768    1.02279968446
2770    1.02279314614
2796    1.00839871523
2798    1.0083858718
2800    1.00838442357
2802    1.00838333921
2828    1.00159885347
2830    1.00158764072
2832    1.00158754585
2834    1.00157872735
2836    1.00157872733
2838    1.00157604569
2864    0.992421812196
2890    0.983454593118
2916    0.969524182274
2942    0.962467462168
2968    0.957094959958
2994    0.949403288574
3020    0.937730344997
3046    0.933666001265
3048    0.933651169012
3050    0.933651168915
3052    0.933643271004
3078    0.925230126434
3080    0.925217766963
3082    0.925217309242
3108    0.917845675952
3134    0.912063740968
3136    0.912055428338
3138    0.912052066566
3164    0.907567728509
3166    0.907565756548
3168    0.907565756547
3170    0.907564611966
3196    0.903577496305
3198    0.903575339749
3201    0.903526587219
3227    0.899493537206
3253    0.895525456633
3255    0.895525407759
3258    0.895480819771
3284    0.891653468529
3310    0.887602315098
3312    0.887600265883
3334    0.886656265897
3360    0.884575444348
3362    0.884574493094
3388    0.882014329993
3390    0.882012753238
3416    0.879329934841
3418    0.879313858002
3420    0.879313389963
3431    0.879028841626
3433    0.879028731705
3435    0.879027775173
3437    0.879018201658
3439    0.87901820135
3441    0.879018201197
3443    0.879017716385
3445    0.879010539216
3447    0.879010539182
3465    0.878462803505
3467    0.878462803316
3483    0.877993986189
3485    0.877986014062
3487    0.877975702007
3513    0.873556497482
3515    0.873540493042
3517    0.873525375445
3519    0.873518585081
3545    0.871382403425
3547    0.87136442973
3549    0.871360681493
3551    0.871360681287
3553    0.871360678532
3555    0.871352439054
3557    0.871337923625
3559    0.871320141066
3561    0.871310722793
3563    0.871302126226
3565    0.871290433321
3567    0.871274589298
3569    0.871266521988
3571    0.871250054828
3573    0.871250054828
3599    0.870508585014
3601    0.870492812213
3627    0.864105163118
3629    0.864090432172
3631    0.864080019928
3633    0.864070308572
3659    0.857774568448
3661    0.857761385605
3663    0.857755669903
3665    0.857738170588
3667    0.857738169888
3673    0.857611757458
3675    0.857609644175
3677    0.85759133266
3703    0.853223392902
3705    0.853218271814
3707    0.853213986798
3709    0.853196913397
3735    0.850975893519
3737    0.850968718458
3739    0.850951803796
3741    0.850951803112
3743    0.850944594307
3745    0.85093706774
3747    0.850919905317
3773    0.8422667671
3775    0.842254595826
3777    0.842243590296
3779    0.842228561361
3805    0.835003161893
3807    0.834988566277
3809    0.834969892451
3811    0.834969891224
3813    0.834955190992
3815    0.834952253313
3841    0.831785862183
3843    0.831776041821
3845    0.831775873008
3847    0.831775746644
3873    0.830312372989
3875    0.830303812255
3877    0.830303707001
3879    0.830298915677
3881    0.830298915621
3883    0.830298611826
3909    0.827426237486
3935    0.820010167526
3961    0.810867586908
3987    0.808721134756
4013    0.807133699586
4039    0.800977401809
4065    0.793702303412
4091    0.792478455714
4093    0.79246692713
4095    0.792466926966
4097    0.792463325761
4123    0.789697920875
4125    0.789689961481
4127    0.789689766871
4153    0.786980654791
4179    0.784923240321
4181    0.784919778611
4183    0.78491181409
4209    0.783355024797
4211    0.783354542666
4213    0.783354542666
4215    0.783354215966
4241    0.779925522117
4243    0.779925265493
4245    0.779907045636
4271    0.776296057094
4297    0.772848172698
4299    0.772845287181
4301    0.772826556183
4327    0.769574527401
4329    0.769561027017
4331    0.769559563135
4333    0.769538505663
4359    0.767192331628
4361    0.76719193779
4387    0.764303279266
4389    0.764301348542
4415    0.761321626704
4417    0.761314883657
4419    0.7613147306
4421    0.761293798237
4423    0.76129374845
4425    0.761293501269
4427    0.761288049654
4429    0.761288046199
4431    0.76128804448
4433    0.761287919486
4435    0.761283830757
4437    0.761283829729
4439    0.761275678324
4441    0.761275678143
4443    0.76125432857
4445    0.761247696153
4447    0.761240261194
4473    0.760062769612
4475    0.760049382101
4477    0.760036735195
4479    0.760032087741
4489    0.759801590232
4491    0.759786554979
4493    0.759783921678
4495    0.759783921444
4497    0.759783757253
4499    0.759778286161
4501    0.759767637691
4503    0.759753063744
4505    0.759746499762
4507    0.75974050821
4509    0.759732018521
4511    0.759719052383
4513    0.75971339215
4515    0.759690850362
4517    0.75969085036
4543    0.758692315575
4545    0.758680583564
4571    0.753172380195
4573    0.753159980427
4575    0.753153836924
4577    0.75314811123
4603    0.747804207847
4605    0.747793095738
4607    0.747790909638
4609    0.747779236958
4611    0.747779236273
4613    0.747758566657
4615    0.747758069645
4617    0.747742469448
4643    0.74658265572
4645    0.746579908136
4647    0.746577608614
4649    0.746563071216
4662    0.746248040042
4664    0.746243124327
4666    0.746229605481
4668    0.746229604719
4670    0.746224833961
4672    0.746220447783
4674    0.746206843316
4700    0.7398911775
4702    0.739882110017
4704    0.73987390421
4706    0.739862005964
4732    0.734729667982
4734    0.734717356684
4736    0.734701088687
4738    0.734701086442
4740    0.734691434052
4742    0.734689610973
4760    0.734186310369
4762    0.734178793358
4764    0.734178785272
4766    0.734178779218
4768    0.734156351601
4770    0.73414981997
4772    0.734149532049
4774    0.734146608252
4776    0.734146608147
4778    0.734146552138
4804    0.733392023247
4830    0.727329180938
4856    0.72190278951
4869    0.721609220145
4871    0.72158659088
4897    0.716724597409
4923    0.712445150735
4932    0.712253687081
4934    0.712244566232
4936    0.712244566014
4938    0.712243239785
4964    0.711511198342
4966    0.711505889645
4968    0.711505102316
4994    0.710563660912
5020    0.709856519858
5022    0.709855284187
5024    0.709846074177
5027    0.709799650528
5029    0.70979953345
5031    0.70979953345
5033    0.709799428294
5059    0.707209209215
5061    0.707209017143
5063    0.707192757098
5089    0.704300652814
5115    0.70160752169
5117    0.701600381101
5119    0.701585269372
5145    0.699087308876
5147    0.699075182349
5149    0.69907419924
5151    0.699054812293
5177    0.696534403133
5179    0.696534248187
5205    0.693424443069
5207    0.693421587922
5233    0.690268625732
5235    0.690262608821
5237    0.690262559821
5239    0.690242872777
5241    0.690242834801
5243    0.690242770758
5245    0.690239705533
5247    0.690239699345
5249    0.690239696265
5251    0.690239664054
5253    0.690237364474
5255    0.690237362713
5257    0.690230123148
5259    0.690230122982
5261    0.690210172698
5263    0.690204898383
5265    0.690199547413
5271    0.690080691762
5273    0.690069850037
5275    0.690059607894
5277    0.690056473542
5279    0.690036873541
5281    0.690024415895
5283    0.690022356377
5285    0.69002235614
5287    0.690022025019
5289    0.690018425677
5291    0.690010628534
5293    0.689998654031
5295    0.689994069554
5297    0.689989884771
5299    0.689983744134
5301    0.689973109162
5303    0.689969123921
5329    0.68924346848
5331    0.689243468451
5357    0.687954725372
5359    0.687945952708
5385    0.683372198666
5387    0.683361656471
5389    0.68335830801
5391    0.683355189199
5417    0.678973363065
5419    0.678963909547
5421    0.678963450735
5423    0.678953188557
5425    0.678953187898
5427    0.67893432804
5429    0.678934293162
5431    0.67892106024
5433    0.678898267128
5435    0.678896884053
5437    0.678895726482
5439    0.678883417779
5441    0.678861894208
5443    0.678858566698
5445    0.678847286949
5447    0.678847286199
5449    0.678843767976
5451    0.678841274887
5453    0.678830504505
5479    0.674429589925
5481    0.674422805384
5483    0.674416661935
5485    0.674407261896
5511    0.670906368635
5513    0.670896031947
5515    0.670882477868
5517    0.67088247503
5519    0.670876746251
5521    0.670875297688
5523    0.670853166667
5525    0.670847416029
5527    0.670847415379
5529    0.670847414893
5531    0.670825899986
5533    0.670820901597
5535    0.670820512175
5537    0.670818464327
5539    0.670818464165
5541    0.670817800206
5543    0.670800973362
5569    0.666121788947
5595    0.66293961749
5597    0.662921089957
5599    0.662902780271
5625    0.659188142227
5651    0.656712976976
5653    0.656692280011
5655    0.6566849236
5657    0.656684923343
5659    0.656684622647
5661    0.6566744152
5663    0.656670929775
5665    0.656668462827
5667    0.656645752808
5669    0.656623292755
5671    0.656622793543
5673    0.656616310241
5675    0.656594146497
5677    0.65659412009
5679    0.65659412009
5681    0.656594080845
5707    0.654846337094
5709    0.654845710466
5711    0.654830955132
5737    0.652702772744
5763    0.650758033817
5765    0.650746872158
5767    0.650735282755
5793    0.648949610578
5795    0.648938726008
5797    0.648938068036
5799    0.648920202419
5825    0.646352526821
5827    0.646352489886
5853    0.643167426181
5855    0.643163041672
5881    0.63999148385
5883    0.639986074418
5885    0.639986058544
5887    0.639967448398
5889    0.639967412919
5891    0.639967396267
5893    0.639965671783
5895    0.639965664859
5897    0.639965661413
5899    0.639965653131
5901    0.639964359018
5903    0.63996435706
5905    0.639957935029
5907    0.639957934878
5909    0.639939277374
5911    0.63993542998
5913    0.63993157933
5915    0.639910112887
5917    0.639901365569
5919    0.639893101909
5921    0.639891010371
5923    0.639872420659
5925    0.639862070347
5927    0.639860369862
5929    0.639860369624
5931    0.63985989465
5933    0.639857556871
5935    0.639851842118
5937    0.639842803872
5939    0.639839590615
5941    0.639836657438
5943    0.639832221201
5945    0.639824221574
5947    0.639821399951
5973    0.638988464206
5975    0.638988464088
6001    0.637432674428
6003    0.637426023225
6029    0.633797546045
6031    0.633788554198
6033    0.633786909154
6035    0.633785377684
6061    0.630332916615
6063    0.630324855721
6065    0.630324855662
6067    0.630315845258
6069    0.630315844623
6071    0.630298622018
6073    0.630298591668
6075    0.630287411471
6077    0.630265759134
6079    0.630265046762
6081    0.630264450515
6083    0.630254036183
6085    0.630233617726
6087    0.630231220402
6089    0.630221768793
6091    0.630221768055
6093    0.630219208348
6095    0.630217851323
6097    0.630209311349
6123    0.627239017557
6125    0.627233932533
6127    0.627229326067
6129    0.627221893282
6155    0.624899178662
6157    0.624890527963
6159    0.624879251553
6161    0.62487924843
6163    0.624876102642
6165    0.624874824393
6167    0.624853623475
6169    0.624849207815
6171    0.624849199708
6173    0.624849193638
6175    0.624828581941
6177    0.624824742815
6179    0.624824289382
6181    0.624822615355
6183    0.624822615137
6185    0.624821106138
6187    0.624806235687
6213    0.621324138697
6239    0.619485082662
6241    0.619468330498
6243    0.619451774212
6269    0.616692052131
6295    0.615282503433
6297    0.615263694805
6299    0.615257629931
6301    0.615257629647
6303    0.615257624875
6305    0.615248002232
6307    0.615245695033
6309    0.61524210584
6311    0.61522026481
6313    0.61519866427
6315    0.615198501572
6317    0.615193044092
6319    0.615171762905
6321    0.615171757525
6323    0.615171757525
6325    0.615171739218
6351    0.614101862088
6353    0.614100106117
6355    0.614086599184
6381    0.612609368274
6407    0.611277191556
6409    0.611262819053
6411    0.611254287838
6437    0.61003601566
6439    0.610026280502
6441    0.610025840213
6443    0.61000939594
6469    0.607535404148
6471    0.607535402922
6497    0.60443376051
6499    0.604427276944
6525    0.601393924793
6527    0.601389031214
6529    0.601389025969
6531    0.60137136212
6533    0.601371327119
6535    0.601371322764
6537    0.601370352009
6539    0.601370344941
6541    0.601370341423
6543    0.601370339305
6545    0.601369610578
6547    0.601369608578
6549    0.601363919993
6551    0.601363919856
6553    0.601346458274
6555    0.601343732332
6557    0.601340949413
6559    0.601320504535
6561    0.601313434734
6563    0.601306755776
6565    0.601305375426
6567    0.601287743709
6569    0.601279108527
6571    0.601277644655
6573    0.601277644415
6575    0.601277050032
6577    0.601275552749
6579    0.601271358154
6581    0.601264714201
6583    0.601262451121
6585    0.601260385258
6587    0.601257183668
6589    0.601251329243
6591    0.60124931774
6617    0.60035278226
6619    0.600352781958
6645    0.598571078882
6647    0.598565920537
6673    0.59580412748
6675    0.595796441271
6677    0.595795746425
6679    0.595795099793
6705    0.593168829398
6707    0.593161947587
6709    0.593161613702
6711    0.593153713866
6713    0.593153713256
6715    0.593137973133
6717    0.593137790951
6719    0.593128341767
6721    0.593107773566
6723    0.593107400074
6725    0.593107087455
6727    0.593098272652
6729    0.593078900422
6731    0.593077065367
6733    0.593069109981
6735    0.593069109257
6737    0.593067277764
6739    0.59306659358
6741    0.593059818001
6767    0.591096478403
6769    0.591092667717
6771    0.591089214625
6773    0.591083337276
6799    0.589570427987
6801    0.58956319559
6803    0.589553655263
6805    0.58955365202
6807    0.589552072148
6809    0.589550883855
6811    0.589530611019
6813    0.589527211825
6815    0.589527195942
6817    0.58952718405
6819    0.589507474214
6821    0.589504518055
6823    0.589504026273
6825    0.589502457661
6827    0.589502457394
6829    0.589500162933
6831    0.589486490228
6857    0.586958262054
6883    0.58590725293
6885    0.585891759955
6887    0.58587644718
6913    0.583866838827
6939    0.583072081359
6941    0.583054846332
6943    0.583049683051
6945    0.583049682753
6947    0.583049594141
6949    0.583040534999
6951    0.583038948174
6953    0.583034804521
6955    0.58301379937
6957    0.582993025593
6959    0.582992994601
6961    0.582987948748
6963    0.582967514083
6965    0.58296751333
6967    0.58296751333
6969    0.582967502773
6983    0.582654395738
6985    0.582650243144
6987    0.582638200063
7013    0.581605837803
7039    0.580682370354
7041    0.580667351043
7043    0.580661096499
7069    0.579817827519
7071    0.57980918455
7073    0.579808886997
7075    0.579793806576
7101    0.577539728462
7103    0.577539630265
7129    0.574661812925
7131    0.574652775453
7157    0.57188651371
7159    0.571882069532
7161    0.571882067743
7163    0.571865256803
7165    0.571865221836
7167    0.571865220683
7169    0.571864673863
7171    0.571864666791
7173    0.571864663271
7175    0.571864662734
7177    0.571864252088
7179    0.571864250084
7181    0.571859219526
7183    0.5718592194
7185    0.57184286493
7187    0.571840975355
7189    0.571838952687
7191    0.571819481916
7193    0.571813757253
7195    0.571808349031
7197    0.571807450648
7199    0.571790727681
7201    0.571783491816
7203    0.571782186821
7205    0.571782186579
7207    0.57178149817
7209    0.571780555597
7211    0.571777471842
7213    0.57177274835
7215    0.571771144223
7217    0.571769679863
7219    0.571767372329
7221    0.57176323429
7223    0.571761787823
7249    0.570842889591
7251    0.570842888986
7277    0.568886323237
7279    0.568882196137
7305    0.566857489734
7307    0.566850911616
7309    0.566850685065
7311    0.566850474293
7337    0.564913204519
7339    0.564907327481
7341    0.564906246423
7343    0.564899331217
7345    0.56489933063
7347    0.564884933565
7349    0.564884569408
7351    0.564876581143
7353    0.5648570427
7355    0.564856842196
7357    0.564856674367
7359    0.564849211095
7361    0.564830829732
7363    0.564829344897
7365    0.564822616988
7367    0.564822616278
7369    0.564821332978
7371    0.564821033239
7373    0.564815657478
7399    0.563535192591
7401    0.563532340491
7403    0.56352975548
7405    0.563525110465
7431    0.562551961222
7433    0.562545906296
7435    0.56253770068
7437    0.562537697445
7439    0.562537009697
7441    0.562535869527
7443    0.562516521893
7445    0.562513901109
7447    0.562513879799
7449    0.562513863844
7451    0.562495053416
7453    0.562492773624
7455    0.562492259389
7457    0.562490649098
7459    0.562490648789
7461    0.562487729286
7463    0.562474744031
7489    0.560672821818
7503    0.560352434732
7505    0.560337569173
7507    0.560322875556
7533    0.558882455311
7535    0.5588596265
7537    0.558843113443
7539    0.558838532425
7541    0.558838532138
7543    0.558838317608
7545    0.558829795773
7547    0.558828668131
7549    0.558824267501
7551    0.558804064495
7553    0.558784084117
7555    0.558784084116
7557    0.558779208097
7559    0.558759584997
7561    0.558759584995
7563    0.558759584995
7565    0.558759577966
7567    0.55874528995
7569    0.558738264177
7571    0.558727723444
7597    0.557993157516
7623    0.557339430512
7625    0.557324802358
7627    0.557320183587
7640    0.557036148718
7642    0.557028546373
7644    0.557028341737
7646    0.557014580866
7672    0.555068369998
7674    0.555067949306
7700    0.552512527098
7702    0.55250066991
7728    0.55008337077
7730    0.550079330442
7732    0.5500793298
7734    0.550063310573
7736    0.550063275553
7738    0.550063275241
7740    0.550062966981
7742    0.55006295993
7744    0.55006295642
7746    0.550062956287
7748    0.550062724685
7750    0.550062722685
7752    0.550058282344
7754    0.55005828223
7756    0.550042953277
7758    0.550041679879
7760    0.550040200049
7762    0.550021658106
7764    0.550017013317
7766    0.550012625253
7768    0.550012050883
7770    0.549996190138
7772    0.549990098805
7774    0.549988902115
7776    0.549988901874
7778    0.549988141755
7780    0.549987561121
7782    0.549985289954
7784    0.549982072449
7786    0.549980926037
7788    0.549979879494
7790    0.549978219041
7792    0.549975422317
7794    0.549974371017
7820    0.549067361915
7822    0.549067360889
7848    0.546989700045
7850    0.546986271056
7876    0.545552285854
7878    0.545546653824
7880    0.545546613706
7882    0.54554657639
7908    0.544155747595
7910    0.544150730657
7912    0.544148760459
7914    0.544142717535
7916    0.544142716971
7918    0.544129537231
7920    0.544129009025
7922    0.54412225449
7924    0.544103693777
7926    0.544103582773
7928    0.544103489858
7930    0.544097169195
7932    0.544079726536
7934    0.544078465829
7936    0.544072747398
7938    0.544072746701
7940    0.54407187128
7942    0.544071773276
7944    0.54406750955
7970    0.54323925029
7972    0.543237119456
7974    0.543235187872
7976    0.543231519852
7994    0.542810328883
7996    0.542805293408
7998    0.542798100098
8000    0.542798097005
8002    0.542797837964
8004    0.542796723486
8006    0.542778322669
8008    0.542776300463
8010    0.542776275841
8012    0.542776257404
8014    0.542758367601
8016    0.542756608053
8018    0.542756080788
8020    0.542754344342
8022    0.542754343999
8024    0.542750972679
8026    0.542737528828
8052    0.541476970366
8054    0.5414541303
8056    0.541439141232
8058    0.541424324588
8084    0.540406000183
8086    0.54038343211
8088    0.540367455922
8090    0.540363322982
8092    0.540363322716
8094    0.54036300018
8096    0.540354988566
8098    0.540354152628
8100    0.540349633699
8102    0.540330200149
8104    0.540310980837
8106    0.540310963856
8108    0.540306158168
8110    0.540287313349
8112    0.540287313081
8114    0.540287313081
8116    0.54028730799
8118    0.540278137013
8120    0.540268966965
8122    0.540259733076
8124    0.540237346369
8126    0.540215061409
8128    0.540202607241
8130    0.540199177763
8132    0.540176456141
8134    0.540169879118
8136    0.540169732208
8138    0.540157300679
8164    0.538558713093
8166    0.538557644663
8192    0.536372736515
8194    0.536358012649
8220    0.534321151179
8222    0.534317484351
8224    0.534317484103
8226    0.534302219427
8228    0.534302184353
8230    0.534302184265
8232    0.534302010325
8234    0.534302003297
8236    0.534301999797
8238    0.534301999766
8240    0.534301869007
8242    0.53430186701
8244    0.534297955849
8246    0.534297955745
8248    0.534283577316
8250    0.534282750661
8252    0.534281659695
8254    0.534264003374
8256    0.534260226576
8258    0.534256658512
8260    0.534256299725
8262    0.534241257213
8264    0.534236104494
8266    0.534234982513
8268    0.534234982271
8270    0.534234168618
8272    0.534233820853
8274    0.534232144779
8276    0.53423007349
8278    0.53422924584
8280    0.534228490278
8282    0.534227297826
8284    0.534225517097
8286    0.534224743223
8312    0.53335537537
8314    0.533355373828
8340    0.531207877812
8342    0.531204908982
8368    0.530222027264
8370    0.530217206358
8372    0.530217206339
8374    0.530217206321
8400    0.529242650638
8402    0.529238371939
8404    0.529235543688
8406    0.529230272845
8408    0.529230272303
8410    0.529218196479
8412    0.529217535991
8414    0.52921182384
8416    0.529194191289
8418    0.529194127399
8420    0.529194073919
8422    0.529188719682
8424    0.529172166575
8426    0.529171052713
8428    0.529166166612
8430    0.52916616593
8432    0.529165589422
8434    0.529165576119
8436    0.529162202638
8446    0.528948403441
8448    0.528946893085
8450    0.528945523901
8452    0.528942647086
8454    0.528921489749
8456    0.528917377073
8458    0.528910915744
8460    0.528910912986
8462    0.528910792343
8464    0.528909691323
8466    0.528892309511
8468    0.528890748909
8470    0.528890722409
8472    0.528890702566
8474    0.528873803688
8476    0.52887244543
8478    0.52887191062
8480    0.52887000147
8482    0.5288700011
8484    0.528866329919
8486    0.528852192669
8512    0.527980657038
8514    0.527958077161
8516    0.527943049648
8518    0.52792819431
8544    0.52721218749
8546    0.527189923845
8548    0.5271745349
8550    0.527170773445
8552    0.527170773197
8554    0.527170338185
8556    0.527162810147
8558    0.527162161303
8560    0.527157586367
8562    0.527138890786
8564    0.527120401393
8566    0.527120349101
8568    0.527115572166
8570    0.527097473759
8572    0.527097472749
8574    0.527097472749
8576    0.527097469097
8578    0.527088483237
8580    0.527078265994
8582    0.527070673243
8584    0.527048591537
8586    0.527026610331
8588    0.527015040103
8590    0.527012531821
8592    0.526990171391
8594    0.526984491826
8596    0.526984386167
8598    0.526973144738
8624    0.525718163944
8626    0.525716051279
8652    0.523904857127
8654    0.52388741681
8680    0.522221196064
8682    0.5222178818
8684    0.522217881693
8686    0.522203349503
8688    0.522203314387
8690    0.522203314359
8692    0.522203216095
8694    0.522203209085
8696    0.522203205594
8698    0.522203205587
8700    0.522203131666
8702    0.522203129673
8704    0.522199692687
8706    0.522199692593
8708    0.522186195759
8710    0.522185686066
8712    0.522184874713
8714    0.522168062829
8716    0.522164984633
8718    0.52216207655
8720    0.522161859267
8722    0.522147593406
8724    0.522143212561
8726    0.522142142579
8728    0.522142142337
8730    0.522141289336
8732    0.52214108876
8734    0.522139849045
8736    0.522138616226
8738    0.52213801141
8740    0.522137459266
8742    0.522136604985
8744    0.522135562359
8746    0.522134984241
8772    0.521320920803
8774    0.521320918688
8800    0.519149207609
8802    0.519146529389
8828    0.518517253398
8830    0.518513130736
8832    0.518513109764
8834    0.51851309026
8860    0.517840924878
8862    0.517837281559
8864    0.517833737976
8866    0.517829149885
8868    0.517829149365
8870    0.517818075145
8872    0.517817314091
8874    0.517812483009
8876    0.517795731566
8878    0.517795693014
8880    0.517795660744
8882    0.517791124231
8884    0.517775414387
8886    0.517774398677
8888    0.517770200663
8890    0.517770199995
8892    0.517769838132
8894    0.517769831561
8896    0.517767182165
8898    0.517744616757
8900    0.517743569018
8902    0.517742619203
8904    0.517740375939
8906    0.517719579713
8908    0.517716180692
8910    0.517710329475
8912    0.517710327059
8914    0.517710275193
8916    0.517709180957
8918    0.517692786759
8920    0.517691582669
8922    0.517691555168
8924    0.517691534576
8926    0.517675596152
8928    0.517674547894
8930    0.517674008691
8932    0.517671906256
8934    0.517671905867
8936    0.517668054027
8938    0.517653348219
8952    0.517339236698
8954    0.517317037156
8956    0.517302287346
8958    0.517287706362
8960    0.517264723327
8962    0.517242966961
8964    0.517228234922
8966    0.517224782608
8968    0.517224782377
8970    0.517224235209
8972    0.517217165117
8974    0.517216638769
8976    0.517212035692
8978    0.517194048004
8980    0.517176258779
8982    0.517176167403
8984    0.517171402046
8986    0.517154019635
8988    0.517154018068
8990    0.517154018068
8992    0.517154015054
8994    0.517145217764
8996    0.517134625577
8998    0.517128351218
9000    0.517106573442
9002    0.517084894919
9004    0.517073717396
9006    0.517071906442
9008    0.51704990231
9010    0.517045007521
9012    0.517044931384
9014    0.517034755921
9040    0.516088758405
9042    0.516085187342
9068    0.514619384631
9070    0.514599519021
9096    0.513267479258
9098    0.513264501174
9100    0.513264501121
9102    0.513250686494
9104    0.51325065135
9106    0.513250651341
9108    0.513250595745
9110    0.513250588748
9112    0.513250585264
9114    0.513250585263
9116    0.513250543404
9118    0.513250541414
9120    0.513247528961
9122    0.513247528875
9124    0.513234850128
9126    0.513234558534
9128    0.513233949091
9130    0.513217942236
9132    0.513215427071
9134    0.513213050896
9136    0.513212924805
9138    0.513199396147
9140    0.513195651859
9142    0.51319461831
9144    0.513194618067
9146    0.513193736507
9148    0.513193626805
9150    0.513192707484
9152    0.51319205553
9154    0.513191607277
9156    0.513191198055
9158    0.513190587842
9160    0.513190051143
9162    0.513189612034
9188    0.512440942761
9190    0.512440940066
9216    0.510283600042
9218    0.510281088672
9220    0.510263303636
9222    0.510259802326
9224    0.510259780416
9226    0.51025976004
9228    0.510237322122
9230    0.510234263893
9232    0.510230833814
9234    0.510226848698
9236    0.510226848199
9238    0.510216682945
9240    0.510215848196
9242    0.510211762023
9244    0.510195846902
9246    0.510195822331
9248    0.510195801763
9250    0.510191957341
9252    0.510177046969
9254    0.510176097977
9256    0.51017247035
9258    0.510172469697
9260    0.510172257658
9262    0.510172191997
9264    0.510170114078
9266    0.510147916183
9268    0.510147185754
9270    0.510146523587
9272    0.510144774412
9274    0.510124332648
9276    0.510121471481
9278    0.510116153133
9280    0.510116151016
9282    0.510116137086
9284    0.510115045997
9286    0.51009958315
9288    0.510098668542
9290    0.510098640552
9292    0.510098619594
9294    0.510083586953
9296    0.51008279047
9298    0.510082248684
9300    0.510079919144
9302    0.510079918757
9304    0.510076285818
9306    0.510061855611
9308    0.510039049834
9310    0.510017416371
9312    0.510003340435
9314    0.509989425666
9316    0.509966710871
9318    0.509945506454
9320    0.509931417598
9322    0.509928223821
9324    0.509928223607
9326    0.509927567753
9328    0.509920931118
9330    0.509920486473
9332    0.509915868008
9334    0.50989855942
9336    0.509881441881
9338    0.509881314073
9340    0.509876553483
9342    0.509859857926
9344    0.509859856033
9346    0.509859856033
9348    0.509859853318
9350    0.509851243828
9352    0.509840555034
9354    0.509835342416
9356    0.509813866207
9358    0.509792488012
9360    0.50978151775
9362    0.509780231034
9364    0.509758578281
9366    0.50975436901
9368    0.509754314037
9370    0.509745093852
9396    0.509057813962
9398    0.509052412433
9424    0.507886738483
9426    0.50786481437
9452    0.506817873008
9454    0.506815215906
9456    0.506815215877
9458    0.506802105429
9460    0.506802070266
9462    0.506802070262
9464    0.506802038747
9466    0.506802031762
9468    0.506802028283
9470    0.506802028283
9472    0.506802004531
9474    0.506802002543
9476    0.50679936979
9478    0.506799369712
9480    0.506787450515
9482    0.506787302234
9484    0.506786839295
9486    0.506771599781
9488    0.506769539045
9490    0.506767592184
9492    0.506767523373
9494    0.506754694485
9496    0.506751476706
9498    0.50675046881
9500    0.506750468567
9502    0.506749566516
9504    0.506749511111
9506    0.50674882739
9508    0.506748555158
9510    0.506748217548
9512    0.50674790933
9514    0.506747475007
9516    0.506747262857
9518    0.506746923133
9544    0.506031576996
9546    0.506031573934
9572    0.503918954241
9574    0.503916399996
9576    0.503899637756
9578    0.503896684977
9580    0.503896669372
9582    0.50389665486
9584    0.50387539591
9586    0.503872829684
9588    0.503869504512
9590    0.503866051333
9592    0.503866050855
9594    0.503856711073
9596    0.503855823758
9598    0.50385236754
9600    0.503837246368
9602    0.503837229739
9604    0.503837215819
9606    0.503833957327
9608    0.503819805163
9610    0.503818902208
9612    0.503815748789
9614    0.503815748151
9616    0.503815636398
9618    0.503815476603
9620    0.503813845793
9622    0.503792010855
9624    0.503791498661
9626    0.503791034331
9628    0.503789670551
9630    0.503769576933
9632    0.503767125152
9634    0.503762273145
9636    0.50376227129
9638    0.503762270988
9640    0.503761181087
9642    0.503746596705
9644    0.503745905449
9646    0.503745877261
9648    0.503745856153
9650    0.503731677884
9652    0.503731075707
9654    0.503730532382
9656    0.503728023237
9658    0.50372802286
9660    0.503724638868
9662    0.503710869297
9664    0.503688311004
9666    0.503667227982
9668    0.503653795378
9670    0.503640516623
9672    0.503618067837
9674    0.50359740028
9676    0.503583926351
9678    0.503580949774
9680    0.503580949575
9682    0.50358019048
9684    0.503573964022
9686    0.503573574727
9688    0.503568947047
9690    0.503552290106
9692    0.503535817094
9694    0.503535657857
9696    0.503530899705
9698    0.503514863172
9700    0.503514861105
9702    0.503514861105
9704    0.503514858535
9706    0.503506434491
9708    0.503495760778
9710    0.503491405485
9712    0.503470228112
9714    0.503449147519
9716    0.503438313562
9718    0.503437417574
9720    0.503416111424
9722    0.503412500295
9724    0.503412460519
9726    0.503404096917
9728    0.503384473428
9730    0.503375187461
9756    0.50240069873
9758    0.50238068026
9784    0.501513445764
9786    0.501511122744
9788    0.501511122726
9790    0.501498756257
9792    0.501498721085
9794    0.501498721082
9796    0.501498703174
9798    0.501498696196
9800    0.501498692722
9802    0.501498692722
9804    0.501498679208
9806    0.501498677221
9808    0.501496383666
9810    0.501496383595
9812    0.501485169998
9814    0.501485108945
9816    0.501484752883
9818    0.50147024472
9820    0.501468551335
9822    0.50146695152
9824    0.501466917354
9826    0.501454752747
9828    0.501451971797
9830    0.501450982036
9832    0.501450981793
9834    0.501450065226
9836    0.501450040626
9838    0.501449530446
9840    0.501449462731
9842    0.501449203818
9844    0.501448967441
9846    0.501448659645
9848    0.501448614841
9850    0.501448346716
9876    0.500775131604
9878    0.500775128232
9904    0.498725485998
9906    0.498722890769
9908    0.498707191991
9910    0.498704701581
9912    0.498704690936
9914    0.498704681035
9916    0.498684646682
9918    0.498682494104
9920    0.498679265456
9922    0.498676280976
9924    0.498676280518
9926    0.498667690777
9928    0.498666766832
9930    0.498663843429
9932    0.498649475965
9934    0.49864946399
9936    0.498649453967
9938    0.498646691625
9940    0.498633258611
9942    0.498632387871
9944    0.498629629848
9946    0.498629629224
9948    0.498629580193
9950    0.498629312724
9952    0.498628031895
9954    0.498606555109
9956    0.498606193482
9958    0.498605865646
9960    0.498604802504
9962    0.498585050842
9964    0.498582913689
9966    0.498578470581
9968    0.498578468953
9970    0.498578463331
9972    0.498577373598
9974    0.498563617789
9976    0.4985630952
9978    0.498563066974
9980    0.498563045838
9982    0.498549673433
9984    0.498549218024
9986    0.498548673767
9988    0.498546045687
9990    0.498546045318
9992    0.498542839114
9994    0.498529699966
9996    0.498507387753
9998    0.498486840013
10000    0.498474021553
10002    0.498461349951
10004    0.498439164818
10006    0.498419019493
10008    0.498406133461
10010    0.498403340005
10012    0.498403339821
10014    0.49840248411
10016    0.498396645667
10018    0.498396294311
10020    0.498391660715
10022    0.498375629093
10024    0.498359774564
10026    0.498359589307
10028    0.498354833149
10030    0.49833942892
10032    0.498339426762
10034    0.498339426762
10036    0.498339424265
10038    0.498331182674
10040    0.498320568603
10042    0.498316907488
10044    0.498296025963
10046    0.498275239995
10048    0.498264515256
10050    0.498263907285
10052    0.498242942935
10054    0.498239853035
10056    0.49823982419
10058    0.498232229072
10060    0.498217153222
10062    0.498205190927
10088    0.497396290026
10090    0.497376585204
10116    0.496663312154
10118    0.49666129499
10120    0.496661294977
10122    0.496649633135
10124    0.496649597959
10126    0.496649597957
10128    0.496649587747
10130    0.496649580777
10132    0.496649577306
10134    0.496649577306
10136    0.49664956959
10138    0.496649567605
10140    0.496647576633
10142    0.496647576569
10144    0.496637018787
10146    0.496637003362
10148    0.496636725732
10150    0.496622914521
10152    0.496621518586
10154    0.496620199783
10156    0.49662018534
10158    0.496608651325
10160    0.496606233939
10162    0.49660525705
10164    0.496605256808
10166    0.496604330113
10168    0.496604321551
10170    0.496603939437
10172    0.496603938926
10174    0.496603736466
10176    0.496603551625
10178    0.496603334641
10180    0.496603334434
10182    0.496603118378
10208    0.495979161159
10210    0.495979157547
10236    0.494008188272
10238    0.494005553967
10240    0.493990939922
10242    0.493988839279
10244    0.49398883242
10246    0.493988826041
10248    0.493970040951
10250    0.493968236081
10252    0.493965095741
10254    0.493962523692
10256    0.493962523254
10258    0.493954615402
10260    0.493953666553
10262    0.49395119386
10264    0.493937541956
10266    0.493937532796
10268    0.493937525128
10270    0.493935182991
10272    0.493922432186
10274    0.493921584319
10276    0.49391915697
10278    0.493919156361
10280    0.493919141846
10282    0.493918765887
10284    0.493917759156
10286    0.493896635592
10288    0.493896378228
10290    0.493896144912
10292    0.493895316308
10294    0.493875900584
10296    0.493874007527
10298    0.493869923652
10300    0.493869922223
10302    0.493869896719
10304    0.493868806661
10306    0.493855832388
10308    0.49385543718
10310    0.493855409003
10312    0.493855387903
10314    0.493842775626
10316    0.493842431088
10318    0.493841886258
10320    0.493839183698
10322    0.493839183339
10324    0.493836107824
10326    0.493823570289
10328    0.493801502728
10330    0.49378147565
10332    0.493769243492
10334    0.493757151515
10336    0.493735227683
10338    0.493715590474
10340    0.493703266533
10342    0.493700627984
10344    0.493700627812
10346    0.493699682709
10348    0.493694211224
10350    0.493693886065
10352    0.493689248601
10354    0.493673817123
10356    0.493658556173
10358    0.493658349866
10360    0.493653596087
10362    0.493638798573
10364    0.493638796369
10366    0.493638796369
10368    0.493638793909
10370    0.493630731566
10372    0.493620195154
10374    0.49361709777
10376    0.493596509071
10378    0.493576014714
10380    0.493565389153
10382    0.493564990453
10384    0.493544363179
10386    0.493541726854
10388    0.493541705888
10390    0.493534800617
10392    0.493523453455
10394    0.493509593878
10420    0.492841860582
10422    0.492821882863
10429    0.492682094136
10431    0.492680373528
10433    0.492680373519
10435    0.492669422515
10437    0.49266938734
10439    0.492669387338
10441    0.492669381495
10443    0.49266937453
10445    0.492669371061
10447    0.492669371061
10449    0.492669366636
10451    0.492669364653
10453    0.492667643149
10455    0.49266764309
10457    0.492657695109
10459    0.492657694891
10461    0.492657475189
10463    0.49264432799
10465    0.492643173328
10467    0.492642082464
10469    0.492642078076
10471    0.49263114261
10473    0.492629028782
10475    0.492628061068
10477    0.492628060826
10479    0.492627127214
10481    0.492627125622
10483    0.492626838213
10485    0.492626801638
10487    0.492626640083
10489    0.492626492584
10491    0.492626340597
10493    0.492626293168
10495    0.492626115387
10497    0.492603667114
10499    0.492603663535
10525    0.490698075601
10527    0.490695407912
10529    0.490681186884
10531    0.490679415059
10533    0.490679410242
10535    0.490679405762
10537    0.490661077626
10539    0.490659564925
10541    0.490656474709
10543    0.490654265033
10545    0.490654264613
10547    0.490646977002
10549    0.490646011742
10551    0.490643920325
10553    0.490630947723
10555    0.49063094032
10557    0.490630934122
10559    0.490628947917
10561    0.490616844283
10563    0.490616012922
10565    0.490613862947
10567    0.490613862353
10569    0.490613861443
10571    0.490613383286
10573    0.490612591334
10575    0.490591815836
10577    0.490591630982
10579    0.4905914634
10581    0.490590817764
10583    0.490571731999
10585    0.490570030042
10587    0.490566262355
10589    0.490566261101
10591    0.490566204733
10593    0.490565114144
10595    0.490552876965
10597    0.49055257797
10599    0.490552549884
10601    0.490552528854
10603    0.490540633493
10605    0.490540372723
10607    0.490539827535
10609    0.490537082371
10611    0.490537082021
10613    0.490534105626
10615    0.490522142142
10617    0.490500317644
10619    0.490480796982
10621    0.49046912448
10623    0.490457585783
10625    0.490435920764
10627    0.490416777916
10629    0.490404991342
10631    0.490402484212
10633    0.490402484053
10635    0.490401456964
10637    0.49039633239
10639    0.490396025365
10641    0.490391385511
10643    0.490376529985
10645    0.490361838683
10647    0.490361615555
10649    0.490356864841
10651    0.490342649433
10653    0.490342647205
10655    0.490342647205
10657    0.490342644765
10659    0.490334758349
10661    0.490324307134
10663    0.490321668937
10665    0.490301369894
10667    0.490281163989
10669    0.490270634104
10671    0.490270384539
10673    0.490250089538
10675    0.490247847299
10677    0.490247832022
10679    0.490241546342
10681    0.490232110447
10683    0.490216707354
10694    0.489981952286
10696    0.48996284869
10698    0.489940795087
10700    0.489939355448
10702    0.489939355441
10704    0.489929110077
10706    0.489929074904
10708    0.489929074903
10710    0.489929071541
10712    0.48992906458
10714    0.489929061113
10716    0.489929061113
10718    0.489929058563
10720    0.48992905658
10722    0.489927574594
10724    0.489927574542
10726    0.48991819382
10728    0.489918186983
10730    0.489918010362
10732    0.489905495656
10734    0.489904537066
10736    0.48990363144
10738    0.489903630987
10740    0.489893263603
10742    0.489891404065
10744    0.48989044293
10746    0.489890442689
10748    0.489889504496
10750    0.489889504439
10752    0.489889287226
10754    0.489889246261
10756    0.489889118559
10758    0.489889001968
10760    0.489888896333
10762    0.48988884406
10764    0.489888698722
10766    0.489867369257
10768    0.489867365734
10794    0.488031867658
10796    0.488029168933
10798    0.488015365114
10800    0.488013870421
10802    0.488013867157
10804    0.488013864123
10806    0.487996019669
10808    0.487994752391
10810    0.48799170709
10812    0.487989815296
10814    0.487989814894
10816    0.487983091789
10818    0.48798211621
10820    0.487980347357
10822    0.487968019713
10824    0.487968013436
10826    0.487968008181
10828    0.487966323517
10830    0.487954833906
10832    0.487954014695
10834    0.487952098107
10836    0.487952097527
10838    0.487952094967
10840    0.487951524487
10842    0.487950900929
10844    0.487930468323
10846    0.487930334145
10848    0.487930212503
10850    0.487929709603
10852    0.487910947997
10854    0.487909396967
10856    0.487905908128
10858    0.487905907026
10860    0.487905811721
10862    0.487904720554
10864    0.487893178586
10866    0.487892952274
10868    0.487892924302
10870    0.487892903357
10872    0.487881684182
10874    0.487881486713
10876    0.48788094131
10878    0.487878176092
10880    0.487878175751
10882    0.487875277133
10884    0.487863861431
10886    0.48784227843
10888    0.487823250439
10890    0.487812112183
10892    0.487801101643
10894    0.487779692997
10896    0.487761031234
10898    0.48774975843
10900    0.4877473631
10902    0.487747362952
10904    0.487746261202
10906    0.487741464503
10908    0.48774116999
10910    0.487736528973
10912    0.487722226272
10914    0.487708081739
10916    0.487707845244
10918    0.487703098436
10920    0.487689441581
10922    0.487689439343
10924    0.487689439343
10926    0.487689436913
10928    0.487681723117
10930    0.487671360532
10932    0.487669097571
10934    0.487649085062
10936    0.487629164494
10938    0.487618729387
10940    0.487618583256
10942    0.487598615827
10944    0.487596715413
10946    0.487596704253
10948    0.487590975419
10950    0.487582119777
10952    0.487565753187
10954    0.48754281845
10956    0.487524715168
10958    0.487502882734
10960    0.487501694967
10962    0.487501694961
10964    0.487492118461
10966    0.487492083295
10968    0.487492083293
10970    0.487492081345
10972    0.487492074388
10974    0.487492070923
10976    0.487492070923
10978    0.487492069442
10980    0.487492067459
10982    0.487490797918
10984    0.48749079787
10986    0.48748194511
10988    0.487481916398
10990    0.487481772048
10992    0.487469859766
10994    0.48746906084
10996    0.487468306055
10998    0.487468305794
11000    0.487458477587
11002    0.487456831786
11004    0.48745587542
11006    0.487455875178
11008    0.48745493411
11010    0.487454931917
11012    0.487454766857
11014    0.487454721727
11016    0.487454619028
11018    0.487454525263
11020    0.487454452543
11022    0.487454395711
11024    0.487454274739
11026    0.48743414985
11028    0.487434146406
11054    0.485672518815
11056    0.485669791184
11058    0.485656424438
11060    0.485655163328
11062    0.485655161221
11064    0.485655159262
11066    0.485637820554
11068    0.485636759382
11070    0.485633754245
11072    0.485632140804
11074    0.48563214042
11076    0.485625931397
11078    0.48562494984
11080    0.485623453891
11082    0.485611738646
11084    0.48561173311
11086    0.485611728476
11088    0.48561029931
11090    0.485599392334
11092    0.485598582282
11094    0.485596862675
11096    0.485596862111
11098    0.48559684702
11100    0.485596195504
11102    0.48559570405
11104    0.485575609137
11106    0.485575510575
11108    0.485575421222
11110    0.485575029665
11112    0.485556586555
11114    0.485555155734
11116    0.485551913286
11118    0.485551912317
11120    0.485551772351
11122    0.485550680644
11124    0.485539794382
11126    0.485539622991
11128    0.485539595143
11130    0.48553957429
11132    0.485528992881
11134    0.485528843262
11136    0.485528297738
11138    0.485525528271
11140    0.485525527939
11142    0.48552269256
11144    0.48551179957
11146    0.485490456492
11148    0.485471907874
11150    0.485461279609
11152    0.485450773242
11154    0.485429618546
11156    0.485411425021
11158    0.485400643439
11160    0.485398343449
11162    0.485398343312
11164    0.485397173952
11166    0.485392687039
11168    0.485392401071
11170    0.485387760002
11172    0.485373987982
11174    0.485360368315
11176    0.4853601212
11178    0.48535537919
11180    0.485342258318
11182    0.485342256072
11184    0.485342256072
11186    0.48534225365
11188    0.485334709188
11190    0.485324437045
11192    0.485322481731
11194    0.485302752642
11196    0.485283114309
11198    0.485272774068
11200    0.485272696845
11202    0.485253052341
11204    0.485251447872
11206    0.485251439699
11208    0.485246211637
11210    0.485237440454
11212    0.485220661486
11214    0.485197866043
11216    0.485180264431
11218    0.485158651672
11220    0.48515768116
11222    0.485157681155
11224    0.485148719717
11226    0.485148684559
11228    0.485148684557
11230    0.485148683419
11232    0.485148676465
11234    0.485148673002
11236    0.485148673002
11238    0.485148672134
11240    0.485148670153
11242    0.485147588577
11244    0.485147588534
11246    0.485139227391
11248    0.485139166542
11250    0.485139046545
11252    0.485127707973
11254    0.485127039343
11256    0.485126407653
11258    0.485126405413
11260    0.485117088921
11262    0.485115623388
11264    0.485114670529
11266    0.485114670288
11268    0.485113727588
11270    0.485113721289
11272    0.485113595092
11274    0.485113546096
11276    0.485113462032
11278    0.48511338528
11280    0.485113335809
11282    0.485113274772
11284    0.485113172274
11286    0.485094316547
11288    0.485094313203
11314    0.483409419165
11316    0.48340666458
11318    0.483393750467
11320    0.483392686247
11322    0.483392684978
11324    0.483392683797
11326    0.483375868254
11328    0.483374980122
11330    0.483372010804
11332    0.483370640615
11334    0.483370640248
11336    0.483364899664
11338    0.483363915212
11340    0.483362650158
11342    0.483351516437
11344    0.4833515114
11346    0.483351507184
11348    0.483350294536
11350    0.483339940455
11352    0.483339137512
11354    0.483337584667
11356    0.483337584117
11358    0.48333754897
11360    0.483336827834
11362    0.48333644008
11364    0.483316677651
11366    0.483316604282
11368    0.483316537766
11370    0.483316233053
11372    0.483298102905
11374    0.483296768605
11376    0.483293744283
11378    0.48329374343
11380    0.483293554973
11382    0.483292462812
11384    0.483282194988
11386    0.483282065108
11388    0.483282037384
11390    0.483282016625
11392    0.483272036743
11394    0.483271923304
11396    0.483271377733
11398    0.483268615014
11400    0.48326861469
11402    0.483265832583
11404    0.483255438378
11406    0.483234333638
11408    0.483216251507
11410    0.483206110071
11412    0.483196084976
11414    0.48317518182
11416    0.483157444081
11418    0.483147132167
11420    0.483144913656
11422    0.483144913528
11424    0.483143683231
11426    0.483139488913
11428    0.483139208665
11430    0.483134568591
11432    0.48312130604
11434    0.483108190254
11436    0.483107934675
11438    0.483103198361
11440    0.483090591833
11442    0.483090589585
11444    0.483090589585
11446    0.483090587167
11448    0.483083208784
11450    0.483073028242
11452    0.483071326009
11454    0.483051877234
11456    0.48303251804
11458    0.483022273115
11460    0.483022238906
11462    0.483002912726
11464    0.483001563949
11466    0.483001557946
11468    0.482996780527
11470    0.482988095909
11472    0.482971205561
11474    0.482948550701
11476    0.482931239511
11478    0.482909844818
11480    0.482909060535
11482    0.48290906053
11484    0.482900664881
11486    0.482900629731
11488    0.48290062973
11490    0.482900629058
11492    0.482900622107
11494    0.482900618644
11496    0.482900618644
11498    0.482900618131
11500    0.48290061615
11502    0.482899700415
11504    0.482899700376
11506    0.482891797212
11508    0.482891697729
11510    0.482891596249
11512    0.482880803957
11514    0.482880241897
11516    0.482879710889
11518    0.482879705525
11520    0.482870874654
11522    0.482869561681
11524    0.482868611462
11526    0.482868611221
11528    0.482867667799
11530    0.482867656493
11532    0.482867559352
11534    0.482867506851
11536    0.482867436811
11538    0.482867372863
11540    0.48286733971
11542    0.48286727488
11544    0.482867186528
11546    0.482849643685
11548    0.482849640458
11574    0.481243455646
11576    0.48124067591
11578    0.481228225796
11580    0.481227327546
11582    0.481227326857
11584    0.481227326216
11586    0.481211046725
11588    0.481210303828
11590    0.481207366339
11592    0.481206208253
11594    0.481206207902
11596    0.481200894421
11598    0.481199909256
11600    0.481198839555
11602    0.481188258072
11604    0.481188253378
11606    0.481188249449
11608    0.481187220311
11610    0.481177390934
11612    0.481176593699
11614    0.481175182462
11616    0.481175181926
11618    0.481175121764
11620    0.481174341826
11622    0.48117403553
11624    0.481154600373
11626    0.481154544947
11628    0.481154494699
11630    0.481154257711
11632    0.481136435094
11634    0.481135178909
11636    0.481132348051
11638    0.481132347301
11640    0.481132108036
11642    0.481131015523
11644    0.481121330976
11646    0.481121232482
11648    0.481121204882
11650    0.481121184215
11652    0.481111771664
11654    0.48111168559
11656    0.48111114003
11658    0.481108391672
11660    0.481108391357
11662    0.481105655648
11664    0.481095737381
11666    0.481074869365
11668    0.481057241219
11670    0.481047564485
11672    0.481037998788
11674    0.481017344759
11676    0.481000050715
11678    0.480990187862
11680    0.480988039113
11682    0.480988038994
11684    0.480986753981
11686    0.480982835916
11688    0.480982559368
11690    0.480977921292
11692    0.480965147875
11694    0.480952515856
11696    0.480952253486
11698    0.480947523755
11700    0.480935410816
11702    0.480935408567
11704    0.480935408567
11706    0.480935406153
11708    0.480928190621
11710    0.480918102553
11712    0.48091660923
11714    0.480897437653
11716    0.48087835449
11718    0.480868205436
11720    0.480868194996
11722    0.480849182568
11724    0.480848054194
11726    0.480848049773
11728    0.480843678157
11730    0.480835080581
11732    0.48081821161
11734    0.480795697974
11736    0.480778586467
11738    0.480757408181
11740    0.480756782503
11742    0.480756782499
11744    0.480748907569
11746    0.480748872429
11748    0.480748872428
11750    0.480748872026
11752    0.480748865077
11754    0.480748861616
11756    0.480748861616
11758    0.480748861308
11760    0.480748859328
11762    0.480748089446
11764    0.48074808941
11766    0.480740613079
11768    0.480740471279
11770    0.480740383981
11772    0.480730111787
11774    0.480729637101
11776    0.48072918864
11778    0.480729179663
11780    0.480720809619
11782    0.480719626202
11784    0.480718678033
11786    0.480718677792
11788    0.480717734312
11790    0.480717717753
11792    0.480717642413
11794    0.48071758682
11796    0.480717527441
11798    0.480717473227
11800    0.48071745143
11802    0.480717383272
11804    0.480717305857
11806    0.480701099617
11808    0.480701096522
11834    0.479174758161
11836    0.479171954956
11838    0.479159976209
11840    0.479159217875
11842    0.479159217562
11844    0.47915921727
11846    0.479143482394
11848    0.479142861354
11850    0.479139952029
11852    0.479138978421
11854    0.479138978086
11856    0.479134054254
11858    0.479133069921
11860    0.479132165501
11862    0.479122108472
11864    0.47912210402
11866    0.479122100293
11868    0.479121226707
11870    0.479111895311
11872    0.479111102827
11874    0.479109812193
11876    0.479109811671
11878    0.479109723471
11880    0.47910889459
11882    0.479108652326
11884    0.479089539242
11886    0.479089496698
11888    0.479089458128
11890    0.479089273942
11892    0.479071753531
11894    0.479070561057
11896    0.479067902108
11898    0.479067901448
11900    0.479067610256
11902    0.479066517505
11904    0.479057383059
11906    0.479057308303
11908    0.479057280825
11910    0.479057260248
11912    0.479048382763
11914    0.479048317397
11916    0.479047771898
11918    0.479045043139
11920    0.479045042832
11922    0.47904234875
11924    0.479032884605
11926    0.479012251679
11928    0.478995065378
11930    0.478985832212
11932    0.478976705017
11934    0.478956297701
11936    0.478939435617
11938    0.47893000212
11940    0.478927913195
11942    0.478927913085
11944    0.478926579097
11946    0.478922921755
11948    0.478922647457
11950    0.478918012351
11952    0.478905708574
11954    0.478893541039
11956    0.478893273171
11958    0.478888550887
11960    0.478876911628
11962    0.478876909378
11964    0.478876909378
11966    0.478876906967
11968    0.478869851091
11970    0.478859856235
11972    0.478858535952
11974    0.478839638449
11976    0.478820828204
11978    0.478810775592
11980    0.478810774786
11982    0.478792071571
11984    0.478791132691
11986    0.478791129425
11988    0.478787123486
11990    0.478778612726
11992    0.478761823169
11994    0.478739451109
11996    0.478722500011
11998    0.478701536454
12000    0.47870104488
12002    0.478701044877
12004    0.478693649458
12006    0.478693614328
12008    0.478693614327
12010    0.478693614082
12012    0.478693607135
12014    0.478693603675
12016    0.478693603675
12018    0.478693603488
12020    0.478693601508
12022    0.478692959427
12024    0.478692959394
12026    0.47868588105
12028    0.47868569532
12030    0.478685618961
12032    0.47867584188
12034    0.478675439011
12036    0.478675058399
12038    0.478675045722
12040    0.478667112951
12042    0.478666039937
12044    0.478665093425
12046    0.478665093185
12048    0.478664150138
12050    0.478664128459
12052    0.478664069543
12054    0.478664011313
12056    0.478663960125
12058    0.478663913389
12060    0.478663899411
12062    0.478663828422
12064    0.478663759552
12066    0.478648894916
12068    0.478648891966
12094    0.47720276118
12096    0.477199936088
12098    0.477188432332
12100    0.47718779196
12102    0.477187791862
12104    0.47718779177
12106    0.477172606011
12108    0.477172087178
12110    0.477169202647
12112    0.477168389036
12114    0.477168388716
12116    0.477163820586
12118    0.477162838179
12120    0.477162073595
12122    0.477152514659
12124    0.477152510381
12126    0.477152506799
12128    0.47715176509
12130    0.477142906332
12132    0.477142117955
12134    0.477140930332
12136    0.477140929824
12138    0.477140812014
12140    0.477139942941
12142    0.477139751048
12144    0.477120954872
12146    0.477120921654
12148    0.477120891539
12150    0.477120748508
12152    0.477103525083
12154    0.477102384976
12156    0.477099879058
12158    0.477099878477
12160    0.477099535182
12162    0.477098442306
12164    0.477089826661
12166    0.477089769869
12168    0.477089742507
12170    0.477089722018
12172    0.477081349159
12174    0.477081299471
12176    0.477080754079
12178    0.477078048506
12180    0.477078048207
12182    0.477075392413
12184    0.477066361563
12186    0.477045962073
12188    0.477029205832
12190    0.47702039605
12192    0.477011687399
12194    0.47699152439
12196    0.476975082863
12198    0.476966059879
12200    0.476964022329
12202    0.476964022226
12204    0.476962644517
12206    0.476959233141
12208    0.476958960053
12210    0.47695432886
12212    0.476942476035
12214    0.476930754497
12216    0.47693048213
12218    0.476925768137
12220    0.476914583464
12222    0.476914581212
12224    0.476914581212
12226    0.476914578804
12228    0.476907679424
12230    0.476897778437
12232    0.476896601974
12234    0.47687797542
12236    0.476859434977
12238    0.476849479358
12240    0.476849477958
12242    0.476831079449
12244    0.476830303015
12246    0.476830300595
12248    0.476826624412
12250    0.476818199935
12252    0.47680151508
12254    0.476779284809
12256    0.476762477014
12258    0.476741726496
12260    0.476741347354
12262    0.476741347351
12264    0.476734393763
12266    0.476734358644
12268    0.476734358642
12270    0.47673435849
12272    0.476734351546
12274    0.476734348087
12276    0.476734348087
12278    0.47673434797
12280    0.47673434599
12282    0.47673381542
12284    0.476733815391
12286    0.476727108302
12288    0.476726878538
12290    0.476726810673
12292    0.476717504868
12294    0.476717161189
12296    0.476716836495
12298    0.476716820272
12300    0.476709302397
12302    0.476708323788
12304    0.47670737868
12306    0.476707378441
12308    0.47670643619
12310    0.476706409731
12312    0.476706363243
12314    0.476706302856
12316    0.47670625803
12318    0.476706217102
12320    0.47670620843
12322    0.476706135139
12324    0.476706073012
12326    0.476692537892
12328    0.476692535096
12354    0.47532626904
12356    0.475323423559
12358    0.475312394978
12360    0.475311854068
12362    0.47531185406
12364    0.475311854052
12366    0.475297218175
12368    0.475296785035
12370    0.475293922193
12372    0.475293246907
12374    0.475293246602
12376    0.475289003389
12378    0.475288023685
12380    0.475287377403
12382    0.475278291554
12384    0.475278287404
12386    0.47527828393
12388    0.475277654039
12390    0.475269243889
12392    0.47526845919
12394    0.475267359797
12396    0.475267359302
12398    0.475267211385
12400    0.475266309743
12402    0.475266157511
12404    0.475247673117
12406    0.475247646711
12408    0.475247622771
12410    0.475247511806
12412    0.475230580246
12414    0.47522948352
12416    0.475227114072
12418    0.475227113559
12420    0.475226718717
12422    0.475225625829
12424    0.475217499458
12426    0.475217456266
12428    0.475217429018
12430    0.475217408614
12432    0.475209511664
12434    0.475209473851
12436    0.475208928609
12438    0.475206248656
12440    0.475206248365
12442    0.475203628503
12444    0.475195011065
12446    0.475174843342
12448    0.475158505716
12450    0.475150100037
12452    0.47514179087
12454    0.475121869766
12456    0.475105837722
12458    0.475097207237
12460    0.475095213853
12462    0.475095213759
12464    0.475093797107
12466    0.475090617673
12468    0.475090345051
12470    0.475085718691
12472    0.475074298902
12474    0.475063005639
12476    0.475062729543
12478    0.47505802466
12480    0.475047276258
12482    0.475047274006
12484    0.475047274006
12486    0.475047271601
12488    0.475040525594
12490    0.475030719078
12492    0.475029662551
12494    0.475011303823
12496    0.474993030069
12498    0.474983171959
12500    0.474983162715
12502    0.474965064444
12504    0.474964426809
12506    0.474964425011
12508    0.474961046409
12510    0.474952707552
12512    0.474936138414
12514    0.474914050075
12516    0.474897378052
12518    0.474876838881
12520    0.474876553035
12522    0.474876553033
12524    0.47487000681
12526    0.474869971702
12528    0.474869971701
12530    0.474869971604
12532    0.474869964661
12534    0.474869961203
12536    0.474869961203
12538    0.474869961129
12540    0.47486995915
12542    0.474869525401
12544    0.474869525374
12546    0.474863164761
12548    0.474862891926
12550    0.474862830696
12552    0.474853973436
12554    0.474853678671
12556    0.47485340019
12558    0.474853380706
12560    0.474846256474
12562    0.474845358866
12564    0.47484441501
12566    0.47484441477
12568    0.47484347359
12570    0.474843442784
12572    0.474843405743
12574    0.4748433437
12576    0.474843303869
12578    0.4748432675
12580    0.474843262363
12582    0.474843187306
12584    0.474843130559
12586    0.47483089763
12588    0.474830894994
12614    0.473543525317
12616    0.473540660871
12618    0.473530104539
12620    0.473529647501
12622    0.473529647489
12624    0.473529647477
12626    0.473515558854
12628    0.473515197533
12630    0.47351235353
12632    0.473511797397
12634    0.473511797106
12636    0.47350785088
12638    0.47350687443
12640    0.473506328232
12642    0.473497691738
12644    0.473497687686
12646    0.473497684294
12648    0.473497149229
12650    0.473489164897
12652    0.473488383596
12654    0.473487359977
12656    0.473487359495
12658    0.47348718175
12660    0.473486254093
12662    0.473486133114
12664    0.473467955431
12666    0.473467934049
12668    0.473467914663
12670    0.473467828671
12672    0.473451183954
12674    0.473450123457
12676    0.473447875923
12678    0.47344787547
12680    0.473447430195
12682    0.473446337403
12684    0.473438672452
12686    0.473438639562
12688    0.473438612424
12690    0.473438592102
12692    0.473431143972
12694    0.47343111516
12696    0.473430570108
12698    0.473427917414
12700    0.47342791713
12702    0.473425331518
12704    0.473417108509
12706    0.473397170869
12708    0.473381240744
12710    0.473373220756
12712    0.473365292869
12714    0.473345611279
12716    0.473329977958
12718    0.47332172275
12720    0.473319767371
12722    0.473319767283
12724    0.473318316009
12726    0.4733153552
12728    0.47331508252
12730    0.473310461883
12732    0.473299457952
12734    0.473288575975
12736    0.47328829675
12738    0.473283601775
12740    0.473273272079
12742    0.473273269827
12744    0.473273269827
12746    0.473273267424
12748    0.473266671709
12750    0.473256960215
12752    0.473256004034
12754    0.473237910011
12756    0.473219899838
12758    0.473210139715
12760    0.473210117635
12762    0.47319231517
12764    0.473191795687
12766    0.473191794347
12768    0.473188684496
