22    5.25046729129
48    5.24910302696
50    5.24909091652
76    5.24765788537
78    5.24765023566
104    5.1236370968
106    5.12363709679
109    5.12359541639
135    5.11080270976
161    4.98791978499
187    4.91102391734
213    4.89705703301
239    4.88466537348
243    4.88459534419
269    4.85712578801
295    4.84619753745
321    4.74617952919
323    4.74617952919
349    4.72948915578
375    4.64827900867
397    4.52576261858
423    4.42446477878
449    4.39850640395
475    4.39090279895
477    4.39089243738
503    4.37550108808
529    4.37342770702
555    4.25182677674
557    4.25182677674
571    4.25083740859
586    4.12636951164
612    4.02165633345
638    3.98015514838
640    3.98015303995
642    3.98015193548
668    3.96646074872
694    3.93896761097
696    3.93896761083
722    3.81767555571
724    3.81767555571
737    3.81687790358
763    3.69555612526
789    3.60514354109
815    3.4855705728
831    3.48425054721
833    3.48423308661
859    3.46259793659
881    3.46011999307
883    3.46010919103
909    3.45882676107
911    3.45882676107
937    3.45705801674
963    3.38225007444
989    3.3531754324
1015    3.2778805535
1041    3.24957162515
1067    3.24030456782
1093    3.21738008676
1119    3.19008002767
1145    3.18739843085
1171    3.15504329004
1173    3.15504329004
1199    3.13171071102
1217    3.00737953661
1243    2.99802929594
1255    2.87375432596
1257    2.87374819964
1259    2.87374450075
1285    2.86474158134
1287    2.86473443586
1289    2.86473291853
1303    2.74041555665
1305    2.74041555665
1307    2.74041027901
1333    2.65114035358
1359    2.52879057156
1385    2.51460780034
1411    2.49195696699
1437    2.48677046176
1444    2.48655444966
1470    2.47323096965
1495    2.47217265276
1512    2.34846530574
1514    2.34846530574
1516    2.34844999428
1542    2.24031954406
1568    2.11915494356
1594    2.00123990899
1620    1.99016813531
1640    1.98921067422
1654    1.9883346432
1680    1.98462836588
1682    1.98461201005
1708    1.94892337706
1710    1.94892337706
1736    1.9224822517
1762    1.79903476317
1788    1.75385268911
1814    1.63388807394
1820    1.63372429946
1822    1.63370915164
1848    1.60532048866
1869    1.6030164697
1871    1.60300218074
1897    1.50125511836
1899    1.50125511836
1925    1.48512552159
1936    1.36048649755
1962    1.29894591916
1975    1.17456198637
1977    1.17456025433
1979    1.17455959318
2005    1.14483434922
2007    1.14482756424
2009    1.14482756175
2035    1.05382460534
2037    1.05382371197
2063    1.03034185285
2065    1.03033573642
2091    1.02853580722
2093    1.02853246133
2119    1.02666088508
2121    1.02665922448
2123    1.02664942475
2125    1.02664942325
2127    1.02664424872
2153    1.01916759722
2155    1.01915349685
2181    1.00994784679
2207    1.00257399832
2233    0.996557981018
2235    0.996555194141
2261    0.99393575596
2287    0.988875767701
2313    0.986873632449
2315    0.986873632128
2328    0.986493538828
2336    0.986324387281
2338    0.986314813405
2364    0.983889249038
2371    0.983746378346
2373    0.98372629597
2375    0.983722927588
2382    0.983577233683
2384    0.983557439437
2386    0.983554142936
2388    0.983554142659
2392    0.983489971534
2394    0.983487299911
2420    0.981793099605
2446    0.9650189598
2448    0.965018859574
2450    0.965018806809
2452    0.964999831904
2478    0.954597450678
2480    0.954596388933
2482    0.954592533312
2484    0.954592532841
2486    0.954583681999
2488    0.954570738758
2514    0.949716070337
2516    0.94970204408
2518    0.949694815955
2520    0.949688709799
2546    0.948599257129
2548    0.948587123108
2550    0.948583201961
2576    0.946652262154
2578    0.94665226214
2604    0.943972753909
2630    0.942972029781
2656    0.926643012873
2682    0.917648154583
2684    0.917637765148
2686    0.917627837888
2712    0.90560846314
2738    0.902433552968
2740    0.902428143249
2766    0.88615931353
2768    0.886159313357
2794    0.874942745247
2796    0.874940946655
2822    0.867017592185
2824    0.867016429386
2826    0.867015980255
2828    0.867015708556
2854    0.859594166925
2856    0.859593658254
2858    0.859593652183
2860    0.85959233445
2862    0.859592334443
2864    0.859592093213
2866    0.859573443552
2868    0.859555058202
2894    0.848834696478
2896    0.848817600007
2898    0.84880146974
2900    0.848790161028
2926    0.83886703987
2928    0.838855791676
2930    0.838852782178
2932    0.838852782124
2934    0.838847625785
2936    0.838837274968
2938    0.838821392364
2940    0.838812575885
2942    0.838799107529
2944    0.838786799639
2946    0.838774671485
2948    0.838767478325
2950    0.838755830801
2976    0.8221766726
2978    0.822176672271
3004    0.810757683577
3006    0.810752538933
3032    0.794192069412
3036    0.794127461231
3038    0.794118934274
3040    0.794112194416
3066    0.78476908052
3068    0.784753083519
3070    0.784743432077
3096    0.782696296522
3098    0.782696296211
3113    0.782225835858
3115    0.782224840647
3141    0.768721292225
3143    0.768715509406
3145    0.768715438525
3147    0.768715411527
3173    0.762773658103
3175    0.762770929412
3177    0.762770472911
3203    0.75777608703
3205    0.757775434625
3231    0.75630785273
3233    0.75630558145
3259    0.754372493355
3261    0.754371673478
3287    0.752376265419
3289    0.752376106379
3291    0.752369973548
3293    0.752369969678
3295    0.752367849969
3321    0.749725526976
3323    0.749719120892
3349    0.748728919401
3375    0.745672489592
3401    0.743267678244
3403    0.743267677393
3405    0.743257810212
3431    0.741152999887
3433    0.741145509603
3435    0.741145509237
3437    0.741126175594
3439    0.741115381849
3441    0.741110238593
3443    0.741089893593
3445    0.741072518739
3447    0.741055952728
3449    0.741054663182
3451    0.741037281535
3453    0.741020741446
3455    0.741020550642
3457    0.741020550503
3459    0.741005407185
3461    0.741003217513
3463    0.740985537263
3489    0.734663579844
3491    0.73466328136
3493    0.734663124382
3495    0.734646646682
3521    0.730858323262
3523    0.730856716871
3525    0.730854861271
3527    0.730854860321
3529    0.730848077043
3531    0.730841621016
3533    0.730822645521
3535    0.730813733252
3537    0.730810320229
3539    0.730807436405
3541    0.730789214262
3543    0.730781521735
3545    0.730779769022
3571    0.728649308564
3573    0.728649308439
3599    0.725429450109
3601    0.725418086262
3627    0.717384707537
3653    0.716203977589
3655    0.716199145416
3657    0.716194530982
3683    0.710474414484
3691    0.710312067895
3693    0.710310118802
3719    0.702862501193
3721    0.702862499939
3747    0.697460260385
3749    0.697459657023
3775    0.690729537619
3777    0.690729313445
3779    0.690729313143
3781    0.69072931296
3807    0.684582540826
3809    0.684582441182
3811    0.684581989625
3813    0.684581568562
3815    0.684581568556
3817    0.684581548722
3819    0.684568191197
3821    0.684556094315
3847    0.676497447702
3849    0.676486907344
3851    0.676476971329
3853    0.676469975366
3879    0.669199481351
3881    0.669194258004
3883    0.669193669757
3885    0.669193669663
3887    0.669189550656
3889    0.669182627882
3891    0.669171469944
3893    0.669168879966
3895    0.669159166325
3897    0.669150288591
3899    0.669141916936
3901    0.669139934162
3903    0.669131463911
3929    0.663421974088
3931    0.663421972744
3957    0.659305135526
3959    0.659304259404
3985    0.654351394528
3987    0.654337030295
3989    0.654333028915
3991    0.654329863366
4017    0.651640991425
4019    0.65162852722
4021    0.651621894249
4023    0.651615842659
4025    0.651615842216
4027    0.651594793518
4029    0.651593880992
4055    0.649015222271
4057    0.649014146285
4059    0.649014011072
4061    0.649013959582
4087    0.647900600253
4089    0.647900092109
4091    0.647899509654
4093    0.64788583837
4095    0.647885639249
4099    0.647819419381
4101    0.647818388643
4127    0.645771456716
4129    0.645771318641
4155    0.643674947806
4157    0.643674918764
4159    0.643670901309
4161    0.643670894309
4163    0.643670277347
4189    0.64292278185
4191    0.642919305903
4193    0.642903403345
4219    0.641693127273
4245    0.64075430312
4247    0.640753462001
4249    0.640747487162
4275    0.639877471586
4277    0.639871108607
4279    0.639871108251
4281    0.639853557598
4283    0.639845093355
4285    0.639842236629
4287    0.639824624601
4289    0.639810152098
4291    0.639796353066
4293    0.639795930928
4295    0.639780988724
4297    0.639767140922
4299    0.639767137032
4301    0.63976713698
4303    0.639754503344
4305    0.639751899699
4307    0.63973655775
4333    0.637484875013
4335    0.637484592345
4337    0.637484443738
4339    0.637470177238
4365    0.636137663253
4367    0.636135909569
4369    0.63613486576
4371    0.63613486471
4373    0.636128837071
4375    0.636125053292
4377    0.636107998606
4379    0.636102767825
4381    0.636101085658
4383    0.636099664188
4385    0.636083259685
4387    0.636078744789
4389    0.636078007736
4415    0.634033849106
4417    0.634033848708
4443    0.630598215719
4445    0.63059107152
4471    0.627030407491
4474    0.626987406918
4476    0.626984686061
4478    0.626982088398
4504    0.624456185272
4506    0.624435222199
4508    0.62443449523
4534    0.621186779953
4536    0.621186776723
4562    0.618510722593
4564    0.618510200863
4590    0.612953351552
4592    0.612953306262
4594    0.612953260231
4596    0.612953232506
4622    0.607986530153
4624    0.607986509308
4626    0.607985534299
4628    0.60798536775
4630    0.607985367746
4632    0.607985366914
4634    0.607975891244
4636    0.607967827115
4662    0.602317417359
4664    0.602311219598
4666    0.602305380935
4668    0.602301066553
4694    0.597261726383
4696    0.597259828678
4698    0.597259818151
4700    0.597259818022
4702    0.597256126202
4704    0.597251536822
4706    0.597243653056
4708    0.597243045668
4710    0.597236017384
4712    0.597229593512
4714    0.597223801323
4716    0.597223401453
4718    0.5972172187
4744    0.595507327632
4746    0.595507325411
4772    0.594065980531
4774    0.59406597268
4800    0.5926852963
4802    0.592674466227
4804    0.592672603098
4806    0.592671128717
4832    0.591933230744
4834    0.59192383931
4836    0.591919136857
4838    0.591913374699
4840    0.591913374363
4842    0.5918935756
4844    0.591892432343
4854    0.591679289546
4856    0.591679047216
4858    0.591678962638
4860    0.59167893042
4862    0.5916588567
4864    0.591658743315
4866    0.591658227723
4868    0.591647968663
4870    0.591647912973
4872    0.591628976357
4874    0.591628343726
4900    0.589494504963
4902    0.589494501246
4928    0.587327169169
4930    0.587326860168
4932    0.587324085872
4934    0.587324076377
4936    0.587324025364
4938    0.587317089487
4940    0.587314310816
4942    0.58730091572
4956    0.58701135711
4958    0.586990594111
4960    0.586989380038
4962    0.586984524718
4984    0.58649647174
4986    0.586491193482
4988    0.586491193131
4990    0.586475386874
4992    0.586468789031
4994    0.58646711797
4996    0.58645186161
4998    0.586439790244
5000    0.586428280518
5002    0.58642818204
5004    0.586415335387
5006    0.586403722441
5008    0.586403660649
5010    0.586403660629
5012    0.586392945787
5014    0.586389905176
5016    0.586376644236
5042    0.585589984264
5044    0.585589754737
5046    0.585589634081
5048    0.585577328889
5054    0.585468170553
5056    0.585466514895
5058    0.585466002476
5060    0.585466001449
5062    0.585461022701
5064    0.585458704601
5066    0.585443461156
5068    0.585440706788
5070    0.585439883754
5072    0.58543918823
5074    0.585424502674
5076    0.585422124558
5078    0.585421844841
5104    0.58357888934
5106    0.583578888544
5132    0.580137281274
5134    0.580132146184
5160    0.578674311386
5163    0.578631971477
5165    0.578630327053
5167    0.578628757209
5193    0.577569832841
5195    0.577549207891
5197    0.577548966955
5223    0.576144216901
5225    0.576144211249
5251    0.574751774612
5253    0.574751069836
5279    0.570313885475
5281    0.570313875409
5283    0.570313792102
5285    0.570313742011
5311    0.56641724798
5313    0.566417243025
5315    0.566415841545
5317    0.56641575626
5319    0.566415756256
5321    0.566415743918
5323    0.566408994951
5325    0.566403549483
5351    0.562638594462
5353    0.56263510546
5355    0.562631820086
5357    0.562629179236
5383    0.559265392453
5385    0.559264992837
5387    0.55926485942
5389    0.559264859266
5391    0.559261353211
5393    0.559258371208
5395    0.559252777466
5397    0.559252674352
5399    0.559247594827
5401    0.559242951957
5403    0.559238943744
5405    0.559238901916
5407    0.559234388937
5413    0.559125119177
5415    0.559125116641
5441    0.558398689446
5443    0.558398479452
5445    0.558378744615
5447    0.558370665939
5449    0.558369889986
5451    0.558369275938
5453    0.558350268485
5455    0.558343277312
5457    0.55834002544
5459    0.558335251681
5461    0.558335251499
5463    0.558317311372
5465    0.558316080785
5467    0.558296632067
5469    0.558296578507
5471    0.558296511366
5473    0.558296485786
5475    0.558277654288
5477    0.558277629396
5479    0.558277132981
5481    0.558268184807
5483    0.558268169137
5485    0.558250955477
5487    0.558250419967
5513    0.556062423656
5515    0.556062408996
5541    0.553859028928
5543    0.553858331944
5545    0.553856306742
5547    0.553856297146
5549    0.553856233905
5551    0.553853020576
5553    0.553850539944
5555    0.55383850896
5557    0.553822339044
5559    0.553806329719
5561    0.553804938829
5563    0.553800781346
5565    0.553780452135
5567    0.553776129572
5569    0.553776129226
5571    0.553761926835
5573    0.553756820957
5575    0.553755782022
5577    0.553742559334
5579    0.553732477948
5581    0.553722865576
5583    0.553722858953
5585    0.553711814586
5587    0.553702059987
5589    0.55370180315
5591    0.553701803142
5593    0.553692569832
5595    0.55368923398
5597    0.553677843331
5599    0.553657293066
5601    0.553657134896
5603    0.55365705174
5605    0.553646527558
5607    0.55362639255
5609    0.553624858552
5611    0.553624658912
5613    0.553624657987
5615    0.553620719807
5617    0.553619223956
5619    0.553605654884
5621    0.553604434104
5623    0.553604035096
5625    0.55360369789
5627    0.55359060486
5629    0.553589549697
5631    0.55358946222
5657    0.551975641454
5659    0.551975640224
5685    0.548651168429
5687    0.54864726989
5702    0.548319606466
5704    0.548298959458
5706    0.548297791208
5708    0.548296675928
5718    0.548093072151
5720    0.548072620393
5722    0.54807250409
5742    0.547599423388
5744    0.547599415471
5770    0.546776827154
5772    0.546775823028
5798    0.543348745471
5800    0.543348742819
5802    0.543348650904
5804    0.543348595713
5830    0.540381529018
5832    0.540381527566
5834    0.54037978181
5836    0.54037972598
5838    0.540379725977
5840    0.540379703199
5842    0.540374809694
5844    0.540371085091
5870    0.537951474644
5872    0.537949590333
5874    0.537947816538
5876    0.537946220404
5902    0.535753514687
5904    0.535753513382
5906    0.53575302275
5908    0.535753022583
5910    0.535749612673
5912    0.535747735459
5914    0.535743753523
5916    0.535743714067
5918    0.535740059682
5920    0.535736719389
5922    0.535733949941
5924    0.535733941774
5926    0.53573065743
5928    0.535720994906
5930    0.535720992562
5932    0.53570066109
5934    0.535700043139
5936    0.53568124954
5938    0.535675242594
5940    0.535674899008
5942    0.535674627105
5944    0.535656540971
5946    0.535651337545
5948    0.53564887042
5950    0.535645006938
5952    0.535645006845
5954    0.535628781024
5956    0.535627541478
5958    0.535609294433
5960    0.535609282586
5962    0.535609218327
5964    0.535609193842
5966    0.535591527618
5968    0.535591522194
5970    0.535591030818
5972    0.535583238266
5974    0.535583233734
5976    0.535567572622
5978    0.535566998638
6004    0.533361362564
6006    0.533361310319
6032    0.531159381948
6034    0.531158277883
6036    0.531156679303
6038    0.531156670804
6040    0.531156242564
6042    0.531153303962
6044    0.531150953694
6046    0.531139765984
6048    0.531124176764
6050    0.531108742424
6052    0.531107247618
6054    0.531103591013
6056    0.531083904112
6058    0.531080383248
6060    0.531080382906
6062    0.531067596175
6064    0.531063678757
6066    0.531062987527
6068    0.531051521915
6070    0.531043091563
6072    0.531035053398
6074    0.531035047074
6076    0.531025553461
6078    0.531017345928
6080    0.531016825913
6082    0.53101682591
6084    0.53100874708
6086    0.531005324769
6088    0.530995585914
6090    0.530975834305
6092    0.530975695408
6094    0.53097562238
6096    0.53096662594
6098    0.530947276618
6100    0.530945784834
6102    0.53094573397
6104    0.530945733138
6106    0.530942562825
6108    0.530941540353
6110    0.530929457589
6112    0.530929076603
6114    0.530928885427
6116    0.530928723856
6118    0.530917046805
6120    0.530916716367
6122    0.530916699159
6148    0.529487600543
6150    0.529487599006
6176    0.526347242079
6178    0.526343894846
6180    0.526328103947
6182    0.526308170828
6184    0.526307189394
6186    0.526306252425
6188    0.526287577035
6190    0.526267847293
6192    0.526267770639
6194    0.526253141931
6196    0.5262531323
6217    0.525776270744
6219    0.52577491777
6245    0.523214775156
6247    0.523214774265
6249    0.523214687068
6251    0.523214634767
6277    0.521022878385
6279    0.52102287783
6281    0.521020852266
6283    0.521020808302
6285    0.521020808299
6287    0.521020779328
6289    0.521017124743
6291    0.521014543738
6317    0.519498942893
6319    0.519497967219
6321    0.519497048957
6323    0.519496102578
6349    0.518086007049
6351    0.518085821472
6353    0.518084932577
6355    0.518084932405
6357    0.51808159319
6359    0.518080459256
6361    0.518077616627
6363    0.518077587861
6365    0.518074966058
6367    0.518072569579
6369    0.518070661727
6371    0.518070657725
6373    0.518068269085
6375    0.518059134582
6377    0.51805913254
6379    0.518039548503
6381    0.518038567513
6383    0.518020673304
6385    0.518016204714
6387    0.518016043729
6389    0.518015916326
6391    0.517998707236
6393    0.517994832415
6395    0.517992804539
6397    0.517989702269
6399    0.517989702221
6401    0.517974999239
6403    0.51797376457
6405    0.517956645235
6407    0.517956642607
6409    0.517956579236
6411    0.517956555088
6413    0.517939982357
6415    0.517939981194
6417    0.517939492853
6419    0.517932718624
6421    0.517932717251
6423    0.517918455992
6425    0.517917760608
6451    0.515732306399
6453    0.515732220944
6479    0.513569238212
6481    0.513567731158
6483    0.513566349556
6485    0.513566342331
6487    0.513565357303
6489    0.513562674689
6491    0.513560415673
6493    0.513550005254
6495    0.51353497328
6497    0.5135200907
6499    0.513518515235
6501    0.513515307667
6503    0.513496239477
6505    0.513493389832
6507    0.513493389496
6509    0.513481854407
6511    0.513478879442
6513    0.513478385927
6515    0.513468439189
6517    0.513461379861
6519    0.513454648929
6521    0.513454612463
6523    0.513446453406
6525    0.513439535091
6527    0.513438727064
6529    0.513438727063
6531    0.513431555785
6533    0.513428129762
6535    0.513419802306
6537    0.513400819206
6539    0.513400686513
6541    0.513400616743
6543    0.513392925581
6545    0.513374332031
6547    0.513372861119
6549    0.513372859218
6551    0.513372858469
6553    0.513370260172
6555    0.513369517886
6557    0.513358756
6559    0.513358718436
6561    0.513358628237
6563    0.513358552003
6565    0.513348135125
6567    0.513348101906
6569    0.513348101675
6595    0.512087251559
6597    0.512087249848
6623    0.509166904551
6625    0.509163862485
6627    0.50915015885
6629    0.509131407055
6631    0.509130566941
6633    0.509129764864
6635    0.50911338259
6637    0.50909480895
6639    0.509094763975
6641    0.509083054863
6643    0.509083044057
6646    0.509040941501
6648    0.509039230979
6674    0.507170969832
6676    0.507170969442
6678    0.507170892183
6680    0.507170845881
6706    0.505584282443
6708    0.50558428217
6710    0.505582034934
6712    0.505581996075
6714    0.505581996074
6716    0.505581963847
6718    0.505579129205
6720    0.505577316058
6746    0.504645822855
6748    0.504645340364
6750    0.504644886327
6752    0.504644340636
6778    0.503743190282
6780    0.503742565262
6782    0.503741314522
6784    0.503741314352
6786    0.503738045809
6788    0.503737389507
6790    0.503735354605
6792    0.50373533354
6794    0.503733442517
6796    0.503731714004
6798    0.503730405289
6800    0.503730403656
6802    0.503728653582
6804    0.503720020835
6806    0.503720019055
6808    0.503701152431
6810    0.503699904071
6812    0.503682868122
6814    0.503679542679
6816    0.503679461358
6818    0.503679397
6820    0.503663022751
6822    0.50366013598
6824    0.503658363804
6826    0.503655895393
6828    0.503655895367
6830    0.503642546621
6832    0.503641319061
6834    0.503625258091
6836    0.503625257504
6838    0.503625194722
6840    0.503625170796
6842    0.503609624289
6844    0.503609624048
6846    0.503609138507
6848    0.503603260926
6850    0.503603260478
6852    0.503590262002
6854    0.503589382935
6880    0.501460612924
6882    0.501460504087
6908    0.499371387549
6910    0.49936948704
6912    0.499368188575
6914    0.499368182711
6916    0.499366550723
6918    0.499364106577
6920    0.499361910731
6922    0.499352217052
6924    0.499337720067
6926    0.499323367211
6928    0.499321729663
6930    0.499318924109
6932    0.499300452119
6934    0.499298162895
6936    0.499298162564
6938    0.499287735683
6940    0.499285503978
6942    0.499285126649
6944    0.499276493361
6946    0.499270573438
6948    0.499264928899
6950    0.499264856986
6952    0.499257846454
6954    0.499252003525
6956    0.499250908912
6958    0.499250908911
6960    0.499244457078
6962    0.499241051041
6964    0.499233929621
6966    0.499215685841
6968    0.499215555877
6970    0.499215487539
6972    0.499208911689
6974    0.499191045089
6976    0.499189589308
6978    0.499189578093
6980    0.499189577419
6982    0.499187409341
6984    0.49918683768
6986    0.4991772506
6988    0.49917722263
6990    0.499177180979
6992    0.499177145776
6994    0.499167851145
6996    0.49916782795
6998    0.499167823533
7024    0.498083476675
7026    0.498083474864
7052    0.495406026421
7054    0.49540325855
7056    0.495391479803
7058    0.495373946706
7060    0.495373231115
7062    0.495372547906
7064    0.495358287657
7066    0.495340904986
7068    0.495340882653
7070    0.49532791448
7072    0.495327903259
7074    0.495306967974
7076    0.495304918592
7102    0.493961712704
7104    0.493961712492
7106    0.493961646405
7108    0.493961606823
7134    0.492827595149
7136    0.492827594988
7138    0.492825177858
7140    0.492825141251
7142    0.49282514125
7144    0.492825107399
7146    0.49282281383
7148    0.492821521293
7165    0.492458700962
7167    0.492458431278
7169    0.492458177513
7171    0.492457877738
7197    0.491833981869
7199    0.491832937634
7201    0.491831384357
7203    0.491831384198
7205    0.491828261517
7207    0.491827904471
7209    0.491826447628
7211    0.49182643212
7213    0.49182505978
7215    0.491823805368
7217    0.491822915556
7219    0.491822915108
7221    0.491821622089
7223    0.491813466081
7225    0.49181346453
7227    0.491795286532
7229    0.491793857286
7231    0.491777639622
7233    0.491775164123
7235    0.491775119048
7237    0.491775083375
7239    0.491759503735
7241    0.491757352149
7243    0.491755733676
7245    0.49175379046
7247    0.491753790446
7249    0.491741647301
7251    0.49174042735
7253    0.49172535969
7255    0.491725359556
7257    0.491725297314
7259    0.491725273593
7261    0.491710690204
7263    0.491710690157
7265    0.491710207448
7267    0.491705118637
7269    0.491705118473
7271    0.491693259693
7273    0.491692147105
7299    0.489652843268
7301    0.489652719828
7327    0.487667641235
7329    0.487665359286
7331    0.487664052217
7333    0.487664047707
7335    0.487661742326
7337    0.487659520211
7339    0.48765736746
7341    0.487648334904
7343    0.487634351705
7345    0.487620507576
7347    0.487618822323
7349    0.487616376132
7351    0.487598478788
7353    0.487596655816
7355    0.487596655489
7357    0.487587211127
7359    0.487585561674
7361    0.487585254703
7363    0.487577757616
7365    0.487572785367
7367    0.487568044414
7369    0.487567940947
7371    0.48756191881
7373    0.487556973808
7375    0.487555609127
7377    0.487555609126
7379    0.487549732247
7381    0.487546353121
7383    0.487540262335
7385    0.487522729692
7387    0.487522601494
7389    0.487522534083
7391    0.487516911304
7393    0.487499743864
7395    0.48749830176
7397    0.487498249483
7399    0.487498248876
7401    0.487496407499
7403    0.487495942738
7405    0.487487401165
7407    0.487487181597
7409    0.487487162991
7411    0.487487147266
7413    0.487478852538
7415    0.487478666451
7417    0.487478651074
7443    0.486569230226
7445    0.486569228389
7471    0.48414436146
7473    0.484141826836
7475    0.48413178685
7477    0.484115409823
7479    0.484114796986
7481    0.484114211864
7483    0.484101877308
7485    0.484085625088
7487    0.484085616422
7489    0.484071255608
7491    0.48407124436
7493    0.484050444526
7495    0.484048094474
7521    0.48309251795
7523    0.483092517819
7525    0.483092461991
7527    0.483092428571
7553    0.482289068527
7555    0.482289068422
7557    0.482286525136
7559    0.482286489508
7561    0.482286489508
7563    0.482286454871
7565    0.482284485287
7567    0.48228355204
7569    0.482267604408
7571    0.482267409691
7573    0.482267226469
7575    0.482267073801
7577    0.48224609296
7579    0.482244956907
7581    0.482243159467
7583    0.482243159327
7585    0.482240399161
7587    0.482240222664
7589    0.482239189406
7591    0.482239177916
7593    0.48223817493
7595    0.482237258128
7597    0.482236666583
7599    0.482236666559
7601    0.482235702133
7603    0.482227999018
7605    0.482227997665
7607    0.482210480655
7609    0.482208935128
7611    0.482193497144
7613    0.482191653863
7615    0.482191626127
7617    0.482191604176
7619    0.482176780776
7621    0.482175176471
7623    0.482173652959
7625    0.482172142364
7627    0.482172142357
7629    0.48216107365
7631    0.48215986153
7633    0.482145726091
7635    0.482145726059
7637    0.482145664348
7639    0.482145640828
7641    0.482131961302
7643    0.482131961294
7645    0.482131481486
7647    0.482127085797
7649    0.482127085728
7651    0.482116256053
7653    0.482114870933
7679    0.480192208607
7681    0.480192077255
7707    0.478334917797
7709    0.478332269728
7711    0.478330886513
7713    0.478330883266
7715    0.478327918279
7717    0.478325902734
7719    0.478323778885
7721    0.478315356321
7723    0.478301866636
7725    0.47828851116
7727    0.478286789014
7729    0.478284663517
7731    0.478267320105
7733    0.478265883335
7735    0.478265883014
7737    0.478257310832
7739    0.478256113772
7741    0.478255850496
7743    0.478249336596
7745    0.478245153208
7747    0.478241164419
7749    0.478241035729
7751    0.478235864126
7753    0.478231669675
7755    0.478230059312
7757    0.478230059312
7759    0.478224645497
7761    0.478221295481
7763    0.478216085498
7765    0.478199236771
7767    0.47819911006
7769    0.478199043429
7771    0.478194235132
7773    0.478177740026
7775    0.47817631132
7777    0.478176202863
7779    0.478176202317
7781    0.478174611403
7783    0.478174215467
7785    0.478166604729
7787    0.478166095942
7789    0.47816608808
7791    0.478166081433
7793    0.478158677925
7795    0.478158245095
7797    0.478158217966
7823    0.477414201626
7825    0.477414199827
7851    0.475240454305
7853    0.475238119208
7855    0.475229620374
7857    0.475214336243
7859    0.47521380879
7861    0.47521330518
7863    0.475202687456
7865    0.475187504612
7867    0.475187502841
7869    0.475171877801
7871    0.475171866811
7873    0.475151311951
7875    0.475148708291
7901    0.474473925835
7903    0.474473925748
7905    0.474473878653
7907    0.474473850471
7926    0.47407170924
7928    0.47407170918
7930    0.474069136195
7932    0.474069100965
7934    0.474069100964
7936    0.474069065962
7938    0.474067204852
7940    0.474066529174
7942    0.474050890776
7944    0.474050729205
7946    0.474050577172
7948    0.474050508925
7950    0.474029876532
7952    0.474028655878
7954    0.474026723729
7956    0.474026723607
7958    0.474024194232
7960    0.474024120214
7962    0.474023383416
7964    0.474023374839
7966    0.474022635865
7968    0.474021960387
7970    0.474021570342
7972    0.474021570266
7974    0.474020843276
7976    0.47401357036
7978    0.474013569179
7980    0.473996686705
7982    0.473995069466
7984    0.47398037414
7986    0.473979001296
7988    0.473978982318
7990    0.473978967299
7992    0.473964863625
7994    0.473963666888
7996    0.473962203625
7998    0.473961046931
8000    0.473961046927
8002    0.473950936866
8004    0.473949732748
8006    0.473936472229
8008    0.47393647222
8010    0.473936411039
8012    0.47393638772
8014    0.473923556471
8016    0.473923556471
8018    0.473923079641
8020    0.473919292312
8022    0.473919292277
8024    0.473909392368
8026    0.47390770642
8052    0.472122100631
8054    0.472121966268
8080    0.470409552567
8082    0.47040655813
8084    0.470405046383
8086    0.470405044239
8088    0.470401458703
8090    0.470399635169
8092    0.470397530378
8094    0.47038967083
8096    0.470376655317
8098    0.47036376934
8100    0.470362018208
8102    0.470360178373
8104    0.470343369057
8106    0.470342250477
8108    0.470342250161
8110    0.470334453203
8112    0.470333604083
8114    0.470333368461
8116    0.470327705652
8118    0.470324179527
8120    0.470320817424
8122    0.470320669646
8124    0.470316229896
8126    0.470312663548
8128    0.470310835187
8130    0.470310835187
8132    0.470305797157
8134    0.470302477106
8136    0.470298019956
8138    0.470281828948
8140    0.470281703638
8142    0.470281637743
8144    0.470277525556
8146    0.470261676967
8148    0.470260261696
8150    0.470260092098
8152    0.470260091607
8154    0.470258694514
8156    0.470258344056
8158    0.470251562351
8160    0.470250743275
8162    0.470250740273
8164    0.470250737735
8166    0.47024412883
8168    0.470243431111
8170    0.470243393578
8196    0.469649631265
8198    0.469649629555
8224    0.467717010779
8226    0.467714847995
8228    0.467707692192
8230    0.46769345824
8232    0.467693002521
8234    0.467692567391
8236    0.46768345643
8238    0.467669301812
8240    0.467669301791
8242    0.467652808581
8244    0.467652798163
8246    0.467632581607
8248    0.467629778077
8250    0.467608820384
8252    0.467608820357
8254    0.467608799157
8256    0.46760878647
8258    0.467587962274
8260    0.467587962262
8262    0.467585575602
8264    0.467585540504
8266    0.467585540504
8268    0.467585505341
8270    0.467583736615
8272    0.46758323699
8274    0.467567901607
8276    0.467567766655
8278    0.467567639668
8280    0.467567614807
8282    0.467547324924
8284    0.467546026694
8286    0.467544032057
8288    0.46754403195
8290    0.467541659118
8292    0.467541637062
8294    0.46754110837
8296    0.46754110191
8298    0.467540552465
8300    0.46754005023
8302    0.467539795703
8304    0.467539795298
8306    0.467539240837
8308    0.467532376481
8310    0.46753237545
8312    0.467516102101
8314    0.467514442673
8316    0.467500454521
8318    0.467499431829
8320    0.467499417521
8322    0.467499406198
8324    0.467485987435
8326    0.467485094328
8328    0.467483670427
8330    0.467482800826
8332    0.467482800823
8334    0.467473547046
8336    0.467472351081
8338    0.467459911647
8340    0.467459911644
8342    0.46745985099
8344    0.467459827872
8346    0.467447792676
8348    0.467447792676
8350    0.467447318896
8352    0.467444064818
8354    0.467444064798
8356    0.467435005326
8358    0.467433000938
8384    0.465797705075
8386    0.465797571256
8412    0.464239639206
8414    0.464236322998
8416    0.464234641238
8418    0.464234639989
8420    0.464230488338
8422    0.464228843077
8424    0.464226750686
8426    0.464219410934
8428    0.464206851043
8430    0.464194416197
8432    0.464192641693
8434    0.464191055791
8436    0.464174761465
8438    0.464173903332
8440    0.464173903021
8442    0.464166795941
8444    0.464166210995
8446    0.464165993089
8448    0.464161067267
8450    0.464158089271
8452    0.4641552498
8454    0.464155088036
8456    0.464151277942
8458    0.464148237864
8460    0.464146219677
8462    0.464146219676
8464    0.46414148883
8466    0.46413819919
8468    0.464134385537
8470    0.46411882695
8472    0.464118703005
8474    0.464118637827
8476    0.464115120613
8478    0.464099893613
8480    0.464098491886
8482    0.464098262139
8484    0.464098261698
8486    0.464097015958
8488    0.464096696322
8490    0.464090653143
8492    0.464089554824
8494    0.464089553894
8496    0.464089553107
8498    0.464083652813
8500    0.464082716722
8502    0.464082670629
8504    0.464063964474
8506    0.464063962954
8532    0.462289227695
8534    0.462287229457
8536    0.462280631314
8538    0.462267466889
8540    0.462267082602
8542    0.462266715674
8544    0.462258229591
8546    0.462245121981
8548    0.462245118654
8550    0.462229056244
8552    0.46222904711
8554    0.462209290975
8556    0.462206420043
8558    0.462185703809
8560    0.462185703804
8562    0.462185690303
8564    0.462185682224
8566    0.462165099295
8568    0.462165099293
8570    0.462162803533
8572    0.462162768454
8574    0.462162768453
8576    0.462162733228
8578    0.462161043401
8580    0.462160665426
8582    0.462145626997
8584    0.462145513497
8586    0.462145406697
8588    0.462145401097
8590    0.462125447869
8592    0.462124078777
8594    0.462122066865
8596    0.462122066771
8598    0.462119807554
8600    0.462119805493
8602    0.462119423386
8604    0.46211941847
8606    0.462119005747
8608    0.462118628486
8610    0.46211846458
8612    0.462118463697
8614    0.462118035376
8616    0.462111558982
8618    0.462111558082
8620    0.462095869539
8622    0.462094187046
8624    0.4620808722
8626    0.4620801102
8628    0.462080098507
8630    0.462080089253
8632    0.46206732228
8634    0.462066655454
8636    0.46206525822
8638    0.46206461914
8640    0.462064619138
8642    0.462056131126
8644    0.462054943454
8646    0.462043274588
8648    0.462043274587
8650    0.462043214461
8652    0.462043191543
8654    0.462031903398
8656    0.462031903398
8658    0.462031432737
8660    0.462028645404
8662    0.462028645391
8664    0.462020346055
8666    0.462018015977
8692    0.460539433122
8694    0.460539302421
8720    0.459139093703
8722    0.459135484895
8724    0.459133600698
8726    0.459133600108
8728    0.459128945433
8730    0.459127465481
8732    0.459125381155
8734    0.459118521468
8736    0.459106399466
8738    0.459094398192
8740    0.459092604194
8742    0.459091243515
8744    0.459075445852
8746    0.459074799215
8748    0.459074798909
8750    0.459068306529
8752    0.45906791883
8754    0.459067712336
8756    0.45906342494
8758    0.459060904534
8760    0.459058501366
8762    0.459058329566
8764    0.459055061144
8766    0.459052462601
8768    0.459050281603
8770    0.459050281603
8772    0.459045803685
8774    0.459042544769
8776    0.459039281215
8778    0.459024330711
8780    0.459024208111
8782    0.459024143641
8784    0.459021135
8786    0.459006505608
8788    0.459005117542
8790    0.459004831913
8792    0.459004831515
8794    0.459003705003
8796    0.459003411653
8798    0.458998026494
8800    0.458997134038
8802    0.458997133974
8804    0.458997133919
8806    0.458991865635
8808    0.458991105472
8810    0.45899105059
8812    0.45897515243
8814    0.458975151087
8840    0.457351292418
8842    0.457349437535
8844    0.45734336583
8846    0.457331189649
8848    0.457330864953
8850    0.457330554922
8852    0.457322661115
8854    0.457310521655
8856    0.457310510383
8858    0.457294868106
8860    0.457294860094
8862    0.45727555354
8864    0.457272691037
8866    0.457252214318
8868    0.457252214317
8870    0.457252203354
8872    0.457252196794
8874    0.457231852898
8876    0.457231852897
8878    0.457229614313
8880    0.457229579208
8882    0.457229579208
8884    0.457229543968
8886    0.457227921688
8888    0.457227628752
8890    0.457212881388
8892    0.45721278524
8894    0.457212694768
8896    0.457212694695
8898    0.457193072379
8900    0.457191638757
8902    0.457189636971
8904    0.45718963689
8906    0.457187465949
8908    0.457187464297
8910    0.457187185843
8912    0.457187182057
8914    0.4571868685
8916    0.457186581883
8918    0.457186478126
8920    0.457186476702
8922    0.457186141227
8924    0.457180033187
8926    0.4571800324
8928    0.457164905377
8930    0.457163212056
8932    0.457150538227
8934    0.457149970358
8936    0.457149960194
8938    0.457149952149
8940    0.457137805455
8942    0.457137307325
8944    0.457135929002
8946    0.457135472667
8948    0.457135472666
8950    0.4571276703
8952    0.45712649105
8954    0.457115545347
8956    0.457115545346
8958    0.457115485749
8960    0.457115463032
8962    0.457104875948
8964    0.457104875948
8966    0.457104408471
8968    0.457102029021
8970    0.457102029011
8972    0.457094417588
8974    0.457091764238
9000    0.455770265664
9002    0.45577013991
9028    0.454525402773
9030    0.454521534273
9032    0.454519423515
9034    0.454519423336
9036    0.45451433263
9038    0.454513005744
9040    0.454510926799
9042    0.454504510637
9044    0.454492809557
9046    0.454481225052
9048    0.454479414168
9050    0.454478252751
9052    0.454462934162
9054    0.454462457587
9056    0.454462457286
9058    0.454456513309
9060    0.454456269614
9062    0.454456070459
9064    0.454452336324
9066    0.454450198344
9068    0.454448159814
9070    0.454447980924
9072    0.454445178418
9074    0.454442950843
9076    0.454440632003
9078    0.454440632003
9080    0.45443636384
9082    0.454433135898
9084    0.454430342649
9086    0.454415976808
9088    0.45441585554
9090    0.454415791769
9092    0.454413217887
9094    0.454399163028
9096    0.454397788736
9098    0.45439745307
9100    0.454397452712
9102    0.454396420919
9104    0.454396145706
9106    0.454391346844
9108    0.454390617128
9110    0.454390617061
9112    0.454390617004
9114    0.454385912486
9116    0.454385291338
9118    0.45438522956
9120    0.45437190581
9122    0.454371904631
9148    0.452890986786
9150    0.452889257245
9152    0.452883679888
9154    0.452872416945
9156    0.45287214209
9158    0.452871879647
9160    0.452864544512
9162    0.452853300396
9164    0.452853277741
9166    0.452838045176
9168    0.452838038143
9170    0.452819170587
9172    0.452816343919
9174    0.452796104542
9176    0.452796104542
9178    0.452796094596
9180    0.452796088645
9182    0.452775981489
9184    0.452775981489
9186    0.452773787772
9188    0.452773752629
9190    0.452773752629
9192    0.452773717394
9194    0.452772153059
9196    0.452771920298
9198    0.452757458248
9200    0.452757376189
9202    0.452757298974
9204    0.452757297002
9206    0.452737999931
9208    0.452736507687
9210    0.452734532212
9212    0.45273453214
9214    0.452732434218
9216    0.452732421572
9218    0.452732216739
9220    0.452732213783
9222    0.45273197258
9224    0.452731752101
9226    0.452731687884
9228    0.452731685908
9230    0.452731419263
9232    0.452725660894
9234    0.452725660207
9236    0.452711072373
9238    0.452709375993
9240    0.452697312388
9242    0.452696889113
9244    0.452696879877
9246    0.452696872566
9248    0.452685316145
9250    0.452684943826
9252    0.452683579671
9254    0.452683265842
9256    0.452683265841
9258    0.452676078122
9260    0.452674907417
9262    0.452664640356
9264    0.452664640355
9266    0.452664581287
9268    0.452664558771
9270    0.45265462956
9272    0.45265462956
9274    0.452654165329
9276    0.452652141685
9278    0.452652141677
9280    0.452645153163
9282    0.452642187584
9308    0.451473238526
9310    0.451473118971
9336    0.45037731382
9338    0.450373221114
9340    0.450370867545
9342    0.450370867538
9344    0.450365408284
9346    0.450364222896
9348    0.450362147785
9350    0.450356141521
9352    0.450344845092
9354    0.450333661245
9356    0.450331835179
9358    0.450330849564
9360    0.450315993127
9362    0.450315651615
9364    0.45031565132
9366    0.450310197202
9368    0.450310055368
9370    0.450309860889
9372    0.450306606397
9374    0.4503047884
9376    0.450303054968
9378    0.450302871137
9380    0.450300469315
9382    0.450298553884
9384    0.450296119711
9386    0.450296119711
9388    0.450292026744
9390    0.450288829987
9392    0.450286438858
9394    0.450272635116
9396    0.450272515167
9398    0.450272452089
9400    0.450270249889
9402    0.450256747331
9404    0.450255386909
9406    0.450255007603
9408    0.450255007281
9410    0.450254051343
9412    0.450253788805
9414    0.450249512407
9416    0.450248912212
9418    0.450248911811
9420    0.450248911472
9422    0.450244709926
9424    0.450244199375
9426    0.450244132255
9428    0.450233135511
9430    0.450233134481
9456    0.448886605965
9458    0.44888498641
9460    0.448879871075
9462    0.448869452144
9464    0.448869219081
9466    0.448868996541
9468    0.448862186124
9470    0.448851770118
9472    0.44885173358
9474    0.448836900536
9476    0.448836894359
9478    0.448818455467
9480    0.448815674156
9482    0.448795669875
9484    0.448795669875
9486    0.448795660444
9488    0.448795654801
9490    0.448775782083
9492    0.448775782083
9494    0.448773628529
9496    0.448773593348
9498    0.448773593348
9500    0.448773558127
9502    0.448772043582
9504    0.448771853929
9506    0.44875767159
9508    0.448757601011
9510    0.448757534598
9512    0.448757527067
9514    0.448738549667
9516    0.448737004268
9518    0.448735064402
9520    0.448735064339
9522    0.448733030041
9524    0.448733000325
9526    0.448732848042
9528    0.448732845697
9530    0.448732657633
9532    0.448732485726
9534    0.448732447166
9536    0.448732444664
9538    0.448732229435
9540    0.448726802934
9542    0.448726802333
9544    0.448712732275
9546    0.448711037752
9548    0.44869955502
9550    0.448699239463
9552    0.448699230812
9554    0.448699223964
9556    0.448688229243
9558    0.448687950786
9560    0.44868659791
9562    0.448686392812
9564    0.448686392812
9566    0.448679756771
9568    0.448678594722
9570    0.448668964498
9572    0.448668964497
9574    0.448668905957
9576    0.448668883641
9578    0.448659571746
9580    0.448659571745
9582    0.448659110818
9584    0.448657396938
9586    0.448657396932
9588    0.448650972798
9590    0.44864771336
9616    0.447623115583
9618    0.44762300302
9644    0.446666539993
9646    0.44666225992
9648    0.446659654744
9650    0.446659654687
9652    0.44665389244
9654    0.446652837615
9656    0.446650765536
9658    0.446645138221
9660    0.446634230838
9662    0.446623432197
9664    0.446621592053
9666    0.446620761058
9668    0.446606350491
9670    0.446606114554
9672    0.446606114264
9674    0.446601098255
9676    0.446601025128
9678    0.446600833577
9680    0.446597995074
9682    0.446596445144
9684    0.446594967309
9686    0.446594780085
9688    0.446592722778
9690    0.446591070408
9692    0.446588540837
9694    0.446588540837
9696    0.446584595266
9698    0.446581429869
9700    0.446579382594
9702    0.446566119217
9704    0.446566000574
9706    0.446565938183
9708    0.446564053764
9710    0.446551082096
9712    0.446549735627
9714    0.446549319016
9716    0.446549318727
9718    0.446548424014
9720    0.446548170437
9722    0.446544359666
9724    0.446543863262
9726    0.446543862437
9728    0.44654386174
9730    0.446540108991
9732    0.44653968703
9734    0.446539615785
9736    0.446530692958
9738    0.446530692064
9764    0.445309657007
9766    0.44530813431
9768    0.445303448958
9770    0.445293810136
9772    0.445293612205
9774    0.445293423208
9776    0.445287103751
9778    0.445277453761
9780    0.445277401569
9782    0.445262958084
9784    0.445262952654
9786    0.445244932334
9788    0.445242199408
9790    0.445222427959
9792    0.445222427959
9794    0.445222418865
9796    0.445222413423
9798    0.445202772846
9800    0.445202772846
9802    0.445200657474
9804    0.445200622262
9806    0.445200622262
9808    0.445200587058
9810    0.445199115353
9812    0.445198956962
9814    0.445185048875
9816    0.445184987686
9818    0.445184930109
9820    0.445184915546
9822    0.445166252342
9824    0.445164658813
9826    0.445162759691
9828    0.445162759636
9830    0.445160783005
9832    0.445160733543
9834    0.44516061898
9836    0.445160617089
9838    0.445160468325
9840    0.445160332341
9842    0.445160310141
9844    0.445160307154
9846    0.445160130636
9848    0.445155019046
9850    0.44515501852
9852    0.445141445709
9854    0.445139756151
9856    0.445128826334
9858    0.445128591038
9860    0.44512858277
9862    0.445128576226
9864    0.445118116005
9866    0.445117907604
9868    0.445116564265
9870    0.445116439654
9872    0.445116439654
9874    0.445110299389
9876    0.445109146099
9878    0.445100113456
9880    0.445100113455
9882    0.445100055442
9884    0.445100033328
9886    0.445091300667
9888    0.445091300667
9890    0.445090843093
9892    0.445089398301
9894    0.445089398295
9896    0.445083485824
9898    0.445079956763
9924    0.444189047319
9926    0.444188942178
9952    0.443360317029
9954    0.44335588659
9956    0.443353027891
9958    0.443353027591
9960    0.443347024303
9962    0.443346089709
9964    0.443344020327
9966    0.443338743466
9968    0.443328210162
9970    0.443317781904
9972    0.443315928402
9974    0.443315232918
9976    0.443301252554
9978    0.443301097421
9980    0.443301097136
9982    0.443296473445
9984    0.443296443137
9986    0.443296253365
9988    0.443293775798
9990    0.443292450741
9992    0.443291187317
9994    0.443290997807
9996    0.443289236653
9998    0.443287806348
10000    0.443285198808
10002    0.443285198808
10004    0.443281378169
10006    0.443278244273
10008    0.44327649106
10010    0.443263747123
10012    0.443263629773
10014    0.44326356806
10016    0.443261955359
10018    0.443249493965
10020    0.443248161516
10022    0.443247713541
10024    0.443247713281
10026    0.443246868363
10028    0.443246621196
10030    0.443243225429
10032    0.443242812767
10034    0.44324281153
10036    0.443242810484
10038    0.443239458241
10040    0.443239107731
10042    0.443239033278
10044    0.443231932385
10046    0.443231931612
10072    0.442127377744
10074    0.442125940644
10076    0.442121653952
10078    0.442112736241
10080    0.442112567915
10082    0.442112407186
10084    0.442106545575
10086    0.442097604242
10088    0.442097535195
10090    0.442083471525
10092    0.442083466748
10094    0.442065855144
10096    0.442063171289
10098    0.442043630416
10100    0.442043630416
10102    0.442043621593
10104    0.442043616313
10106    0.442024205594
10108    0.442024205594
10110    0.442022127402
10112    0.442022092165
10114    0.442022092165
10116    0.442022056979
10118    0.442020622166
10120    0.442020486719
10122    0.442006847563
10124    0.442006794084
10126    0.442006743763
10128    0.44200672192
10130    0.44198836754
10132    0.441986730477
10134    0.441984874738
10136    0.44198487469
10138    0.441982951802
10140    0.441982882031
10142    0.441982794712
10144    0.441982793159
10146    0.441982673677
10148    0.441982564461
10150    0.441982552435
10152    0.441982549017
10154    0.441982401882
10156    0.441977589049
10158    0.441977588588
10160    0.441964493341
10162    0.441962810714
10164    0.441952407183
10166    0.4419522317
10168    0.441952223696
10170    0.441952217361
10172    0.441942265747
10174    0.441942109656
10176    0.441940774819
10178    0.441940707181
10180    0.44194070718
10182    0.441935013017
10184    0.441933868578
10186    0.441925396661
10188    0.44192539666
10190    0.441925339174
10192    0.44192531726
10194    0.44191712808
10196    0.441917128079
10198    0.441916673909
10200    0.441915462291
10202    0.441915462287
10204    0.441910013976
10206    0.441906243887
10232    0.441136948347
10234    0.441136850771
10260    0.440423603787
10262    0.440419059125
10264    0.440415951138
10266    0.440415950429
10268    0.440409763374
10270    0.440408939248
10272    0.440406872493
10274    0.440401919849
10276    0.440391746267
10278    0.440381674176
10280    0.440379807816
10282    0.440379230625
10284    0.440365665391
10286    0.44036557032
10288    0.440365570041
10290    0.440361298107
10292    0.440361290587
10294    0.440361101845
10296    0.440358937586
10298    0.440357801434
10300    0.44035671813
10302    0.440356527123
10304    0.440355020484
10306    0.440353777968
10308    0.44035110755
10310    0.44035110755
10312    0.440347393615
10314    0.440344291331
10316    0.440342789624
10318    0.440330544983
10320    0.440330428913
10322    0.440330367874
10324    0.440328987524
10326    0.440317016563
10328    0.440315698188
10330    0.440315224225
10332    0.440315223991
10334    0.440314419877
10336    0.440314177355
10338    0.440311151493
10340    0.440310806851
10342    0.440310805245
10344    0.440310803889
10346    0.440307809098
10348    0.440307516601
10350    0.440307439624
10352    0.440301915219
10354    0.440301914555
10380    0.439304898809
10382    0.439303537616
10384    0.43929961931
10386    0.439291368234
10388    0.439291224913
10390    0.439291088058
10392    0.439285652177
10394    0.439277366509
10396    0.43927727985
10398    0.439263586469
10400    0.439263582264
10402    0.43924636975
10404    0.439243734809
10406    0.439224422262
10408    0.439224422262
10410    0.439224413684
10412    0.439224408551
10414    0.439205225419
10416    0.439205225419
10418    0.439203183758
10420    0.439203148503
10422    0.439203148503
10424    0.439203113336
10426    0.439201710311
10428    0.439201591891
10430    0.439188216484
10432    0.439188169359
10434    0.439188125016
10436    0.439188096294
10438    0.439170045467
10440    0.439168369058
10442    0.439166557859
10444    0.439166557817
10446    0.439164685951
10448    0.439164596563
10450    0.439164529055
10452    0.439164527753
10454    0.439164430262
10456    0.439164341146
10458    0.439164335217
10460    0.439164331422
10462    0.439164206775
10464    0.439159677311
10466    0.439159676907
10468    0.439147040354
10470    0.439145365913
10472    0.439135463309
10474    0.43913533241
10476    0.439135324599
10478    0.439135318416
10480    0.439125850761
10482    0.439125733749
10484    0.439124406818
10486    0.439124376674
10488    0.439124376674
10490    0.43911908443
10492    0.439117948928
10494    0.439110003133
10496    0.439110003132
10498    0.439109946172
10500    0.439109924458
10502    0.439102245191
10504    0.439102245191
10506    0.439101794467
10508    0.439100784346
10510    0.439100784342
10512    0.439095757369
10514    0.439091777742
10540    0.438431466975
10542    0.438431376889
10568    0.437820845402
10570    0.437816220972
10572    0.437812873205
10574    0.437812871955
10576    0.437806553102
10578    0.437805830221
10580    0.437803766143
10582    0.437799113553
10584    0.437789285918
10586    0.437779556355
10588    0.437777677531
10590    0.437777203129
10592    0.437764038521
10594    0.437763986221
10596    0.437763985945
10598    0.437760029806
10600    0.43776002975
10602    0.437759841556
10604    0.43775794939
10606    0.437756972169
10608    0.437756040403
10610    0.437755848462
10612    0.437754560491
10614    0.43775347707
10616    0.43775075674
10618    0.43775075674
10620    0.437747134667
10622    0.437744064079
10624    0.437742777508
10626    0.437731012779
10628    0.437730897976
10630    0.437730837604
10632    0.437729655959
10634    0.437718156337
10636    0.437716852078
10638    0.437716356882
10640    0.437716356671
10642    0.437715586248
10644    0.437715347141
10646    0.437712651002
10648    0.437712361972
10650    0.43771236005
10652    0.437712358426
10654    0.437709682692
10656    0.437709437608
10658    0.437709358608
10660    0.437705175956
10662    0.437705175389
10688    0.436806969982
10690    0.436805676328
10692    0.436802097431
10694    0.436794462681
10696    0.436794340527
10698    0.436794223885
10700    0.436789182872
10702    0.436781503907
10704    0.43678139922
10706    0.436768066817
10708    0.436768063113
10710    0.436751240291
10712    0.436748653803
10714    0.436729567349
10716    0.436729567348
10718    0.436729559004
10720    0.43672955401
10722    0.436710596213
10724    0.436710596213
10726    0.43670859056
10728    0.436708555294
10730    0.436708555294
10732    0.436708520145
10734    0.436707144516
10736    0.436707038863
10738    0.43669392215
10740    0.436693880281
10742    0.436693840885
10744    0.436693805981
10746    0.436676053537
10748    0.43667434158
10750    0.436672575202
10752    0.436672575165
10754    0.436670752319
10756    0.4366706447
10758    0.436670591704
10760    0.436670590591
10762    0.436670509748
10764    0.436670435849
10766    0.436670433361
10768    0.436670429244
10770    0.436670321949
10772    0.436666061198
10774    0.436666060845
10776    0.436653864894
10778    0.436652199439
10780    0.436642773622
10782    0.436642675962
10784    0.436642668299
10786    0.436642662235
10788    0.436633655079
10790    0.436633567278
10792    0.436632247926
10794    0.43663223924
10796    0.43663223924
10798    0.436627309576
10800    0.436626183086
10802    0.436618730931
10804    0.436618730929
10806    0.436618674495
10808    0.436618652981
10810    0.436611452114
10812    0.436611452114
10814    0.436611004877
10816    0.436610168334
10818    0.436610168331
10820    0.436605524075
10822    0.436601367949
10844    0.436142435519
10846    0.436142359469
10848    0.436121233506
10850    0.436116827968
10852    0.436113219341
10854    0.436113217872
10856    0.436107159722
10858    0.436106529375
10860    0.436104483182
10862    0.436100108374
10864    0.436090613443
10866    0.436081213293
10868    0.43607930971
10870    0.436078924157
10872    0.436066146173
10874    0.436066122289
10876    0.43606612202
10878    0.436062449741
10880    0.436062445596
10882    0.436062257648
10884    0.43606060189
10886    0.436059758592
10888    0.43605895452
10890    0.436058762047
10892    0.436057661882
10894    0.436056713503
10896    0.43605395433
10898    0.43605395433
10900    0.436050411983
10902    0.436047373142
10904    0.436046270617
10906    0.436034967114
10908    0.436034853566
10910    0.436034793852
10912    0.436033782154
10914    0.436022735469
10916    0.436021445352
10918    0.436020933052
10920    0.436020932863
10922    0.436020190469
10924    0.436019953919
10926    0.436017551681
10928    0.436017308402
10930    0.436017306211
10932    0.436017304358
10934    0.436014913432
10936    0.436014707337
10938    0.436014626681
10940    0.436011564788
10942    0.436011564306
10968    0.435203765073
10970    0.435202531704
10972    0.435199264707
10974    0.435192199795
10976    0.435192095597
10978    0.435191996099
10980    0.435187320535
10982    0.435180203004
10984    0.435180080139
10986    0.435167099575
10988    0.43516709631
10990    0.435150653958
10992    0.435148115349
10994    0.435129252712
10996    0.435129252712
10998    0.435129244593
11000    0.435129239734
11002    0.435110504979
11004    0.435110504979
11006    0.435108534851
11008    0.435108499577
11010    0.435108499577
11012    0.435108464447
11014    0.435107112418
11016    0.435107016426
11018    0.435094153438
11020    0.435094115932
11022    0.43509408064
11024    0.435094040358
11026    0.435076581175
11028    0.435074837105
11030    0.435073115312
11032    0.43507311528
11034    0.435071339874
11036    0.435071215746
11038    0.435071173466
11040    0.435071172494
11042    0.435071104356
11044    0.435071042071
11046    0.435071041323
11048    0.435071036938
11050    0.435070943137
11052    0.435066937129
11054    0.435066936818
11056    0.435055164095
11058    0.435053508145
11060    0.435044536105
11062    0.435044463229
11064    0.435044455688
11066    0.43504444972
11068    0.435035880713
11070    0.435035814758
11072    0.435034502819
11074    0.43503450248
11076    0.43503450248
11078    0.435029900321
11080    0.43502878291
11082    0.435021793879
11084    0.435021793877
11086    0.435021737965
11088    0.435021716651
11090    0.435014964582
11092    0.435014964582
11094    0.435014520869
11096    0.435013833321
11098    0.435013833318
11100    0.43500953692
