26 5.26816365269
52 5.15255239792
78 5.1386689995
104 5.13286591918
129 5.13126593619
155 5.00833524095
181 4.885999769
187 4.8858214852
198 4.88523722279
200 4.88522113772
226 4.81217061793
252 4.76323981515
278 4.73511081019
304 4.70654976507
330 4.69623245693
350 4.57132888013
376 4.54406256764
378 4.54405011141
404 4.52242179153
406 4.52241359329
432 4.47321203443
458 4.46272419672
484 4.43445192952
510 4.42507161061
536 4.40916581623
562 4.31915310617
588 4.31024795024
614 4.28694687092
640 4.27807264738
666 4.27270378452
692 4.14943939142
718 4.04501340882
732 4.04401952084
758 4.02972393611
760 4.02970670286
786 3.96644660193
812 3.96354222506
838 3.93357094493
864 3.93029176226
890 3.91737037633
916 3.79387291639
942 3.68222837679
951 3.68180304088
977 3.67259721534
979 3.67258159673
981 3.67257907145
1007 3.62083138703
1009 3.62081939805
1035 3.59115691947
1037 3.59113843358
1063 3.47266302649
1089 3.35857383742
1115 3.35407236716
1141 3.34688498386
1143 3.34686857376
1169 3.34609831478
1195 3.24556650717
1221 3.24463485282
1247 3.2273841256
1273 3.22640653445
1299 3.10420497919
1325 2.98972749491
1335 2.98923941149
1361 2.98232210389
1363 2.98230347535
1389 2.97317913202
1414 2.84915622764
1440 2.8415891168
1442 2.84157367969
1468 2.83440016509
1494 2.72138996549
1520 2.60019175825
1546 2.59270577043
1562 2.5914185129
1571 2.59114208168
1590 2.46701947397
1616 2.42539933075
1618 2.42538861926
1644 2.39785671188
1646 2.39784795387
1667 2.27292175015
1693 2.24543620987
1695 2.2454259918
1721 2.2236710202
1723 2.22366412159
1749 2.16085598199
1775 2.1101569989
1801 2.080462036
1827 2.05167053783
1853 2.0381238622
1879 1.92634263923
1892 1.80248862621
1918 1.79269791585
1920 1.79269071129
1935 1.79206963026
1961 1.66965563086
1985 1.54611873073
1995 1.54563469871
1997 1.54561985368
1999 1.54560328118
2018 1.42154779799
2044 1.41933565937
2046 1.41932321809
2072 1.4170330848
2074 1.41702456
2097 1.2921550532
2099 1.29214244892
2101 1.29213434646
2103 1.29211569881
2105 1.29209386813
2107 1.29207522295
2109 1.29205626404
2111 1.292038763
2113 1.29202370554
2115 1.2920189729
2117 1.29200870126
2119 1.29200618403
2121 1.29199833185
2147 1.28896077102
2173 1.27266877566
2199 1.27116534796
2225 1.26247912226
2240 1.26206151078
2242 1.26205711816
2268 1.24697556582
2270 1.24697241808
2296 1.23559823964
2298 1.23559573981
2324 1.22754557228
2350 1.21819291353
2376 1.21350594142
2402 1.20501460079
2428 1.20213626255
2454 1.20068041808
2480 1.19222522182
2482 1.19220998518
2508 1.18400833172
2510 1.18400018989
2512 1.18399336985
2536 1.1826089015
2538 1.18259881563
2540 1.18258135253
2542 1.18257305116
2568 1.17757787562
2594 1.17400869615
2620 1.17184126528
2646 1.16801756346
2669 1.16725077772
2671 1.16723360208
2685 1.16666627315
2687 1.16665623573
2689 1.16663536285
2691 1.16662914697
2693 1.16662168847
2719 1.15100884732
2721 1.15099198675
2747 1.1428597777
2749 1.14283711433
2751 1.14281944707
2760 1.1425399485
2762 1.14252898494
2764 1.14250713611
2766 1.14250001714
2792 1.14151948948
2818 1.13856430028
2844 1.13755217353
2853 1.13731772505
2879 1.1362087663
2881 1.13620230247
2890 1.13592634309
2892 1.13591529998
2894 1.13589291518
2896 1.13588123301
2922 1.12833711888
2924 1.12833407673
2950 1.12185989739
2952 1.12185787465
2978 1.11590019444
2980 1.11588523754
2982 1.11587347958
2984 1.11585466516
2986 1.11584513178
2988 1.11582806999
2990 1.11582558648
3016 1.09854569817
3018 1.09854220221
3044 1.08813620398
3046 1.08813143898
3048 1.08812802302
3074 1.07119648014
3076 1.07119375845
3102 1.05897566232
3104 1.05897339333
3130 1.05318134785
3156 1.03745014567
3182 1.0347606827
3208 1.02656644388
3234 1.02535525456
3236 1.0253384679
3238 1.02533781294
3240 1.02532155929
3242 1.02532151529
3244 1.02530957262
3246 1.02529974292
3248 1.02529348416
3250 1.02528219732
3252 1.02527778352
3254 1.0252686026
3256 1.02526396141
3282 1.02259911602
3284 1.02259556288
3310 1.01987018305
3312 1.0198671152
3314 1.01986037956
3316 1.0198566678
3318 1.01985480911
3320 1.01984029483
3322 1.0198230587
3324 1.01980839371
3326 1.01979346888
3328 1.01977966841
3330 1.01977167101
3332 1.01976969837
3334 1.01976459671
3336 1.01976400179
3338 1.01976016758
3340 1.01975068029
3366 1.01488933219
3368 1.01487005694
3394 1.01238215892
3396 1.01236040476
3398 1.01235952623
3424 1.00358231774
3426 1.00358139231
3452 0.997279468249
3454 0.997278373264
3480 0.996092143759
3506 0.98841295075
3532 0.987536997328
3558 0.980787016719
3578 0.980252900661
3580 0.98023296079
3606 0.973101265093
3608 0.973093302534
3634 0.966321432032
3636 0.966319631282
3638 0.966316435326
3640 0.96630188085
3642 0.966296863093
3644 0.966285911564
3646 0.966282585765
3648 0.9662606028
3674 0.962815436331
3676 0.962794231056
3702 0.959054673622
3704 0.959036736618
3706 0.959026865014
3708 0.959007748923
3710 0.959003170666
3712 0.95898576391
3714 0.958983769597
3716 0.958977157473
3742 0.954906658432
3744 0.954889739655
3770 0.952799455615
3796 0.952160155202
3798 0.952148549245
3800 0.952128339218
3802 0.95212218775
3804 0.95210273215
3806 0.952099467001
3832 0.951141067107
3834 0.951119203211
3860 0.950011038533
3862 0.94999355805
3888 0.948764498332
3890 0.948761832285
3892 0.948740249667
3894 0.948733915725
3896 0.948712732255
3898 0.948705473879
3924 0.943021324035
3926 0.943019170767
3952 0.937995607628
3954 0.937994594146
3980 0.933471230473
3982 0.933460634784
3984 0.933452212518
3986 0.933438125503
3988 0.933431341413
3990 0.933418540182
3992 0.933418442895
4018 0.92724817671
4020 0.927246941659
4046 0.923643555544
4048 0.923640429625
4050 0.923639841373
4076 0.915576695112
4078 0.915575916106
4104 0.90990369812
4106 0.909902723195
4109 0.909854975379
4135 0.905489883616
4138 0.905442018799
4164 0.903233343464
4166 0.903211043908
4168 0.903199786158
4170 0.903199545337
4172 0.9031891004
4174 0.903189100202
4176 0.903182257802
4178 0.903177430536
4180 0.903174269664
4182 0.903167954573
4184 0.903165733564
4186 0.90316059264
4188 0.903159676829
4214 0.900387044686
4216 0.900385899665
4242 0.897578059746
4244 0.897576519778
4246 0.897573934216
4248 0.897572987522
4250 0.897572796142
4252 0.897561500468
4254 0.897547870722
4256 0.897536322704
4258 0.897524561254
4260 0.897513663317
4262 0.897509372672
4264 0.89750793066
4266 0.897505439801
4268 0.897505097294
4270 0.897503273089
4272 0.897493624944
4298 0.896099105378
4300 0.896080926056
4320 0.895528922961
4322 0.895508937469
4324 0.895508839407
4350 0.890633174267
4352 0.890632849013
4378 0.887235800785
4380 0.887235081129
4382 0.887224551415
4408 0.881267891117
4410 0.8812501131
4436 0.876107785317
4441 0.87601240196
4443 0.875997136381
4469 0.870291235043
4471 0.870287880783
4497 0.864946643104
4499 0.864946641221
4501 0.864945162112
4503 0.864932530064
4505 0.864930193594
4507 0.864920828581
4509 0.864919848826
4511 0.86490055735
4537 0.861559265761
4539 0.861542047356
4565 0.85794384712
4567 0.857930734645
4569 0.857924651527
4571 0.857908679403
4573 0.857906779605
4575 0.857892242304
4577 0.857891912696
4579 0.857886210247
4605 0.856861031712
4607 0.85684383885
4616 0.856639459358
4642 0.85596039357
4644 0.85595206745
4646 0.855934681423
4648 0.855930951822
4650 0.855913723945
4652 0.855912099324
4678 0.854911205266
4680 0.854893547083
4706 0.853693148837
4708 0.853680213893
4734 0.852343173301
4736 0.852342198619
4738 0.85232208177
4740 0.852318344914
4742 0.852299454043
4744 0.852294743341
4770 0.848398465694
4772 0.848396908521
4798 0.844787400182
4800 0.844787084564
4826 0.841577888004
4828 0.841570399223
4830 0.84156436112
4832 0.841553738487
4834 0.841548913458
4836 0.841539239101
4838 0.841539088545
4864 0.839430123182
4866 0.839429653821
4892 0.838210783968
4894 0.838208438503
4896 0.838208402708
4922 0.834505091123
4924 0.834504848498
4950 0.831915101348
4952 0.831914540494
4954 0.831894231156
4980 0.830739593059
4982 0.830720152145
4995 0.830401239669
4997 0.830383825122
4999 0.830375754042
5001 0.830375639962
5003 0.830368403342
5005 0.830368388283
5007 0.830364076094
5009 0.830361794191
5011 0.83036018955
5013 0.830356604779
5015 0.830355483218
5017 0.830352562368
5019 0.830352484491
5045 0.827523548224
5047 0.827523101956
5073 0.824687000666
5075 0.824685882348
5077 0.824684687399
5079 0.824684517554
5081 0.82468449167
5083 0.824675708386
5085 0.824664920449
5087 0.824655820805
5089 0.824646548286
5091 0.824637933846
5093 0.824635579612
5095 0.824634522143
5097 0.824633322898
5099 0.824633140195
5101 0.824632295344
5103 0.824623073619
5107 0.824551570106
5109 0.824535099127
5111 0.824513788158
5113 0.824495670441
5115 0.824495668925
5141 0.821922495237
5143 0.821922325491
5169 0.820141361466
5171 0.820140668173
5173 0.820128990848
5199 0.815753733228
5201 0.815735564629
5227 0.811960555378
5229 0.811937013177
5231 0.811925179043
5257 0.807550122235
5259 0.807549160092
5285 0.80348229227
5287 0.803480746091
5289 0.803480049441
5291 0.803469032532
5293 0.803468014605
5295 0.803459969646
5297 0.803459846352
5299 0.803442977053
5325 0.800286873595
5327 0.80027315026
5353 0.796895581221
5355 0.796886487631
5357 0.796882448672
5359 0.796869136397
5361 0.796868466862
5363 0.796856359242
5365 0.796856353108
5367 0.796850793374
5369 0.796828996227
5371 0.796810951362
5373 0.796788840868
5399 0.796076315693
5401 0.796069959514
5403 0.796054945892
5405 0.796052447771
5407 0.796037211724
5409 0.796036321022
5435 0.795010994854
5437 0.794996957624
5463 0.793721757513
5465 0.793712666392
5491 0.79228668582
5493 0.792286418974
5495 0.7922677978
5497 0.792265522861
5499 0.792249423988
5501 0.792246222534
5527 0.789771063046
5529 0.789769869681
5555 0.787308437994
5557 0.787308416115
5583 0.785128999704
5585 0.785123740638
5587 0.785119419444
5589 0.785111368021
5591 0.785107948069
5593 0.785100597999
5595 0.785099991596
5617 0.78449576112
5619 0.784495576363
5621 0.784472984575
5623 0.784471196002
5625 0.784471183495
5651 0.782831629797
5653 0.782831532373
5679 0.781672674155
5681 0.781672187944
5683 0.781654262784
5685 0.781631553375
5687 0.781615600933
5689 0.781593533267
5691 0.781579588057
5693 0.78157341447
5695 0.781573344772
5697 0.781567842378
5699 0.781567811298
5701 0.781564761249
5703 0.781563745439
5705 0.781562924923
5707 0.781560852631
5709 0.781560283406
5711 0.781558593187
5713 0.781558574138
5739 0.77872944514
5741 0.778729222832
5767 0.77592156664
5769 0.775920496036
5771 0.775919765126
5773 0.775919758366
5775 0.77591943884
5777 0.775912617167
5779 0.775904072332
5781 0.775896897875
5783 0.775889586228
5785 0.775882770374
5787 0.775881440913
5789 0.775880664592
5791 0.775880099178
5793 0.775880013833
5795 0.775879638543
5797 0.775871633686
5799 0.775849141693
5801 0.775834323263
5803 0.775813732242
5805 0.775797299241
5807 0.775797222583
5833 0.774457874278
5835 0.774457779966
5861 0.773531313294
5863 0.773530633473
5865 0.773516815011
5891 0.770407305973
5893 0.770387877928
5919 0.76768376942
5921 0.767660493686
5923 0.767651079802
5949 0.76440588574
5951 0.764405808288
5977 0.761389221279
5979 0.761384169858
5981 0.761383816201
5983 0.761374170551
5985 0.761373762274
5987 0.761366827834
5989 0.761366810834
5991 0.761352106519
6017 0.758445530737
6019 0.75843480931
6045 0.755337209662
6047 0.755331321835
6049 0.755328381041
6051 0.755317302782
6053 0.755317134613
6055 0.755307069258
6057 0.755306723896
6059 0.755300640757
6061 0.755279900263
6063 0.755260832991
6065 0.755239787495
6091 0.75449317146
6093 0.754488229328
6095 0.754475169004
6097 0.754473496745
6099 0.754460029594
6101 0.754459577442
6127 0.753431454593
6129 0.753420499923
6155 0.752093416502
6157 0.752087470114
6183 0.750597553814
6185 0.75059752448
6187 0.750580437839
6189 0.750579004647
6191 0.750565733888
6193 0.750563453876
6219 0.749084835043
6221 0.749083845807
6247 0.747457787314
6249 0.747457745866
6275 0.746013344373
6277 0.746009688799
6279 0.746006614677
6281 0.746000488242
6283 0.745998083688
6285 0.745992476596
6287 0.745991519371
6289 0.74596911869
6291 0.745969046382
6293 0.745947130656
6295 0.745945674371
6297 0.745945590376
6321 0.74530503781
6323 0.745304986706
6329 0.745183475974
6331 0.74518306151
6333 0.745167353723
6335 0.745145685496
6337 0.745131901244
6339 0.745110856025
6341 0.745098904759
6343 0.745094166938
6345 0.745094113694
6347 0.745089920333
6349 0.745089879773
6351 0.745087746605
6353 0.745087337541
6355 0.745086913539
6357 0.745085687944
6359 0.745085396839
6361 0.745084396027
6363 0.745084217887
6389 0.742311157579
6391 0.742311015528
6417 0.73958640868
6419 0.739585224131
6421 0.739584619127
6423 0.739584606714
6425 0.739583878831
6427 0.739578588279
6429 0.739571815928
6431 0.739566156209
6433 0.739560390593
6435 0.739554992524
6437 0.73955421419
6439 0.739553634207
6441 0.739553375957
6443 0.739553342844
6445 0.739553186986
6447 0.739546287381
6449 0.739524589469
6451 0.739511249539
6453 0.739491417155
6455 0.739476498904
6457 0.73947630528
6481 0.738850400263
6483 0.738850349339
6485 0.73882784606
6487 0.738827267961
6489 0.738811896235
6515 0.736658946068
6517 0.736638922661
6543 0.73473653273
6545 0.734713989867
6547 0.734706223758
6573 0.732359227521
6575 0.732359148005
6601 0.730162971959
6603 0.730153586707
6605 0.730153377663
6607 0.730144906681
6609 0.730144759726
6611 0.730138768402
6613 0.73013853048
6615 0.730125743036
6641 0.727511741031
6643 0.727503541046
6669 0.724722496429
6671 0.724719032053
6673 0.724716664745
6675 0.724707430683
6677 0.724707417093
6679 0.724699038856
6681 0.724698066661
6683 0.724691437413
6685 0.724671704283
6687 0.724651591811
6689 0.72463156388
6715 0.723850362658
6717 0.723846443593
6719 0.723834992021
6721 0.723833872607
6723 0.723822001416
6725 0.723821798715
6751 0.722814520291
6753 0.72280615099
6779 0.721454075585
6781 0.721450579584
6807 0.719925959568
6809 0.719925952629
6811 0.71991042276
6813 0.719909485767
6815 0.719898803961
6817 0.719897103718
6843 0.719059824738
6845 0.719058936364
6871 0.718002005572
6873 0.718001772028
6899 0.717053996358
6901 0.71705149089
6903 0.717049309116
6905 0.717044631766
6907 0.717042949234
6909 0.717038656525
6911 0.717037505607
6913 0.717015927279
6915 0.717015892069
6917 0.716994781349
6919 0.716993484342
6921 0.716993326869
6923 0.716972328387
6925 0.716972309662
6927 0.7169495446
6929 0.716949220134
6931 0.716934876788
6933 0.716914286658
6935 0.716901774601
6937 0.716881782418
6939 0.716870992427
6941 0.716867343158
6943 0.716867296266
6945 0.716864092339
6947 0.716864046985
6949 0.716862575835
6951 0.716862439153
6953 0.716862216702
6955 0.716861471205
6957 0.716861320635
6959 0.71686071105
6961 0.716860306679
6987 0.71419524748
6989 0.71419513701
7015 0.711601864196
7017 0.711600482497
7019 0.711599853077
7021 0.711599802817
7023 0.711598659387
7025 0.711594563188
7027 0.711589192537
7029 0.711584725123
7031 0.711580178989
7033 0.711575899248
7035 0.711575423184
7037 0.71157498123
7039 0.711574868966
7041 0.711574860415
7043 0.711574802803
7045 0.711568869691
7047 0.711548081272
7049 0.711536064896
7051 0.711517098616
7053 0.711503543426
7055 0.711503254824
7057 0.711480009295
7059 0.71147998929
7061 0.711457649008
7063 0.711457176092
7065 0.711441033585
7091 0.709979194933
7093 0.709959193249
7119 0.708636000125
7121 0.708614384104
7123 0.708607696401
7149 0.706942449408
7151 0.706941939889
7177 0.705363299699
7179 0.705349536637
7181 0.705349383238
7183 0.705341926136
7185 0.705341880643
7187 0.705336696594
7189 0.705336135841
7191 0.705325026974
7217 0.703024733396
7219 0.703018602292
7245 0.700568747311
7247 0.700566988585
7249 0.700564891829
7251 0.700557185287
7253 0.700557177094
7255 0.700550197098
7257 0.700548513234
7259 0.700541317653
7261 0.700522546475
7263 0.700501370422
7265 0.700482316107
7291 0.699666182963
7293 0.699663010633
7295 0.699652884325
7297 0.699652134515
7299 0.699641720433
7301 0.699641648326
7327 0.698678838913
7329 0.698672597828
7355 0.697324260532
7357 0.697322536093
7383 0.695794320793
7385 0.695794247012
7387 0.695780261417
7389 0.695779624004
7391 0.6957711718
7393 0.69576984707
7395 0.695750610983
7397 0.695749793231
7423 0.694980141844
7425 0.694979781757
7451 0.69428521576
7453 0.694283542738
7455 0.694281992193
7457 0.694278426139
7459 0.69427725047
7461 0.694273967547
7463 0.694272719915
7465 0.694252027792
7467 0.69425200638
7469 0.694231763145
7471 0.6942305479
7473 0.694230345844
7475 0.694210074272
7477 0.694210066403
7479 0.694188039305
7481 0.694187761236
7483 0.694174660663
7485 0.694155091799
7487 0.694143735296
7489 0.694124740972
7491 0.694115003141
7493 0.694112181129
7495 0.694112136535
7497 0.694109681714
7499 0.694109634123
7501 0.694108637356
7503 0.694108607803
7505 0.694108488606
7507 0.694108019589
7509 0.694107940436
7511 0.694107556357
7513 0.69410690023
7539 0.691593729897
7541 0.691593632619
7567 0.689170510464
7569 0.689168888374
7571 0.689168147438
7573 0.689168064173
7575 0.689166528024
7577 0.689163362729
7579 0.689159101278
7581 0.689155572744
7583 0.689151988786
7585 0.689148591732
7587 0.68914828535
7589 0.689147941385
7591 0.689147896386
7593 0.689147895996
7595 0.689147879074
7597 0.689142790362
7599 0.689122952032
7601 0.689112121272
7603 0.689094057773
7605 0.689081730005
7607 0.689081387481
7609 0.689058342677
7611 0.689058333562
7613 0.68903620057
7615 0.689035783501
7617 0.689019007259
7643 0.688039310374
7645 0.688019468319
7671 0.687103280262
7673 0.687082664194
7675 0.687076641863
7701 0.685912152811
7703 0.685911082031
7729 0.684785577567
7731 0.684767856634
7733 0.684767716136
7735 0.684761139637
7737 0.684761128408
7739 0.68475663976
7741 0.6847557631
7743 0.684746107038
7769 0.682761115832
7771 0.682756641862
7797 0.680634035876
7799 0.680633353836
7801 0.680631342647
7803 0.680624905412
7805 0.680624851251
7807 0.680619033654
7809 0.680616658215
7811 0.680608878983
7813 0.680591027586
7815 0.68056877442
7817 0.680550652691
7843 0.679699398963
7845 0.679696777044
7847 0.67968774325
7849 0.679687240425
7851 0.67967816594
7853 0.679678151518
7879 0.678781243465
7881 0.678776715004
7907 0.677460240285
7909 0.677459641285
7935 0.675958202684
7937 0.675958030531
7939 0.675945952994
7941 0.675945505381
7943 0.675938795723
7945 0.67593772728
7947 0.675925297233
7949 0.675924514967
7951 0.675901414025
7953 0.675901008138
7961 0.675733554127
7963 0.675732481224
7965 0.675731377571
7967 0.67572867481
7969 0.675727854726
7971 0.675725357725
7973 0.675724067398
7975 0.675704224668
7977 0.675704209033
7979 0.675684797216
7981 0.675683627275
7983 0.67568340068
7985 0.675663829504
7987 0.675663825643
7989 0.675642510557
7991 0.675642258145
7993 0.675630289731
7995 0.675611688897
7997 0.675601382024
7999 0.675583333747
8001 0.675574549088
8003 0.675572357093
8005 0.675572313083
8007 0.675570426267
8009 0.675570377705
8011 0.675569717529
8013 0.675569716804
8015 0.675569651114
8017 0.675569344251
8019 0.67556930171
8021 0.675569050023
8023 0.675568130546
8049 0.673240200787
8051 0.673240109333
8077 0.671014716612
8079 0.671012836749
8081 0.671011923615
8083 0.671011818917
8085 0.671009919563
8087 0.671007479118
8089 0.671004095885
8091 0.671001306957
8093 0.670998482267
8095 0.670995782373
8097 0.670995573787
8099 0.670995300097
8101 0.670995284502
8103 0.670995282957
8105 0.670995280252
8107 0.670990928416
8109 0.670971996564
8111 0.670962228455
8113 0.670945024872
8115 0.670933803046
8117 0.670933433162
8119 0.6709106325
8121 0.67091062757
8123 0.670888745064
8125 0.670888359935
8127 0.670871131041
8149 0.670335559171
8151 0.670316105156
8175 0.669728408209
8177 0.669708821316
8179 0.669703115876
8205 0.668899156001
8207 0.668897624091
8233 0.668100045582
8235 0.668079312944
8237 0.668079161185
8239 0.66807335351
8241 0.668073351592
8243 0.668069464993
8245 0.668068323991
8247 0.668059910802
8273 0.66637647146
8275 0.666373292476
8301 0.664560105476
8303 0.664559973372
8305 0.664557927838
8307 0.664552548439
8309 0.664552441864
8311 0.664547593288
8313 0.664544596064
8315 0.664536219179
8317 0.664519248134
8319 0.664495909577
8321 0.664478681878
8347 0.663592286607
8349 0.663590074823
8351 0.663581943439
8353 0.66358160576
8355 0.663573765014
8357 0.663573765013
8383 0.66276006782
8385 0.66275688114
8411 0.661497464607
8413 0.661497398217
8439 0.660049955563
8441 0.660049678366
8443 0.660039562775
8445 0.660039240645
8447 0.660033907895
8449 0.66003302272
8451 0.660021499541
8453 0.660020778574
8455 0.659998887733
8457 0.659998435561
8459 0.659975316283
8461 0.659974652068
8463 0.659973865104
8465 0.659971807248
8467 0.659971236406
8469 0.659969327754
8471 0.659968023074
8473 0.659948994633
8475 0.659948981684
8477 0.659930366907
8479 0.659929224655
8481 0.659928986242
8483 0.659910089973
8485 0.659910087734
8487 0.659889459794
8489 0.659889222651
8491 0.659878285818
8493 0.659860603073
8495 0.659851249635
8497 0.659834098701
8499 0.659826177413
8501 0.659824466332
8503 0.659824422186
8505 0.659822966778
8507 0.659822917838
8509 0.659822493442
8511 0.659822487143
8513 0.659822449634
8515 0.659822239872
8517 0.659822216346
8519 0.659822044027
8521 0.659820857706
8547 0.657699961208
8549 0.657699872744
8575 0.655688236462
8577 0.655686100056
8579 0.65568497027
8581 0.655684854334
8583 0.655682622234
8585 0.655680745537
8587 0.655678057996
8589 0.655675851936
8591 0.655673626433
8593 0.655671477561
8595 0.655671326957
8597 0.655671104184
8599 0.655671100218
8601 0.655671092599
8603 0.655671092586
8605 0.655667382907
8607 0.655649316227
8609 0.655640500998
8611 0.655624116716
8613 0.655613892009
8615 0.655613510646
8617 0.655591027254
8619 0.655591024101
8621 0.655569464148
8623 0.655569098848
8625 0.655551833446
8627 0.655532341574
8629 0.65551373301
8631 0.655490219172
8633 0.655471672097
8635 0.655465854121
8637 0.655442940351
8639 0.65544157417
8664 0.654829295461
8666 0.654808657956
8668 0.654808472062
8670 0.654803366479
8672 0.654803359332
8674 0.65480001784
8676 0.654798833986
8678 0.654791472403
8704 0.653385327551
8706 0.653383135107
8732 0.651852536154
8734 0.651852532625
8736 0.651850371457
8738 0.6518458759
8740 0.651845728249
8742 0.651841689394
8744 0.651838159196
8746 0.651829174435
8748 0.651813046777
8774 0.651168068293
8776 0.65115225266
8802 0.65020396915
8804 0.650202069041
8806 0.650194686065
8808 0.650194458478
8810 0.650187750634
8812 0.650187740886
8838 0.649469113002
8840 0.649466945577
8866 0.648285058749
8868 0.648285005769
8894 0.646913811566
8896 0.646913442087
8898 0.646904967262
8900 0.646904724354
8902 0.646900512656
8904 0.646899752935
8906 0.646888510981
8908 0.646887836092
8910 0.646866300895
8912 0.646865809501
8914 0.646843055015
8916 0.646842661973
8918 0.646842099659
8920 0.64684052182
8922 0.646840125486
8924 0.646838655778
8926 0.646837351212
8928 0.646819103457
8930 0.646819091886
8932 0.646801241247
8934 0.646800118058
8936 0.646799875243
8938 0.646781629338
8940 0.646781627822
8942 0.646761663102
8944 0.646761435845
8946 0.646751439066
8948 0.646734627398
8950 0.646726139978
8952 0.646709840457
8954 0.64670270103
8956 0.64670135797
8958 0.646701313411
8960 0.646700186259
8962 0.646700137205
8964 0.646699875169
8966 0.646699850428
8968 0.646699828081
8970 0.646699677807
8972 0.646699664334
8974 0.646699540698
8976 0.64669809152
9002 0.644794779401
9004 0.644794693105
9030 0.643002175025
9032 0.642999796973
9034 0.642998419452
9036 0.642998299686
9038 0.642995765533
9040 0.642994326687
9042 0.642992190496
9044 0.642990443978
9046 0.642988691311
9048 0.642986978293
9050 0.642986863062
9052 0.642986677557
9054 0.642986677192
9056 0.642986661258
9058 0.642986659429
9060 0.642983508469
9062 0.642966267632
9064 0.642958307198
9066 0.642942703584
9068 0.642933378406
9070 0.642932994503
9072 0.642911019822
9074 0.642911017504
9076 0.64288996571
9078 0.642889613927
9080 0.642873400175
9082 0.642853996293
9084 0.642836435953
9086 0.642813050939
9088 0.642795486262
9090 0.642789349376
9092 0.642770514537
9094 0.642769307643
9096 0.642746128335
9098 0.64272634625
9100 0.642726118711
9102 0.642721646447
9104 0.642721629598
9106 0.642718775022
9108 0.642717681541
9110 0.642711200921
9136 0.641552127723
9138 0.641550667066
9164 0.640271137704
9166 0.640270941933
9168 0.640268608442
9170 0.640264903095
9172 0.640264731092
9174 0.640261638386
9176 0.640257670793
9178 0.640247733224
9180 0.64023251547
9206 0.639540080178
9208 0.639525639633
9234 0.638516915476
9236 0.638515252513
9238 0.638508494507
9240 0.638508340545
9242 0.638502665811
9244 0.638502634158
9261 0.638116885557
9263 0.638115297221
9289 0.637013527839
9291 0.637013162394
9317 0.635724853429
9319 0.635724407242
9321 0.635717288716
9323 0.635717097631
9325 0.635713785747
9327 0.635713114474
9329 0.635702148415
9331 0.635701504553
9333 0.635680319489
9335 0.635679797866
9337 0.635657402762
9339 0.635657184909
9341 0.63565678214
9343 0.635655562927
9345 0.63565528861
9347 0.635654147679
9349 0.635652850507
9351 0.635635351296
9353 0.63563534051
9355 0.63561822254
9357 0.635617114174
9359 0.635616871105
9361 0.635599252005
9363 0.635599250846
9365 0.635579926384
9367 0.635579706155
9369 0.635570566153
9371 0.635554581288
9373 0.635546880462
9375 0.635531389036
9377 0.635524957506
9379 0.635523896856
9381 0.635523851804
9383 0.635522974938
9385 0.635522925877
9387 0.635522773038
9389 0.635522727055
9391 0.635522713092
9393 0.635522600143
9395 0.635522592111
9397 0.635522499058
9399 0.635520798458
9425 0.633835747024
9427 0.633835662972
9453 0.632258686529
9455 0.632256091486
9457 0.632254447281
9459 0.632254328657
9461 0.632251523641
9463 0.632250424324
9465 0.632248725285
9467 0.632247341251
9469 0.632245961674
9471 0.632244593706
9473 0.632244500653
9475 0.63224434269
9477 0.632244342547
9479 0.632244317636
9481 0.632244312643
9483 0.632241646934
9485 0.6322251945
9487 0.632218001205
9489 0.632203141529
9491 0.63219462834
9493 0.632194246762
9495 0.632172769822
9497 0.632172767937
9499 0.63215221262
9501 0.632151871001
9503 0.632136644319
9505 0.632117458532
9507 0.632100885088
9509 0.632077766281
9511 0.632061129806
9513 0.632054556666
9515 0.632035951969
9517 0.632034933277
9519 0.632012023856
9521 0.631993006959
9523 0.631992745606
9525 0.631988821226
9527 0.631988794263
9529 0.631986356172
9531 0.631985329478
9533 0.63197958029
9559 0.631035078612
9561 0.631034145301
9587 0.629972820804
9589 0.629972202268
9591 0.629969658206
9593 0.629966604317
9595 0.629966422913
9597 0.629964110985
9599 0.629959792648
9601 0.629948930118
9603 0.629934593721
9629 0.629196375592
9631 0.629183271348
9657 0.628116792705
9659 0.628115318312
9661 0.628109251534
9663 0.628109148306
9665 0.628104417892
9667 0.62810435832
9669 0.628083001016
9671 0.628081628377
9697 0.627049787955
9699 0.627049090062
9725 0.625837579418
9727 0.625837070214
9729 0.625831074351
9731 0.625830918651
9733 0.625828327431
9735 0.625827720681
9737 0.62581702523
9739 0.625816402034
9741 0.62579556167
9743 0.62579501679
9745 0.625772975699
9747 0.625772866601
9749 0.625772577292
9751 0.625771627117
9753 0.625771437968
9755 0.625770544366
9757 0.625769258218
9759 0.625752476795
9761 0.625752466515
9763 0.625736051096
9765 0.625734955477
9767 0.625734714416
9769 0.625717699521
9771 0.625717698556
9773 0.625698992307
9775 0.625698777565
9777 0.625690418558
9779 0.625675218751
9781 0.625668232358
9783 0.625653508128
9785 0.625647717382
9787 0.625646874108
9789 0.62564682857
9791 0.625646142974
9793 0.625646093945
9795 0.625646012078
9797 0.62564594637
9799 0.625645937197
9801 0.625645848232
9803 0.625645843231
9805 0.625645769858
9807 0.625643836158
9833 0.624169815732
9835 0.624169734353
9861 0.622797903642
9863 0.622795122732
9865 0.622793203865
9867 0.622793089544
9869 0.62279004543
9871 0.622789208912
9873 0.622787856636
9875 0.622786758676
9877 0.622785673435
9879 0.622784578889
9881 0.622784500082
9883 0.62278436266
9885 0.622784361504
9887 0.622784327849
9889 0.622784319672
9891 0.622782074549
9893 0.622766374818
9895 0.622759870293
9897 0.622745719589
9899 0.622737939827
9901 0.622737563158
9903 0.622716573272
9905 0.622716571634
9907 0.622696501447
9909 0.622696168169
9911 0.622681868167
9913 0.622662900544
9915 0.622647256766
9917 0.622624402609
9919 0.62260864292
9921 0.622601658563
9923 0.622583283182
9925 0.622582422452
9927 0.62255978094
9929 0.62254144957
9931 0.622541161591
9933 0.622537712854
9935 0.622537676606
9937 0.622535595614
9939 0.622534618795
9941 0.622529472024
9967 0.62176746133
9969 0.621766895767
9995 0.620891911337
9997 0.620890716659
9999 0.620887938207
10001 0.620885420859
10003 0.620885241618
10005 0.620883567202
10007 0.620878975
10009 0.620867243231
10011 0.620853761891
10037 0.620072526148
10039 0.620060716658
10065 0.618940483377
10067 0.618939163279
10069 0.618933893069
10071 0.618933825272
10073 0.618929917983
10075 0.618929827728
10077 0.618910767055
10079 0.618909569621
10105 0.617952135606
10107 0.61795103088
10133 0.616820751283
10135 0.61682019427
10137 0.616815129029
10139 0.616814996901
10141 0.616812981402
10143 0.616812420852
10145 0.616801990756
10147 0.616801381011
10149 0.616780879978
10151 0.61678031714
10153 0.616758624721
10155 0.616758578898
10157 0.616758370397
10159 0.61675762296
10161 0.616757493137
10163 0.616756786472
10165 0.616755513144
10167 0.616739420051
10169 0.616739410142
10171 0.61672366843
10173 0.616722584551
10175 0.616722346708
10177 0.616705914323
10179 0.616705913476
10181 0.616687804261
10183 0.616687594157
10185 0.616679947172
10187 0.616665493005
10189 0.61665915547
10191 0.616645159781
10193 0.616639948917
10195 0.616639273518
10197 0.616639227532
10199 0.616638688479
10201 0.616638639487
10203 0.616638601357
10205 0.616638518952
10207 0.616638512619
10209 0.61663843942
10211 0.616638436167
10213 0.61663837575
10215 0.616636233013
10241 0.615360281149
10243 0.61536020296
10269 0.614178456173
10271 0.614175524207
10273 0.614173332271
10275 0.614173224142
10277 0.614169973005
10279 0.614169339456
10281 0.614168262367
10283 0.61416739031
10285 0.614166537216
10287 0.614165659558
10289 0.614165590092
10291 0.614165468111
10293 0.614165465655
10295 0.614165423954
10297 0.61416541305
10299 0.614163531628
10301 0.614148550523
10303 0.614142664667
10305 0.61412918962
10307 0.61412207273
10309 0.614121702307
10311 0.614101189026
10313 0.614101187545
10315 0.614081591424
10317 0.614081265468
10319 0.614067835489
10321 0.614049085934
10323 0.614034318015
10325 0.614011726884
10327 0.613996795552
10329 0.613989425029
10331 0.613971277908
10333 0.613970549843
10335 0.613948174159
10337 0.61393045789
10339 0.613930149434
10341 0.613927114846
10343 0.6139270706
10345 0.613925296313
10347 0.613924357111
10349 0.613919702815
10362 0.613630272139
10364 0.613629877558
10390 0.612874761405
10392 0.612873077022
10394 0.61287004122
10396 0.61286797431
10398 0.612867834751
10400 0.612866679363
10402 0.612862025682
10404 0.612849509684
10406 0.612836858862
10432 0.612016504651
10434 0.612005944743
10460 0.610837294123
10462 0.610836093923
10464 0.610831479274
10466 0.610831434787
10468 0.610828211204
10470 0.61082809155
10472 0.610811333668
10474 0.610810276798
10500 0.609929590816
10502 0.60992802525
10528 0.608881218051
10530 0.608880625549
10532 0.608876332906
10534 0.608876216835
10536 0.608874659889
10538 0.608874133154
10540 0.608863963173
10542 0.608863361817
10544 0.608843194747
10546 0.608842617921
10548 0.608821268819
10550 0.608821255586
10552 0.608821104741
10554 0.608820510824
10556 0.60882042222
10558 0.608819857565
10560 0.608818597933
10562 0.608803164907
10564 0.608803155303
10566 0.608788059623
10568 0.608786987007
10570 0.608786753009
10572 0.608770882265
10574 0.608770881494
10576 0.608753348907
10578 0.608753142964
10580 0.608746145195
10582 0.608732399378
10584 0.608726651097
10586 0.608713347345
10588 0.608708661092
10590 0.608708115808
10592 0.608708069422
10594 0.608707642956
10596 0.608707593996
10598 0.60870758042
10600 0.608707484569
10602 0.608707479992
10604 0.608707417374
10606 0.608707415169
10608 0.60870736346
10610 0.608705039966
10636 0.607610528582
10638 0.607610454052
10664 0.606600999522
10666 0.606597952691
10668 0.606595497273
10670 0.606595396352
10672 0.606591970068
10674 0.60659149288
10676 0.606590634275
10678 0.606589940717
10680 0.606589270664
10682 0.606588565239
10684 0.606588501999
10686 0.606588391703
10688 0.606588388037
10690 0.606588339197
10692 0.606588326127
10694 0.606586758386
10696 0.606572463335
10698 0.606567133406
10700 0.606554302233
10702 0.606547784812
10704 0.606547421291
10706 0.606527374346
10708 0.606527372977
10710 0.606508240077
10712 0.606507920853
10714 0.6064953077
10716 0.606476775911
10718 0.606462833212
10720 0.606440503366
10722 0.606426354718
10724 0.606418622708
10726 0.606400702556
10728 0.606400085987
10730 0.606377973908
10732 0.606360810316
10734 0.606360486431
10736 0.606357825746
10738 0.60635777485
10740 0.606356274303
10742 0.60635536376
10744 0.606351040126
10746 0.606330240429
10748 0.606329920914
10774 0.605653401722
10776 0.605651346516
10778 0.605648069064
10780 0.605646375813
10782 0.605646284705
10784 0.605645538441
10786 0.605640933263
10788 0.605627747356
10790 0.605615903697
10816 0.604761456786
10818 0.604752096924
10844 0.603541664728
10846 0.603540558357
10848 0.603536486468
10850 0.603536457288
10852 0.603533802763
10854 0.603533656453
10856 0.603519145853
10858 0.603518200008
10884 0.602714676138
10886 0.602712614619
10912 0.601749569062
10914 0.601748950664
10916 0.601745300465
10918 0.60174519557
10920 0.601744002557
10922 0.601743501168
10924 0.601733586099
10926 0.601732989564
10928 0.601713151148
10930 0.60171256328
10932 0.601691552181
10934 0.601691551241
10936 0.601691441617
10938 0.60169096456
10940 0.601690904505
10942 0.601690448318
10944 0.601689202806
10946 0.601674402765
10948 0.601674393433
10950 0.601659917263
10952 0.601658855691
10954 0.60165862585
10956 0.601643296703
10958 0.601643295991
10960 0.601626320409
10962 0.601626118348
10964 0.601619712619
10966 0.601606639874
10968 0.601601426686
10970 0.601588780225
10972 0.601584568437
10974 0.601584124394
10976 0.601584077658
10978 0.601583737958
10980 0.601583689022
10982 0.601583686694
10984 0.601583580337
10986 0.601583576894
10988 0.601583521507
10990 0.601583519957
10992 0.601583474212
10994 0.601581000818
11020 0.600649412516
11022 0.600649342011
11048 0.599793247803
11050 0.599790121852
11052 0.599787418891
11054 0.599787325595
11056 0.599783755268
11058 0.59978339818
11060 0.599782713124
11062 0.599782160708
11064 0.599781634921
11066 0.599781066444
11068 0.599781007402
11070 0.599780905994
11072 0.599780901332
11074 0.599780846312
11076 0.599780831594
11078 0.599779533592
11080 0.599765893484
11082 0.599761063324
11084 0.599748845728
11086 0.599742870781
11088 0.599742514453
11090 0.599722923799
11092 0.599722922515
11094 0.599704242252
11096 0.599703929399
11098 0.599692083154
11100 0.599673768677
11102 0.599660603569
11104 0.599638533202
11106 0.599625124201
11108 0.599617054757
11110 0.599599360125
11112 0.599598837329
11114 0.599576986561
11116 0.599560320258
11118 0.599559984978
11120 0.599557657531
11122 0.599557601221
11124 0.599556340923
11126 0.599555452426
11128 0.599551356591
11130 0.599533054241
11132 0.599532795102
11144 0.599268629837
11146 0.599266377257
11148 0.599262882402
11150 0.599261500461
11152 0.599261443471
11154 0.599261008592
11156 0.599256577417
11158 0.599242863464
11160 0.599231804185
11186 0.598349347758
11188 0.598341133419
11214 0.597096744097
11216 0.597095711621
11218 0.597092092062
11220 0.597092072919
11222 0.597089892778
11224 0.597089723157
11226 0.597077353426
11228 0.597076493449
11254 0.59634889052
11256 0.596346314964
11282 0.595465661232
11284 0.595465024214
11286 0.595461909134
11288 0.595461812178
11290 0.595460906786
11292 0.595460424894
11294 0.59545075957
11296 0.595450165337
11298 0.595430650297
11300 0.595430053558
11302 0.595409375171
11304 0.595409373472
11306 0.59540929339
11308 0.595408905783
11310 0.595408865427
11312 0.595408492566
11314 0.595407261364
11316 0.595393068334
11318 0.595393059256
11320 0.595379177163
11322 0.595378126542
11324 0.595377900998
11326 0.595363094177
11328 0.59536309351
11330 0.595346656035
11332 0.595346457686
11334 0.595340591932
11336 0.595328158848
11338 0.595323431533
11340 0.595311409529
11342 0.595307626712
11344 0.595307261771
11346 0.595307214729
11348 0.595306942123
11350 0.595306893199
11352 0.595306893079
11354 0.595306778669
11356 0.595306775991
11358 0.595306725619
11360 0.595306724497
11362 0.595306682899
11364 0.595304091472
11390 0.594516408632
11392 0.594516342398
11418 0.593794728613
11420 0.593791557467
11422 0.593788627636
11424 0.593788541986
11426 0.593784857403
11428 0.593784592237
11430 0.593784045108
11432 0.593783604385
11434 0.59378319225
11436 0.593782732812
11438 0.593782676625
11440 0.593782582
11442 0.593782576566
11444 0.593782516291
11446 0.593782500353
11448 0.593781433516
11450 0.593768418622
11452 0.59376403794
11454 0.593752405027
11456 0.593746921291
11458 0.593746572252
11460 0.593727428037
11462 0.593727426826
11464 0.59370918884
11466 0.593708882121
11468 0.59369775592
11470 0.593679658146
11472 0.593667225805
11474 0.593645413032
11476 0.593632703091
11478 0.593624319436
11480 0.593606848718
11482 0.593606404851
11484 0.59358481302
11486 0.593568594756
11488 0.593568251246
11490 0.593566223966
11492 0.593566163303
11494 0.593565114634
11496 0.593564243269
11498 0.593560284207
11500 0.593542992534
11502 0.593542767677
11504 0.593519416281
11506 0.593517088641
11508 0.593513414645
11510 0.593512288037
11512 0.593512253074
11514 0.593512038987
11516 0.593507830513
11518 0.593493754372
11520 0.59348345667
11546 0.592580002489
11548 0.592572873772
11574 0.591303363129
11576 0.591302389183
11578 0.591299149266
11580 0.591299136698
11582 0.591297352436
11584 0.591297162943
11586 0.591286788506
11588 0.59128599294
11614 0.590631723599
11616 0.590628630824
11642 0.589827660997
11644 0.589827010785
11646 0.589824342226
11648 0.589824251032
11650 0.5898235718
11652 0.589823105333
11654 0.589813684632
11656 0.589813090924
11658 0.589793894041
11660 0.589793290024
11662 0.589772939113
11664 0.58977292861
11666 0.589772869759
11668 0.589772551024
11670 0.589772524194
11672 0.589772215731
11674 0.58977099892
11676 0.589757388004
11678 0.589757379171
11680 0.589744066775
11682 0.589743027072
11684 0.589742805872
11686 0.589728502857
11688 0.589728502231
11690 0.589712584677
11692 0.589712389925
11694 0.589707016743
11696 0.589695191665
11698 0.5896909055
11700 0.589679476839
11702 0.589676081729
11704 0.589675778865
11706 0.589675731555
11708 0.589675511021
11710 0.589675462101
11712 0.589675458226
11714 0.589675337722
11716 0.589675335584
11718 0.589675288735
11720 0.589675287903
11722 0.589675249228
11724 0.58967257129
11750 0.589010280406
11752 0.589010218571
11763 0.58877105165
11765 0.588767970746
11767 0.588764821395
11769 0.588764744622
11771 0.588761103882
11773 0.588760908777
11775 0.588760471327
11777 0.588760119067
11779 0.58875979642
11781 0.588759423931
11783 0.588759369692
11785 0.588759280252
11787 0.588759274242
11789 0.588759209564
11791 0.588759192739
11793 0.588758323237
11795 0.588745905139
11797 0.58874192888
11799 0.588730853085
11801 0.588725814426
11803 0.588725472666
11805 0.588706765216
11807 0.588706764069
11809 0.588688958215
11811 0.588688657457
11813 0.5886782073
11815 0.588660325462
11817 0.5886485837
11819 0.588627026545
11821 0.588614977385
11823 0.588606301768
11825 0.58858905322
11827 0.588588675842
11829 0.588567340492
11831 0.588551526397
11833 0.588551177113
11835 0.588549415832
11837 0.588549351693
11839 0.588548485989
11841 0.588547628081
11843 0.58854375173
11845 0.588526601027
11847 0.588526396404
11849 0.588503208839
11851 0.588500809264
11853 0.588497006707
11855 0.588496083963
11857 0.588496061936
11859 0.58849598598
11861 0.588491947059
11863 0.588477693256
11865 0.588468133719
11891 0.587551432158
11893 0.587545323629
11919 0.586260295487
11921 0.586259368143
11923 0.586256449248
11925 0.586256440986
11927 0.58625498722
11929 0.586254781105
11931 0.586246228851
11933 0.586245479306
11935 0.58622239535
11937 0.586219294843
11963 0.585461019852
11965 0.585460353007
11967 0.585458057686
11969 0.585457973114
11971 0.585457470603
11973 0.58545702063
11975 0.585447839455
11977 0.585447245022
11979 0.585428361075
11981 0.585427750943
11983 0.585407722261
11985 0.585407698334
11987 0.585407654788
11989 0.585407389404
11991 0.585407371806
11993 0.585407113426
11995 0.585405911026
11997 0.585392858312
11999 0.58539284972
12001 0.585380083605
12003 0.585379054812
12005 0.585378837949
12007 0.585365020892
12009 0.585365020302
12011 0.585349605111
12013 0.585349413874
12015 0.585344490077
12017 0.585333242965
12019 0.585329357298
12021 0.585318492445
12023 0.585315447609
12025 0.585315193686
12027 0.585315146141
12029 0.58531496618
12031 0.585314917254
12033 0.585314905859
12035 0.585314780787
12037 0.585314779221
12039 0.585314734871
12041 0.585314734333
12043 0.585314697737
12045 0.585311956175
12047 0.585288439376
12049 0.585288402955
12051 0.585265001445
12053 0.585262164471
12055 0.585258808433
12057 0.58525876355
12059 0.585255380669
12061 0.585255238695
12063 0.585254888513
12065 0.585254606384
12067 0.585254354153
12069 0.585254051113
12071 0.585253998204
12073 0.58525391272
12075 0.585253906292
12077 0.585253837965
12079 0.585253820503
12081 0.585253118699
12083 0.585241270219
12085 0.585237658006
12087 0.585227113021
12089 0.585222477895
12091 0.585222143349
12093 0.585203863141
12095 0.585203862053
12097 0.585186478368
12099 0.585186183434
12101 0.585176367993
12103 0.585158701152
12105 0.58514761024
12107 0.58512630661
12109 0.585114882102
12111 0.585105935691
12113 0.58508890742
12115 0.5850885861
12117 0.585067504673
12119 0.585052055585
12121 0.585051702419
12123 0.585050169935
12125 0.585050103029
12127 0.585049390625
12129 0.585048543406
12131 0.585044743486
12133 0.585027732873
12135 0.585027546369
12137 0.585004521688
12139 0.585002053219
12141 0.58499816051
12143 0.584997399738
12145 0.584997385455
12147 0.584997375905
12149 0.584993468791
12151 0.58497923359
12153 0.584970387574
12179 0.584048683786
12181 0.584043524579
12207 0.58275305482
12209 0.582752175312
12211 0.58274967226
12213 0.582749667568
12215 0.582748493146
12217 0.582748268787
12219 0.582740564021
12221 0.582739812199
12223 0.582718131491
12225 0.582715026368
12251 0.581998230167
12253 0.581997551849
12255 0.581995569145
12257 0.581995489297
12259 0.581995123853
12261 0.581994686578
12263 0.581985739897
12265 0.58198514387
12267 0.581966567717
12269 0.581965952319
12271 0.581946240699
12273 0.58194620103
12275 0.581946168558
12277 0.581945944762
12279 0.581945933419
12281 0.581945714236
12283 0.581944526239
12285 0.581932008818
12287 0.581932000461
12289 0.581919758197
12291 0.581918740316
12293 0.58191852776
12295 0.581905179518
12297 0.581905178961
12299 0.581890249245
12301 0.581890061457
12303 0.581885547725
12305 0.581874850101
12307 0.581871328007
12309 0.58186099896
12311 0.581858270461
12313 0.581858055306
12315 0.581858007555
12317 0.581857859338
12319 0.581857810401
12321 0.581857789278
12323 0.581857660802
12325 0.581857659903
12327 0.581857617334
12329 0.581857617107
12331 0.581857582004
12333 0.581854808244
12335 0.581831439
12337 0.581831413958
12339 0.581808160585
12341 0.58180548705
12343 0.581802036613
12345 0.581802006389
12347 0.581798791753
12349 0.581798689829
12351 0.58179840913
12353 0.581798182662
12355 0.5817979858
12357 0.581797738331
12359 0.58179768633
12361 0.581797603857
12363 0.581797597128
12365 0.581797525808
12367 0.581797507894
12369 0.58179694786
12371 0.581785643109
12373 0.581782358771
12375 0.581772319574
12377 0.581768050592
12379 0.581767723168
12381 0.581749860985
12383 0.581749859953
12385 0.5817328888
12387 0.581732599575
12389 0.58172338012
12391 0.581705927343
12393 0.581695449963
12395 0.581674397861
12397 0.581663564006
12399 0.581654366918
12401 0.581637557052
12403 0.581637283041
12405 0.581616453073
12407 0.581601334118
12409 0.581600978518
12411 0.581599642995
12413 0.58159957388
12415 0.581598989713
12417 0.581598151103
12419 0.581594421859
12421 0.581577550483
12423 0.581577380219
12425 0.581554517565
12427 0.581551983176
12429 0.581548029213
12431 0.581547396389
12433 0.581547386841
12435 0.581547381761
12437 0.58154357937
12439 0.581529562928
12441 0.581521404392
12467 0.580603170214
12469 0.580598884577
12495 0.579313208895
12497 0.579312366752
12499 0.579310213492
12501 0.57931021092
12503 0.579309264464
12505 0.579309025322
12507 0.579302121403
12509 0.579301365913
12511 0.579281040924
12513 0.579277934244
12539 0.578601291745
12541 0.578600605792
12543 0.57859888548
12545 0.578598809041
12547 0.578598548922
12549 0.578598121639
12551 0.578589404507
12553 0.578588806287
12555 0.578570532902
12557 0.578569912863
12559 0.578550513259
12561 0.57855045705
12563 0.578550432623
12565 0.578550241453
12567 0.578550234304
12569 0.578550046001
12571 0.578548872386
12573 0.578536868335
12575 0.578536860211
12577 0.578525120329
12579 0.578524113369
12581 0.578523905071
12583 0.578511009204
12585 0.578511008679
12587 0.578496548222
12589 0.578496363827
12591 0.578492224362
12593 0.57848204924
12595 0.578478857179
12597 0.578469037403
12599 0.57846659448
12601 0.578466410186
12603 0.578466362253
12605 0.578466238985
12607 0.57846619003
12609 0.578466158059
12611 0.578466027063
12613 0.578466026525
12615 0.578465985232
12617 0.578465985145
12619 0.578465951121
12621 0.578463203014
12623 0.578439981692
12625 0.57843996209
12627 0.578416856858
12629 0.578414305199
12631 0.578410827294
12633 0.578410804342
12635 0.578407708205
12637 0.578407636244
12639 0.57840741091
12641 0.57840722867
12643 0.578407075308
12645 0.578406872395
12647 0.578406821009
12649 0.578406740809
12651 0.57840673387
12653 0.578406660117
12655 0.578406641884
12657 0.578406200962
12659 0.578395415204
12661 0.578392426306
12663 0.578382869036
12665 0.578378932501
12667 0.578378612089
12669 0.578361158892
12671 0.578361157914
12673 0.578344589865
12675 0.578344306244
12677 0.57833564641
12679 0.578318406658
12681 0.578308507677
12683 0.578287705053
12685 0.578277429769
12687 0.57826800099
12689 0.578251407575
12691 0.57825117353
12693 0.578230592517
12695 0.578215772506
12697 0.578215415571
12699 0.578214249737
12701 0.578214178852
12703 0.578213701755
12705 0.578212870189
12707 0.57820920632
12709 0.578192473263
12711 0.578192317566
12713 0.578169616033
12715 0.578167018613
12717 0.578163025022
12719 0.578162492559
12721 0.578162485968
12723 0.578162432338
12725 0.578158714991
12727 0.578145112753
12729 0.578137613849
12755 0.577231247367
12757 0.577227755353
12783 0.575956925766
12785 0.575956112798
12787 0.575954254419
12789 0.575954253076
12791 0.575953492507
12793 0.575953241584
12795 0.575947090225
12797 0.575946329713
12799 0.575927309618
12801 0.575924204346
12827 0.575286302041
12829 0.575285611283
12831 0.575284111682
12833 0.575284037732
12835 0.575283857593
12837 0.575283438358
12839 0.575274945887
12841 0.575274345067
12843 0.575256369476
12845 0.575255745251
12847 0.575236652668
12849 0.57523658009
12851 0.575236561536
12853 0.575236396124
12855 0.575236391753
12857 0.575236227932
12859 0.575235068669
12861 0.575223556959
12863 0.575223549065
12865 0.575212290973
12867 0.575211294939
12869 0.575211090846
12871 0.575198631529
12873 0.575198631035
12875 0.575184624204
12877 0.575184443149
12879 0.57518064534
12881 0.575170967098
12883 0.575168074598
12885 0.575158738898
12887 0.575156553667
12889 0.575156394061
12891 0.575156345966
12893 0.575156242396
12895 0.575156193419
12897 0.575156150223
12899 0.575156017367
12901 0.575156017029
12903 0.575155976655
12905 0.575155976627
12907 0.575155943388
12909 0.575153250455
12911 0.57513017711
12913 0.575130160384
12915 0.575107203136
12917 0.575104751136
12919 0.57510128462
12921 0.575101265535
12923 0.57509825977
12925 0.575098210019
12927 0.575098028833
12929 0.575097881782
12931 0.575097762564
12933 0.575097595448
12935 0.575097544475
12937 0.575097465973
12939 0.575097458887
12941 0.575097383171
12943 0.575097364717
12945 0.575097023136
12947 0.575086732732
12949 0.575084010178
12951 0.575074912076
12953 0.575071277603
12955 0.575070964089
12957 0.575053911014
12959 0.575053910087
12961 0.575037735914
12963 0.575037457799
12965 0.575029323441
12967 0.575012295573
12969 0.575002941917
12971 0.574982386671
12973 0.57497263969
12975 0.574962997074
12977 0.574946618088
12979 0.574946417839
12981 0.574926083246
12983 0.574911534255
12985 0.574911176817
12987 0.574910157301
12989 0.574910084985
12991 0.574909697097
12993 0.574908871389
12995 0.574905268006
12997 0.574888672307
12999 0.574888529686
13001 0.574865988339
13003 0.574863330686
13005 0.574859313636
13007 0.574858859172
13009 0.574858854467
13011 0.574858707503
13013 0.574855060722
13015 0.574842055064
13017 0.574835185998
13043 0.57394872055
13045 0.573945939032
13071 0.572699501688
13073 0.57269871149
13075 0.572697102261
13077 0.57269710161
13079 0.572696492465
13081 0.572696232272
13083 0.572690784207
13085 0.572690017365
13087 0.572672248865
13089 0.572669147856
13094 0.572574465762
13096 0.572573765515
13098 0.572572451971
13100 0.572572381727
13102 0.572572261394
13104 0.572571852802
13106 0.572563580144
13108 0.572562976458
13110 0.572545293706
13112 0.572544665629
13114 0.572525875088
13116 0.572525786908
13118 0.57252577266
13120 0.572525627714
13122 0.57252562515
13124 0.572525480865
13126 0.572524335917
13128 0.572513296352
13130 0.572513288684
13132 0.572502492609
13134 0.5725015075
13136 0.572501307553
13138 0.572489269527
13140 0.572489269061
13142 0.572475700757
13144 0.572475522994
13146 0.572472037122
13148 0.572462831404
13150 0.572460210771
13152 0.572451335206
13154 0.572449382388
13156 0.572449242627
13158 0.572449194387
13160 0.572449106444
13162 0.572449057441
13164 0.572449003141
13166 0.572448868915
13168 0.572448868691
13170 0.572448828978
13172 0.572448828972
13174 0.572448796309
13176 0.572446172865
13178 0.572423247322
13180 0.572423232282
13182 0.572400422711
13184 0.572398057952
13186 0.572394624945
13188 0.572394608051
13190 0.572391676483
13192 0.572391643
13194 0.572391497051
13196 0.572391378036
13198 0.572391285586
13200 0.572391147297
13202 0.572391096598
13204 0.572391019342
13206 0.572391012156
13208 0.572390934871
13210 0.572390916264
13212 0.572390656799
13214 0.572380839146
13216 0.572378356823
13218 0.572369696168
13220 0.572366336338
13222 0.572366029603
13224 0.572349367922
13226 0.572349367045
13228 0.572333577683
13230 0.572333304978
13232 0.572325664021
13234 0.572308846766
13236 0.572300007271
13238 0.572279697218
13240 0.572270449952
13242 0.572260610212
13244 0.572244443537
13246 0.572244271899
13248 0.572224181119
13250 0.572209878081
13252 0.572209520765
13254 0.572208627526
13256 0.572208554042
13258 0.572208240301
13260 0.572207419553
13262 0.572203872137
13264 0.57218741277
13266 0.572187281899
13268 0.572164899727
13270 0.572162184536
13272 0.572158156149
13274 0.572157761538
13276 0.572157758062
13278 0.572157480677
13280 0.572153893654
13282 0.57214164627
13284 0.572135375282
13310 0.571276211124
13312 0.571274055026
13338 0.570060760455
13340 0.570059996253
13342 0.570058615902
13344 0.570058615753
13346 0.570058139709
13348 0.570057867937
13350 0.570052551878
13352 0.570051740789
13354 0.570034199352
13356 0.570031170259
13358 0.570007697029
13360 0.570006989797
13362 0.570005833449
13364 0.570005766079
13366 0.570005689553
13368 0.570005289813
13370 0.569997232204
13372 0.569996625484
13374 0.569979230707
13376 0.569978599027
13378 0.569960105643
13380 0.569960002965
13382 0.569959991895
13384 0.569959863308
13386 0.569959861892
13388 0.569959733294
13390 0.569958602619
13392 0.569948015855
13394 0.56994800841
13396 0.569937655407
13398 0.56993668122
13400 0.569936485358
13402 0.569924853959
13404 0.569924853522
13406 0.569911709213
13408 0.569911534694
13410 0.56990833369
13412 0.569899577378
13414 0.56989720346
13416 0.569888765308
13418 0.569887022002
13420 0.569886898271
13422 0.5698868499
13424 0.569886774416
13426 0.569886725384
13428 0.569886660419
13430 0.569886525188
13432 0.56988652503
13434 0.569886485794
13436 0.569886485794
13438 0.569886453554
13440 0.569883905928
13442 0.569861127949
13444 0.569861114013
13446 0.569838451796
13448 0.569836166902
13450 0.569832779754
13452 0.569832764181
13454 0.569829897337
13456 0.569829875591
13458 0.569829757791
13460 0.56982966115
13462 0.56982958966
13464 0.569829474642
13466 0.56982942412
13468 0.569829347754
13470 0.5698293405
13472 0.569829261973
13474 0.569829243262
13476 0.569829050937
13478 0.569819684463
13480 0.569817418936
13482 0.569809175033
13484 0.569806065104
13486 0.569805765029
13488 0.56978948622
13490 0.569789485389
13492 0.569774072004
13494 0.569773804617
13496 0.56976662696
13498 0.569750019005
13500 0.569741664354
13502 0.569721597316
13504 0.569712822811
13506 0.569702801591
13508 0.5696868451
13510 0.569686697709
13512 0.569666848165
13514 0.569652768614
13516 0.569652411891
13518 0.569651627738
13520 0.569651553285
13522 0.569651301008
13524 0.569650484538
13526 0.569646988923
13528 0.569630664877
13530 0.569630544572
13532 0.569608320595
13534 0.56960555047
13536 0.569601519905
13538 0.569601170366
13540 0.569601167705
13542 0.569600730043
13544 0.569597194604
13546 0.569585840361
13548 0.56958013393
13574 0.568754818039
13576 0.568753201696
13602 0.567580775731
13604 0.567580032811
13606 0.567578846935
13608 0.567578846934
13610 0.567578478828
13612 0.56757819729
13614 0.56757293929
13616 0.567572080421
13618 0.567554630576
13620 0.567551676074
13622 0.567528321405
13624 0.567527609962
13626 0.56752658674
13628 0.567526521407
13630 0.567526476058
13632 0.567526083322
13634 0.567518236065
13636 0.567517626212
13638 0.56750051461
13640 0.567499879513
13642 0.567481678467
13644 0.567481562556
13646 0.567481553845
13648 0.567481438414
13650 0.5674814377
13652 0.567481321773
13654 0.567480205326
13656 0.567470052809
13658 0.567470045585
13660 0.567460117491
13662 0.567459154216
13664 0.567458962377
13666 0.56744772349
13668 0.567447723079
13670 0.567434988758
13672 0.567434817436
13674 0.567431876635
13676 0.567423547764
13678 0.567421397713
13680 0.567413375393
13682 0.567411820852
13684 0.567411710127
13686 0.567411661639
13688 0.567411596134
13690 0.56741154707
13692 0.567411472076
13694 0.567411336106
13696 0.567411335986
13698 0.567411297093
13700 0.567411297091
13702 0.567411265165
13704 0.56740879553
13706 0.567386164817
13708 0.567386151686
13710 0.567363636464
13712 0.567361426669
13714 0.567358092085
13716 0.567358077366
13718 0.567355269553
13720 0.5673552561
13722 0.567355160812
13724 0.567355082055
13726 0.567355026952
13728 0.56735493077
13730 0.567354880359
13732 0.567354804603
13734 0.567354797305
13736 0.567354717805
13738 0.567354699023
13740 0.567354560842
13742 0.567345624945
13744 0.567343555171
13746 0.567335708291
13748 0.56733282592
13750 0.567332532383
13752 0.567316628096
13754 0.567316627312
13756 0.567301581262
13758 0.567301319103
13760 0.567294576489
13762 0.567278176454
13764 0.56727027904
13766 0.567250452817
13768 0.567242125631
13770 0.567231937526
13772 0.567216189055
13774 0.567216062242
13776 0.567196451344
13778 0.567182575106
13780 0.567182219326
13782 0.567181529503
13784 0.567181454236
13786 0.567181252749
13788 0.567180440041
13790 0.567176992373
13792 0.56716080263
13794 0.567160691834
13796 0.567138625064
13798 0.567135802513
13800 0.567131776753
13802 0.567131460161
13804 0.567131458048
13806 0.567130837048
13808 0.567127346904
13810 0.567116989378
13812 0.567111812531
13838 0.566325868229
13840 0.566324706846
13866 0.565199678371
13868 0.565198951981
13870 0.565197929496
13872 0.565197929435
13874 0.565197647417
13876 0.565197358158
13878 0.56519215843
13880 0.565191253681
13882 0.565173895538
13884 0.565171009039
13886 0.565147772645
13888 0.565147059023
13890 0.565146148815
13892 0.565146084926
13894 0.565146060832
13896 0.565145673764
13898 0.565138032227
13900 0.565137419193
13902 0.565120586025
13904 0.565119947653
13906 0.565102034185
13908 0.565101906358
13910 0.565101899409
13912 0.565101794617
13914 0.565101794309
13916 0.565101688678
13918 0.565100586409
13920 0.565090850346
13922 0.565090843338
13924 0.56508132273
13926 0.565080370354
13928 0.565080182475
13930 0.565069322507
13932 0.565069322122
13934 0.565056984277
13936 0.565056816106
13938 0.565054113031
13940 0.565046190721
13942 0.565044243785
13944 0.565036616791
13946 0.565035232222
13948 0.5650351321
13950 0.565035083505
13952 0.565035026033
13954 0.565034976935
13956 0.565034892651
13958 0.565034756141
13960 0.565034756046
13962 0.565034717398
13964 0.565034717393
13966 0.565034685701
13968 0.565032294095
13970 0.565009810304
13972 0.56500979782
13974 0.564987429204
13976 0.56498529111
13978 0.564982012547
13980 0.564981998423
13982 0.564979246088
13984 0.564979238329
13986 0.564979161065
13988 0.564979096632
13990 0.564979054319
13992 0.564978973425
13994 0.56497892308
13996 0.564978847715
13998 0.564978840387
14000 0.564978760133
14002 0.564978741306
14004 0.564978646019
14006 0.564970121017
14008 0.564968228094
14010 0.564960759425
14012 0.564958084423
14014 0.564957797307
14016 0.564942259355
14018 0.564942258614
14020 0.564927571446
14022 0.564927314425
14024 0.56492098032
14026 0.564904786758
14028 0.564897320585
14030 0.564877732951
14032 0.564869829068
14034 0.564859487662
14036 0.564843945017
14038 0.564843835687
14040 0.564824460841
14042 0.564810769778
14044 0.564810415203
14046 0.564809807034
14048 0.564809731067
14050 0.564809571399
14052 0.56480876206
14054 0.564805358777
14056 0.564789302311
14058 0.564789200082
14060 0.564767289523
14062 0.564764416955
14064 0.56476040139
14066 0.564760107679
14068 0.564760105937
14070 0.564759284895
14072 0.564755835129
14074 0.564746544154
14076 0.564741860877
14102 0.563999681524
14104 0.563998892603
14130 0.562926493122
14132 0.562925779593
14134 0.562924894623
14136 0.562924894397
14138 0.562924680712
14140 0.562924385341
14142 0.562919244032
14144 0.562918295313
14146 0.562901028924
14148 0.56289820445
14150 0.562875086015
14152 0.562874371694
14154 0.562873557658
14156 0.562873494791
14158 0.56287348421
14160 0.562873101835
14162 0.562865661458
14164 0.56286504523
14166 0.562848485816
14168 0.562847844279
14170 0.562830213689
14172 0.562830075241
14174 0.562830069617
14176 0.562829973473
14178 0.562829973376
14180 0.562829876156
14182 0.562828788012
14184 0.562819451337
14186 0.562819444543
14188 0.562810314712
14190 0.562809373215
14192 0.562809189233
14194 0.562798695091
14196 0.562798694731
14198 0.56278674033
14200 0.562786575263
14202 0.562784089428
14204 0.562776553837
14206 0.562774791163
14208 0.56276754001
14210 0.562766308398
14212 0.562766216951
14214 0.562766168258
14216 0.562766117285
14218 0.562766068152
14220 0.562765975362
14222 0.562765838456
14224 0.562765838379
14226 0.562765799905
14228 0.562765799896
14230 0.562765768381
14232 0.562763453762
14234 0.562741116517
14236 0.562741104593
14238 0.562718882167
14240 0.562716813101
14242 0.562713592166
14244 0.562713578492
14246 0.562710879301
14248 0.562710875287
14250 0.562710812473
14252 0.562710759534
14254 0.562710727183
14256 0.562710658733
14258 0.562710608423
14260 0.562710533276
14262 0.562710525931
14264 0.562710445102
14266 0.562710426245
14268 0.562710364137
14270 0.562702231236
14272 0.562700498178
14274 0.562693389785
14276 0.562690903899
14278 0.562690623085
14280 0.562675443443
14282 0.562675442745
14284 0.562661106187
14286 0.562660854217
14288 0.56265490371
14290 0.562638915115
14292 0.562631855701
14294 0.562612504407
14296 0.562605001155
14298 0.562594519074
14300 0.562579180035
14302 0.562579085579
14304 0.562559944186
14306 0.562546421974
14308 0.562546068799
14310 0.56254553139
14312 0.562545454814
14314 0.562545329434
14316 0.562544523167
14318 0.562541160967
14320 0.562525236748
14322 0.562525142242
14324 0.562503386891
14326 0.562500466619
14328 0.562496465467
14330 0.562496186134
14332 0.562496184644
14334 0.56249515274
14336 0.56249173944
14338 0.562483550678
14340 0.56247932439
14366 0.561784130957
14368 0.561783635626
14394 0.560767767849
14396 0.560767064366
14398 0.56076629534
14400 0.560766294905
14402 0.560766135145
14404 0.560765834896
14406 0.56076075209
14408 0.560759761297
14410 0.560742586669
14412 0.560739818782
14414 0.560716817976
14416 0.560716104026
14418 0.560715372034
14420 0.560715309885
14422 0.560715306821
14424 0.560714928429
14426 0.560707684721
14428 0.56070706531
14430 0.560690775033
14432 0.560690130421
14434 0.560672778076
14436 0.560672630233
14438 0.560672625614
14440 0.560672536536
14442 0.560672536524
14444 0.560672446211
14446 0.560671372133
14448 0.560662418476
14450 0.560662411892
14452 0.560653656811
14454 0.56065272617
14456 0.560652546024
14458 0.560642405095
14460 0.560642404758
14462 0.560630821229
14464 0.56063065922
14466 0.56062837195
14468 0.560621204208
14470 0.560619608677
14472 0.560612714848
14474 0.560611620788
14476 0.560611536465
14478 0.560611487682
14480 0.560611441987
14482 0.560611392817
14484 0.560611292307
14486 0.560611155112
14488 0.560611155045
14490 0.560611116694
14492 0.560611116682
14494 0.560611085301
14496 0.560608846089
14498 0.560586654987
14500 0.56058664357
14502 0.560564566901
14504 0.560562564588
14506 0.560559401829
14508 0.560559388521
14510 0.560556740835
14512 0.560556739118
14514 0.560556687903
14516 0.56055664421
14518 0.560556619601
14520 0.560556561313
14522 0.560556511019
14524 0.560556435954
14526 0.560556428598
14528 0.560556347338
14530 0.560556328465
14532 0.560556291172
14534 0.560548532422
14536 0.560546943959
14538 0.560540178741
14540 0.560537865459
14542 0.560537590831
14544 0.560522761633
14546 0.560522760976
14548 0.560508766937
14550 0.56050851993
14552 0.56050292963
14554 0.560487144441
14556 0.560480468732
14558 0.560461351509
14560 0.560454227483
14562 0.56044361644
14564 0.560428478768
14566 0.560428396984
14568 0.560409486445
14570 0.560396118387
14572 0.560395766756
14574 0.560395290735
14576 0.560395213615
14578 0.560395116211
14580 0.560394312789
14582 0.560390988613
14584 0.560375195615
14586 0.560375108077
14588 0.560353506926
14590 0.560350541164
14592 0.560346557772
14594 0.560346285483
14596 0.560346284161
14598 0.56034503594
14600 0.560341655958
14602 0.560334572295
14604 0.560330766369
14630 0.559684623955
14632 0.559684348132
14658 0.558727616387
14660 0.558726920813
14662 0.558726249731
14664 0.558726249072
14666 0.558726131565
14668 0.558725827358
14670 0.558720803084
14672 0.558719772089
14674 0.558702689183
14676 0.558699972935
14678 0.558677089405
14680 0.558676376597
14682 0.558675714767
14684 0.55867565312
14686 0.55867565297
14688 0.558675278043
14690 0.558668226587
14692 0.55866760402
14694 0.558651578326
14696 0.558650930713
14698 0.558633852039
14700 0.55863369594
14702 0.558633692088
14704 0.558633608807
14706 0.558633608803
14708 0.558633524189
14710 0.558632464114
14712 0.558623877778
14714 0.5586238714
14716 0.558615475702
14718 0.558614555887
14720 0.558614379512
14722 0.558604579647
14724 0.558604579332
14726 0.558593354542
14728 0.558593195545
14730 0.558591089818
14732 0.558584271983
14734 0.558582828046
14736 0.558576273942
14738 0.558575303493
14740 0.558575225041
14742 0.558575176175
14744 0.558575134788
14746 0.55857508558
14748 0.558574978113
14750 0.558574840708
14752 0.558574840648
14754 0.558574802382
14756 0.558574802367
14758 0.558574771089
14760 0.55857260545
14762 0.558550560068
14764 0.558550549124
14766 0.558528617761
14768 0.558526680152
14770 0.558523575516
14772 0.558523562524
14774 0.558520965103
14776 0.558520964619
14778 0.55852092273
14780 0.558520886489
14782 0.558520867879
14784 0.558520817916
14786 0.558520767625
14788 0.558520692537
14790 0.558520685177
14792 0.558520603603
14794 0.558520584719
14796 0.558520565065
14798 0.558513163325
14800 0.558511705725
14802 0.558505267382
14804 0.558503111758
14806 0.5585028432
14808 0.558488356736
14810 0.558488356119
14812 0.558474696682
14814 0.558474454553
14816 0.558469202497
14818 0.558453619108
14820 0.558447305386
14822 0.558428419953
14824 0.558421654939
14826 0.558410925789
14828 0.558395987232
14830 0.558395916262
14832 0.55837723398
14834 0.55836400683
14836 0.558363656849
14838 0.55836323415
14840 0.558363156538
14842 0.558363081828
14844 0.558362281079
14846 0.558358992091
14848 0.558343329282
14850 0.558343248038
14852 0.558321800076
14854 0.558318790947
14856 0.558314828002
14858 0.558314556267
14860 0.558314555053
14862 0.558313089875
14864 0.558309740642
14866 0.558303735118
14868 0.558300313387
14870 0.558276955515
14872 0.558276744218
14898 0.55735501784
14900 0.557354336997
14902 0.557353748773
14904 0.557353747581
14906 0.557353662879
14908 0.557353349544
14910 0.557348383767
14912 0.557347314399
14914 0.557330323102
14916 0.557327653978
14918 0.55730488731
14920 0.557304176193
14922 0.557303574506
14924 0.557303513203
14926 0.55730351248
14928 0.557303140635
14930 0.557296277072
14932 0.557295651387
14934 0.55727988575
14936 0.557279235197
14938 0.557262425651
14940 0.55726226233
14942 0.557262259068
14944 0.557262180561
14946 0.557262180518
14948 0.557262100629
14950 0.557261054489
14952 0.557252820398
14954 0.557252814223
14956 0.557244763147
14958 0.557243854123
14960 0.557243681457
14962 0.557234210922
14964 0.557234210631
14966 0.557223332847
14968 0.557223176817
14970 0.557221237105
14972 0.557214752102
14974 0.557213445636
14976 0.557207214515
14978 0.557206355061
14980 0.55720628146
14982 0.557206232516
14984 0.557206194659
14986 0.55720614541
14988 0.557206031709
14990 0.55720589415
14992 0.557205894095
14994 0.557205855886
14996 0.55720585587
14998 0.557205824673
15000 0.557203730662
15002 0.557181830508
15004 0.557181820013
15006 0.557160033436
15008 0.557158158614
15010 0.557155111705
15012 0.557155099
15014 0.557152550825
