26 5.25213619992
52 5.25013314666
67 5.24902348384
93 5.24691668638
95 5.24690165356
121 5.21352508351
145 5.08977080473
171 5.06448014355
173 5.06447470029
199 5.04711583051
225 5.03230873181
251 4.90863253484
277 4.89486921209
279 4.89485424595
305 4.88263776373
331 4.8013199446
346 4.6775909959
372 4.651938429
374 4.65193419744
400 4.64452246031
426 4.59358577047
428 4.59358362667
454 4.56421743029
456 4.56421248846
482 4.54828704593
508 4.5289653722
528 4.40490327187
554 4.38738055238
556 4.38737419989
582 4.37277462717
608 4.25192327389
634 4.15382263425
650 4.15257400374
676 4.13468018066
678 4.13466759337
704 4.02660339048
730 3.91402196189
756 3.90310376851
782 3.89519881111
801 3.89435551007
827 3.77968115852
853 3.76079269513
879 3.75470071913
905 3.73815661471
911 3.7380365391
937 3.67874987446
963 3.55554206448
989 3.52658722616
992 3.52654234308
1018 3.51251791343
1044 3.38902438022
1070 3.32054576798
1072 3.32053930062
1098 3.29143158065
1100 3.29142881925
1119 3.16672857758
1137 3.0427798476
1139 3.04277588274
1141 3.04276360813
1143 3.04276215155
1169 2.97600538641
1195 2.85312745224
1221 2.82354497682
1227 2.82340267382
1253 2.81190254356
1279 2.80211120273
1299 2.67797422355
1325 2.66852782394
1327 2.66851977355
1353 2.65954767391
1355 2.65954425571
1381 2.5946350369
1383 2.59463369619
1409 2.56494544971
1411 2.564945163
1437 2.44532839982
1455 2.32180424991
1479 2.31859732845
1481 2.31858691818
1483 2.31857160229
1509 2.2040370628
1535 2.11584109673
1561 2.10923157578
1587 2.08633158947
1596 2.0860845001
1622 1.97171457809
1630 1.84781776899
1656 1.84169125105
1658 1.84168851061
1667 1.8414557528
1693 1.75810580948
1719 1.63625537781
1745 1.61128542391
1757 1.61059075993
1783 1.60364177732
1809 1.48183603402
1832 1.35843955272
1844 1.35775936458
1846 1.35774608083
1848 1.35773011147
1873 1.23414788732
1899 1.12288340214
1901 1.12287750285
1927 1.11358155369
1929 1.11357838602
1955 1.11041458453
1981 1.10651406562
2007 1.10224051587
2009 1.10222605203
2035 1.09906203349
2037 1.09905195922
2063 1.09565368122
2065 1.0956469495
2091 1.0850486421
2093 1.08504416644
2119 1.07742207184
2121 1.07742168195
2147 1.0727211081
2173 1.06319041511
2175 1.06317451439
2201 1.05417034203
2203 1.05416589727
2229 1.0466326915
2255 1.04510968575
2257 1.04510310728
2279 1.04440427133
2281 1.04440385592
2283 1.04438494817
2309 1.03656665385
2311 1.03654846125
2337 1.03216247534
2363 1.0315401202
2389 1.02929975094
2415 1.0186575477
2417 1.01865754769
2443 1.00925255076
2445 1.00925080168
2471 1.00200097167
2473 1.00198932329
2499 0.999514524427
2501 0.999505469067
2511 0.999271737898
2513 0.999265068765
2515 0.999248701019
2522 0.999086916435
2524 0.999072252262
2526 0.999053972083
2528 0.999040829504
2531 0.998997800953
2557 0.98678547034
2559 0.986773254367
2585 0.976514434324
2587 0.976507441885
2613 0.970739985752
2615 0.970730018593
2641 0.967676851302
2643 0.967671590762
2669 0.966093426738
2671 0.966087962035
2697 0.954851237267
2699 0.954850012669
2725 0.950537278978
2727 0.95053711117
2729 0.950534140583
2731 0.950533683937
2733 0.950533308988
2735 0.9505332855
2737 0.950533285364
2763 0.94711559206
2765 0.947100077751
2791 0.945220875577
2793 0.945212043249
2815 0.944589318912
2841 0.93691809384
2843 0.936914331073
2869 0.92927974325
2871 0.929279405046
2897 0.92240587348
2899 0.92240548071
2925 0.910352604092
2927 0.910352156578
2953 0.905419196014
2955 0.905419164143
2957 0.9054065841
2959 0.905406166968
2961 0.905395751068
2963 0.905395716632
2965 0.905388874509
2967 0.905384005858
2993 0.899247141529
2995 0.899232378591
3021 0.897810194136
3023 0.897792922421
3025 0.897789639149
3027 0.897788155056
3029 0.897774635588
3031 0.89777087957
3033 0.897754359992
3059 0.896425835825
3061 0.89641557412
3079 0.895883433834
3081 0.895877587105
3083 0.89585778967
3085 0.895846525905
3087 0.895842392359
3089 0.8958313555
3091 0.895828543415
3093 0.895819456616
3095 0.895815366963
3110 0.895260896013
3112 0.895259315045
3114 0.895243357829
3116 0.895242488881
3142 0.891704655177
3168 0.887339822938
3194 0.882657181122
3196 0.88264810593
3222 0.879329917948
3224 0.87932475752
3250 0.875659636149
3252 0.875657129856
3278 0.873070028984
3280 0.873068187543
3306 0.871110988469
3308 0.871110758607
3334 0.870024782069
3360 0.864861133548
3362 0.864854686025
3388 0.859666495355
3390 0.859666466899
3416 0.85548072316
3418 0.855474783544
3420 0.85547135247
3422 0.855452840902
3424 0.855452662732
3426 0.855434951924
3452 0.854481382796
3478 0.853846301606
3499 0.853319485384
3525 0.85237195005
3527 0.852353384179
3553 0.847595639599
3555 0.847595316982
3581 0.843278659284
3583 0.843273338304
3609 0.840123054618
3611 0.840116342149
3613 0.840098902569
3615 0.840093382098
3617 0.840076562578
3619 0.840072597134
3621 0.84006028323
3623 0.840043636105
3625 0.840032519331
3627 0.840017638271
3629 0.840007702906
3631 0.839993375006
3657 0.831352005892
3659 0.831345484489
3685 0.824451141272
3687 0.824448827028
3696 0.824268829849
3698 0.824262137747
3714 0.823882403895
3716 0.823879500531
3725 0.82370112978
3727 0.823698561641
3753 0.822062414492
3755 0.822062201203
3773 0.821593176024
3775 0.821593159764
3777 0.8215917073
3779 0.821591706798
3781 0.821591693295
3783 0.821590770073
3785 0.821590577525
3787 0.82158393179
3789 0.821572320081
3791 0.8215533495
3793 0.821546980165
3795 0.821528544541
3821 0.816374721959
3823 0.816374234366
3849 0.810988772691
3851 0.810987754589
3877 0.806325777315
3879 0.806324768979
3905 0.80438117764
3907 0.804380588613
3932 0.803624120431
3934 0.803624109974
3936 0.803616287595
3938 0.803616069849
3940 0.803610040352
3942 0.803610038529
3944 0.803606622193
3946 0.803603823587
3956 0.803385071414
3958 0.803374138766
3960 0.803359422405
3962 0.803345863315
3964 0.803344153945
3966 0.803344153862
3968 0.803333832325
3970 0.803331435763
3972 0.803318331368
3974 0.803312784879
3976 0.803305480137
3978 0.803287558499
3980 0.80328380711
3982 0.803266353778
3984 0.803260317162
3986 0.803258323717
3988 0.803252056364
3990 0.803250714106
3992 0.803245550545
3994 0.803243762783
3996 0.803231035901
3998 0.803230536884
4000 0.803221755853
4002 0.803221535587
4028 0.799511648555
4054 0.794982154951
4080 0.790231165525
4082 0.790225273822
4108 0.787072568767
4110 0.787070139437
4136 0.783520523495
4138 0.783519966685
4153 0.78319397876
4155 0.783192496736
4173 0.782785984879
4175 0.782784992968
4177 0.782769477025
4203 0.78036628529
4205 0.780363678575
4231 0.777602823083
4233 0.77760182123
4259 0.775417467276
4261 0.775412408551
4263 0.775410157462
4265 0.775393171817
4267 0.775392295307
4269 0.775376048951
4271 0.775362592183
4297 0.774664072626
4299 0.774645251229
4325 0.773517512777
4327 0.773501153068
4353 0.771689547943
4355 0.771689220952
4381 0.769876514514
4383 0.769869319926
4409 0.768616978269
4411 0.768612782466
4413 0.768597691801
4415 0.768594285305
4417 0.768579684865
4419 0.768577352007
4421 0.768567978551
4423 0.768554330398
4425 0.768545902022
4427 0.768533702172
4429 0.768526194153
4431 0.768515962856
4457 0.76287037003
4459 0.762867165483
4485 0.758453307908
4487 0.75845293454
4489 0.758443481964
4491 0.758439112037
4493 0.758422096163
4495 0.758420512063
4497 0.758400366116
4499 0.758398780993
4501 0.758379436548
4503 0.758379394919
4505 0.758360735359
4507 0.758360625171
4509 0.75835958286
4511 0.758359549209
4513 0.75835954823
4515 0.758358902757
4517 0.758358593562
4519 0.758352660552
4521 0.758343409267
4523 0.758325646345
4525 0.758321741312
4527 0.758304466862
4553 0.755301695693
4555 0.755301685793
4581 0.751845336864
4583 0.751841210211
4609 0.748923294771
4611 0.748921618434
4613 0.748902736936
4615 0.748902024187
4617 0.748883057584
4619 0.748883047261
4621 0.748877654048
4623 0.748877533833
4625 0.748873507144
4627 0.748873504261
4629 0.748871465417
4631 0.748869991879
4633 0.74885231451
4635 0.748844096675
4637 0.748830936326
4639 0.748820247657
4641 0.748819506422
4643 0.748818910854
4645 0.748811114998
4647 0.748809740461
4649 0.748799350062
4651 0.748794991944
4653 0.748789835834
4655 0.748774029312
4657 0.748771651173
4659 0.748756241625
4661 0.748753050411
4663 0.748752088156
4665 0.748748505271
4667 0.748747867042
4669 0.748744912808
4671 0.748744006172
4673 0.748736393856
4675 0.74873624649
4677 0.748732646217
4679 0.74873260657
4705 0.745164736213
4731 0.740823499753
4757 0.736361885471
4759 0.736357889514
4785 0.733393910623
4787 0.733392927181
4813 0.730050007763
4815 0.730050005639
4817 0.730036820297
4819 0.730035114939
4821 0.730017237229
4823 0.730015742509
4825 0.730003468682
4851 0.729012707299
4853 0.729011426939
4879 0.727580554308
4881 0.727577690475
4907 0.726456745238
4909 0.726452558363
4911 0.726450735257
4913 0.726435331247
4915 0.726434210673
4917 0.726419490843
4919 0.726406889189
4945 0.725688764276
4947 0.725671588769
4973 0.724451277107
4975 0.724437215417
5000 0.723863405526
5002 0.723863334706
5028 0.723111778584
5030 0.723104633036
5036 0.72300012171
5038 0.72299750808
5040 0.722984442472
5042 0.722982355455
5044 0.722969672507
5046 0.722968331952
5048 0.722961194579
5050 0.72294997401
5052 0.722943585324
5054 0.722933558803
5056 0.722927889258
5058 0.722920317639
5084 0.719430233501
5086 0.719428783928
5112 0.716705713377
5114 0.716705704936
5116 0.716695433063
5118 0.716692581231
5120 0.716675251204
5122 0.716674430178
5124 0.716654898638
5126 0.716653711997
5128 0.716635764973
5130 0.716635761698
5132 0.716618448294
5134 0.716618238741
5136 0.716617373424
5138 0.716617276704
5140 0.716617265891
5142 0.716616765581
5144 0.716616388293
5146 0.716611111935
5148 0.716603753172
5150 0.716587108155
5152 0.716585144593
5154 0.716568946775
5180 0.71500698067
5182 0.715006978311
5208 0.712900185162
5210 0.712893407797
5236 0.71114089487
5238 0.711139191553
5240 0.711121634388
5242 0.711120912554
5244 0.711103238665
5246 0.711103228342
5248 0.711099474347
5250 0.711099398702
5252 0.711096701161
5254 0.711096688622
5256 0.711095508391
5258 0.711094838615
5260 0.71107879577
5262 0.711072574061
5264 0.711060808601
5266 0.711052284256
5268 0.711052051201
5270 0.71105111842
5272 0.711045179722
5274 0.711044003707
5276 0.711035658911
5278 0.711032276833
5280 0.711028604146
5282 0.711014640548
5284 0.711013156998
5286 0.710999530178
5288 0.710997876166
5290 0.710997410278
5292 0.710995344686
5294 0.710995042368
5296 0.710993337553
5298 0.710992808095
5300 0.710988846501
5302 0.71098880781
5304 0.710988113406
5306 0.71098811155
5332 0.707842954617
5358 0.703986290706
5384 0.700085141908
5386 0.700082232014
5412 0.697346688885
5414 0.697346382884
5440 0.694277849515
5442 0.69427756785
5444 0.694265628336
5446 0.694263710483
5448 0.694248388826
5450 0.694246386426
5452 0.694237101514
5454 0.694221160449
5456 0.694219900268
5482 0.693351439216
5484 0.693348006918
5510 0.692670761282
5512 0.692667377517
5514 0.692665760148
5516 0.69265188008
5518 0.692650608899
5520 0.692637360958
5522 0.692625764982
5548 0.691888415895
5550 0.691873051138
5576 0.690583628904
5578 0.690571946811
5580 0.690559770693
5582 0.690559696635
5590 0.69041126279
5592 0.690406185125
5594 0.690389419101
5596 0.690387801551
5598 0.690376484233
5600 0.690375219195
5602 0.69036419542
5604 0.690363450842
5606 0.690358014707
5608 0.690348783486
5610 0.690343942509
5612 0.690335698517
5614 0.690331421191
5616 0.690325537062
5642 0.688233454337
5644 0.688232862346
5670 0.686586840454
5672 0.686586457723
5674 0.686575557253
5676 0.686573654291
5678 0.686556318647
5680 0.686555917313
5682 0.686537333026
5684 0.686536361721
5686 0.686519707829
5688 0.686519706756
5690 0.686503639965
5692 0.686503353479
5694 0.686502569108
5696 0.686502416638
5698 0.686502397104
5700 0.686501976094
5702 0.686501562377
5704 0.68649691755
5706 0.686491027975
5708 0.686475477369
5710 0.686474711106
5712 0.686459569978
5738 0.685725405883
5740 0.685725398621
5766 0.684466378869
5768 0.684458232945
5794 0.683419707845
5796 0.683417975156
5798 0.683401644381
5800 0.683400912256
5802 0.683384437675
5804 0.683384427222
5806 0.683381785299
5808 0.683381730958
5810 0.683379917195
5812 0.68337989569
5814 0.683379241327
5816 0.68337900729
5818 0.6833644455
5820 0.683359697596
5822 0.683349182878
5824 0.683342300953
5826 0.683342274154
5828 0.683341238089
5830 0.683336669592
5832 0.683335534086
5834 0.68332874145
5836 0.683326154059
5838 0.683323510984
5840 0.683311153752
5842 0.683310247956
5844 0.683298177385
5846 0.683297344351
5848 0.683297117877
5850 0.683295914117
5852 0.683295771748
5854 0.683294777053
5856 0.683294420478
5858 0.683292751958
5860 0.683292744138
5862 0.683292711178
5864 0.683292709024
5890 0.680738791206
5916 0.677534317106
5942 0.674324022099
5944 0.674321702112
5970 0.67186807102
5972 0.67186802113
5998 0.669121379282
6000 0.669120381141
6002 0.669109851145
6004 0.669107844806
6006 0.66909505377
6008 0.669092911485
6010 0.669086284481
6012 0.669079400393
6014 0.669078065438
6027 0.668819770699
6029 0.66881629082
6031 0.668796083439
6033 0.66879343163
6035 0.668791912593
6037 0.668779507171
6039 0.668778145735
6041 0.668766321643
6043 0.668755814344
6069 0.667988548042
6071 0.667975073168
6097 0.666632638195
6099 0.666623307834
6101 0.666612830663
6103 0.66661241068
6105 0.666593393873
6107 0.666589607636
6109 0.666574844379
6111 0.666573836476
6113 0.666564030002
6115 0.66656326205
6117 0.666553675362
6119 0.666553273785
6121 0.666549132217
6123 0.666541541276
6125 0.666537874506
6127 0.666531100871
6129 0.666527877319
6131 0.666523060326
6157 0.665293759964
6159 0.665293553544
6185 0.664308957403
6187 0.664307944995
6189 0.664296674847
6191 0.664295373429
6193 0.664278297674
6195 0.664278119623
6197 0.66426063739
6199 0.66425978686
6201 0.664244330949
6203 0.664244323234
6205 0.664229411852
6207 0.664229071991
6209 0.664228325796
6211 0.66422813182
6213 0.664228107081
6215 0.664227730794
6217 0.66422729822
6219 0.664223259975
6221 0.664218489808
6223 0.664204020835
6225 0.664203834195
6227 0.664189740043
6229 0.664176304236
6231 0.664175984771
6257 0.663331120817
6259 0.663323985985
6285 0.662630535972
6287 0.662628772249
6289 0.662613578234
6291 0.66261283378
6293 0.662597472741
6295 0.662597461873
6297 0.662595578896
6299 0.66259553518
6301 0.662594310292
6303 0.662594282392
6305 0.662593941979
6307 0.662593901728
6309 0.662580681948
6311 0.662577027019
6313 0.662567633771
6315 0.66256200647
6317 0.662561995417
6319 0.662560923867
6321 0.662557371258
6323 0.662556240823
6325 0.662550634395
6327 0.662548688667
6329 0.662546764385
6331 0.662535808516
6333 0.662535271419
6335 0.662524560644
6337 0.662524158659
6339 0.662524047949
6341 0.662523336736
6343 0.662523270274
6345 0.662522681719
6347 0.662522410655
6349 0.66252193279
6351 0.662521932159
6353 0.66252071963
6355 0.662520710018
6381 0.660594323586
6407 0.658073483641
6433 0.655554466669
6435 0.65555243708
6461 0.65340869544
6463 0.653408695058
6489 0.651004716638
6491 0.651002819991
6493 0.65099377521
6495 0.650991732932
6497 0.650981353509
6499 0.650979167291
6501 0.650974782901
6503 0.650969379051
6505 0.650967859797
6507 0.650947917941
6509 0.650944697601
6511 0.650924966337
6513 0.650922927868
6515 0.650921452838
6517 0.650910373506
6519 0.650908958028
6521 0.650898414284
6523 0.650888927358
6549 0.650094854736
6551 0.650083163202
6577 0.648699481497
6579 0.648692283928
6581 0.6486823441
6583 0.648681543547
6585 0.648663934408
6587 0.64866087896
6589 0.648648072688
6591 0.648647437592
6593 0.648638937868
6595 0.648638469471
6597 0.64863012859
6599 0.648629920257
6601 0.648626763932
6603 0.648620528365
6605 0.648617752214
6607 0.648612193609
6609 0.648609767172
6611 0.648605623768
6637 0.647892984437
6639 0.647892931256
6663 0.647366353131
6665 0.647364722333
6667 0.647353387584
6669 0.647352473853
6671 0.647335898156
6673 0.647335832107
6675 0.647319507962
6677 0.647318726891
6679 0.647304381575
6681 0.647304366825
6683 0.647290526877
6685 0.647290151833
6687 0.647289423854
6689 0.647289200836
6691 0.647289173351
6693 0.647288822786
6695 0.64728838055
6697 0.647284942038
6699 0.647281191002
6701 0.647267829562
6703 0.647267810475
6705 0.647254790687
6707 0.647248190392
6709 0.647247331448
6731 0.646783840873
6733 0.64677754805
6735 0.646757271474
6737 0.64675547909
6739 0.646741339671
6741 0.64674058311
6743 0.64672625677
6745 0.646726245473
6747 0.646724883928
6749 0.64672484561
6751 0.646724014046
6753 0.646723982069
6755 0.646723821925
6757 0.646723820408
6759 0.646711816598
6761 0.646708976095
6763 0.646700588302
6765 0.646695925944
6767 0.646695816016
6769 0.646694726979
6771 0.646691931819
6773 0.646690798417
6775 0.646686105275
6777 0.646684672693
6779 0.646683253439
6781 0.646673521294
6783 0.646673215591
6785 0.646663694117
6787 0.646663512641
6789 0.646663458092
6791 0.646663030556
6793 0.646662999932
6795 0.646662645492
6797 0.64666242038
6799 0.646662377295
6801 0.646662377121
6803 0.646658797485
6805 0.646658780937
6831 0.645296640208
6857 0.643394603049
6883 0.641484839416
6885 0.641482910128
6911 0.639653752011
6913 0.639653714606
6939 0.637590257214
6941 0.637587433963
6943 0.637579770665
6945 0.637577701546
6947 0.637569428083
6949 0.637567265775
6951 0.637564599601
6953 0.63755943171
6955 0.637557739062
6957 0.637538242355
6959 0.637535209307
6961 0.637515943459
6963 0.637514403001
6965 0.637512943801
6967 0.637503031056
6969 0.637501582595
6971 0.637492165344
6973 0.637483616609
6999 0.636671662592
7001 0.636661622309
7027 0.635249621942
7029 0.635244299375
7031 0.635234929606
7033 0.635233819038
7035 0.635217631161
7037 0.635215006321
7039 0.635204086039
7041 0.635203680241
7043 0.635196311507
7045 0.635196024038
7047 0.635188763917
7049 0.635188661935
7051 0.635186255517
7053 0.63518114311
7055 0.635179042259
7057 0.635174490235
7059 0.635172666317
7061 0.635168937531
7063 0.635150406777
7065 0.635150381817
7067 0.635130316445
7069 0.635128553102
7071 0.635118273884
7073 0.635117621985
7075 0.635102277794
7077 0.635102262661
7079 0.635087116482
7081 0.635086375878
7083 0.635073060519
7085 0.635073040396
7087 0.63506019427
7089 0.635059796665
7091 0.635059077362
7093 0.635058834371
7095 0.635058805532
7097 0.635058469897
7099 0.635058022705
7101 0.635055159993
7103 0.63505218264
7105 0.635039939283
7107 0.635039929512
7109 0.635027995788
7111 0.635023320924
7113 0.635021837938
7115 0.635001796572
7117 0.634996683819
7119 0.634976787676
7121 0.634974969064
7123 0.634961808651
7125 0.634961040303
7127 0.634947675942
7129 0.634947664201
7131 0.634946663597
7133 0.634946627975
7135 0.634946059866
7137 0.634946025466
7139 0.634945962369
7141 0.634945903973
7143 0.634935001846
7145 0.634932771338
7147 0.634925284813
7149 0.634921369792
7151 0.634921097095
7153 0.634919995829
7155 0.634917768892
7157 0.634916630953
7159 0.634912646285
7161 0.634911619234
7163 0.634910557327
7165 0.634901894856
7167 0.634901730934
7169 0.634893250663
7171 0.634893177376
7173 0.634893150198
7175 0.634892887619
7177 0.634892873781
7179 0.634892655622
7181 0.634892457544
7183 0.634892433934
7185 0.634892432509
7187 0.634885992609
7189 0.634885970772
7215 0.633976256534
7241 0.632583062049
7267 0.631167462067
7269 0.631165504774
7295 0.629637214523
7297 0.629637116666
7323 0.627894931944
7325 0.627891241446
7327 0.627884798857
7329 0.627882707078
7331 0.627876197977
7333 0.627874055363
7335 0.627872610073
7337 0.627867671304
7339 0.627865839139
7341 0.627846778039
7343 0.627843880871
7345 0.627825069826
7347 0.627823930026
7349 0.627822472007
7351 0.627813586638
7353 0.627812117335
7355 0.627803692226
7357 0.627796004607
7383 0.626976078679
7385 0.626967554619
7411 0.625541355073
7413 0.625537634202
7415 0.625528861668
7417 0.625527523152
7419 0.625512756206
7421 0.625510393976
7423 0.625501263281
7425 0.62550099954
7427 0.62549461022
7429 0.625494432364
7431 0.625488110402
7433 0.625488064891
7435 0.625486229296
7437 0.625482084697
7439 0.625480495643
7441 0.625476810339
7443 0.625475441414
7445 0.625471887371
7447 0.625453698603
7449 0.625453685665
7451 0.625433984865
7453 0.625432107066
7455 0.625422790316
7457 0.625422308655
7459 0.625408100124
7461 0.62540809973
7463 0.625394042289
7465 0.62539332541
7467 0.62538096555
7469 0.625380941772
7471 0.625369017735
7473 0.62536860583
7475 0.62536789061
7477 0.625367633786
7479 0.625367604324
7481 0.62536727736
7483 0.625366827613
7485 0.625364485754
7487 0.625362091366
7489 0.625350916775
7491 0.625350848351
7493 0.62533995391
7495 0.625335446536
7497 0.625333433041
7499 0.625313735403
7501 0.625309309184
7503 0.625289787051
7505 0.625287943783
7507 0.625275692807
7509 0.625274912826
7511 0.625262443368
7513 0.625262431158
7515 0.62526168249
7517 0.625261648112
7519 0.62526125706
7521 0.625261221311
7523 0.625261204397
7525 0.625261033728
7527 0.62525112975
7529 0.62524935867
7531 0.625242679888
7533 0.625239347801
7535 0.625238881739
7537 0.625237770291
7539 0.625235972424
7541 0.625234829914
7543 0.625231399042
7545 0.62523068768
7547 0.625229880584
7549 0.625222154161
7551 0.625222074034
7553 0.62521450629
7555 0.625214482328
7557 0.625214468573
7559 0.625214303052
7561 0.625214296983
7563 0.625214159108
7565 0.625213978505
7567 0.625213820178
7569 0.625213817178
7571 0.625204589895
7573 0.625204564094
7599 0.624628360992
7625 0.623627492565
7651 0.622591338935
7653 0.622589262262
7679 0.621335668791
7681 0.621335516824
7707 0.619884496237
7709 0.619880042089
7711 0.619874654635
7713 0.619872544477
7715 0.619867482846
7717 0.61986535582
7719 0.619864707658
7721 0.619859990969
7723 0.619858047456
7725 0.619839412474
7727 0.619836614202
7729 0.619818247575
7731 0.619817426379
7733 0.61981596214
7735 0.619807982565
7737 0.619806499479
7739 0.619798949133
7741 0.619792049995
7767 0.618974633613
7769 0.618967488277
7795 0.617541841747
7797 0.617539437908
7799 0.617531283611
7801 0.617529784908
7803 0.617516423661
7805 0.61751422649
7807 0.617506764696
7809 0.617506589746
7811 0.617501049017
7813 0.617500937838
7815 0.617495430734
7817 0.617495413481
7819 0.617494012443
7821 0.617490651568
7823 0.617489450267
7825 0.617486466361
7827 0.617485440721
7829 0.617482028844
7831 0.617464176526
7833 0.617464170604
7835 0.617444828132
7837 0.617442852213
7839 0.617434412838
7841 0.617434043765
7843 0.617420882767
7845 0.617420879203
7847 0.617407828252
7849 0.61740712522
7851 0.617395651938
7853 0.617395625821
7855 0.617384557428
7857 0.617384136512
7859 0.617383423176
7861 0.617383156555
7863 0.617383126843
7865 0.617382804857
7867 0.61738235379
7869 0.617380454992
7871 0.617378478097
7873 0.617368267418
7875 0.617368114081
7877 0.617358157934
7879 0.617353817598
7881 0.617351419539
7883 0.617332061415
7885 0.617328044861
7887 0.617308890107
7889 0.617307023332
7891 0.617295617556
7893 0.617294826038
7895 0.617283189425
7897 0.61728317672
7899 0.617282605502
7901 0.617282571574
7903 0.617282299983
7905 0.61728226354
7907 0.617282262545
7909 0.617281951034
7911 0.617272951359
7913 0.617271528351
7915 0.617265573303
7917 0.617262699153
7919 0.617262030467
7921 0.617260910033
7923 0.617259438382
7925 0.617258291609
7927 0.617255296898
7929 0.617254826452
7931 0.617254202569
7933 0.617247296131
7935 0.617247262711
7937 0.617240495555
7939 0.617240490895
7941 0.617240483781
7943 0.617240376177
7945 0.617240373638
7947 0.617240283739
7949 0.61724011545
7951 0.617239825818
7953 0.617239821263
7955 0.617228244319
7957 0.617228215439
7959 0.617213970637
7985 0.616441875732
8011 0.615629274285
8013 0.615627011333
8039 0.614615122096
8041 0.614614933509
8067 0.613419590434
8069 0.61341449308
8071 0.613410000883
8073 0.613407876451
8075 0.613403980431
8077 0.613401865192
8079 0.613401669002
8081 0.613397167204
8083 0.61339513515
8085 0.613376916738
8087 0.613374190498
8089 0.613356257972
8091 0.613355686359
8093 0.613354212452
8095 0.613347032302
8097 0.613345539605
8099 0.613338761308
8101 0.613332581789
8127 0.612528239092
8129 0.612522333405
8155 0.611111982155
8157 0.611110604675
8159 0.611103082366
8161 0.611101473237
8163 0.611089486843
8165 0.611087396392
8167 0.611081460805
8169 0.611081341943
8171 0.611076536729
8173 0.611076466319
8175 0.611071667313
8177 0.611071662695
8179 0.611070592551
8181 0.611067866481
8183 0.611066958833
8185 0.611064542623
8187 0.611063775712
8189 0.611060479816
8191 0.611042958552
8193 0.611042956398
8195 0.611023966142
8197 0.611021906597
8199 0.61101426677
8201 0.611013973445
8203 0.611001778885
8205 0.611001764218
8207 0.610989643894
8209 0.610988948825
8211 0.610978298236
8213 0.610978270685
8215 0.610967996329
8217 0.610967569737
8219 0.610966857258
8221 0.61096658346
8223 0.610966553685
8225 0.610966234465
8227 0.610965782729
8229 0.61096425917
8231 0.610962584833
8233 0.610953244188
8235 0.610952998702
8237 0.610943890271
8239 0.610939714721
8241 0.610937050032
8243 0.610918026307
8245 0.610914258192
8247 0.610895464078
8249 0.610893574672
8251 0.610882954691
8253 0.610882151692
8255 0.610871290429
8257 0.610871277204
8259 0.610870832188
8261 0.610870798283
8263 0.610870607666
8265 0.610870570916
8267 0.610870568556
8269 0.610870105163
8271 0.610861924746
8273 0.610860767093
8275 0.610855460324
8277 0.610852948465
8279 0.610852081102
8281 0.610850952598
8283 0.610849730724
8285 0.610848580051
8287 0.610845931406
8289 0.610845639882
8291 0.610845148903
8293 0.610838961563
8295 0.610838951509
8297 0.610832887489
8299 0.610832887476
8301 0.610832883687
8303 0.610832811217
8305 0.610832810234
8307 0.610832749486
8309 0.610832592954
8311 0.610832417985
8313 0.610832411496
8315 0.610820529089
8317 0.610820496729
8319 0.610811079333
8345 0.610220603479
8371 0.609586272846
8373 0.609583775099
8399 0.608778339476
8401 0.608778133263
8427 0.607801807522
8429 0.607796187763
8431 0.607792443765
8433 0.607790308806
8435 0.607787336252
8437 0.607785229443
8439 0.607785216027
8441 0.607780921886
8443 0.607778819453
8445 0.607761008108
8447 0.607758334261
8449 0.607740825665
8451 0.60774044574
8453 0.6077389609
8455 0.607732487056
8457 0.607730987296
8459 0.607724891109
8461 0.607719365695
8487 0.606938245486
8489 0.606933440311
8515 0.605552488568
8517 0.605551847061
8519 0.605544962357
8521 0.605543277444
8523 0.605532619632
8525 0.605530600212
8527 0.605526029745
8529 0.605525946751
8531 0.605521779255
8533 0.605521733938
8535 0.605517550529
8537 0.605517550171
8539 0.605516732059
8541 0.605514520298
8543 0.605513834944
8545 0.605511878283
8547 0.605511306138
8549 0.605508105085
8551 0.605490909648
8553 0.605490909206
8555 0.605472265224
8557 0.605470134756
8559 0.605463223326
8561 0.605462981818
8563 0.60545167909
8565 0.605451650666
8567 0.605440391021
8569 0.605439700402
8571 0.605429813298
8573 0.6054297849
8575 0.605420247467
8577 0.60541981729
8579 0.605419105214
8581 0.60541882594
8583 0.605418796196
8585 0.605418478415
8587 0.605418026369
8589 0.605416818936
8591 0.6054153663
8593 0.605406811588
8595 0.605406476922
8597 0.605398134929
8599 0.60539412085
8601 0.605391275071
8603 0.605372580166
8605 0.605368963894
8607 0.605350523711
8609 0.605348612377
8611 0.605338723217
8613 0.605337908772
8615 0.60532776957
8617 0.605327755799
8619 0.605327401458
8621 0.605327367352
8623 0.605327231918
8625 0.605327195076
8627 0.605327182137
8629 0.605326566953
8631 0.605319128777
8633 0.605318174749
8635 0.605313448507
8637 0.605311225274
8639 0.605310170915
8641 0.605309035132
8643 0.605308005899
8645 0.605306851683
8647 0.605304479621
8649 0.605304315839
8651 0.605303922172
8653 0.605298366187
8655 0.605298365144
8657 0.605292919382
8659 0.605292917397
8661 0.605292915299
8663 0.605292864542
8665 0.605292864211
8667 0.605292821511
8669 0.605292672782
8671 0.605292587905
8673 0.605292579855
8675 0.605280570476
8677 0.605280535657
8679 0.605274604067
8681 0.605256246647
8703 0.604804052428
8705 0.604801286551
8731 0.604168001357
8733 0.604167793625
8759 0.603375464939
8761 0.603369434715
8763 0.603366308521
8765 0.603364166303
8767 0.603361915029
8769 0.603359813795
8771 0.6033597824
8773 0.603355688682
8775 0.603353530166
8777 0.603336116386
8779 0.603333480492
8781 0.603316385731
8783 0.603316149088
8785 0.603314653267
8787 0.603308804107
8789 0.603307298906
8791 0.603301805985
8793 0.603296872193
8819 0.602548232506
8821 0.602544390504
8847 0.601205719322
8849 0.601205530426
8851 0.601199280167
8853 0.601197542973
8855 0.601188152939
8857 0.601186182296
8859 0.601182802035
8861 0.601182742298
8863 0.60117912786
8865 0.601179098113
8867 0.601175450087
8869 0.601175449726
8871 0.601174823643
8873 0.601173028661
8875 0.6011725115
8877 0.601170926888
8879 0.601170501158
8881 0.601167377794
8883 0.601150503021
8885 0.601150503021
8887 0.601132199438
8889 0.601130009071
8891 0.601123760961
8893 0.601123555445
8895 0.60111307584
8897 0.601113033655
8899 0.601102570136
8901 0.601101881875
8903 0.601092703316
8905 0.601092674442
8907 0.601083820924
8909 0.60108338847
8911 0.601082676626
8913 0.601082392988
8915 0.60108236332
8917 0.601082046181
8919 0.601081594038
8921 0.601080651217
8923 0.60107936265
8925 0.601071518416
8927 0.601071102515
8929 0.601063453934
8931 0.601059597369
8933 0.601056629394
8935 0.601038257408
8937 0.601034733881
8939 0.6010166409
8941 0.601014708218
8943 0.601005498907
8945 0.601004673034
8947 0.600995206413
8949 0.60099519207
8951 0.60099490356
8953 0.600994869151
8955 0.600994771557
8957 0.600994734737
8959 0.600994706922
8961 0.600993946798
8963 0.600987181091
8965 0.600986384377
8967 0.600982177811
8969 0.600980186076
8971 0.600978960509
8973 0.60097781815
8975 0.600976938577
8977 0.600975781147
8979 0.600973631684
8981 0.600973553608
8983 0.600973231879
8985 0.600968230846
8987 0.600968230285
8989 0.600963328767
8991 0.600963322281
8993 0.600963321061
8995 0.600963283996
8997 0.600963283914
8999 0.600963252616
9001 0.600963112782
9003 0.600963095862
9005 0.60096308587
9007 0.600952103178
9009 0.600952065355
9011 0.600947306738
9013 0.600931086484
9015 0.600910859743
9017 0.600907805535
9019 0.600887780268
9021 0.600887648553
9047 0.600184856326
9049 0.600178891931
9051 0.600176079169
9053 0.600173943839
9055 0.60017194059
9057 0.600169826345
9059 0.600169720374
9061 0.600165819214
9063 0.600163615796
9065 0.600146588607
9067 0.600143980015
9069 0.600127287627
9071 0.600127153954
9073 0.600125647772
9075 0.600120351703
9077 0.600118842145
9079 0.600113883328
9081 0.600109481602
9107 0.599401293604
9109 0.599398281367
9135 0.598113077759
9137 0.598113071829
9139 0.598107443958
9141 0.598105670268
9143 0.598097474412
9145 0.598095538432
9147 0.598093164896
9149 0.598093120471
9151 0.598089985771
9153 0.598089965779
9155 0.598086783543
9157 0.598086781207
9159 0.598086301498
9161 0.598084844335
9163 0.598084454368
9165 0.598083171002
9167 0.598082855167
9169 0.598079795522
9171 0.59806323633
9173 0.598063236028
9175 0.598045267059
9177 0.598043026272
9179 0.598037381991
9181 0.59803720181
9183 0.59802748206
9185 0.598027427318
9187 0.598017700365
9189 0.598017013226
9191 0.598008492242
9193 0.598008463122
9195 0.59800024434
9197 0.597999810425
9199 0.59799909878
9201 0.597998811517
9203 0.597998781949
9205 0.597998464978
9207 0.597998012874
9209 0.597997289813
9211 0.597996123696
9213 0.597988922201
9215 0.597988434964
9217 0.59798141415
9219 0.597977710795
9221 0.597974660051
9223 0.597956604943
9225 0.597953137501
9227 0.597935385038
9229 0.597933431509
9231 0.597924854767
9233 0.597924017473
9235 0.597915177473
9237 0.597915162532
9239 0.597914922317
9241 0.597914887568
9243 0.597914816108
9245 0.597914779364
9247 0.597914735292
9249 0.597913840891
9251 0.597907684479
9253 0.597907010141
9255 0.59790326862
9257 0.597901463782
9259 0.597900084539
9261 0.597898936235
9263 0.597898173776
9265 0.597897013435
9267 0.59789504434
9269 0.59789501765
9271 0.597894749623
9273 0.597890236972
9275 0.597890232099
9277 0.597885810246
9279 0.597885798713
9281 0.59788579796
9283 0.597885769713
9285 0.597885769706
9287 0.597885745766
9289 0.597885613767
9291 0.597885612158
9293 0.597885600277
9295 0.597875651888
9297 0.597875611351
9299 0.597870940798
9301 0.597854903056
9303 0.597834910888
9305 0.59783158503
9307 0.597814254353
9309 0.597814172963
9335 0.59719188569
9337 0.597185947682
9339 0.597183412224
9341 0.597181280615
9343 0.597179495103
9345 0.597177370966
9347 0.597177155654
9349 0.597173439975
9351 0.597171200367
9353 0.597154550506
9355 0.597151961361
9357 0.597135661614
9359 0.597135597497
9361 0.597134081939
9363 0.597129276144
9365 0.597127763014
9367 0.597123277607
9369 0.59711935135
9395 0.596458012794
9397 0.596455703032
9423 0.595233132219
9425 0.595233059473
9427 0.595228033446
9429 0.595226233886
9431 0.5952191482
9433 0.595217237773
9435 0.595215684452
9437 0.595215650271
9439 0.595212931797
9441 0.595212917987
9443 0.595210141146
9445 0.595210136099
9447 0.59520976802
9449 0.595208584747
9451 0.595208290918
9453 0.595207251497
9455 0.595207018001
9457 0.595204010693
9459 0.595187762156
9461 0.595187761146
9463 0.595170121186
9465 0.595167838113
9467 0.595162743304
9469 0.595162581156
9471 0.595153563041
9473 0.595153497385
9475 0.595144452081
9477 0.595143765354
9479 0.595135854693
9481 0.595135825467
9483 0.595128195823
9485 0.595127760966
9487 0.595127049557
9489 0.595126759174
9491 0.595126729716
9493 0.595126412638
9495 0.595125960673
9497 0.595125418357
9499 0.595124344265
9501 0.595117724685
9503 0.595117176281
9505 0.595110724223
9507 0.595107169622
9509 0.595104062109
9511 0.595086317903
9513 0.595082883624
9515 0.595065465163
9517 0.595063491243
9519 0.595055503227
9521 0.595054654515
9523 0.595046398469
9525 0.595046382904
9527 0.595046178484
9529 0.595046143393
9531 0.595046090125
9533 0.595046053477
9535 0.595045993422
9537 0.595044977267
9539 0.595039372988
9541 0.595038794519
9543 0.595035469019
9545 0.595033816031
9547 0.595032300902
9549 0.595031147229
9551 0.59503047707
9553 0.595029314106
9555 0.595027492122
9557 0.595027488999
9559 0.595027261449
9561 0.595023179154
9563 0.595023167529
9565 0.595019168972
9567 0.595019152731
9569 0.595019152235
9571 0.595019129789
9573 0.595019129787
9575 0.595019110696
9577 0.595018983447
9579 0.595018946001
9581 0.595018932858
9583 0.595009870624
9585 0.59500982845
9587 0.59500524726
9589 0.594989391692
9591 0.594969632018
9593 0.594966073885
9595 0.594951132131
9597 0.594951083868
9618 0.594522058222
9620 0.594516206968
9622 0.594513879651
9624 0.594511752681
9626 0.594510131001
9628 0.594507996858
9630 0.594507671647
9632 0.594504134375
9634 0.59450186535
9636 0.594485583402
9638 0.594483007907
9640 0.594467090951
9642 0.594467068847
9644 0.594465545076
9646 0.594461174355
9648 0.594459658245
9650 0.594455592912
9652 0.594452088573
9678 0.593842254209
9680 0.593840527758
9706 0.592687544457
9708 0.592687180179
9710 0.592682727807
9712 0.5926809096
9714 0.592674842396
9716 0.5926729515
9718 0.592672034245
9720 0.592672007031
9722 0.592669649723
9724 0.592669639883
9726 0.592667215983
9728 0.59266720813
9730 0.592666925235
9732 0.59266596407
9734 0.592665742863
9736 0.592664901004
9738 0.592664729073
9740 0.592661764779
9742 0.592645822023
9744 0.592645820117
9746 0.592628503629
9748 0.592626185198
9750 0.59262159018
9752 0.592621440972
9754 0.592613070854
9756 0.592612995978
9758 0.592604581635
9760 0.592603894923
9762 0.592596550731
9764 0.592596521484
9766 0.592589438656
9768 0.592589003191
9770 0.592588292082
9772 0.592587998937
9774 0.592587969596
9776 0.592587652252
9778 0.592587200508
9780 0.592586805038
9782 0.592585800455
9784 0.592579708097
9786 0.592579108093
9788 0.59257317167
9790 0.592569761305
9792 0.592566614012
9794 0.592549174735
9796 0.592545759205
9798 0.592528668302
9800 0.592526674409
9802 0.59251923439
9804 0.592518374259
9806 0.592510662489
9808 0.592510646271
9810 0.592510468636
9812 0.592510433225
9814 0.592510392731
9816 0.592510356179
9818 0.592510281289
9820 0.592509156493
9822 0.5925040526
9824 0.592503549761
9826 0.592500596277
9828 0.592499067409
9830 0.59249743353
9832 0.59249627501
9834 0.592495678097
9836 0.592494512772
9838 0.592492811526
9840 0.592492809618
9842 0.59249261287
9844 0.592488910272
9846 0.592488890914
9848 0.59248526638
9850 0.592485246103
9852 0.592485245752
9854 0.5924852272
9856 0.59248522718
9858 0.59248521135
9860 0.592485087047
9862 0.592484976948
9864 0.592484962967
9866 0.592476662006
9868 0.592476618867
9870 0.592472127982
9872 0.59245645402
9874 0.59243692468
9876 0.592433164567
9878 0.592419882184
9880 0.592419855578
9882 0.592399499777
9884 0.592393962148
9886 0.592391710077
9888 0.592389594799
9890 0.592388037637
9892 0.592385888557
9894 0.592385529225
9896 0.59238216315
9898 0.592379869971
9900 0.592363946023
9902 0.592361379898
9904 0.59234583543
9906 0.592345832782
9908 0.592344302021
9910 0.592340317828
9912 0.592338799211
9914 0.592335107043
9916 0.592331974291
9942 0.5917765187
9944 0.591775266259
9970 0.590696584996
9972 0.590695733475
9974 0.590691820191
9976 0.590689988344
9978 0.590684843258
9980 0.5906829678
9982 0.590682509768
9984 0.590682487368
9986 0.590680443478
9988 0.590680436225
9990 0.590678319689
9992 0.590678309236
9994 0.590678091391
9996 0.590677310386
9998 0.590677143999
10000 0.590676462152
10002 0.590676336144
10004 0.590673407216
10006 0.590657765406
10008 0.59065776255
10010 0.590640764056
10012 0.590638416146
10014 0.590634275517
10016 0.590634135643
10018 0.590626364096
10020 0.590626281559
10022 0.590618451379
10024 0.590617764476
10026 0.59061094605
10028 0.590610916831
10030 0.590604341537
10032 0.59060390568
10034 0.590603194951
10036 0.59060289931
10038 0.590602870086
10040 0.590602552392
10042 0.590602100934
10044 0.590601822902
10046 0.590600870987
10048 0.590595256633
10050 0.590594613589
10052 0.590589144957
10054 0.590585874307
10056 0.590582698298
10058 0.59056555801
10060 0.59056215215
10062 0.590545382434
10064 0.590543368957
10066 0.590536439082
10068 0.590535567526
10070 0.590528363115
10072 0.590528346218
10074 0.590528188805
10076 0.5905281531
10078 0.590528121662
10080 0.590528085198
10082 0.590527997015
10084 0.590526776483
10086 0.590522126137
10088 0.590521683372
10090 0.590519062415
10092 0.590517635585
10094 0.590515898924
10096 0.59051473603
10098 0.590514197621
10100 0.590513030175
10102 0.590511428621
10104 0.590511410155
10106 0.590511237062
10108 0.590507869901
10110 0.590507842693
10112 0.590504549078
10114 0.590504525497
10116 0.59050452523
10118 0.590504509343
10120 0.5905045093
10122 0.590504495705
10124 0.590504373275
10126 0.590504164858
10128 0.590504150312
10130 0.590496505071
10132 0.590496461384
10134 0.590492061431
10136 0.590476568289
10138 0.590457267042
10140 0.590453327095
10142 0.590440179451
10144 0.590440166471
10146 0.590419973681
10148 0.590414676167
10150 0.590412495621
10152 0.590410387791
10154 0.590408891747
10156 0.590406731666
10158 0.590406337601
10160 0.59040313611
10162 0.590400822876
10164 0.590385248135
10166 0.590382688244
10168 0.59036750708
10170 0.590367505564
10172 0.590365969031
10174 0.590362328646
10176 0.590360807926
10178 0.590357447641
10180 0.590354639562
10182 0.590334973501
10184 0.59033385927
10210 0.589302003211
10212 0.589300800517
10214 0.58929721274
10216 0.589295376541
10218 0.589290594748
10220 0.589288718871
10222 0.589288453875
10224 0.589288434848
10226 0.589286662962
10228 0.589286657408
10230 0.589284808624
10232 0.589284795916
10234 0.589284627788
10236 0.589283992951
10238 0.589283867921
10240 0.58928331568
10242 0.589283223834
10244 0.589280323991
10246 0.589264978342
10248 0.589264974562
10250 0.589248288655
10252 0.58924591624
10254 0.589242188523
10256 0.589242055394
10258 0.589234836879
10260 0.589234748038
10262 0.58922745882
10264 0.589226771632
10266 0.589220441198
10268 0.589220412036
10270 0.589214307816
10272 0.589213871714
10274 0.589213161447
10276 0.589212863512
10278 0.589212834408
10280 0.589212516322
10282 0.589212065211
10284 0.589211879151
10286 0.589210967185
10288 0.589205786523
10290 0.589205107864
10292 0.589200063907
10294 0.589196928503
10296 0.589193730974
10298 0.589176883812
10300 0.589173481913
10302 0.589157027108
10304 0.589154994414
10306 0.589148539496
10308 0.589147656505
10310 0.589140925104
10312 0.589140907499
10314 0.589140765473
10316 0.589140729504
10318 0.589140704549
10320 0.589140668159
10322 0.589140568342
10324 0.589139264294
10326 0.589135025106
10328 0.589134630379
10330 0.589132306521
10332 0.589130964039
10334 0.589129139139
10336 0.589127972299
10338 0.58912748091
10340 0.589126311564
10342 0.58912479281
10344 0.589124743851
10346 0.589124589081
10348 0.589121518646
10350 0.589121483968
10352 0.589118483526
10354 0.589118457317
10356 0.589118457103
10358 0.589118443068
10360 0.589118443005
10362 0.589118430966
10364 0.589118309761
10366 0.589117985986
10368 0.589117971048
10370 0.589110892077
10372 0.589110848095
10374 0.589106539422
10376 0.589091226145
10378 0.589072150698
