26    5.14171991822
52    5.06129510604
74    4.93717970924
100    4.83999237705
126    4.83915080175
152    4.81518715416
178    4.78873909308
204    4.62892541478
215    4.50439975237
241    4.38163500087
243    4.38163431893
269    4.35514626431
295    4.3321369038
321    4.30668806423
347    4.18360204295
349    4.18360030666
375    4.18038735667
395    4.05663800814
421    4.04733718712
447    3.92445697238
473    3.91645158871
499    3.83389808303
525    3.82619280987
551    3.76652393906
577    3.72070646284
603    3.59565132265
622    3.47097568815
648    3.34693655865
674    3.3235340167
700    3.21283135751
726    3.19377279171
752    3.17512234402
778    3.10534730126
799    2.98106597841
825    2.96957946016
845    2.84609323682
871    2.80357382668
893    2.67827020825
919    2.56356030392
945    2.44195506621
947    2.44195250026
973    2.41645098044
999    2.38459613006
1025    2.36042564292
1051    2.28896359892
1077    2.18758943119
1079    2.18756731436
1105    2.06718114565
1131    2.03023471214
1157    1.88671426353
1167    1.76211299519
1193    1.7335451328
1195    1.73354497176
1221    1.61101824043
1238    1.60898530394
1264    1.58138176619
1290    1.3232162479
1316    1.29626819884
1342    1.26282267441
1368    1.23323054625
1394    1.21433914718
1396    1.21433912964
1422    1.21031394538
1448    1.20954466285
1474    1.1990363432
1500    1.18763351135
1526    1.17930153473
1528    1.17930153452
1530    1.17929535397
1532    1.17929535391
1558    1.16849130359
1584    1.16058319948
1610    1.1493438972
1612    1.1493417542
1614    1.14934046247
1640    1.14653500141
1642    1.14653499906
1668    1.14177329602
1694    1.1331498177
1720    1.1265642191
1746    1.11820289791
1748    1.11819819797
1774    1.11170141565
1800    1.09688823715
1826    1.08591014345
1828    1.08591011297
1830    1.08590898832
1846    1.08539235498
1848    1.08537970057
1874    1.08384039175
1900    1.07414131585
1926    1.06270134093
1928    1.06270132275
1954    1.05566397997
1956    1.05566397548
1982    1.04255890664
1984    1.04255601128
1995    1.04217632831
1997    1.04216547869
1999    1.04216547819
2025    1.03129269484
2051    1.02251358741
2077    1.01238220466
2103    1.00183701507
2129    0.999175707293
2155    0.99853215145
2157    0.998532104954
2183    0.987618866255
2209    0.985444163506
2211    0.985444156504
2237    0.970887409305
2239    0.970887409255
2241    0.97088647302
2243    0.970874123826
2269    0.955460854128
2295    0.930041234698
2321    0.923858095254
2347    0.913655930902
2373    0.906115410324
2399    0.898195609057
2401    0.898195608019
2406    0.898094339627
2432    0.89741645548
2458    0.893129799262
2484    0.88671452325
2510    0.882846422032
2512    0.882846422021
2514    0.88284578268
2516    0.882845782589
2542    0.878745170017
2568    0.875292443262
2594    0.868440805156
2596    0.868440795036
2598    0.868438565346
2624    0.866125988846
2626    0.866125988646
2652    0.86268688061
2678    0.855958456062
2704    0.851320385286
2730    0.850123650716
2732    0.850122907545
2755    0.849401346802
2781    0.839966500414
2807    0.836190494467
2809    0.836190494061
2811    0.836190165264
2813    0.836184907696
2815    0.836184349235
2820    0.836082049034
2846    0.831111675598
2872    0.82894002763
2874    0.828940020865
2900    0.825116336181
2902    0.825116335063
2928    0.818797846557
2930    0.818795699065
2932    0.818792493026
2934    0.818791891365
2936    0.818791890998
2962    0.814524791002
2988    0.810919313064
3014    0.804633747069
3040    0.802709031506
3042    0.802697434781
3044    0.802674881911
3046    0.802674854643
3072    0.796439567393
3092    0.795821772744
3094    0.795821769651
3120    0.788117173447
3122    0.788117173426
3124    0.788117118381
3126    0.788106716519
3152    0.778114741555
3178    0.769986485496
3204    0.766326236752
3230    0.762203078487
3256    0.759670005326
3282    0.755126388936
3284    0.755126388555
3286    0.75511612175
3288    0.755094225378
3314    0.753229897751
3340    0.748669936972
3366    0.746312987986
3368    0.74631298795
3370    0.746312760901
3372    0.746312760839
3398    0.744636602372
3424    0.742511074449
3450    0.737756172175
3452    0.737756167735
3454    0.737753831567
3480    0.735931338586
3482    0.735931338453
3508    0.73350792759
3534    0.727447067974
3560    0.724138160656
3562    0.724121324476
3564    0.724121146764
3566    0.724112762953
3592    0.717395852089
3618    0.715567513978
3620    0.715567513779
3622    0.715567362186
3624    0.715565171722
3626    0.7155650726
3628    0.715542781497
3654    0.712701325819
3665    0.712424109948
3667    0.712424107795
3693    0.710298061914
3695    0.710298061646
3721    0.706388093533
3723    0.706386418491
3725    0.70638594147
3727    0.70638589032
3729    0.706385890147
3755    0.704615803184
3781    0.702531344348
3807    0.697789747687
3814    0.697634566145
3816    0.697629953054
3818    0.697610316987
3820    0.697610315766
3846    0.693218401482
3848    0.693196555147
3850    0.693196553198
3876    0.689052853649
3878    0.689052853641
3880    0.689052848753
3882    0.689043896327
3908    0.681748978102
3934    0.6784714018
3960    0.675688246879
3986    0.673898289383
4012    0.672919815031
4038    0.669739222999
4040    0.669739222888
4042    0.669734695897
4044    0.669717023349
4070    0.668810722249
4096    0.665195719625
4122    0.663503904452
4124    0.663503904421
4126    0.663503761482
4128    0.663503761439
4154    0.662722134021
4180    0.661104264166
4206    0.657640363464
4208    0.65764035803
4210    0.657638216209
4236    0.656235506703
4238    0.656235506614
4264    0.654561983914
4290    0.649110495102
4316    0.646724614669
4318    0.646714947482
4320    0.646714888948
4322    0.6467114602
4348    0.641781914722
4374    0.640839999552
4376    0.640839999416
4378    0.640839922885
4380    0.640838999095
4382    0.640838981253
4384    0.640817478036
4410    0.638821786817
4412    0.638805433777
4414    0.638805433257
4440    0.637552216926
4442    0.637552216865
4468    0.634755982672
4470    0.634754620334
4472    0.634754541576
4474    0.634754521246
4476    0.634754521137
4502    0.633935719593
4528    0.632405818353
4554    0.628557787073
4556    0.628542899419
4558    0.628538827159
4560    0.628522607368
4562    0.628522607361
4588    0.625224576408
4590    0.62520382034
4592    0.625203818909
4618    0.62287845519
4620    0.622878455185
4622    0.622878454866
4624    0.622870745868
4650    0.617125970698
4676    0.615695874027
4702    0.613406561147
4728    0.612607845377
4730    0.612588142371
4756    0.610010475571
4758    0.610010475541
4760    0.610008432855
4762    0.60999465281
4764    0.60997215721
4790    0.606967293302
4816    0.605618307201
4818    0.605618307181
4820    0.60561819986
4822    0.60561819983
4824    0.605598951471
4850    0.604241200914
4876    0.601636131225
4878    0.601636127356
4880    0.601634240728
4906    0.600563485808
4908    0.600563485746
4934    0.5994105218
4960    0.594582492881
4986    0.59285998745
4988    0.592854546718
4990    0.592854522847
4992    0.592853045732
5018    0.589133817588
5023    0.589036284907
5025    0.58903628481
5027    0.589036243156
5029    0.589035462448
5031    0.589035459388
5033    0.589014901488
5059    0.587349973759
5061    0.587339012749
5063    0.587339012699
5089    0.586550451261
5091    0.586550451217
5117    0.584347120671
5119    0.584345969013
5121    0.584345953854
5123    0.584345932291
5125    0.584345932218
5127    0.584326359051
5153    0.583052847611
5179    0.579844232884
5181    0.579835352331
5183    0.579831742019
5185    0.579819023085
5187    0.579819022968
5213    0.577286609155
5215    0.577266848563
5217    0.57726684742
5243    0.575887178893
5245    0.575887178887
5247    0.575887178881
5249    0.575880523694
5275    0.57116589122
5292    0.570731162128
5318    0.568804697268
5320    0.568785297766
5322    0.568771982556
5348    0.566666336649
5350    0.566666336632
5352    0.566665403501
5354    0.566655038765
5356    0.566637613037
5382    0.564159311341
5408    0.563061959146
5410    0.563061959129
5412    0.563061873631
5414    0.563061873611
5416    0.563046862918
5442    0.561918765933
5468    0.559931685327
5470    0.559931682692
5472    0.559930022149
5498    0.559105486523
5500    0.559105486477
5526    0.558290998915
5552    0.554074881495
5578    0.552813211329
5580    0.552808254336
5582    0.552808243156
5584    0.552807355141
5610    0.549935972178
5612    0.549913582588
5614    0.549913582515
5616    0.54991355817
5618    0.549912828784
5620    0.549912828286
5622    0.549893237137
5648    0.548377217478
5650    0.548369948649
5652    0.548369948634
5654    0.548347070591
5656    0.548347070532
5682    0.546464484098
5684    0.546463475715
5686    0.546463472505
5688    0.54646344322
5690    0.546463443169
5692    0.546448573612
5718    0.545391915235
5744    0.542740275791
5746    0.542735089695
5748    0.542731879146
5750    0.542722315452
5752    0.542722315261
5778    0.540755038508
5780    0.540736192967
5782    0.540736192006
5808    0.539866886828
5810    0.539866886823
5812    0.5398668867
5814    0.539861121705
5840    0.535903311435
5842    0.535880150662
5868    0.534257679684
5870    0.534238870584
5872    0.534229571142
5898    0.532497509326
5900    0.53249750931
5902    0.532497054045
5904    0.53248950164
5906    0.532475853168
5932    0.530442636331
5958    0.529544002686
5960    0.529544002673
5962    0.529543931167
5964    0.529543931152
5966    0.529532165847
5992    0.528603861543
6018    0.527052644176
6020    0.527052642319
6022    0.527051149383
6048    0.52640443787
6050    0.526404437833
6058    0.52623524241
6084    0.522594335188
6110    0.521661490519
6112    0.521656683766
6114    0.521656678151
6116    0.521656175734
6142    0.519400763682
6144    0.519379386133
6146    0.519379386076
6148    0.519379380363
6150    0.51937869824
6152    0.519378698209
6154    0.519360041537
6180    0.517927524369
6182    0.517922508603
6184    0.517922508473
6186    0.517902890692
6188    0.517902890649
6214    0.516261495003
6216    0.516260584189
6218    0.516260583126
6220    0.516260545956
6222    0.516260545922
6224    0.516249027639
6250    0.515377276529
6276    0.513201121563
6278    0.513198094074
6280    0.513195232212
6282    0.513188313844
6284    0.51318831368
6310    0.51164814842
6312    0.511630148788
6314    0.51163014795
6324    0.511400164437
6326    0.511400164431
6328    0.511400163951
6330    0.511395166464
6356    0.508027699666
6358    0.508005221085
6384    0.506648437637
6386    0.50663019836
6388    0.506623455441
6414    0.505188377539
6416    0.505188377525
6418    0.505188142547
6420    0.505182820742
6422    0.50517205064
6448    0.503509625851
6474    0.502773068047
6476    0.502773068036
6478    0.502773028979
6480    0.502773028969
6482    0.502763865469
6508    0.502008797379
6534    0.500727578649
6536    0.500727573277
6538    0.500726183848
6540    0.500704280143
6542    0.500704280115
6544    0.500682298019
6570    0.497564023216
6596    0.496866234917
6598    0.496861590458
6600    0.496861587553
6602    0.496861327731
6628    0.495069247149
6630    0.495048782389
6632    0.495048782344
6634    0.495048777803
6636    0.495048139263
6638    0.495048139262
6640    0.49503037572
6666    0.49368731816
6668    0.493683882605
6670    0.493683882323
6672    0.493666902558
6674    0.493666902525
6700    0.492217993709
6702    0.49221714965
6704    0.492217149152
6706    0.49221710211
6708    0.492217102089
6710    0.492208057634
6736    0.491493003612
6762    0.489715262171
6764    0.489713478111
6766    0.489710921941
6768    0.489706106318
6770    0.489706106207
6796    0.488492136903
6798    0.488474923065
6800    0.48847492228
6802    0.488451650648
6804    0.488451650642
6806    0.488451650352
6808    0.488447298385
6834    0.485542633155
6836    0.485520798729
6862    0.484397565978
6864    0.484379877219
6866    0.484374787717
6892    0.483175757789
6894    0.483175757775
6896    0.483175628458
6898    0.483172017122
6900    0.4831634827
6926    0.481806562155
6937    0.481558972128
6939    0.48155897212
6941    0.481558960165
6943    0.481558960155
6945    0.48155190006
6957    0.481277592993
6983    0.480163398198
6985    0.480163393991
6987    0.480162045377
6989    0.480141689511
6991    0.480141689486
6993    0.480121310281
7019    0.4774653052
7021    0.477442731515
7023    0.477438266373
7025    0.477438265926
7027    0.477438013298
7053    0.475959554644
7055    0.475939850289
7057    0.475939850251
7059    0.475939846322
7061    0.475939247927
7063    0.475939247926
7065    0.475922333161
7091    0.474675338513
7093    0.474672981431
7095    0.474672981007
7097    0.474658206361
7099    0.474658206337
7125    0.473371074314
7127    0.47337027617
7129    0.473370275872
7131    0.473370217166
7133    0.473370217153
7135    0.473363051938
7142    0.473216725886
7168    0.47177143134
7170    0.471770365337
7172    0.471768078143
7174    0.471764877673
7176    0.471764877607
7202    0.470803171391
7204    0.470786690488
7206    0.470786689735
7208    0.470764922734
7210    0.470764922729
7212    0.470764922576
7214    0.470761109278
7240    0.468233092329
7242    0.468211876299
7268    0.467291620132
7270    0.467274463537
7272    0.467270463227
7298    0.466260220068
7300    0.46626022005
7302    0.466260098982
7304    0.466257768829
7306    0.4662504214
7332    0.465146489411
7335    0.465098694111
7337    0.465098694104
7339    0.465098683645
7341    0.46509868364
7343    0.465092894774
7346    0.465045270987
7372    0.46406543799
7374    0.46406543464
7376    0.464064065695
7378    0.464045097875
7380    0.464045097851
7382    0.464025994244
7408    0.461772747385
7410    0.461752495097
7412    0.461748199649
7414    0.461748198888
7416    0.461747997764
7442    0.460515673497
7444    0.460496698927
7446    0.460496698895
7448    0.460496695337
7450    0.460496134116
7452    0.460496134111
7454    0.460480025749
7480    0.459333915516
7482    0.459332287216
7484    0.459332286671
7486    0.459319404305
7488    0.459319404287
7514    0.458173737936
7516    0.458172970544
7518    0.458172970316
7520    0.458172897055
7522    0.458172897041
7524    0.458166754021
7527    0.458118952922
7553    0.45694297813
7555    0.456942330989
7557    0.456940281144
7559    0.456938260526
7561    0.456938260491
7587    0.456171015342
7589    0.456155220753
7591    0.45615522004
7593    0.456135167168
7595    0.456135167163
7597    0.456135167029
7599    0.456131809177
7625    0.453918409833
7627    0.453897792873
7653    0.453151183406
7655    0.453134541606
7657    0.453131274313
7683    0.452271526674
7685    0.452271526651
7687    0.452271379997
7689    0.452269970356
7691    0.452263475711
7717    0.451363234683
7720    0.451315560966
7722    0.45131556096
7724    0.451315551031
7726    0.451315551025
7728    0.451310685004
7730    0.451286877683
7756    0.45041367984
7758    0.450413677126
7760    0.450412232732
7762    0.450394479759
7764    0.450394479736
7766    0.450376331298
7792    0.448466397597
7794    0.448448362218
7796    0.448444231044
7798    0.448444230324
7800    0.448444086485
7826    0.447412302323
7828    0.447394028447
7830    0.44739402842
7832    0.447394025079
7834    0.447393498309
7836    0.447393498301
7838    0.447378155968
7864    0.446335253181
7866    0.446334116838
7868    0.446334116198
7870    0.446322887739
7872    0.446322887726
7898    0.445304200114
7900    0.445303454174
7902    0.445303453994
7904    0.44530336676
7906    0.44530336674
7908    0.445298071289
7911    0.445250444456
7937    0.444290774121
7939    0.444290374619
7941    0.444288534698
7943    0.444287339082
7945    0.444287339066
7958    0.443995569781
7960    0.44398038981
7962    0.443980389138
7964    0.443962059367
7966    0.443962059362
7968    0.443962059238
7970    0.443959089271
7996    0.442012364491
7998    0.441992329025
8000    0.44196862199
8002    0.441952481305
8004    0.441949719161
8030    0.441209460471
8032    0.441209460445
8034    0.441209291493
8036    0.441208511309
8038    0.441202845048
8064    0.440464518975
8066    0.440440639493
8068    0.440440639488
8070    0.440440629925
8072    0.440440629919
8074    0.440436571987
8077    0.440388955375
8103    0.439600132867
8105    0.439600130631
8107    0.439598555777
8109    0.439581858589
8111    0.439581858564
8113    0.439564375678
8139    0.437941986969
8141    0.437925941816
8143    0.43792197118
8145    0.437921970513
8147    0.437921874369
8173    0.437054018358
8175    0.437036417252
8177    0.437036417228
8179    0.437036413997
8181    0.437035919179
8183    0.437035919169
8185    0.437021304419
8211    0.436081347203
8213    0.436080544237
8215    0.436080543524
8217    0.436070776392
8219    0.436070776382
8245    0.43516767638
8247    0.435166945757
8249    0.435166945617
8251    0.435166853005
8253    0.435166852986
8255    0.435162348742
8257    0.435138553464
8283    0.434314160215
8285    0.434313844788
8287    0.434312190475
8289    0.434311422994
8291    0.434311422984
8293    0.43429044808
8295    0.434275827753
8297    0.434275827126
8299    0.434259113875
8301    0.43425911387
8303    0.43425911371
8305    0.434256476896
8331    0.4324444121
8333    0.432424955837
8335    0.432405076762
8337    0.432389421868
8339    0.43238701683
8365    0.431741756134
8367    0.431741756105
8369    0.431741559904
8371    0.431741185212
8373    0.431736279458
8384    0.431493143728
8386    0.431469329355
8388    0.43146932935
8390    0.431469320064
8392    0.431469320058
8394    0.431465966747
8396    0.43144214492
8422    0.430720716922
8424    0.430720715048
8426    0.430718954652
8428    0.430703178419
8430    0.430703178394
8432    0.430686108834
8458    0.429300686776
8460    0.42928639171
8462    0.429282578474
8464    0.42928257784
8466    0.429282516691
8492    0.428548471339
8494    0.428531516195
8496    0.428531516174
8498    0.428531512976
8500    0.428531047824
8502    0.428531047813
8504    0.428517124173
8530    0.42767752483
8532    0.427676949352
8534    0.427676948583
8536    0.427668478834
8538    0.427668478826
8564    0.426871128183
8566    0.426870408722
8568    0.426870408613
8570    0.426870314797
8572    0.426870314778
8574    0.426866512782
8576    0.426842638693
8602    0.426103758628
8604    0.426103460574
8606    0.42610197085
8608    0.426101439688
8610    0.426101439682
8612    0.426083028327
8614    0.426068939964
8616    0.426068939379
8618    0.42605375957
8620    0.426053759566
8622    0.426053759431
8624    0.426051408771
8650    0.424363601723
8652    0.424344705947
8654    0.424328233255
8656    0.424313049319
8658    0.424310926546
8660    0.4242874951
8662    0.424287495071
8664    0.424287301756
8666    0.424286976556
8668    0.424282397685
8670    0.424258794728
8672    0.424235235209
8674    0.424235235205
8676    0.424235226222
8678    0.424235226216
8680    0.424232472976
8683    0.424184798165
8709    0.423516480169
8711    0.423516478576
8713    0.423514476591
8715    0.423499498988
8717    0.423499498961
8719    0.423482613602
8745    0.422289364601
8747    0.422276590363
8749    0.422272931486
8751    0.422272930868
8753    0.422272893642
8769    0.421900412054
8771    0.421884013933
8773    0.421884013916
8775    0.421884010688
8777    0.421883573134
8779    0.421883573123
8781    0.421870306769
8807    0.421126564517
8809    0.421126145674
8811    0.421126144865
8813    0.421118827303
8815    0.421118827297
8841    0.420418122384
8843    0.420417411279
8845    0.420417411195
8847    0.420417316097
8849    0.420417316082
8851    0.420414115354
8854    0.420366424577
8880    0.419700087783
8882    0.419699805769
8884    0.419698462521
8886    0.419698116978
8888    0.419698116975
8890    0.419681986067
8892    0.419668404002
8894    0.419668403455
8896    0.41965464329
8898    0.419654643286
8900    0.419654643168
8902    0.419652538732
8928    0.418080464329
8930    0.418062110996
8932    0.418048647505
8934    0.418033920146
8936    0.418031832211
8938    0.418008523873
8940    0.418008523843
8942    0.418008347864
8944    0.418008033133
8946    0.418003545689
8948    0.417980126096
8950    0.417956812352
8952    0.417956812349
8954    0.417956803589
8956    0.417956803584
8958    0.417954549692
8960    0.417930695451
8978    0.417517290307
8980    0.417517288922
8982    0.417514986869
8984    0.417500495787
8986    0.417500495756
8988    0.417483626125
9014    0.41644382238
9016    0.416431822841
9018    0.416428342285
9020    0.416428341661
9022    0.416428314204
9024    0.416404673572
9026    0.416388731425
9028    0.416388731409
9030    0.416388728104
9032    0.416388316247
9034    0.416388316236
9036    0.416375675196
9060    0.415792525203
9062    0.41579221584
9064    0.415792214998
9066    0.41578586882
9068    0.415785868815
9080    0.415515836557
9082    0.415515131702
9084    0.415515131641
9086    0.415515035978
9088    0.41551503597
9090    0.415512340165
9092    0.415488519384
9099    0.415344141674
9101    0.41534387506
9103    0.415342662211
9105    0.415342356975
9107    0.415342356975
9109    0.415326764378
9111    0.415313668513
9113    0.415313668004
9115    0.415301200908
9117    0.415301200904
9119    0.415301200801
9121    0.415299309087
9147    0.413835518923
9149    0.413817690627
9151    0.413806863607
9153    0.413792578883
9155    0.413790523909
9157    0.413767336717
9159    0.413767336686
9161    0.413767176063
9163    0.413766871599
9165    0.413762473474
9167    0.413739235195
9169    0.413716160203
9171    0.4137161602
9173    0.413716151685
9175    0.41371615168
9177    0.41371418878
9179    0.413690328444
9181    0.413666527616
9183    0.413666526378
9185    0.413663862407
9187    0.413649454838
9189    0.413649454802
9191    0.413632597814
9217    0.412713495845
9219    0.412701547677
9221    0.412698267711
9223    0.412698267114
9225    0.412698239956
9227    0.412674748794
9229    0.412659244521
9231    0.412659244508
9233    0.412659242882
9235    0.412658854933
9237    0.412658854925
9239    0.412646808209
9241    0.412623001895
9243    0.412622736524
9245    0.412622735685
9247    0.412616679355
9249    0.41261667935
9251    0.412592970044
9253    0.412592269907
9255    0.412592269844
9257    0.412592182467
9259    0.412592182461
9261    0.412589613496
9263    0.412565955552
9265    0.412542279159
9267    0.412542027033
9269    0.412540930513
9271    0.41254063591
9273    0.41254063591
9275    0.412525183181
9277    0.412512552145
9279    0.412512551669
9281    0.412501251456
9283    0.412501251453
9285    0.412501251361
9287    0.412499544148
9313    0.411137242059
9315    0.411119922052
9317    0.41111138291
9319    0.411097527345
9321    0.411095503638
9323    0.411072435781
9325    0.411072435751
9327    0.411072288766
9329    0.411071994365
9331    0.411067683457
9333    0.411044624477
9335    0.411021782464
9337    0.411021782461
9339    0.411021774389
9341    0.411021774384
9343    0.411019841646
9345    0.41099622692
9347    0.410972496723
9349    0.410972495601
9351    0.410969405162
9353    0.410955079818
9355    0.410955079777
9357    0.410938233375
9383    0.410111438945
9385    0.410099543985
9387    0.410096449415
9389    0.410096448878
9391    0.410096422092
9393    0.410073068765
9395    0.410057985764
9397    0.410057985752
9399    0.410057984482
9401    0.410057618801
9403    0.410057618765
9405    0.410046136975
9407    0.410022467692
9409    0.410022217174
9411    0.410022216352
9413    0.410016258584
9415    0.410016258581
9417    0.409992692359
9419    0.409991995938
9421    0.409991995871
9423    0.409991920526
9425    0.409991920522
9427    0.409989393962
9429    0.409965963163
9431    0.409942454308
9433    0.40994221572
9435    0.409941223138
9437    0.409940938918
9439    0.409940938917
9441    0.409925624204
9443    0.409913437205
9445    0.40991343676
9447    0.409903184318
9449    0.409903184315
9451    0.409903184235
9453    0.409901637682
9479    0.408634452176
9481    0.408617624393
9483    0.408611048093
9485    0.408597608713
9487    0.408595614741
9489    0.408572664641
9491    0.40857266461
9493    0.408572529766
9495    0.408572245226
9497    0.408568019473
9499    0.408545137918
9501    0.408522524002
9503    0.408522523999
9505    0.408522516292
9507    0.408522516288
9509    0.408520613078
9511    0.408497241634
9513    0.408473579805
9515    0.408473578774
9517    0.408469995946
9519    0.408455751615
9521    0.408455751568
9523    0.408438913804
9549    0.407680064093
9551    0.407668225083
9553    0.407665302116
9555    0.407665301631
9557    0.407665275279
9559    0.407642051428
9561    0.407627374399
9563    0.407627374388
9565    0.407627373352
9567    0.407627028429
9569    0.407627028248
9571    0.407616082454
9573    0.407592549211
9575    0.407592312446
9577    0.407592311638
9579    0.407586450157
9581    0.407586450155
9583    0.407563025473
9585    0.407562332085
9587    0.407562332014
9589    0.407562266103
9591    0.4075622661
9593    0.407559780833
9595    0.407536575133
9597    0.407513231721
9599    0.407513005787
9601    0.407512106187
9603    0.407511832101
9605    0.407511832096
9607    0.407496653603
9609    0.407484891157
9611    0.40748489074
9613    0.407475576856
9615    0.407475576852
9617    0.407475576781
9619    0.407474170685
9645    0.406296026545
9647    0.406279675475
9649    0.406274759763
9651    0.40626172399
9653    0.406259758355
9655    0.40623692451
9657    0.406236924481
9659    0.406236800465
9661    0.406236525586
9663    0.406232382954
9665    0.40620967696
9667    0.406187286778
9669    0.406187286775
9671    0.406187279374
9673    0.40618727937
9675    0.406185405074
9677    0.406162274607
9679    0.406138678963
9681    0.406138678006
9683    0.40613453496
9685    0.406120370452
9687    0.406120370398
9689    0.406103539365
9715    0.405391760924
9717    0.40537998107
9719    0.405377217147
9721    0.405377216698
9723    0.405377190834
9725    0.405354090686
9727    0.405339805407
9729    0.405339805398
9731    0.405339804522
9733    0.405339478963
9735    0.405339478583
9737    0.405329041628
9739    0.405305643516
9741    0.405305419521
9743    0.405305418725
9745    0.405299651326
9747    0.405299651325
9749    0.405276366735
9751    0.405275675919
9753    0.405275675843
9755    0.405275617382
9757    0.405275617381
9759    0.405273172348
9761    0.405250189733
9763    0.40522700994
9765    0.405226795844
9767    0.405225979521
9769    0.405225715321
9771    0.405225715313
9773    0.405210671294
9775    0.405199315092
9777    0.405199314702
9779    0.405190840902
9781    0.405190840899
9783    0.405190840837
9785    0.405189558027
9811    0.404094620384
9813    0.404078731043
9815    0.404075195619
9817    0.404062551263
9819    0.404060612688
9821    0.404037893668
9823    0.404037893637
9825    0.4040377793
9827    0.404037513882
9829    0.404033452367
9831    0.404010920088
9833    0.403988749683
9835    0.40398874968
9837    0.403988742535
9839    0.403988742531
9841    0.403986896554
9843    0.403964004776
9845    0.403940473208
9847    0.40394047231
9849    0.403935699303
9851    0.403921613444
9853    0.403921613383
9855    0.403904787215
9881    0.403222180442
9883    0.40321046314
9885    0.403207846813
9887    0.40320784639
9889    0.403207821058
9891    0.403184840887
9893    0.403170934074
9895    0.403170934066
9897    0.403170933297
9899    0.403170625822
9901    0.403170625227
9903    0.40316067157
9905    0.403137407746
9907    0.403137195631
9909    0.403137194846
9911    0.403131519385
9913    0.403131519384
9915    0.403108373512
9917    0.403107684953
9919    0.403107684876
9921    0.403107632337
9923    0.403107632336
9925    0.403105226524
9927    0.40308246501
9929    0.403059447192
9931    0.403059244175
9933    0.403058502531
9935    0.403058247972
9937    0.403058247958
9939    0.403043336717
9941    0.403032369522
9943    0.403032369156
9945    0.40302464747
9947    0.403024647468
9949    0.403024647413
9951    0.403023473258
9977    0.402006127672
9979    0.401990685589
9981    0.401988271201
9983    0.401976006449
9985    0.40197409376
9987    0.401951488193
9989    0.401951488164
9991    0.401951382493
9993    0.401951126337
9995    0.401947143974
9997    0.401924783587
9999    0.401902829321
10001    0.401902829318
10003    0.401902822391
10005    0.401902822387
10007    0.401901004152
10009    0.401878348796
10011    0.401854879249
10013    0.401854878399
10015    0.401849403987
10017    0.401835395625
10019    0.401835395556
10021    0.401818572422
10047    0.401149742602
10049    0.401138091248
10051    0.401135612066
10053    0.401135611657
10055    0.401135586893
10057    0.401112724551
10059    0.40109918374
10061    0.401099183732
10063    0.401099183041
10065    0.401098892466
10067    0.401098891665
10069    0.401089397258
10071    0.401066266918
10073    0.401066065873
10075    0.401066065096
10077    0.401060479494
10079    0.401060479493
10081    0.401037471028
10083    0.401036784511
10085    0.401036784431
10087    0.401036736628
10089    0.401036736628
10091    0.401034369068
10093    0.401011826697
10095    0.400988969319
10097    0.400988776677
10099    0.400988102078
10101    0.400987856918
10103    0.400987856898
10105    0.40097307678
10107    0.400962482332
10109    0.400962481988
10111    0.400955434205
10113    0.400955434202
10115    0.400955434154
10117    0.400954356148
10143    0.400009208115
10145    0.399994199309
10147    0.399992666785
10149    0.399980770184
10151    0.3999788823
10153    0.39995638887
10155    0.399956388841
10157    0.399956290947
10159    0.399956043854
10161    0.39995213872
10163    0.399929948423
10165    0.399908206921
10167    0.399908206918
10169    0.399908200178
10171    0.399908200174
10173    0.39990640912
10175    0.399883987938
10177    0.39986057841
10179    0.399860577601
10181    0.399854328984
10183    0.399840396985
10185    0.399840396907
10187    0.399823575009
10213    0.399155222746
10215    0.399143640592
10217    0.399141288996
10219    0.399141288593
10221    0.399141264428
10223    0.399118518942
10225    0.399105332396
10227    0.39910533239
10229    0.399105331753
10231    0.399105056986
10233    0.399105056001
10235    0.399095998165
10237    0.399073000532
10239    0.399072809818
10241    0.399072809049
10243    0.399067311284
10245    0.399067311283
10247    0.399044438971
10249    0.399043754351
10251    0.39904375427
10253    0.399043710277
10255    0.399043710277
10257    0.39904138004
10259    0.399019054877
10261    0.398996356479
10263    0.398996173558
10265    0.398995559225
10267    0.398995323223
10269    0.398995323196
10271    0.398980672591
10273    0.398970435518
10275    0.398970435196
10277    0.398963991922
10279    0.39896399192
10281    0.398963991877
10283    0.398962999297
10309    0.398084883
10311    0.398070293962
10313    0.398069423207
10315    0.398057883654
10317    0.398056019579
10319    0.398033637011
10321    0.398033636982
10323    0.398033546078
10325    0.398033307851
10327    0.398029478062
10329    0.398007456084
10331    0.397985924197
10333    0.397985924194
10335    0.397985917616
10337    0.397985917612
10339    0.397984153195
10341    0.39796196396
10343    0.397938612495
10345    0.39793861172
10347    0.397931515211
10349    0.397917658458
10351    0.39791765837
10353    0.397900835943
10379    0.397221411537
10381    0.397209901596
10383    0.397207668833
10385    0.397207668429
10387    0.397207644885
10389    0.39718501613
10391    0.397172172755
10393    0.39717217275
10395    0.397172172152
10397    0.397171912185
10399    0.397171911046
10401    0.397163268368
10403    0.397140402692
10405    0.397140221627
10407    0.397140220863
10409    0.397134808975
10411    0.397134808975
10413    0.397112071615
10415    0.397111388787
10417    0.397111388705
10419    0.397111347793
10421    0.397111347793
10423    0.397109053987
10425    0.397086944119
10427    0.397064403286
10429    0.397064229479
10431    0.397063669383
10433    0.397063442302
10435    0.397063442267
10437    0.397048919603
10439    0.397039025352
10441    0.397039025048
10443    0.397033124742
10445    0.39703312474
10447    0.397033124703
10449    0.397032208325
10475    0.396216198413
10477    0.396202016092
10479    0.396201605054
10481    0.396190411788
