26    5.34508785798
52    5.25295182291
78    5.22717587859
104    5.20680194939
130    5.187917186
156    5.17348609998
158    5.17348609989
184    5.15875341546
210    5.11737613969
236    5.08451090235
262    5.0425394526
288    5.01300572678
314    4.99598529289
340    4.9709179931
366    4.94272919351
392    4.93351623951
418    4.84669865488
420    4.84669865488
446    4.82413222935
472    4.80524396309
498    4.68789463819
521    4.56421287584
547    4.54823959187
573    4.53461164069
599    4.53123285153
601    4.53122978742
627    4.52007335086
652    4.39686600526
654    4.39686600526
656    4.3968558241
680    4.27299198881
706    4.15083178956
732    4.02797424039
734    4.02797356892
736    4.02797310956
742    4.0278558298
746    4.02779533274
748    4.02779504855
774    3.91155163439
776    3.91155163439
802    3.9068999341
828    3.78481942044
838    3.66227131688
864    3.60086120229
878    3.60010236601
880    3.60009056927
882    3.60008893435
908    3.57079888386
910    3.57078524953
936    3.44945590005
938    3.44945590005
948    3.44908735278
974    3.35188718615
1000    3.23230945337
1026    3.1992797538
1052    3.1819039793
1078    3.17920562531
1094    3.17815552924
1120    3.15369206941
1130    3.15350674897
1156    3.15160959339
1158    3.15160959339
1184    3.14939739141
1210    3.02783040539
1236    2.9147412964
1253    2.7914079304
1268    2.79058139592
1270    2.79057017413
1296    2.78332666678
1298    2.78332031916
1300    2.7833127789
1312    2.65906719334
1314    2.65906719334
1316    2.65906253869
1342    2.53760238356
1349    2.41410907956
1375    2.29175077687
1392    2.29060622005
1394    2.29059499847
1396    2.29059322454
1401    2.29050408637
1403    2.29049464296
1429    2.19505716749
1431    2.19505716749
1457    2.17665924457
1483    2.17322822678
1509    2.10202062538
1535    2.09061214913
1561    2.08648751338
1587    2.08223332925
1613    2.05398803943
1639    2.04394721094
1665    2.03969420492
1691    1.95861405005
1693    1.95861405005
1719    1.93267316182
1739    1.80858659711
1753    1.68552160224
1779    1.56260863927
1781    1.56260753742
1783    1.56260685007
1785    1.56260155612
1790    1.56251735195
1792    1.56251694256
1818    1.43941566196
1820    1.43941566196
1822    1.43940690321
1848    1.3301995812
1874    1.30396658214
1894    1.1810128271
1920    1.17088530064
1941    1.17004409143
1967    1.14929695294
1969    1.14929154226
1972    1.14925908847
1998    1.057184553
2000    1.05718275221
2026    1.03445625003
2052    1.02274505457
2078    1.01920271786
2104    1.01075231781
2120    1.01036024652
2146    1.00455177137
2172    0.995425452595
2174    0.995424037403
2200    0.985685332376
2226    0.980516506874
2252    0.965318843605
2278    0.950085240879
2304    0.947949252905
2330    0.946874596202
2356    0.936797845955
2382    0.927789515076
2392    0.927630423952
2418    0.923361852585
2420    0.923361850319
2446    0.921915654516
2472    0.914059193816
2474    0.914049515726
2476    0.914049421147
2502    0.907060592987
2528    0.901684096959
2530    0.901674557147
2532    0.901669375816
2558    0.897585690534
2560    0.897582404947
2562    0.897582404874
2564    0.897580266843
2566    0.897579670086
2568    0.897569657696
2571    0.897538219268
2573    0.897538112173
2575    0.897538038335
2577    0.897530245349
2579    0.897519714334
2581    0.897519667357
2583    0.897517667346
2585    0.897517667264
2587    0.897502213271
2589    0.897501796915
2591    0.897501174093
2617    0.884574229916
2619    0.884565974287
2621    0.884559130899
2623    0.884559004426
2649    0.87889709861
2651    0.878885490465
2653    0.878885442911
2655    0.878885442188
2657    0.878878179455
2659    0.878862803244
2661    0.87884741894
2687    0.862417304513
2689    0.862406800838
2691    0.862397037595
2693    0.862386324091
2719    0.85123432822
2721    0.851229287612
2747    0.849004214111
2749    0.849004213897
2775    0.845149993039
2777    0.845144655684
2789    0.844849905238
2791    0.844848553899
2793    0.844843155906
2795    0.844838663736
2797    0.844825273877
2799    0.844824596247
2801    0.844821131073
2803    0.844820173672
2805    0.844820173669
2807    0.844819738078
2809    0.844819738068
2811    0.844819257325
2813    0.844818295828
2815    0.844810447987
2817    0.844803880774
2819    0.844803863951
2821    0.844803413859
2823    0.84479777809
2849    0.842068703133
2851    0.842068702393
2876    0.841202325951
2902    0.837637849375
2928    0.827389023571
2954    0.817491024663
2980    0.813813763346
3006    0.810187764211
3032    0.807075289983
3058    0.798722780571
3084    0.795085058065
3110    0.788096538673
3112    0.788096538458
3138    0.78610420206
3140    0.78610383185
3142    0.78610346563
3144    0.786099810468
3146    0.786099646907
3148    0.786099544612
3150    0.786099367151
3152    0.786096567658
3154    0.786096505787
3156    0.786090887159
3158    0.786090887066
3160    0.78608019362
3162    0.786077440455
3188    0.769658517503
3190    0.769647110424
3192    0.769634174809
3194    0.769622360984
3220    0.758081681942
3222    0.758076612432
3225    0.758044425397
3251    0.753603796535
3253    0.753601975937
3279    0.752289364845
3305    0.749272669151
3307    0.749262350784
3333    0.746868733294
3335    0.746864248762
3361    0.745172483114
3387    0.738642652303
3389    0.738638903672
3415    0.731737664798
3436    0.731322225246
3462    0.725362312667
3488    0.720290201343
3490    0.720283808691
3492    0.720277588836
3518    0.716253004301
3544    0.713232777678
3546    0.713230107655
3548    0.713216163517
3550    0.713216160003
3562    0.712990667869
3588    0.710760534534
3590    0.710750354962
3592    0.710750336356
3618    0.708374830427
3644    0.706616728784
3646    0.706609640246
3648    0.706598258378
3674    0.705282391136
3676    0.705280591555
3678    0.705280591503
3680    0.705279466055
3682    0.705279221554
3684    0.705273174191
3686    0.705265068378
3688    0.705265058746
3690    0.705265052101
3692    0.705260342749
3694    0.705254098034
3696    0.705254094541
3698    0.705252933032
3700    0.705252932952
3702    0.705239810536
3704    0.705239686837
3706    0.705239602987
3732    0.70273432165
3734    0.702729476043
3736    0.702725456903
3738    0.70272545201
3764    0.701667720832
3766    0.701658588974
3768    0.701658574133
3770    0.701658573256
3772    0.701651400636
3774    0.701642783868
3776    0.701631434763
3802    0.694861329821
3804    0.694856534756
3806    0.694852081168
3808    0.694844410996
3834    0.690432235768
3836    0.69043089353
3862    0.688348026422
3864    0.688348025426
3890    0.68416427668
3892    0.684161959069
3894    0.684152341089
3896    0.684151886963
3898    0.68414919459
3900    0.684146953534
3902    0.684138225197
3904    0.684138020497
3906    0.684136340859
3908    0.684136177495
3910    0.684136177494
3912    0.684136095657
3914    0.68413568673
3916    0.684135643126
3918    0.684135535974
3920    0.684130660906
3922    0.684126580518
3924    0.684126574756
3926    0.684126566228
3928    0.684123037025
3930    0.684118922211
3932    0.68411892076
3935    0.684086455619
3961    0.681729676114
3987    0.680549892475
4013    0.673649548421
4039    0.67085688146
4065    0.668186841725
4067    0.668174960173
4093    0.662446763611
4119    0.65954997049
4137    0.659143471523
4139    0.659143471166
4141    0.659132237334
4143    0.659132159586
4145    0.659132146258
4147    0.659129926396
4149    0.659129905989
4151    0.659129893222
4153    0.659129886833
4155    0.659128185194
4157    0.659128177886
4159    0.659126222945
4161    0.659126222663
4163    0.659114561111
4165    0.659113689301
4191    0.650546359111
4193    0.650541068037
4195    0.650531210674
4197    0.650522197446
4223    0.644869405044
4225    0.644867508937
4227    0.644852493438
4229    0.644843012744
4231    0.64484214254
4237    0.644752144142
4263    0.644057061321
4265    0.644053558643
4291    0.643384849594
4293    0.643384217123
4319    0.642886736793
4345    0.638323780765
4347    0.638317828696
4373    0.633443632621
4375    0.633435575035
4401    0.631045648632
4427    0.629412996718
4429    0.629410203164
4431    0.629407486013
4457    0.627760147081
4483    0.626782516146
4485    0.62678172072
4487    0.626774421532
4489    0.626774417367
4491    0.626759104949
4511    0.626408267631
4513    0.626398527754
4515    0.626398512299
4541    0.62558686224
4567    0.62499320053
4569    0.624987975038
4571    0.624975443322
4591    0.624633996541
4593    0.624633017388
4595    0.62463301735
4597    0.624632439105
4599    0.624632305719
4601    0.624628647514
4603    0.624623834893
4605    0.624623834803
4607    0.624623834741
4609    0.624620984964
4611    0.624617276152
4613    0.624617275929
4615    0.624616660328
4617    0.62461666025
4619    0.624605422223
4621    0.62460442855
4623    0.624604411043
4641    0.624251491273
4643    0.624248705727
4645    0.624246394973
4647    0.624246394444
4649    0.624231822696
4651    0.624225021751
4653    0.624224862719
4655    0.62422486184
4657    0.624218728889
4659    0.62421378325
4661    0.62420542415
4687    0.621790956032
4689    0.621788686568
4691    0.621786579309
4693    0.621781169633
4719    0.620193573468
4721    0.620193341822
4747    0.618336916778
4749    0.618336914489
4775    0.614133654959
4777    0.614132640192
4779    0.614126861151
4781    0.614126703929
4783    0.614125324713
4785    0.614124176561
4787    0.614118916407
4789    0.614118857984
4791    0.614118030444
4793    0.614118003983
4795    0.614118003983
4797    0.614117987438
4799    0.614116774841
4801    0.614116758066
4803    0.614116680505
4805    0.61411350597
4807    0.614110848686
4809    0.61411083608
4811    0.614110834098
4813    0.614108517747
4815    0.614104975022
4817    0.61410497341
4819    0.614089852621
4845    0.612546478825
4852    0.612439337446
4878    0.607630449552
4904    0.605536058177
4930    0.603577541223
4932    0.6035736278
4958    0.599615164524
4984    0.597385144432
4986    0.597371445806
4988    0.597371445427
4990    0.597364654411
4992    0.597364632425
4994    0.597364628908
4996    0.597363263239
4998    0.597363261711
5000    0.597363260754
5002    0.597363259083
5004    0.597362211613
5006    0.597362211189
5008    0.597361815007
5010    0.597361814545
5012    0.597350124123
5014    0.597349813511
5040    0.593253896103
5042    0.593251309475
5044    0.593243174998
5046    0.593235732628
5072    0.590645316939
5074    0.59064465739
5076    0.590631068619
5078    0.590625403592
5080    0.59062501753
5082    0.590610470648
5084    0.590603989399
5086    0.590602988774
5088    0.590590182069
5090    0.590590181567
5092    0.590574203326
5118    0.587546522504
5120    0.587538775295
5146    0.584151363094
5148    0.584147032919
5174    0.583172823594
5197    0.582720489043
5199    0.58271912833
5201    0.582717805044
5227    0.582018674628
5232    0.581951744411
5234    0.581951478582
5236    0.581944398283
5238    0.581944393936
5240    0.581929925516
5242    0.581926433269
5244    0.581917956851
5246    0.581917562996
5248    0.581902297868
5250    0.58188721676
5252    0.58188331394
5254    0.581873927301
5256    0.581858481191
5258    0.581857964777
5260    0.581857964748
5262    0.581857683941
5264    0.581857591056
5266    0.58185537645
5268    0.581852516237
5270    0.581852512676
5272    0.58185251022
5274    0.581850784585
5276    0.581848579873
5278    0.581848577433
5280    0.581848298856
5282    0.58184829878
5284    0.581838597334
5286    0.581836592634
5288    0.581836585957
5290    0.581821701103
5292    0.581820054937
5294    0.581818689282
5296    0.581818686337
5298    0.58180501841
5300    0.581799782266
5302    0.58179939774
5304    0.581799396902
5306    0.581794224832
5308    0.581791148534
5310    0.581785004778
5336    0.58102232641
5338    0.581021146468
5340    0.581020050931
5342    0.581016284065
5368    0.580500776935
5370    0.580500770075
5396    0.578893831236
5398    0.578893827448
5424    0.574853223778
5426    0.574852795603
5428    0.574849698605
5430    0.574849641503
5432    0.574848908986
5434    0.574848299139
5436    0.574845465503
5438    0.574845450649
5440    0.574845033156
5442    0.574845029459
5444    0.574845029459
5446    0.574845025593
5448    0.574843001087
5450    0.574842986897
5452    0.574842930224
5454    0.574840731107
5456    0.574838890219
5458    0.574838875957
5460    0.574838875931
5462    0.574837258633
5464    0.574834070198
5466    0.574834068606
5468    0.57481978952
5494    0.57383240647
5496    0.573820180845
5522    0.57045989551
5548    0.568939053786
5574    0.567539794044
5576    0.56753860261
5602    0.564794221094
5628    0.563106291772
5630    0.563094095495
5632    0.563094095139
5634    0.563090246413
5636    0.563090236915
5638    0.563090235796
5640    0.563089394231
5642    0.563089394229
5644    0.563089394228
5646    0.563089393704
5648    0.563088747911
5650    0.563088747889
5652    0.563088747333
5654    0.563088746734
5656    0.56307767577
5658    0.563077608762
5684    0.561194330281
5686    0.561193008504
5688    0.561186412455
5690    0.561180375712
5716    0.56003324043
5718    0.560033049854
5720    0.560021153441
5722    0.560016313683
5724    0.560016143865
5726    0.560002876008
5728    0.559996500125
5730    0.559996341816
5732    0.559983602541
5734    0.559983279418
5736    0.559967358111
5762    0.55805103138
5764    0.558041947342
5790    0.555706908091
5792    0.555704017598
5804    0.555509839499
5806    0.555495299361
5808    0.555494260357
5810    0.555493249998
5821    0.555319375707
5823    0.555303816131
5825    0.555303633946
5827    0.55529744686
5829    0.555297442492
5831    0.555284205584
5833    0.555280977363
5835    0.555274195392
5837    0.555273111786
5839    0.555258431667
5841    0.555243928558
5843    0.55524108136
5845    0.555233660749
5847    0.555218829614
5849    0.555218553569
5851    0.555218553547
5853    0.555218419989
5855    0.555218343359
5857    0.555217002098
5859    0.555215300893
5861    0.555215294044
5863    0.555215289318
5865    0.55521424397
5867    0.555212932382
5869    0.555212928131
5871    0.555212836675
5873    0.555212836601
5875    0.555204395035
5877    0.555201496282
5879    0.555201491736
5881    0.5551874933
5883    0.555186459262
5885    0.555185601396
5887    0.555185597351
5889    0.555172777307
5891    0.555168505855
5893    0.555167874342
5895    0.555167873545
5897    0.555163408801
5899    0.555161282892
5901    0.555156772533
5903    0.555146337272
5905    0.555145499422
5907    0.555144721453
5909    0.55514214556
5911    0.555128996664
5913    0.555128996414
5939    0.553706455899
5941    0.553706451008
5967    0.549927869236
5969    0.549927698958
5971    0.54992635552
5973    0.549926333152
5975    0.549925925019
5977    0.549925585209
5979    0.54992434292
5981    0.54992434003
5983    0.549924122075
5985    0.549924121758
5987    0.549924121758
5989    0.549924120594
5991    0.54992140915
5993    0.549921394773
5995    0.549921352152
5997    0.549919730897
5999    0.549918373698
6001    0.549918358926
6003    0.549918358258
6005    0.549917157049
6007    0.549914337917
6009    0.549914336371
6011    0.549900888734
6037    0.549298156564
6039    0.549288757491
6065    0.546927383955
6091    0.54584443155
6117    0.544859558462
6119    0.544859450418
6145    0.542948404762
6171    0.541677857802
6173    0.541666898339
6175    0.541666898028
6177    0.541664921826
6179    0.541664915774
6181    0.541664915328
6183    0.541664398657
6185    0.54166439837
6187    0.54166439819
6189    0.541664397986
6191    0.54166400132
6193    0.54166400111
6195    0.541663796237
6197    0.541663795548
6199    0.541653650834
6201    0.541653650824
6227    0.540799283086
6229    0.540798562039
6231    0.540793291634
6233    0.540788467295
6258    0.540322298705
6260    0.540322262898
6262    0.54031203227
6264    0.540307910924
6266    0.540307835817
6268    0.540295721183
6270    0.540289459801
6272    0.540289452073
6274    0.540276827626
6276    0.540275739754
6278    0.540259941915
6304    0.539130475025
6306    0.539120750092
6332    0.537511830569
6334    0.537509228274
6336    0.537495022095
6338    0.537481093749
6340    0.537480138999
6342    0.537479210621
6346    0.537429777182
6348    0.537414873009
6350    0.537414714237
6352    0.537409313521
6354    0.537409309134
6356    0.53739718596
6358    0.537394213915
6360    0.537388762904
6362    0.537387008309
6364    0.537372893208
6366    0.537358948353
6368    0.537356891977
6370    0.537350679684
6372    0.53733643859
6374    0.537336288356
6376    0.53733628834
6378    0.537336226768
6380    0.537336156984
6382    0.537335344423
6384    0.537334331788
6386    0.537334323116
6388    0.537334317132
6390    0.537333683704
6392    0.537332902835
6394    0.537332897614
6396    0.537332886701
6398    0.537332886629
6400    0.537325482767
6402    0.537321880248
6404    0.53732187606
6406    0.537308713825
6408    0.537308019712
6410    0.537307443842
6412    0.537307439461
6414    0.537295415162
6416    0.537291756769
6418    0.537290887867
6420    0.537290887109
6422    0.537286949722
6424    0.537285148215
6426    0.537281867448
6428    0.537273668965
6430    0.537272998048
6432    0.537272375045
6434    0.537270639674
6436    0.53726002502
6438    0.537260015994
6464    0.536054189461
6466    0.5360541837
6492    0.532604196448
6494    0.532604135379
6496    0.532603742399
6498    0.532603732616
6500    0.532603491557
6502    0.53260329084
6504    0.532602917465
6506    0.532602917237
6508    0.532602798271
6510    0.532602798271
6512    0.532602798271
6514    0.532602797775
6516    0.532599550656
6518    0.532599535745
6520    0.532599502441
6522    0.532598234628
6524    0.532597173283
6526    0.532597158205
6528    0.532597155749
6530    0.532596210213
6532    0.532593737519
6534    0.532593736016
6536    0.532581090702
6538    0.532566710213
6540    0.532558473625
6566    0.530915065033
6592    0.530094498875
6618    0.52935325086
6620    0.529353233458
6646    0.528018834198
6672    0.527017251027
6674    0.527007403885
6676    0.527007403628
6678    0.527006558469
6680    0.527006553528
6682    0.527006553311
6684    0.527006238317
6686    0.527006237791
6688    0.527006237462
6690    0.527006237364
6692    0.527005995406
6694    0.527005995075
6696    0.527005314806
6698    0.527005314064
6700    0.526996194097
6702    0.526996135676
6713    0.526822763301
6715    0.526822341399
6717    0.526818338206
6719    0.526814673716
6721    0.52680126254
6723    0.526801262054
6725    0.526792730269
6727    0.526789233352
6729    0.526789199896
6731    0.526778125582
6733    0.526772005793
6735    0.526771801795
6737    0.52675935579
6739    0.526757403202
6741    0.526741808404
6767    0.526115580248
6769    0.526105625452
6795    0.524991161993
6797    0.524988656203
6799    0.524974516899
6801    0.524961201829
6803    0.524960307611
6805    0.524959438149
6809    0.524910213468
6811    0.524895936754
6813    0.524895804503
6815    0.524891096134
6817    0.524891091732
6819    0.52487997685
6821    0.524877250265
6823    0.524872847251
6825    0.524870538093
6827    0.524856967435
6829    0.524843560506
6831    0.52484209344
6833    0.524836643264
6835    0.524822968154
6837    0.524822884432
6839    0.52482288442
6841    0.524822857373
6843    0.524822790472
6845    0.524822298102
6847    0.524821694811
6849    0.524821685294
6851    0.524821678727
6853    0.524821294817
6855    0.524820829509
6857    0.524820823848
6859    0.524820819029
6861    0.524820818958
6863    0.524814273445
6865    0.524810149902
6867    0.524810145642
6869    0.52479777138
6871    0.524797272763
6873    0.524796859079
6875    0.524796854613
6877    0.524785577191
6879    0.52478231898
6881    0.524781237017
6883    0.524781236297
6885    0.52477769691
6887    0.524776140701
6889    0.52477374106
6891    0.524767508723
6893    0.52476695963
6895    0.524766449724
6897    0.524765292128
6899    0.524756933997
6901    0.52475690865
6927    0.523777985342
6929    0.523777979018
6955    0.520691789202
6957    0.520691771395
6959    0.520691743219
6961    0.520691738277
6963    0.52069158624
6965    0.520691459639
6967    0.520691428317
6969    0.52069142827
6971    0.520691359758
6973    0.520691359694
6975    0.520691359694
6977    0.520691359396
6979    0.520687713665
6981    0.520687698239
6983    0.520687671176
6985    0.520686626059
6987    0.520685751131
6989    0.520685735778
6991    0.520685731199
6993    0.52068494749
6995    0.520682828487
6997    0.520682827018
6999    0.520670995796
7001    0.520661709141
7003    0.52065445027
7029    0.519512253956
7055    0.518892539672
7081    0.518335658089
7083    0.518335368166
7109    0.517401367233
7135    0.516611447614
7137    0.516602508477
7139    0.516602508271
7141    0.516602252614
7143    0.516602248056
7145    0.516602247937
7147    0.516602062374
7149    0.516602061742
7151    0.516602061345
7153    0.516602061294
7155    0.516601918662
7157    0.516601918278
7159    0.51660068185
7161    0.516600681108
7163    0.516592964699
7165    0.516592720851
7167    0.516577043143
7169    0.51657677588
7171    0.51657377344
7173    0.516571025008
7175    0.516558025429
7177    0.516558017841
7179    0.516550848087
7181    0.51654789298
7183    0.516547877927
7185    0.516537742636
7187    0.516531796666
7189    0.51653130131
7191    0.516519097253
7193    0.516516399586
7195    0.516501083661
7197    0.516486399815
7199    0.516476681312
7225    0.515589540017
7227    0.515587199456
7229    0.51557396564
7231    0.515561235544
7233    0.515560433456
7235    0.51555965361
7237    0.515543945505
7239    0.515530276461
7241    0.515530174403
7243    0.515526075472
7245    0.515526071059
7247    0.515515869942
7249    0.51551337648
7251    0.515509800774
7253    0.515507065273
7255    0.515494018365
7257    0.515481128916
7259    0.515480098091
7261    0.515475138522
7263    0.515462006204
7265    0.515461958106
7267    0.515461958097
7269    0.515461947117
7271    0.515461881365
7273    0.515461582966
7275    0.515461223177
7277    0.515461213322
7279    0.515461206521
7281    0.515460973797
7283    0.515460696235
7285    0.515460690403
7287    0.515460641048
7289    0.515460640979
7291    0.515454808427
7293    0.515450314187
7295    0.515450309755
7297    0.515438677403
7299    0.515438295233
7301    0.515437978157
7303    0.515437973678
7305    0.515427397258
7307    0.515424406605
7309    0.515423141337
7311    0.515423140654
7313    0.515419905139
7315    0.515418537133
7317    0.515416770908
7319    0.515412191576
7321    0.515411733334
7323    0.515411307774
7325    0.515410545232
7327    0.515404118056
7329    0.515404073031
7355    0.514643007356
7357    0.514643000789
7383    0.511927891813
7385    0.511927888804
7387    0.511927842161
7389    0.511927839223
7391    0.511927736601
7393    0.511927651144
7395    0.511927616626
7397    0.511927616254
7399    0.511927574387
7401    0.511927574261
7403    0.511927574261
7405    0.511927574032
7407    0.511923640872
7409    0.511923624988
7411    0.511923602167
7413    0.51192270116
7415    0.511921946865
7417    0.511921931241
7419    0.511921924594
7421    0.511921246084
7423    0.511919446527
7425    0.51191944509
7427    0.511908382875
7429    0.511902621292
7431    0.511896176346
7457    0.511101613352
7483    0.510635576812
7495    0.510453420462
7497    0.510452762187
7523    0.509798975691
7549    0.509148847769
7551    0.509140697275
7553    0.509140697114
7555    0.509140675206
7557    0.509140670777
7559    0.509140670709
7561    0.509140562278
7563    0.509140561605
7565    0.509140561185
7567    0.509140561156
7569    0.509140477742
7571    0.50914047734
7573    0.509138724484
7575    0.50913872376
7577    0.509132102426
7579    0.509131575256
7581    0.509116332238
7583    0.50911614544
7585    0.509113871424
7587    0.509111789774
7589    0.509099190722
7591    0.509099165951
7593    0.509093051522
7595    0.509090565558
7597    0.509090558689
7599    0.509081271382
7601    0.50907559135
7603    0.509075099944
7605    0.509063294821
7607    0.509060606427
7609    0.509045747852
7611    0.509035636503
7613    0.50902618366
7639    0.508321452912
7641    0.508319250003
7643    0.508306368598
7645    0.508294205373
7647    0.508293480475
7649    0.50829277571
7651    0.508277463645
7653    0.508264376245
7655    0.508264300065
7657    0.508260737361
7659    0.508260732938
7661    0.508251360643
7663    0.508249087147
7665    0.508246166312
7667    0.50824311505
7669    0.508230571359
7671    0.508218179101
7673    0.50821746852
7675    0.508212829645
7677    0.508200217755
7679    0.508200189057
7681    0.50820018905
7683    0.508200185175
7685    0.508200119811
7687    0.508199938944
7689    0.508199724102
7691    0.508199714144
7693    0.508199707273
7695    0.508199566175
7697    0.508199400391
7699    0.508199394512
7701    0.508199267548
7703    0.508199267482
7705    0.508194029554
7707    0.508189279737
7709    0.508189275126
7711    0.50817834085
7713    0.508178030387
7715    0.508177772801
7717    0.50817776832
7719    0.508167849787
7721    0.508165042062
7723    0.50816362364
7725    0.508163622992
7727    0.508160622046
7729    0.508159401129
7731    0.508158091843
7733    0.508154843252
7735    0.508154454575
7737    0.508154093601
7739    0.508153599319
7741    0.508148763914
7743    0.508148697867
7769    0.507582610086
7771    0.507582603562
7797    0.505224424916
7799    0.505224424916
7801    0.505224148892
7803    0.50522414685
7805    0.505224072962
7807    0.50522401143
7809    0.505223782867
7811    0.505223782175
7813    0.505223755002
7815    0.505223754843
7817    0.505223754843
7819    0.50522375464
7821    0.505219619309
7823    0.505219603017
7825    0.50521958309
7827    0.505218777528
7829    0.505218103132
7831    0.505218087236
7833    0.505218078755
7835    0.505217470255
7837    0.505215972264
7839    0.505215970852
7841    0.505205664856
7843    0.50520174643
7845    0.505195868146
7871    0.504650668105
7873    0.504635573031
7875    0.504620543028
7877    0.504619781236
7902    0.50419932611
7928    0.503608635098
7930    0.503601199324
7932    0.503601199199
7934    0.503601174282
7936    0.503601169889
7938    0.503601169855
7940    0.503601106449
7942    0.503601105765
7944    0.503601105337
7946    0.503601105324
7948    0.503601056496
7950    0.503601056087
7952    0.503598872768
7954    0.503598872059
7956    0.503593026555
7958    0.50359218062
7960    0.503577364334
7962    0.503577221264
7964    0.503575480368
7966    0.50357388673
7968    0.503561677184
7970    0.50356163616
7972    0.503556346281
7974    0.503554265562
7976    0.503554262366
7978    0.50354574123
7980    0.503540324799
7982    0.503539847686
7984    0.503528440947
7986    0.503525785653
7988    0.503511384326
7990    0.503504642307
7992    0.503495465453
8018    0.50293634882
8020    0.502934278014
8022    0.502921741881
8024    0.502910120435
8026    0.502909467715
8028    0.502908833152
8030    0.502893911127
8032    0.502881380441
8034    0.502881325964
8036    0.502878234797
8038    0.502878230367
8040    0.502869610457
8042    0.502867543487
8044    0.50286514253
8046    0.502861861997
8048    0.502849801332
8050    0.502837886312
8052    0.502837408336
8054    0.502832981379
8056    0.502820868352
8058    0.502820850433
8060    0.502820850428
8062    0.502820849409
8064    0.502820784109
8066    0.502820674469
8068    0.502820545977
8070    0.502820536017
8072    0.502820529144
8074    0.502820443585
8076    0.502820344406
8078    0.50282033853
8080    0.502820113726
8082    0.502820113661
8084    0.502815373658
8086    0.502810453031
8088    0.502810448256
8090    0.50280017046
8092    0.502799905505
8094    0.502799685673
8096    0.502799681187
8098    0.502790379994
8100    0.502787700149
8102    0.502786156576
8104    0.502786155962
8106    0.50278333801
8108    0.502782234508
8110    0.502781256131
8112    0.50277903466
8114    0.502778700809
8116    0.502778390739
8118    0.502778076985
8120    0.50277450931
8122    0.502774421731
8128    0.50269284066
8130    0.502692834577
8156    0.500591049135
8158    0.500591047202
8160    0.500590715797
8162    0.500590714182
8164    0.500590660358
8166    0.500590615533
8168    0.500590339414
8170    0.500590338499
8172    0.500590321107
8174    0.500590320933
8176    0.500590320933
8178    0.500590320741
8180    0.500586046502
8182    0.500586029837
8184    0.500586011871
8186    0.500585270807
8188    0.500584650402
8190    0.500584634232
8192    0.500584624216
8194    0.500584063284
8196    0.500582857753
8198    0.500582856354
8200    0.500573316519
8202    0.5005696507
8204    0.500564039591
8206    0.500548442789
8208    0.500534955808
8210    0.500521527891
8212    0.500520631229
8214    0.500504680338
8240    0.499969134397
8242    0.499961993364
8244    0.499961993287
8246    0.499961945905
8248    0.499961941509
8250    0.499961941501
8252    0.499961904393
8254    0.499961903711
8256    0.499961903284
8258    0.499961903278
8260    0.499961874663
8262    0.499961874256
8264    0.499959352555
8266    0.499959351863
8268    0.499954067462
8270    0.499952898561
8272    0.499938500396
8274    0.499938381977
8276    0.499937033572
8278    0.499935799217
8280    0.499923968215
8282    0.499923914636
8284    0.499919274323
8286    0.499917542699
8288    0.499917541174
8290    0.499909712659
8292    0.499904556766
8294    0.499904102266
8296    0.499893091929
8298    0.499890489339
8300    0.499876543392
8302    0.499872231622
8304    0.49986333767
8324    0.499529556209
8326    0.499527619479
8328    0.499515453416
8330    0.499504349754
8332    0.499503768918
8334    0.499503204268
8336    0.499488697236
8338    0.49947669946
8340    0.499476663926
8342    0.499473987126
8344    0.499473982691
8346    0.499466046314
8348    0.499464172493
8350    0.499462185525
8352    0.49945874009
8354    0.499447142743
8356    0.499435685488
8358    0.499435374144
8360    0.49943108825
8362    0.499419453318
8364    0.499419441534
8366    0.49941944153
8368    0.499419441424
8370    0.499419376063
8372    0.499419309592
8374    0.49941923259
8376    0.499419222667
8378    0.499419215819
8380    0.49941916393
8382    0.499419104476
8384    0.499419098624
8386    0.499418765027
8388    0.499418764964
8390    0.499414443556
8392    0.499409413095
8394    0.499409408174
8396    0.49939974749
8398    0.499399512193
8400    0.499399316967
8402    0.499399312469
8404    0.499390590493
8406    0.499388002197
8408    0.499386358233
8410    0.499386357652
8412    0.49938368395
8414    0.499382686508
8416    0.499381948917
8418    0.499380154085
8420    0.499379873676
8422    0.499379613235
8424    0.499379419504
8426    0.499376392494
8428    0.499376276609
8430    0.499363652391
8432    0.499363646825
8458    0.497489167977
8460    0.497489162249
8462    0.49748882537
8464    0.497488823966
8466    0.497488782774
8468    0.497488748469
8470    0.49748846776
8472    0.497488466706
8474    0.497488455089
8476    0.497488454909
8478    0.497488454909
8480    0.497488454721
8482    0.497484087589
8484    0.497484070578
8486    0.497484053943
8488    0.497483357248
8490    0.497482773986
8492    0.497482757541
8494    0.497482746269
8496    0.497482218277
8498    0.497481258641
8500    0.497481257256
8502    0.497472412717
8504    0.497469577878
8506    0.497464333331
8508    0.497448889164
8510    0.497437030924
8512    0.497425225285
8514    0.497424172946
8516    0.497408426409
8542    0.496923509519
8544    0.496916647258
8546    0.496916647211
8548    0.496916571503
8550    0.496916567097
8552    0.49691656705
8554    0.496916545311
8556    0.496916544632
8558    0.496916544207
8560    0.496916544181
8562    0.496916527389
8564    0.496916526983
8566    0.496913750514
8568    0.496913749839
8570    0.496908879597
8572    0.496907402054
8574    0.496893413049
8576    0.496893308898
8578    0.496892251295
8580    0.496891283142
8582    0.496879819935
8584    0.496879757467
8586    0.496875633052
8588    0.496874201242
8590    0.49687420049
8592    0.496866998534
8594    0.496862120927
8596    0.496861710024
8598    0.496851122445
8600    0.496848621903
8602    0.496835159731
8604    0.49683215178
8606    0.496823569745
8608    0.49680753956
8610    0.496805747009
8612    0.496794016297
8614    0.496783407529
8616    0.496782902962
8618    0.496782412482
8620    0.496768384236
8622    0.496756896731
8624    0.496756877878
8626    0.496754564937
8628    0.4967545605
8630    0.496747245659
8632    0.496745551912
8634    0.496743895718
8636    0.496740331995
8638    0.496729178942
8640    0.496718160653
8642    0.496717966503
8644    0.496713774986
8646    0.496702598274
8648    0.496702590077
8650    0.496702590074
8652    0.496702590048
8654    0.496702524588
8656    0.496702484286
8658    0.496702438024
8660    0.496702428147
8662    0.49670242133
8664    0.496702389857
8666    0.496702354126
8668    0.496702348301
8670    0.496701901569
8672    0.496701901508
8674    0.496697933399
8676    0.496692836376
8678    0.496692831325
8680    0.496683750654
8682    0.496683535152
8684    0.496683356348
8686    0.496683351832
8688    0.496675173314
8690    0.496672652355
8692    0.496670929233
8694    0.496670928682
8696    0.496668369914
8698    0.49666746056
8700    0.496666898866
8702    0.496665413217
8704    0.496665176606
8706    0.496664956841
8708    0.496664841634
8710    0.496662214657
8712    0.496662069539
8714    0.496652515672
8716    0.496652510634
8742    0.494989171472
8744    0.494989161849
8746    0.494988824332
8748    0.494988823034
8750    0.4949887898
8752    0.494988762122
8754    0.49498848098
8756    0.494988479844
8758    0.494988471631
8760    0.494988471448
8762    0.494988471448
8764    0.494988471262
8766    0.494984044289
8768    0.494984026949
8770    0.494984011203
8772    0.494983345544
8774    0.494982788263
8776    0.494982771541
8778    0.494982759263
8780    0.494982254504
8782    0.494981500929
8784    0.494981499558
8786    0.494973287254
8788    0.494971148994
8790    0.49496623292
8792    0.494950933727
8794    0.494940541961
8796    0.49493019682
8798    0.494928989266
8800    0.494913432151
8826    0.494490966624
8828    0.494484369668
8830    0.494484369638
8832    0.494484260264
8834    0.494484255848
8836    0.494484255774
8838    0.494484243023
8840    0.494484242347
8842    0.494484241924
8844    0.494484241883
8846    0.494484232012
8848    0.494484231607
8850    0.494481270589
8852    0.49448126993
8854    0.494476711709
8856    0.494474950016
8858    0.49446136088
8860    0.494461265104
8862    0.494460424423
8864    0.49445965484
8866    0.494448548828
8868    0.494448480357
8870    0.494444768923
8872    0.494443593708
8874    0.494443593321
8876    0.494436958519
8878    0.494432401752
8880    0.494432067323
8882    0.494421963399
8884    0.494419647942
8886    0.494406734936
8888    0.494403769799
8890    0.494395555369
8892    0.494379693942
8894    0.49437803244
8896    0.494366720607
8898    0.494356584643
8900    0.494356147031
8902    0.494355721659
8904    0.494342155111
8906    0.494331155847
8908    0.494331147914
8910    0.494329154181
8912    0.494329149742
8914    0.494322400511
8916    0.494320874186
8918    0.494319483201
8920    0.494315834412
8922    0.494305107292
8924    0.494294509827
8926    0.494294396021
8928    0.494290267853
8930    0.494279530301
8932    0.494279524259
8934    0.494279524257
8936    0.494279524
8938    0.49427945844
8940    0.494279434002
8942    0.494279406121
8944    0.494279396287
8946    0.4942793895
8948    0.494279370407
8950    0.494279348864
8952    0.494279343064
8954    0.494278783471
8956    0.494278783412
8958    0.494275114628
8960    0.494269981466
8962    0.4942699763
8964    0.494261440681
8966    0.494261238679
8968    0.494261071076
8970    0.494261066537
8972    0.494253397894
8974    0.494250928016
8976    0.494249143564
8978    0.494249143043
8980    0.494246676862
8982    0.494245839618
8984    0.494245407079
8986    0.49424419144
8988    0.494243989697
8990    0.494243802314
8992    0.494243737358
8994    0.494241468204
8996    0.494241294807
8998    0.494234343129
9000    0.494234338614
9026    0.492764885432
9028    0.492764872413
9030    0.492764538734
9032    0.492764537488
9034    0.492764509466
9036    0.492764486127
9038    0.492764208403
9040    0.49276420722
9042    0.492764201101
9044    0.492764200917
9046    0.492764200917
9048    0.492764200732
9050    0.492759737444
9052    0.492759719786
9054    0.492759704613
9056    0.492759061028
9058    0.492758522226
9060    0.492758505225
9062    0.492758492153
9064    0.492758004094
9066    0.492757422601
9068    0.492757421243
9070    0.492749786529
9072    0.492748204187
9074    0.492743575689
9076    0.492728418414
9078    0.492719296523
9080    0.492710215961
9082    0.492708858592
9084    0.492693479549
9086    0.49267747114
9088    0.492671160965
9090    0.492671160946
9092    0.492671007313
9094    0.492671002888
9096    0.4926710028
9098    0.492670995309
9100    0.492670994636
9102    0.492670994214
9104    0.492670994166
9106    0.492670988351
9108    0.492670987948
9110    0.492667898801
9112    0.492667898158
9114    0.492663580025
9116    0.492661563456
9118    0.492648364683
9120    0.49264827383
9122    0.492647596116
9124    0.492646975714
9126    0.492636216485
9128    0.492636144081
9130    0.492632765792
9132    0.492631809308
9134    0.492631809099
9136    0.49262568802
9138    0.492621434108
9140    0.492621164267
9142    0.492611521447
9144    0.492609372992
9146    0.492596984766
9148    0.492594063053
9150    0.492586200266
9152    0.492570506518
9154    0.492568964202
9156    0.492558055446
9158    0.492548371171
9160    0.492547992276
9162    0.492547623998
9164    0.492534502714
9166    0.492523970598
9168    0.492523968695
9170    0.492522254687
9172    0.492522250249
9174    0.492516016113
9176    0.492514645057
9178    0.49251346749
9180    0.492509757095
9182    0.49249943819
9184    0.492489244039
9186    0.492489183296
9188    0.492485097748
9190    0.492474781042
9192    0.492474776334
9194    0.492474776332
9196    0.492474775763
9198    0.492474710117
9200    0.492474695296
9202    0.492474678424
9204    0.492474668629
9206    0.492474661868
9208    0.492474650285
9210    0.492474637243
9212    0.492474631466
9214    0.492473962412
9216    0.492473962356
9218    0.49247054809
9220    0.492465400048
9222    0.492465394776
9224    0.492457371263
9226    0.492457178663
9228    0.492457018862
9230    0.492457014294
9232    0.492449823972
9234    0.492447394196
9236    0.492445563163
9238    0.49244556267
9240    0.492443171931
9242    0.492442394238
9244    0.492442057085
9246    0.492441074238
9248    0.492440900543
9250    0.492440739209
9252    0.492440705397
9254    0.492438753407
9256    0.492438553024
9258    0.492433739788
9260    0.492433735781
9286    0.491140573209
9288    0.491140557412
9290    0.491140231552
9292    0.491140230331
9294    0.491140205857
9296    0.491140185474
9298    0.491139914589
9300    0.491139913379
9302    0.491139908608
9304    0.491139908423
9306    0.491139908423
9308    0.491139908239
9310    0.491135425262
9312    0.491135407296
9314    0.491135392462
9316    0.491134764856
9318    0.491134239432
9320    0.491134222151
9322    0.491134208459
9324    0.491133732657
9326    0.491133305965
9328    0.491133304614
9330    0.491126243159
9332    0.491124713423
9334    0.491120193235
9336    0.491105237877
9338    0.491096229753
9340    0.491087262472
9342    0.491085831797
9344    0.491070650385
9346    0.491054803686
9348    0.491048759506
9350    0.491048759494
9352    0.491048556826
9354    0.491048552395
9356    0.491048552302
9358    0.491048547893
9360    0.491048547222
9362    0.491048546801
9364    0.491048546751
9366    0.491048543316
9368    0.491048542914
9370    0.491045369738
9372    0.491045369111
9374    0.491041239858
9376    0.491038999082
9378    0.491026181083
9380    0.491026093086
9382    0.49102553872
9384    0.491025031234
9386    0.491014608611
9388    0.491014533686
9390    0.491011426167
9392    0.491010655288
9394    0.491010655169
9396    0.491004999756
9398    0.491001031598
9400    0.491000816063
9402    0.490991612854
9404    0.49098961527
9406    0.490977728571
9408    0.490974850808
9410    0.490967324423
9412    0.490951797273
9414    0.490950363427
9416    0.490939842634
9418    0.490930589913
9420    0.490930262453
9422    0.490929944187
9424    0.490917252414
9426    0.490907167307
9428    0.490907167307
9430    0.490905698123
9432    0.490905693687
9434    0.490899929016
9436    0.490898701623
9438    0.490897696457
9440    0.49089394097
9442    0.490884013265
9444    0.490874205616
9446    0.490874177908
9448    0.490870121123
9450    0.490860207728
9452    0.490860203867
9454    0.490860203866
9456    0.490860203
9458    0.490860137283
9460    0.490860128294
9462    0.490860118033
9464    0.490860108269
9466    0.49086010153
9468    0.490860094502
9470    0.490860086566
9472    0.490860080807
9474    0.490859307731
9476    0.490859307676
9478    0.490856110606
9480    0.490850962501
9482    0.490850957132
9484    0.490843414743
9486    0.490843228839
9488    0.490843074593
9490    0.490843069994
9492    0.490836328379
9494    0.490833931278
9496    0.490832065743
9498    0.490832065276
9500    0.490829736772
9502    0.490829008691
9504    0.490828742431
9506    0.490827957828
9508    0.49082780693
9510    0.49082766677
9512    0.490827651323
9514    0.490825978205
9516    0.490825752279
9518    0.490822634137
9520    0.490822630611
9546    0.489688409953
9548    0.489688391936
9550    0.489688077298
9552    0.489688076087
9554    0.489688054127
9556    0.489688035838
9558    0.48968777471
9560    0.489687773484
9562    0.489687769621
9564    0.489687769436
9566    0.489687769436
9568    0.489687769252
9570    0.489683278295
9572    0.489683260025
9574    0.489683245356
9576    0.489682629557
9578    0.489682114014
9580    0.489682096452
9582    0.489682082279
9584    0.489681615686
9586    0.489681312298
9588    0.489681310955
9590    0.489674767307
9592    0.489673288683
9594    0.489668870408
9596    0.489654113751
9598    0.489645217654
9600    0.48963636192
9602    0.489634859157
9604    0.489619872169
9606    0.489604185359
9608    0.489598388055
9610    0.489598388047
9612    0.489598132471
9614    0.489598128035
9616    0.489598127942
9618    0.489598125341
9620    0.489598124671
9622    0.489598124252
9624    0.489598124202
9626    0.489598122166
9628    0.489598121765
9630    0.489594898387
9632    0.489594897775
9634    0.489590920605
9636    0.48958848562
9638    0.489576038765
9640    0.489575952368
9642    0.489575492086
9644    0.489575070726
9646    0.489564974756
9648    0.489564898244
9650    0.48956201241
9652    0.489561398192
9654    0.489561398119
9656    0.489556165118
9658    0.489552466443
9660    0.489552296333
9662    0.489543512226
9664    0.489541651108
9666    0.48953024373
9668    0.48952741036
9670    0.489520205805
9672    0.489504844125
9674    0.489503509062
9676    0.489493361747
9678    0.489484521351
9680    0.489484238897
9682    0.489483964387
9684    0.489471686992
9686    0.489462029632
9688    0.489462028072
9690    0.489460772864
9692    0.489460768432
9694    0.489455431963
9696    0.489454337191
9698    0.489453471842
9700    0.489449682885
9702    0.489440130039
9704    0.489430692746
9706    0.489430683523
9708    0.489426646253
9710    0.489417119361
9712    0.48941711605
9714    0.489417116049
9716    0.489417114934
9718    0.489417049162
9720    0.489417043709
9722    0.489417037428
9724    0.489417027689
9726    0.489417020968
9728    0.489417016703
9730    0.489417011843
9732    0.489417006099
9734    0.489416135672
9736    0.489416135619
9738    0.489413124528
9740    0.489407986668
9742    0.489407981209
9744    0.489400890806
9746    0.489400709788
9748    0.489400559594
9750    0.48940055496
9752    0.48939423425
9754    0.489391864795
9756    0.489389974569
9758    0.489389974127
9760    0.489387697643
9762    0.489387011258
9764    0.489386798041
9766    0.489386180227
9768    0.489386048048
9770    0.489385925274
9772    0.489385919761
9774    0.4893844901
9776    0.489384240113
9778    0.489382405249
9780    0.489382402171
9806    0.488390442271
9808    0.488390422483
9810    0.488390121848
9812    0.488390120638
9814    0.48839010053
9816    0.488390083783
9818    0.488389834793
9820    0.488389833557
9822    0.488389830334
9824    0.488389830149
9826    0.488389830149
9828    0.488389829965
9830    0.488385339238
9832    0.488385320669
9834    0.488385306039
9836    0.488384699163
9838    0.48838419109
9840    0.488384173246
9842    0.488384158702
9844    0.488383699216
9846    0.48838349229
9848    0.488383490955
9850    0.488377415513
9852    0.488375986551
9854    0.488371664177
9856    0.48835710309
9858    0.48834831731
9860    0.488339571421
9862    0.488337997889
9864    0.488323202198
9866    0.488307673475
9868    0.488302105445
9870    0.488302105441
9872    0.488301793877
9874    0.488301789437
9876    0.488301789347
9878    0.488301787808
9880    0.488301787139
9882    0.48830178672
9884    0.488301786672
9886    0.48830178546
9888    0.488301785059
9890    0.488298537083
9892    0.488298536487
9894    0.488294684747
9896    0.488292083701
9898    0.488279998376
9900    0.488279912817
9902    0.488279524861
9904    0.488279169709
9906    0.488269390675
9908    0.48826931318
9910    0.48826661015
9912    0.488266127337
9914    0.488266127289
9916    0.488261277749
