22 5.2503734862
48 5.21308691829
50 5.2130631985
76 5.18694602502
78 5.186926788
89 5.06181345055
115 4.95871470599
117 4.95871046498
143 4.94273104596
145 4.94273040421
171 4.939936911
197 4.85457324358
223 4.8519661845
249 4.82671592069
275 4.82411200764
301 4.77759431556
327 4.69775296876
353 4.66956137939
379 4.64266477261
405 4.62585999252
431 4.51162549741
457 4.38801818679
483 4.38021596709
485 4.38020018482
493 4.37992526721
519 4.27118420904
545 4.16363543962
571 4.15189204278
597 4.13934267655
614 4.1383859043
640 4.04460713314
656 3.9205503499
682 3.8997097397
684 3.89969920555
710 3.89536695881
736 3.77193446797
762 3.64829167815
766 3.64817806302
769 3.64812462624
771 3.64810178626
787 3.52370535562
813 3.47392967493
815 3.47392134323
841 3.44446579465
843 3.44446240852
869 3.35437163917
895 3.3319844362
921 3.30849757241
947 3.28963413423
973 3.28413488688
999 3.16106826799
1025 3.03781183577
1029 3.03770006145
1036 3.0374171589
1038 3.03739175716
1064 2.91353426344
1090 2.80219475666
1092 2.80217969201
1118 2.7920717281
1120 2.79206179184
1146 2.71788776296
1172 2.61284831545
1198 2.58435656176
1224 2.5699911206
1250 2.55972890944
1276 2.46107510609
1302 2.45948102717
1328 2.44107671672
1354 2.43951558779
1380 2.43623422661
1397 2.31151159558
1412 2.18710278374
1414 2.18709447431
1416 2.18708431815
1418 2.18707976043
1444 2.18613868835
1470 2.08702560948
1496 2.08622221883
1522 2.06761475127
1524 2.06758541492
1550 1.94422575149
1576 1.94024805464
1580 1.94013375516
1606 1.93611741266
1608 1.93609244063
1630 1.81209054293
1656 1.77264263912
1658 1.77261907111
1684 1.74573786771
1686 1.74571768082
1706 1.62078945672
1724 1.49656900514
1726 1.49655768265
1728 1.49653901064
1730 1.49653292415
1756 1.43735374166
1782 1.37140812023
1808 1.34051164793
1834 1.31059827062
1860 1.29625598032
1886 1.2747990408
1907 1.15050301935
1933 1.13263791736
1935 1.13262358385
1961 1.11774102734
1987 0.993959358042
1993 0.993734838676
1995 0.993713505517
1997 0.99370560479
2023 0.976247792036
2025 0.976238322382
2051 0.964807726989
2053 0.964797698995
2055 0.964795056076
2081 0.962475454663
2083 0.962475454567
2085 0.962447836906
2087 0.962447455777
2113 0.96008610626
2139 0.953487682569
2165 0.950917828681
2191 0.949110373277
2217 0.946518726567
2243 0.937678422
2269 0.929351733
2295 0.9238181023
2321 0.921140617515
2347 0.917805011244
2349 0.917781811616
2351 0.917765068508
2353 0.917743665554
2355 0.917733672779
2357 0.917715835882
2359 0.917696937997
2375 0.91682196714
2377 0.916798374491
2379 0.916771213279
2381 0.916749597981
2393 0.916308231917
2395 0.916305138075
2400 0.916175481546
2402 0.916174611831
2404 0.916146348622
2406 0.916130387529
2408 0.916116627332
2410 0.916102453773
2412 0.916091884955
2414 0.916080738436
2416 0.916076052889
2442 0.900008750137
2444 0.900007966289
2470 0.891230974387
2472 0.891230929044
2496 0.889902252815
2522 0.875614815696
2524 0.875595114702
2550 0.863933413836
2552 0.863920316643
2554 0.863906467083
2556 0.863892240249
2558 0.863877021574
2560 0.863865640445
2562 0.863849553962
2564 0.863839656478
2580 0.862987510695
2582 0.862982064795
2584 0.862957677155
2586 0.862953975866
2612 0.859646548259
2633 0.858305639436
2659 0.856982287438
2661 0.856958461063
2664 0.85689807757
2671 0.856688051753
2697 0.854778675363
2700 0.854720053985
2726 0.852882217366
2728 0.8528539015
2730 0.852850826194
2732 0.852845901426
2734 0.852844425177
2736 0.852841966336
2738 0.852841363523
2764 0.85200935049
2790 0.848509774714
2816 0.847651978795
2827 0.847261979436
2853 0.846444563746
2855 0.846433293561
2881 0.842728609213
2883 0.842714648821
2909 0.839001401135
2911 0.838989494089
2913 0.838982593146
2939 0.821337988394
2941 0.821327922832
2967 0.810153432781
2969 0.810141291694
2971 0.810135149379
2973 0.810130735346
2975 0.810128460425
2977 0.81012707715
2979 0.810126456754
3005 0.8040768678
3031 0.791674030222
3057 0.788735131735
3083 0.783883446466
3109 0.782608804554
3135 0.771548069624
3137 0.771542602785
3163 0.762282966153
3165 0.762279901158
3191 0.75482556007
3193 0.754809633759
3195 0.754795986767
3197 0.754785143921
3199 0.75478351102
3225 0.747425274116
3227 0.747421254526
3253 0.742740269477
3255 0.742734345796
3257 0.742732898154
3259 0.742708056565
3261 0.742707901054
3263 0.742686954701
3265 0.742686011947
3291 0.740260731685
3293 0.740232392777
3319 0.73764664605
3321 0.737619956615
3347 0.73502620339
3373 0.73347752857
3390 0.732807973656
3416 0.731742383757
3418 0.731715305909
3426 0.731489432988
3428 0.731472654265
3430 0.731462805022
3432 0.731447377285
3434 0.731441956691
3436 0.731429286192
3438 0.731415648914
3440 0.731390794567
3442 0.731372395762
3444 0.731350073998
3446 0.731333204479
3448 0.731313853379
3450 0.73131264179
3452 0.731287858701
3454 0.731287672165
3456 0.731263913062
3458 0.731256412678
3460 0.731248252788
3462 0.731241238091
3464 0.731234968835
3466 0.731229449725
3468 0.73122779363
3494 0.72666813935
3496 0.726668121311
3522 0.724199476105
3524 0.724199303978
3526 0.724177692368
3552 0.715225107409
3554 0.715213151036
3580 0.708082810774
3582 0.708076649621
3584 0.708071088685
3586 0.708061944862
3588 0.708053564205
3590 0.70804624665
3592 0.70803537348
3594 0.708030912223
3596 0.708006121542
3598 0.708003989607
3600 0.70798381083
3602 0.707982442493
3604 0.707963173004
3606 0.707939741965
3608 0.707914502293
3610 0.70789454922
3612 0.707868073258
3614 0.707845708372
3640 0.705856941357
3642 0.705832869068
3668 0.703922527623
3670 0.703897601308
3672 0.703896830308
3674 0.703895639154
3676 0.703895429647
3678 0.703894997985
3680 0.703894985301
3706 0.70295806298
3708 0.702931139896
3734 0.701985976411
3736 0.701959379147
3762 0.701057352337
3764 0.701052928379
3790 0.697352705644
3792 0.697346404246
3818 0.693676855682
3820 0.69367180236
3822 0.693670763836
3848 0.686701986054
3850 0.686697328075
3876 0.682400292328
3878 0.682391806974
3880 0.682389448482
3882 0.682388657151
3884 0.682388293564
3886 0.682388292676
3888 0.682388289757
3890 0.682364906589
3916 0.68058189607
3918 0.68055250186
3926 0.680322188759
3928 0.680293411705
3954 0.67544231729
3956 0.675439359065
3982 0.671196102078
3984 0.671195190627
4010 0.667792740197
4012 0.667784836653
4014 0.667777857283
4016 0.66777231011
4018 0.667772202326
4044 0.664812290116
4046 0.664810515033
4072 0.662950321221
4074 0.662946444374
4076 0.662944913879
4078 0.662925445652
4080 0.662925239105
4082 0.662910171046
4084 0.662909017212
4110 0.660638616663
4112 0.660613912656
4138 0.658125078881
4140 0.658101931725
4166 0.655588538285
4168 0.655569190265
4170 0.655541581504
4172 0.655516229797
4174 0.65549143705
4176 0.655462756072
4178 0.655450445271
4180 0.655444594721
4182 0.655433258467
4184 0.655430372565
4186 0.655421211635
4188 0.655411160115
4190 0.655390276933
4192 0.65537590334
4194 0.655357187231
4196 0.655343999294
4198 0.655328243174
4200 0.655327716572
4202 0.65530689573
4204 0.655306875357
4206 0.655286875415
4208 0.655283402365
4210 0.655278559844
4212 0.65527505921
4214 0.655271338219
4216 0.655268582597
4218 0.655267587384
4244 0.654002778376
4246 0.654002761751
4255 0.6537394186
4257 0.65373904452
4259 0.653722503584
4285 0.648419397702
4287 0.648411770768
4313 0.644229986681
4315 0.64422712435
4317 0.644225240222
4319 0.644219352223
4321 0.644214650691
4323 0.644209937219
4325 0.644202188463
4327 0.644200051372
4329 0.644179257689
4331 0.644178456746
4333 0.644161729627
4335 0.644161265182
4337 0.64414449649
4339 0.644124521551
4341 0.644102063466
4343 0.644085189552
4345 0.644061487105
4347 0.644043272223
4373 0.641994264864
4375 0.641973706575
4401 0.640009326383
4403 0.639987244823
4405 0.639986957076
4407 0.639986723824
4409 0.6399867119
4411 0.639986700888
4413 0.639986643975
4439 0.639010944274
4441 0.638986287609
4467 0.637964280182
4469 0.637939564255
4495 0.636957141749
4497 0.636955502599
4523 0.633334579618
4525 0.633331812878
4551 0.629778451181
4553 0.629776546283
4555 0.629776546209
4581 0.627134692343
4583 0.627132344009
4609 0.625520210674
4611 0.625513494742
4613 0.625512258145
4615 0.625511753698
4617 0.625511723761
4619 0.625511692854
4621 0.625511473937
4623 0.625491499371
4625 0.625464267841
4627 0.625437215483
4629 0.625415254948
4631 0.625388564697
4657 0.623438794696
4659 0.623437065811
4685 0.621570343048
4687 0.621570204569
4713 0.620045479174
4715 0.620041584599
4717 0.620037995367
4719 0.620035141628
4721 0.620035071897
4747 0.618866441189
4749 0.618865620345
4759 0.618573240241
4761 0.618570558068
4763 0.618568787769
4765 0.618553865886
4767 0.618553671697
4769 0.618543469177
4771 0.618542312915
4797 0.616492819118
4799 0.616469151045
4825 0.614150650911
4827 0.614128601719
4853 0.611768538949
4855 0.611750315493
4857 0.611724985235
4859 0.611700942718
4861 0.611678265341
4863 0.611650978606
4865 0.611641937511
4867 0.611638415407
4869 0.611630077227
4871 0.611628578941
4873 0.611621968367
4875 0.611614608741
4877 0.611597056109
4879 0.611585800718
4881 0.611570105658
4883 0.611559771795
4885 0.611546967658
4887 0.611546707062
4889 0.611529196777
4891 0.61152919619
4893 0.611512341891
4895 0.611510770453
4897 0.611507903029
4899 0.611506136927
4901 0.611503933513
4903 0.611502542407
4905 0.611501699542
4907 0.611473473606
4909 0.611473442363
4911 0.611444478155
4913 0.611444061967
4915 0.611430649867
4941 0.608399740925
4943 0.6083944973
4969 0.606001597097
4971 0.606000267654
4973 0.605999838812
4975 0.60599604252
4977 0.605993364233
4979 0.60599032427
4981 0.605984534212
4983 0.605983442965
4985 0.605965986575
4987 0.605965703418
4989 0.605951842398
4991 0.605951707085
4993 0.60593713108
4995 0.605920081644
4997 0.605900090863
4999 0.605885813586
5001 0.605864579276
5003 0.605849708165
5029 0.603761628474
5031 0.60374397864
5057 0.601746746597
5059 0.601727083832
5061 0.601726892431
5063 0.601726864381
5065 0.601726861503
5067 0.601726796344
5069 0.601726595809
5095 0.600722075921
5097 0.600699404422
5123 0.599608348375
5125 0.599585366117
5151 0.598530156037
5153 0.59852958468
5179 0.595059851076
5181 0.595058683436
5207 0.591688325202
5209 0.591687766812
5211 0.591687299614
5237 0.590728100257
5239 0.590726800458
5241 0.590697187578
5243 0.590691541545
5245 0.590690643144
5247 0.590690290654
5249 0.590690290559
5251 0.590690216309
5253 0.590689835667
5255 0.590671670323
5257 0.590649386934
5259 0.590624392076
5261 0.590607269636
5263 0.590582579456
5270 0.590395409109
5272 0.590394314193
5298 0.589418851287
5300 0.589418848562
5318 0.58885617787
5320 0.588854288537
5322 0.588852437741
5324 0.588850965585
5326 0.58885057308
5328 0.588820846613
5330 0.588820483824
5332 0.588791348612
5334 0.588789430571
5336 0.588787479469
5338 0.588776309088
5340 0.588776156969
5342 0.588769783
5344 0.588768704378
5370 0.586979250634
5372 0.586956503232
5398 0.584856407403
5400 0.584835574846
5426 0.582676660401
5428 0.58265947476
5430 0.582636227128
5432 0.582613390308
5434 0.582592644777
5436 0.582566641284
5438 0.582559995319
5440 0.5825578392
5442 0.582551699958
5444 0.58255095015
5446 0.58254619162
5448 0.582540846216
5450 0.582526088835
5452 0.58251725282
5454 0.582504090417
5456 0.582495972457
5458 0.582485592385
5460 0.582485442177
5462 0.582470701424
5464 0.582470686894
5466 0.582456467802
5468 0.582455781936
5470 0.582454088985
5472 0.582453184639
5474 0.582451883755
5476 0.582451170844
5478 0.582450372855
5480 0.582423308787
5482 0.582423270635
5484 0.58239546057
5486 0.582395025693
5488 0.582383936428
5514 0.580688613784
5516 0.580684962789
5542 0.579332405085
5544 0.579331880364
5546 0.579331863582
5548 0.579329414422
5550 0.579327866918
5552 0.579325905039
5554 0.579321387917
5556 0.579320784192
5558 0.579306117657
5560 0.579306028112
5562 0.579294548035
5564 0.579294520358
5566 0.579281866599
5568 0.579267295183
5570 0.579249494438
5572 0.579237407443
5574 0.579218371384
5576 0.579206186817
5602 0.577102141501
5604 0.577086909349
5630 0.575079559557
5632 0.575061979326
5634 0.575061777899
5636 0.575061777615
5638 0.57506176022
5640 0.575061491293
5642 0.575061140764
5668 0.574040094328
5670 0.574019160291
5696 0.572870027483
5698 0.572848662432
5724 0.57173152781
5726 0.571731336143
5752 0.568477123269
5754 0.568476658045
5780 0.565346437849
5782 0.56534635941
5784 0.565345088262
5786 0.565315738941
5788 0.565314978789
5790 0.565286227485
5792 0.565281181573
5794 0.565280394846
5796 0.565280124302
5798 0.565280120754
5800 0.565280008571
5802 0.565279575985
5804 0.565263157175
5806 0.565243437904
5808 0.565220465249
5810 0.565205848425
5812 0.565183135188
5814 0.565166858647
5816 0.56516610499
5818 0.565140158727
5820 0.565140146329
5822 0.56511086533
5824 0.565109971211
5826 0.565109015081
5828 0.565108254164
5830 0.565107554423
5832 0.565078866246
5834 0.565078687459
5836 0.565050575248
5838 0.565049054636
5840 0.565047069972
5842 0.565038878419
5844 0.565038738112
5846 0.565035167973
5848 0.565034119387
5874 0.563521040689
5876 0.563499118178
5902 0.561644172375
5904 0.561624634835
5930 0.559694125743
5932 0.559677909589
5934 0.559656567113
5936 0.559634853622
5938 0.559615873535
5940 0.559591064376
5942 0.559586174234
5944 0.559584826767
5946 0.559580301576
5948 0.559579946643
5950 0.559576531543
5952 0.559572686873
5954 0.559560276483
5956 0.559553320428
5958 0.559542281868
5960 0.559535886821
5962 0.559527495941
5964 0.559527394913
5966 0.559514973161
5968 0.559514942176
5970 0.559502932556
5972 0.559502650073
5974 0.559501650132
5976 0.55950117764
5978 0.559500409336
5980 0.559500036462
5982 0.559499257293
5984 0.559473340515
5986 0.559473299305
5988 0.559446633486
5990 0.559446190606
5992 0.55943682923
6018 0.558501705658
6020 0.558499123799
6032 0.55814977918
6034 0.558149596511
6036 0.558149531675
6038 0.558147955153
6040 0.558147042383
6042 0.558145779054
6044 0.558142221406
6046 0.558141854826
6048 0.558129522517
6050 0.558129500067
6052 0.558119998083
6054 0.558119996717
6056 0.558109027312
6058 0.558096556138
6060 0.558080700089
6062 0.558070460942
6064 0.558053383873
6066 0.558043351093
6092 0.555947306162
6094 0.555934092633
6120 0.553939825461
6122 0.553924061073
6124 0.553923801165
6126 0.553923799741
6128 0.553923770392
6130 0.553923228992
6132 0.553922730983
6158 0.552899294832
6160 0.552879880115
6186 0.551686487339
6188 0.551666647537
6214 0.550501349976
6216 0.550501281704
6242 0.547510388685
6244 0.547510218798
6270 0.544659377189
6272 0.54465937238
6274 0.544657343032
6276 0.54462881599
6278 0.544628308584
6280 0.544600366886
6282 0.544595543925
6284 0.54459481388
6286 0.544594588159
6288 0.544594580737
6290 0.544594440437
6292 0.544593978606
6294 0.544579243689
6296 0.544560941052
6298 0.544539933163
6300 0.544526528539
6302 0.544505739907
6304 0.544490175771
6306 0.544489639798
6308 0.544464544943
6310 0.544464493142
6312 0.544436096323
6314 0.544435684204
6316 0.544435184342
6318 0.544434786282
6320 0.544433863942
6322 0.54440617932
6324 0.54440607975
6326 0.544378955317
6328 0.544377652297
6330 0.544375674685
6332 0.544369785271
6334 0.544369649466
6336 0.544367966954
6338 0.544366936226
6364 0.543125978261
6366 0.543104808395
6392 0.541501952451
6394 0.541483750077
6420 0.539790098488
6422 0.539774797803
6424 0.539755199051
6426 0.539734543526
6428 0.539717177461
6430 0.539693491802
6432 0.539689889685
6434 0.539689026235
6436 0.53968568662
6438 0.539685532961
6440 0.539683090883
6442 0.539680358416
6444 0.53966991918
6446 0.539664426145
6448 0.539655168856
6450 0.539650115405
6452 0.539643354912
6454 0.539643277208
6456 0.539632798579
6458 0.539632755344
6460 0.539622599558
6462 0.539622494209
6464 0.539621903356
6466 0.539621649786
6468 0.539621195876
6470 0.539620995493
6472 0.539620224365
6474 0.539595481447
6476 0.539595439009
6478 0.539569945681
6480 0.539569499541
6482 0.539561334974
6484 0.539534349941
6486 0.539532251143
6488 0.539502922167
6490 0.539502842024
6492 0.539502553788
6494 0.539501544989
6496 0.53950105295
6498 0.539500244184
6500 0.539497485961
6502 0.539497240315
6504 0.539486862365
6506 0.539486859443
6508 0.539479000684
6510 0.539478998555
6512 0.539469504093
6514 0.539458814233
6516 0.539444685519
6518 0.539436005731
6520 0.539420675243
6522 0.539412360551
6548 0.537348022891
6550 0.537336502671
6576 0.535377897273
6578 0.53536373584
6580 0.535363384685
6582 0.535363383586
6584 0.535363346493
6586 0.535362475183
6588 0.535361829005
6614 0.534351271186
6616 0.534333184093
6642 0.533111580849
6644 0.533093192722
6670 0.53189575041
6672 0.531895717702
6698 0.529195544308
6700 0.52919549051
6726 0.526642901701
6728 0.526642789865
6730 0.52664012309
6732 0.526612377116
6734 0.526611997757
6736 0.526584824431
6738 0.526580041245
6740 0.526579340643
6742 0.526579139987
6744 0.526579129931
6746 0.526578970073
6748 0.526578492149
6750 0.526565277886
6752 0.526548287321
6754 0.526529071192
6756 0.526516782679
6758 0.526497750191
6760 0.526482869074
6762 0.526482457373
6764 0.526458184288
6766 0.52645809037
6768 0.526430549
6770 0.526430366629
6772 0.526430101066
6774 0.526429889425
6776 0.526428822539
6778 0.526402107305
6780 0.526402044154
6782 0.526375873274
6784 0.526374694509
6786 0.52637273531
6788 0.526368576412
6790 0.526368443104
6792 0.526367874166
6794 0.52636685801
6820 0.525378066872
6822 0.525357601647
6848 0.523998036643
6850 0.523981176323
6876 0.522518013158
6878 0.522503584304
6880 0.522485582148
6882 0.522465932114
6884 0.522450042028
6886 0.522427422992
6888 0.522424766372
6890 0.522424196468
6892 0.522421728336
6894 0.522421671539
6896 0.522419932869
6898 0.522418019238
6900 0.522409235851
6902 0.522404883219
6904 0.522397119993
6906 0.5223931129
6908 0.522387686592
6910 0.522387620423
6912 0.522378770989
6914 0.522378719806
6916 0.522370120509
6918 0.522370088014
6920 0.52236973874
6922 0.522369597841
6924 0.522369329586
6926 0.522369218052
6928 0.522368450498
6930 0.522344930698
6932 0.522344887847
6934 0.522320618018
6936 0.522320170724
6938 0.522312741421
6940 0.522286383448
6942 0.52228465293
6944 0.522255968286
6946 0.522255945601
6948 0.522255406732
6950 0.522254760926
6952 0.522254487441
6954 0.522253969412
6956 0.522251714799
6958 0.522251533824
6960 0.522242793166
6962 0.522242793113
6964 0.522236299052
6966 0.52223628916
6968 0.522228085272
6970 0.52221890755
6972 0.522206313457
6974 0.522198950119
6976 0.522185177479
6978 0.522178230545
7004 0.520167966426
7006 0.520157873679
7032 0.518255873615
7034 0.518243143483
7036 0.518242675678
7038 0.518242675558
7040 0.518242633509
7042 0.518241368722
7044 0.518240571414
7070 0.517258405709
7072 0.517241478286
7098 0.516009090207
7100 0.515992092847
7126 0.514779898498
7128 0.514779871433
7154 0.512381214082
7156 0.512381201048
7182 0.510130237972
7184 0.510129948053
7186 0.510126764886
7188 0.510099768072
7190 0.510099458871
7192 0.510073022094
7194 0.510068196508
7196 0.510067511416
7198 0.510067324816
7200 0.51006731321
7202 0.510067140128
7204 0.510066653454
7206 0.510054812128
7208 0.510039036935
7210 0.510021455147
7212 0.510010194112
7214 0.509992764381
7216 0.509978538235
7218 0.509978199792
7220 0.509954720072
7222 0.509954590328
7224 0.509927876677
7226 0.509927801103
7228 0.509927656972
7230 0.509927541999
7232 0.509926386872
7234 0.509900607772
7236 0.509900562526
7238 0.509875312116
7240 0.509874206961
7242 0.509872269708
7244 0.509869376304
7246 0.509869244838
7248 0.509869174421
7250 0.509868171844
7258 0.509654226827
7260 0.509634940074
7286 0.508450084457
7288 0.508434657837
7314 0.507144074349
7316 0.507130534866
7318 0.507113994973
7320 0.507095362847
7322 0.507080822753
7324 0.507059279154
7326 0.507057317094
7328 0.507056927977
7330 0.507055100959
7332 0.507055085966
7334 0.507053854618
7336 0.507052538916
7338 0.507045146808
7340 0.507041684704
7342 0.507035174726
7344 0.507031985187
7346 0.507027648609
7348 0.507027588213
7350 0.50702010564
7352 0.507020049609
7354 0.507012758079
7356 0.50701275174
7358 0.507012545175
7360 0.507012463393
7362 0.507012304805
7364 0.507012239939
7366 0.507011474158
7368 0.506989115826
7370 0.506989072912
7372 0.506965966158
7374 0.506965518643
7376 0.506958732543
7378 0.50693298672
7380 0.506931562684
7382 0.506903507315
7384 0.506903506474
7386 0.506902746927
7388 0.506902333328
7390 0.506902175359
7392 0.506901843384
7394 0.506899914828
7396 0.506899769957
7398 0.506892401709
7400 0.506892399544
7402 0.506887038451
7404 0.506887020584
7406 0.506879944947
7408 0.506872052231
7410 0.506860821804
7412 0.506854570485
7414 0.506842187884
7416 0.506836326932
7442 0.504900208308
7444 0.504891325258
7470 0.50306438212
7472 0.503052942842
7474 0.503052338357
7476 0.503052331268
7478 0.503052285938
7480 0.503050556607
7482 0.503049605165
7508 0.502110623986
7510 0.502094709755
7536 0.500869325958
7538 0.500853666053
7564 0.499644461004
7566 0.499644424963
7592 0.497543975716
7594 0.497543974133
7620 0.495585497746
7622 0.495585010952
7624 0.495581414796
7626 0.495555142914
7628 0.495554875396
7630 0.495529151053
7632 0.495524256481
7634 0.495523579644
7636 0.495523400741
7638 0.495523388283
7640 0.495523206346
7642 0.495522714953
7644 0.49551211277
7646 0.495497463426
7648 0.495481372593
7650 0.495471057227
7652 0.495455090466
7654 0.495441492403
7656 0.49544119821
7658 0.495418484471
7660 0.49541832682
7662 0.495392413998
7664 0.495392386043
7666 0.495392305611
7668 0.495392241384
7670 0.495391035043
7672 0.495366159705
7674 0.495366123825
7676 0.495341761813
7678 0.495340701903
7680 0.495338790695
7682 0.495336448497
7684 0.495336317937
7686 0.495336317003
7688 0.49533532611
7690 0.495310015973
7692 0.495291943612
7718 0.494254791723
7720 0.494240717895
7746 0.493098504749
7748 0.493085823628
7750 0.493070623632
7752 0.493052974975
7754 0.49303966999
7756 0.493019165593
7758 0.493017714163
7760 0.493017438325
7762 0.493016083373
7764 0.493016082141
7766 0.493015215653
7768 0.493014332065
7770 0.493008109187
7772 0.493005343868
7774 0.492999885184
7776 0.492997335697
7778 0.492993887189
7780 0.492993829599
7782 0.492987494556
7784 0.492987435664
7786 0.492981243746
7788 0.492981243657
7790 0.492981121429
7792 0.492981071411
7794 0.492980977624
7796 0.492980937863
7798 0.492980173182
7800 0.49295891795
7802 0.492958875118
7804 0.492936874166
7806 0.492936426863
7808 0.492930204433
7810 0.492905056024
7812 0.492903886754
7814 0.492876445975
7816 0.492876439145
7818 0.492875504106
7820 0.492875239118
7822 0.492875143531
7824 0.492874930678
7826 0.492873218453
7828 0.49287309446
7830 0.492866877239
7832 0.492866872118
7834 0.492862451202
7836 0.492862426992
7838 0.492856336774
7840 0.492849537484
7842 0.492839519091
7844 0.49283420785
7846 0.492823066091
7848 0.492818065507
7874 0.490973140744
7876 0.490965288577
7902 0.489228746274
7904 0.489218480758
7906 0.489217724308
7908 0.489217691652
7910 0.489217644102
7912 0.489215375381
7914 0.48921426837
7940 0.488331620898
7942 0.488316593064
7968 0.487115330903
7970 0.487100958638
7996 0.485911800361
7998 0.485911742218
8024 0.484095406653
8026 0.484095406633
8052 0.482411223197
8054 0.48241054475
8056 0.482406621507
8058 0.482381056496
8060 0.482380816015
8062 0.482355786143
8064 0.482350827001
8066 0.482350154619
8068 0.482349979642
8070 0.482349966741
8072 0.482349778858
8074 0.482349284956
8076 0.482339800748
8078 0.482326194426
8080 0.482311463977
8082 0.482302018818
8084 0.482287387674
8086 0.482274391944
8088 0.482274124875
8090 0.482252150783
8092 0.482251972236
8094 0.482226834278
8096 0.482226826008
8098 0.482226779516
8100 0.482226742349
8102 0.4822255081
8104 0.482201505096
8106 0.482201474385
8108 0.482177969714
8110 0.48217693883
8112 0.48217505218
8114 0.482173041059
8116 0.482172911569
8118 0.482172846013
8120 0.482171867059
8122 0.482150960554
8124 0.482133989955
8150 0.481232755444
8152 0.481219918074
8178 0.480214575362
8180 0.480202705787
8182 0.480188734007
8184 0.480172018843
8186 0.480159844088
8188 0.480140327571
8190 0.480139251878
8192 0.480139048368
8194 0.480138041351
8196 0.480138040406
8198 0.48013743541
8200 0.480136859959
8202 0.4801316199
8204 0.480129400958
8206 0.480124824189
8208 0.48012277688
8210 0.48012005021
8212 0.480119993844
8214 0.480114622859
8216 0.480114562316
8218 0.480109295714
8220 0.480109294151
8222 0.480109221781
8224 0.480109189311
8226 0.480109133825
8228 0.480109107955
8230 0.480108344174
8232 0.480088136738
8234 0.480088094047
8236 0.48006714457
8238 0.480066697695
8240 0.480060970113
8242 0.48003640462
8244 0.480035446857
8246 0.480008606335
8248 0.480008572062
8250 0.480007505136
8252 0.480007335298
8254 0.48000727427
8256 0.480007137722
8258 0.480005572202
8260 0.480005460591
8262 0.480000209271
8264 0.480000201614
8266 0.479996560485
8268 0.479996531709
8270 0.479991301262
8272 0.479985433782
8274 0.479976492896
8276 0.479971977139
8278 0.479961943517
8280 0.47995762339
8306 0.47821743223
8308 0.478210463701
8334 0.476576189925
8336 0.476566998244
8338 0.476566079058
8340 0.476565990839
8342 0.476565941823
8344 0.476563060319
8346 0.476561798752
8372 0.475746217044
8374 0.475731966838
8400 0.474570323814
8402 0.474557189623
8428 0.473403521452
8430 0.473403426942
8456 0.471849761273
8458 0.471849760472
8484 0.470415940388
8486 0.4704150857
8488 0.470410907541
8490 0.470386035884
8492 0.470385814652
8494 0.470361465803
8496 0.470356463077
8498 0.470355793155
8500 0.47035561984
8502 0.470355606725
8504 0.4703554148
8506 0.470354919595
8508 0.470346443609
8510 0.470333803659
8512 0.470320314648
8514 0.470311670079
8516 0.470298258487
8518 0.470285840398
8520 0.470285590003
8522 0.470264330196
8524 0.470264136239
8526 0.47023974805
8528 0.470239746685
8530 0.47023971863
8532 0.470239696177
8534 0.47023844837
8536 0.470215287282
8538 0.470215259557
8540 0.470192582209
8542 0.470191570959
8544 0.470189707506
8546 0.470187961069
8548 0.470187832852
8550 0.47018762163
8552 0.470186655018
8554 0.470169631559
8556 0.470153668533
8567 0.469847662428
8569 0.469836006582
8595 0.468920392054
8597 0.468909331737
8599 0.468896485921
8601 0.468880704641
8603 0.468869564155
8605 0.468851035256
8607 0.468850236312
8609 0.468850079896
8611 0.468849329616
8613 0.46884932316
8615 0.468848904771
8617 0.468848545192
8619 0.468844131429
8621 0.46884234194
8623 0.468838504998
8625 0.468836852632
8627 0.468834710901
8629 0.46883465491
8631 0.468830094428
8633 0.468830032945
8635 0.468825545641
8637 0.468825540214
8639 0.468825497332
8641 0.468825474861
8643 0.46882544202
8645 0.468825424077
8647 0.468824661191
8649 0.468805449091
8651 0.468805406563
8653 0.468785456975
8655 0.468785010649
8657 0.468779718246
8659 0.468755721422
8661 0.468754939007
8663 0.468728684721
8665 0.468728606764
8667 0.4687274444
8669 0.468727335505
8671 0.468727294186
8673 0.468727206539
8675 0.468725742532
8677 0.468725638384
8679 0.468721198076
8681 0.468721188548
8683 0.468718193788
8685 0.468718161886
8687 0.468713680717
8689 0.468708608639
8691 0.468700625875
8693 0.468696783982
8695 0.468687740415
8697 0.468683957794
8723 0.467058315443
8725 0.467052108907
8751 0.465528383864
8753 0.465520178507
8755 0.465519090236
8757 0.465518904817
8759 0.465518854931
8761 0.465515293995
8763 0.465513881694
8765 0.465484542971
8767 0.465471497562
8793 0.464342383597
8795 0.464330542173
8821 0.463210748221
8823 0.46321060537
8849 0.461893923223
8851 0.461893921615
8877 0.460683637797
8879 0.460682623261
8881 0.460678252034
8883 0.460654063233
8885 0.460653856996
8887 0.460630178722
8889 0.460625161123
8891 0.460624492628
8893 0.460624319604
8895 0.460624306399
8897 0.460624111665
8899 0.460623615829
8901 0.460616048622
8903 0.460604304048
8905 0.460591948056
8907 0.460584039824
8909 0.460571741948
8911 0.460559877756
8913 0.460559637489
8915 0.460539067434
8917 0.460538862119
8919 0.460515199345
8921 0.460515199343
8923 0.460515181537
8925 0.460515167273
8927 0.460513914634
8929 0.460491565924
8931 0.460491539997
8933 0.460469660852
8935 0.460468663759
8937 0.460466825744
8939 0.460465255182
8941 0.460465127841
8943 0.46046480809
8945 0.460463852876
8947 0.460449179944
8949 0.460434387643
8951 0.460406500766
8953 0.460395945192
8979 0.459545274121
8981 0.459534994867
8983 0.459523181675
8985 0.459508306826
8987 0.459498112979
8989 0.459480543944
8991 0.459479949069
8993 0.459479823919
8995 0.459479263326
8997 0.459479249469
8999 0.459478963546
9001 0.459478751568
9003 0.459475032647
9005 0.459473581587
9007 0.459470365279
9009 0.459469024332
9011 0.459467354928
9013 0.459467298858
9015 0.459463420315
9017 0.459463358306
9019 0.459459527909
9021 0.459459518408
9023 0.459459492976
9025 0.459459476388
9027 0.459459456941
9029 0.45945944367
9031 0.459458681744
9033 0.459440415223
9035 0.459440372866
9037 0.459421374186
9039 0.45942092849
9041 0.459416019454
9043 0.459392577354
9045 0.459391940089
9047 0.459366258344
9049 0.459366124705
9051 0.459364895352
9053 0.459364825503
9055 0.459364795781
9057 0.459364739486
9059 0.45936334711
9061 0.45936324749
9063 0.459359488553
9065 0.459359477739
9067 0.459357018385
9069 0.459356984403
9071 0.459353155395
9073 0.459348763504
9075 0.459341632901
9077 0.459338362529
9079 0.459330203921
9081 0.459326845575
9107 0.457821883735
9109 0.457816338319
9135 0.456407977318
9137 0.456400679685
9139 0.456399424394
9141 0.456398789719
9143 0.45639873877
9145 0.456395480571
9147 0.456393921074
9149 0.456365963972
9151 0.456353974969
9177 0.455263930018
9179 0.45525324861
9205 0.454173494066
9207 0.454173290059
9233 0.453066204143
9235 0.453066202396
9261 0.452051944793
9263 0.45205079079
9265 0.452046280367
9267 0.452022765953
9269 0.452022572305
9271 0.45199955617
9273 0.451994554767
9275 0.451993887174
9277 0.451993713619
9279 0.451993700392
9281 0.451993503647
9283 0.451993007561
9285 0.451986259104
9287 0.451975344248
9289 0.451964022526
9291 0.451956791401
9293 0.451945510809
9295 0.451934177774
9297 0.451933943453
9299 0.451914039584
9301 0.451913825807
9303 0.451890865007
9305 0.451890864201
9307 0.451890852248
9309 0.451890842667
9311 0.451889590484
9313 0.451868025705
9315 0.451868000913
9317 0.45184689194
9319 0.45184590581
9321 0.451844092359
9323 0.451842650893
9325 0.451842524567
9327 0.45184214042
9329 0.451841196713
9331 0.451828110359
9333 0.451814519092
9335 0.451788825245
9337 0.451779266641
9353 0.451317002151
9355 0.451307477708
9357 0.451296611848
9359 0.451282619761
9361 0.451273292491
9363 0.451256660928
9365 0.451256216725
9367 0.451256112727
9369 0.451255692488
9371 0.451255671217
9373 0.451255478707
9375 0.451255364168
9377 0.451252229689
9379 0.451251046081
9381 0.451248350421
9383 0.45124725573
9385 0.451245966152
9387 0.451245909769
9389 0.451242605481
9391 0.45124254318
9393 0.451239267066
9395 0.451239254053
9397 0.451239238952
9399 0.451239225937
9401 0.451239214415
9403 0.451239203988
9405 0.451238443119
9407 0.451221075038
9409 0.451221032853
9411 0.451202938638
9413 0.451202493637
9415 0.451197922913
9417 0.451175022013
9419 0.451174504694
9421 0.451149382221
9423 0.45114918434
9425 0.451147909369
9427 0.451147864547
9429 0.45114784187
9431 0.451147805685
9433 0.4511464649
9435 0.451146368018
9437 0.451143181914
9439 0.451143170255
9441 0.451141154056
9443 0.451141118716
9445 0.451137856562
9447 0.451134047444
9449 0.451127674973
9451 0.45112488994
9453 0.451117522753
9455 0.451114499232
9481 0.449732918098
9483 0.449727949808
9509 0.448436608084
9511 0.448430145983
9513 0.448428724192
9515 0.448427638927
9517 0.4484275877
9519 0.448424320343
9521 0.448422624298
9523 0.44839621275
9525 0.448385152826
9551 0.447339695508
9553 0.447330057909
9579 0.446295506287
9581 0.446295230722
9607 0.445370522434
9609 0.445370521078
9635 0.444525651591
9637 0.444524377499
9639 0.44451977518
9641 0.444496927674
9643 0.444496745174
9645 0.444474383724
9647 0.444469428651
9649 0.444468761709
9651 0.444468587136
9653 0.444468573923
9655 0.444468375685
9657 0.444467879577
9659 0.444461868339
9661 0.444451722422
9663 0.44444134498
9665 0.444434736334
9667 0.444424385108
9669 0.444413561394
9671 0.444413330313
9673 0.444394069898
9675 0.444393849695
9677 0.44437156821
9679 0.444371565945
9681 0.444371557432
9683 0.444371550605
9685 0.444370302081
9687 0.444349493786
9689 0.444349469746
9691 0.44432910391
9693 0.444328126885
9695 0.444326337999
9697 0.444324987824
9699 0.444324862506
9701 0.444324425563
9703 0.444323493365
9705 0.444311303578
9707 0.444298830592
9709 0.444274384139
9711 0.444265745826
9713 0.444235717713
9715 0.444226926462
9717 0.444216929893
9719 0.444203802794
9721 0.444195268874
9723 0.444179558873
9725 0.444179226079
9727 0.444179136638
9729 0.444178820425
9731 0.444178792531
9733 0.444178665349
9735 0.444178611713
9737 0.444175968926
9739 0.44417499732
9741 0.444172738418
9743 0.444171839054
9745 0.44417085343
9747 0.444170796622
9749 0.444167976343
9751 0.444167913886
9753 0.444165105937
9755 0.44416509015
9757 0.44416508117
9759 0.444165070387
9761 0.444165063556
9763 0.444165054908
9765 0.444164295199
9767 0.444147780845
9769 0.444147738831
9771 0.444130504979
9773 0.444130060728
9775 0.444125789057
9777 0.444103416192
9779 0.444102997804
9781 0.444078421686
9783 0.444078153777
9785 0.444076848878
9787 0.444076820104
9789 0.444076801841
9791 0.444076778564
9793 0.444075475776
9795 0.444075380534
9797 0.444072676342
9799 0.444072664143
9801 0.444071014421
9803 0.444070978206
9805 0.444068208001
9807 0.444064899158
9809 0.444059201338
9811 0.444056828978
9813 0.444050169916
9815 0.444047410703
9841 0.442788881078
9843 0.4427844196
9869 0.441609018186
9871 0.441603324084
9873 0.441601740626
9875 0.441600249204
9877 0.441600198297
9879 0.441596763282
9881 0.441594943094
9883 0.441570200733
9885 0.441559960593
9911 0.440563535383
9913 0.440554839369
9939 0.439569598476
9941 0.439569243975
9949 0.439355271746
9951 0.439355271386
9953 0.439325075307
9955 0.439323924635
9957 0.439319173602
9959 0.439297140591
9961 0.439296998171
9963 0.439275436112
9965 0.439270786207
9967 0.439270119805
9969 0.439269943935
9971 0.439269930758
9973 0.439269731364
9975 0.43926923539
9977 0.439263887539
9979 0.439254454259
9981 0.439244939034
9983 0.439238902468
9985 0.439229400408
9987 0.439219065004
9989 0.439218835389
9991 0.439200196428
9993 0.439199971212
9995 0.439178347054
9997 0.439178343311
9999 0.43917833688
10001 0.439178331723
10003 0.439177088798
10005 0.439157010402
10007 0.439156986893
10009 0.439137338013
10011 0.439136369017
10013 0.439134605071
10015 0.439133309688
10017 0.439133185308
10019 0.439132711312
10021 0.439131790507
10023 0.439119739962
10025 0.439108313694
10027 0.439084042901
10029 0.439076258613
10031 0.43904642987
10033 0.439038319583
10035 0.439029120972
10037 0.439016804102
10039 0.439008996585
10041 0.438994152887
10043 0.438993902605
10045 0.43899382333
10047 0.438993584367
10049 0.438993550899
10051 0.438993468915
10053 0.438993449867
10055 0.438991220831
10057 0.438990417823
10059 0.438988525289
10061 0.43898778136
10063 0.438987037568
10065 0.438986980293
10067 0.438984568342
10069 0.438984505804
10071 0.438982093713
10073 0.438982075832
10075 0.438982070482
10077 0.438982061129
10079 0.438982057077
10081 0.438982049573
10083 0.438981291122
10085 0.438965588034
10087 0.43896554619
10089 0.438949130783
10091 0.438948687335
10093 0.43894468043
10095 0.438922822739
10097 0.438922485775
10099 0.438898443371
10101 0.438898101862
10103 0.438896778382
10105 0.4388967599
10107 0.438896744484
10109 0.438896729496
10111 0.438895455414
10113 0.438895361126
10115 0.438893062643
10117 0.43889305011
10119 0.438891703152
10121 0.43889166638
10123 0.438889322384
10125 0.438886443818
10127 0.438881346515
10129 0.438879325463
10131 0.43887330031
10133 0.438870749928
10159 0.437732404669
10161 0.437728390786
10187 0.436665606115
10189 0.436660616022
10191 0.436658879399
10193 0.43665701759
10195 0.436656967465
10197 0.436653280097
10199 0.436651349671
10201 0.436628360619
10203 0.436618909189
10229 0.435674862079
10231 0.435667072665
10257 0.434734184398
10259 0.434733760775
10261 0.434703721397
10263 0.434703715838
10265 0.434673717596
10267 0.43467267492
10269 0.434667861831
10271 0.434646635716
10273 0.434646522556
10275 0.434625752204
10277 0.434621355681
10279 0.434620689792
10281 0.434620512477
10283 0.434620499349
10285 0.434620299023
10287 0.434619803297
10289 0.434615052037
10291 0.434606279336
10293 0.434597551589
10295 0.43459204067
10297 0.4345833147
10299 0.434573447495
10301 0.434573218189
10303 0.434555179575
10305 0.434554950329
10307 0.434533962383
10309 0.434533957367
10311 0.434533952233
10313 0.434533948119
10315 0.434532711989
10317 0.43451333795
10319 0.434513314843
10321 0.434494357771
10323 0.434493396196
10325 0.434491655012
10327 0.434490408934
10329 0.434490285847
10331 0.434489776026
10333 0.434488867216
10335 0.434476955106
10337 0.43446648336
10339 0.434442387529
10341 0.434435376173
10343 0.4344057458
10345 0.434398267838
10347 0.434389801893
10349 0.434378244059
10351 0.434371101716
10353 0.43435707256
10355 0.434356883509
10357 0.434356811427
10359 0.434356629952
10361 0.434356591961
10363 0.434356540811
10365 0.434356537669
10367 0.434354656892
10369 0.434353988431
10371 0.434352403211
10373 0.434351783409
10375 0.434351230689
10377 0.434351172941
10379 0.434349105833
10381 0.434349043254
10383 0.434346966279
10385 0.434346946861
10387 0.434346943666
10389 0.434346935249
10391 0.434346932842
10393 0.434346926088
10395 0.434346168991
10397 0.434331236952
10399 0.434331195277
10401 0.434315558576
10403 0.434315115981
10405 0.434311343877
10407 0.434289988965
10409 0.434289718857
10411 0.434266197975
10413 0.43426578106
10415 0.43426444713
10417 0.434264435252
10419 0.434264421725
10421 0.434264412062
10423 0.434263160303
10425 0.434263066547
10427 0.434261109895
10429 0.434261097162
10431 0.434260000058
10433 0.434259962934
10435 0.434257987507
10437 0.434255479724
10439 0.434250917123
10441 0.43424919549
10443 0.434243738141
10445 0.434241353056
10471 0.433218327126
10473 0.433214710655
10499 0.432259491063
10501 0.432255143933
10503 0.432253265679
10505 0.432251054503
10507 0.432251005531
10509 0.432247020531
10511 0.432244994908
10513 0.432223805924
10515 0.432215057294
10541 0.431325683105
10543 0.431318713753
10569 0.430440192181
10571 0.430439719448
10573 0.430409878141
10575 0.430409865464
10577 0.430380064913
10579 0.430379094853
10581 0.430374296533
10583 0.430353848003
10585 0.43035375166
10587 0.430333744064
10589 0.430329542852
10591 0.430328877494
10593 0.43032869867
10595 0.430328685596
10597 0.43032848449
10599 0.430327989095
10601 0.430323773982
10603 0.430315613669
10605 0.430307605267
10607 0.430302577188
10609 0.430294560664
10611 0.430285142345
10613 0.430284912586
10615 0.430267453969
10617 0.430267221372
10619 0.430246849242
10621 0.430246843212
10623 0.430246838907
10625 0.43024683546
10627 0.43024560687
10629 0.430226912552
10631 0.430226889768
10633 0.430208600246
10635 0.430207645761
10637 0.430205926723
10639 0.430204725038
10641 0.430204603329
10643 0.430204058998
10645 0.43020316231
10647 0.430191387834
10649 0.430181786697
10651 0.430157865138
10653 0.430151553162
10655 0.430122120173
10657 0.430115229211
10659 0.430107436118
10661 0.430096589408
10663 0.430090056197
10665 0.430076793044
10667 0.430076649529
10669 0.430076582586
10671 0.430076444001
10673 0.430076402425
10675 0.430076371915
10677 0.430076371668
10679 0.4300747841
10681 0.430074223406
10683 0.430072895948
10685 0.430072375636
10687 0.430071972605
10689 0.430071914397
10691 0.430070138836
10693 0.430070076238
10695 0.430068283306
10697 0.430068262778
10699 0.430068260864
10701 0.430068253068
10703 0.430068251637
10705 0.430068245384
10707 0.430067489735
10709 0.43005329058
10711 0.430053249073
10713 0.430038353337
10715 0.430037911644
10717 0.430034348084
10719 0.430013483914
10721 0.430013268555
10723 0.429990257339
10725 0.4299897646
10727 0.429988426013
10729 0.429988418374
10731 0.429988406128
10733 0.42998839989
10735 0.429987166054
10737 0.429987072566
10739 0.429985404162
10741 0.429985391314
10743 0.429984500142
10745 0.429984462801
10747 0.429982805422
10749 0.429980617735
10751 0.429976531375
10753 0.429975065192
10755 0.429970116719
10757 0.429967862877
10783 0.429053810279
10785 0.429050548368
10811 0.428196595426
10813 0.428192832827
10815 0.428190826867
10817 0.428188276709
10819 0.428188229183
10821 0.428183923957
10823 0.428181818881
10825 0.428162442076
10827 0.42815431425
10853 0.427320905377
10855 0.42731467181
10881 0.426491566017
10883 0.426491060656
10885 0.426461417421
10887 0.4264613982
10889 0.426431795018
10891 0.426430874912
10893 0.426426137316
10895 0.426406438038
10897 0.426406351909
10899 0.426387079142
10901 0.426383038191
10903 0.426382373406
10905 0.426382193054
10907 0.426382180038
10909 0.426381978258
10911 0.426381483263
10913 0.42637774961
10915 0.426370157065
10917 0.426362805889
10919 0.426358221187
10921 0.426350853321
10923 0.42634186534
10925 0.426341634633
10927 0.426324736374
10929 0.426324500901
10931 0.426304724875
10933 0.426304718068
10935 0.426304714303
10937 0.426304711295
10939 0.426303490715
10941 0.42628545234
10943 0.426285429836
10945 0.426267784452
10947 0.426266836884
10949 0.426265139779
10951 0.426263978085
10953 0.426263857768
10955 0.426263280296
10957 0.42626239573
10959 0.426250758082
10961 0.426241951169
10963 0.426218203182
10965 0.42621252387
10967 0.426183287276
10969 0.42617694108
10971 0.426169766018
10973 0.426159585585
10975 0.426153610195
10977 0.42614106751
10979 0.426140957943
10981 0.426140894702
10983 0.426140788203
10985 0.426140743828
10987 0.426140726771
10989 0.426140720603
10991 0.426139379955
10993 0.426138905912
10995 0.426137794632
10997 0.426137354374
10999 0.426137067384
11001 0.426137008741
11003 0.42613547995
11005 0.426135417346
11007 0.426133865483
11009 0.426133844161
11011 0.426133843011
11013 0.426133835633
11015 0.42613383478
11017 0.426133828865
11019 0.42613307475
11021 0.426119572253
11023 0.426119530914
11025 0.426105340278
11027 0.426104899536
11029 0.426101521468
11031 0.42608113634
11033 0.426080965678
11035 0.426058452578
11037 0.426057884678
11039 0.426056545542
11041 0.426056540625
11043 0.426056529271
11045 0.426056525237
11047 0.426055306283
11049 0.426055212904
11051 0.426053787777
11053 0.426053774868
11055 0.426053053185
11057 0.426053015712
11059 0.426051632139
11061 0.426049721259
11063 0.426046059204
11065 0.426044811147
11067 0.426040318999
11069 0.426038169868
11095 0.425225744569
11097 0.425222800333
11099 0.425192741089
11101 0.425189537591
11103 0.425187399752
11105 0.425184521321
11107 0.42518447659
11109 0.425179836633
11111 0.425177793739
11113 0.425160210164
11115 0.425152632958
11121 0.425000938177
11123 0.42499540072
11140 0.424506263691
11142 0.424505743743
11144 0.424476298029
11146 0.424476274605
11148 0.42444686803
11150 0.424445978628
11152 0.424441328505
11154 0.424422351015
11156 0.42442227145
11158 0.424403706485
11160 0.424399804113
11162 0.424399139951
11164 0.424398958087
11166 0.424398945131
11168 0.424398742749
11170 0.424398248212
11172 0.424394946542
11174 0.424387880414
11176 0.424381129784
11178 0.424376952066
11180 0.424370177366
11182 0.424361601855
11184 0.424361369881
11186 0.424345012939
11188 0.424344774922
11190 0.424325575839
11192 0.424325568452
11194 0.424325565048
11196 0.424325562334
