2 0.0327951099527
4 0.00256222281449
6 0.000354245598795
8 6.90791862348e-05
10 1.61175197479e-05
12 4.02683558545e-06
14 1.02824800401e-06
16 2.63876424766e-07
18 6.76050051218e-08
20 1.72261207382e-08
22 4.35018077116e-09
24 1.08405105725e-09
26 2.64887556334e-10
28 6.28257168511e-11
30 1.41845979407e-11
32 2.93211288582e-12
34 4.90080198645e-13
36 1.80411241502e-14
38 -2.6215141169e-14
40 -3.37091465852e-14
42 -1.84713355722e-14
44 -7.27196081129e-15
46 -1.1046719095e-14
48 -1.11438636097e-14
50 -6.55031584529e-15
52 -6.17561557448e-15
54 -7.17481629664e-15
56 -9.50628464835e-15
58 -9.24260668e-15
60 -8.97892871166e-15
62 -9.2287288922e-15
3 -0.00172690152862
5 -6.83618140016e-06
7 2.56215501735e-05
9 8.43567950907e-06
11 2.27693573989e-06
13 5.86920643759e-07
15 1.49645737121e-07
17 3.81911816894e-08
19 9.82878801958e-09
21 2.57296697836e-09
23 6.93383787886e-10
25 1.95344788956e-10
27 5.84292544903e-11
29 1.87493909287e-11
31 6.46564052298e-12
33 2.38375985617e-12
35 9.07302011299e-13
37 3.71862263204e-13
39 1.56243074034e-13
41 7.63000773674e-14
43 4.75314232418e-14
45 3.33691407839e-14
47 2.57432963835e-14
49 2.38628561355e-14
51 2.19893547815e-14
53 2.01852423665e-14
55 2.09832151654e-14
57 2.07403538788e-14
59 2.10734207862e-14
61 2.11289319374e-14
63 2.13440376484e-14
65 2.09554595898e-14
