2 0.0680540749673
4 0.0176698213556
6 0.00536896059829
8 0.00174596279819
10 0.000588227450492
12 0.000202947520955
14 7.12819856933e-05
16 2.53869437461e-05
18 9.14099900494e-06
20 3.32012829014e-06
22 1.21437649817e-06
24 4.46711779588e-07
26 1.65101286009e-07
28 6.1262807883e-08
30 2.28095157425e-08
32 8.51751394023e-09
34 3.18884528238e-09
36 1.19661622957e-09
38 4.499637224e-10
40 1.69519295086e-10
42 6.39751526426e-11
44 2.41822292192e-11
46 9.15429528285e-12
48 3.47018861824e-12
50 1.31718817135e-12
52 5.00578482542e-13
54 1.90463591774e-13
56 7.25533363924e-14
58 2.7664101563e-14
60 1.05607127657e-14
62 4.04413932491e-15
3 -0.0426782756471
5 -0.0117285705985
7 -0.0036308840268
9 -0.00118474500515
11 -0.000399574308639
13 -0.000138087349877
15 -4.86214111564e-05
17 -1.73688770132e-05
19 -6.27445197996e-06
21 -2.28650974479e-06
23 -8.39007526427e-07
25 -3.09571576864e-07
27 -1.14740709875e-07
29 -4.26879443648e-08
31 -1.59321752371e-08
33 -5.96261233381e-09
35 -2.23687648995e-09
37 -8.40959234329e-10
39 -3.16768586638e-10
41 -1.19527391817e-10
43 -4.51739595455e-11
45 -1.70982073867e-11
47 -6.48054938536e-12
49 -2.4593920811e-12
51 -9.34492892072e-13
53 -3.55463278441e-13
55 -1.3539581401e-13
57 -5.16093020065e-14
59 -1.96926317213e-14
61 -7.53305532915e-15
63 -2.87872320992e-15
