2 0.0187589671812
4 0.00172636041523
6 0.000235452077702
8 3.51488932063e-05
10 5.44325315272e-06
12 8.59535669258e-07
14 1.37620571862e-07
16 2.23104683061e-08
18 3.66345108416e-09
20 6.09705300136e-10
22 1.02814902425e-10
24 1.74992173529e-11
26 2.97448871089e-12
28 4.77867745374e-13
30 6.56488752249e-14
32 -1.16573417586e-14
34 -1.42386102908e-14
36 -1.68615121865e-14
38 -2.05599426373e-14
40 -1.6250889523e-14
42 -1.79231629538e-14
44 -1.77427517123e-14
46 -1.72223346695e-14
48 -1.72917236085e-14
50 -1.69933511707e-14
52 -1.71321290487e-14
54 -1.72292735634e-14
56 -1.71807013061e-14
58 -1.71668235183e-14
60 -1.71321290487e-14
62 -1.71251901548e-14
3 -0.00388040532004
5 -0.000495969966686
7 -7.3283995796e-05
9 -1.13922186783e-05
11 -1.80214690252e-06
13 -2.85174006083e-07
15 -4.44060204857e-08
17 -6.61980802813e-09
19 -8.84751612251e-10
21 -8.29635041222e-11
23 5.62418861483e-12
25 6.84819562169e-12
27 2.93653296124e-12
29 1.0341033585e-12
31 3.43045036821e-13
33 1.0815653928e-13
35 3.52218254562e-14
37 1.37806432932e-14
39 6.43235464892e-15
41 2.33146835171e-15
43 1.07552855511e-15
45 3.74700270811e-16
47 1.94289029309e-16
49 3.46944695195e-17
51 1.04083408559e-16
53 2.49800180541e-16
55 2.98372437868e-16
57 2.77555756156e-16
59 3.1918911958e-16
61 3.40005801291e-16
63 3.12250225676e-16
65 2.8449465006e-16
