304 3.37657962889
491 3.14692197136
795 2.64938449831
1037 2.42726620778
1341 1.96825964962
1645 1.72614292701
1949 1.25064817634
2155 0.987655131391
2459 0.508118804859
2549 0.375983047924
2639 0.138965037262
2943 0.138752605581
3046 0.137488964913
3350 0.135510943858
3440 0.135075620218
3744 0.134145420167
3895 0.133362513536
4199 0.131221344782
4295 0.131105821231
4599 0.122947229425
4659 0.122760065264
4671 0.122760035892
4975 0.122707743144
5017 0.122706173637
5126 0.122704007338
5198 0.122683316812
5307 0.122679124593
5319 0.122679101386
5623 0.12250405716
5635 0.122504026956
5939 0.122477198154
5957 0.12247710369
5969 0.122477099118
6273 0.122467535798
6285 0.122467532108
6315 0.122467219071
6345 0.122466632211
6363 0.122466532255
6375 0.122466517008
6679 0.122408330228
6691 0.122408315028
6995 0.122398128522
7007 0.122398127609
7019 0.122398125605
7031 0.122398087449
7043 0.122398085612
7055 0.12239806929
7067 0.122398064052
7103 0.122397792097
7115 0.122397755051
7419 0.12237802276
7431 0.122377993728
7637 0.12237527817
7649 0.122375278092
7661 0.122375277792
7673 0.122375235272
7685 0.122375234639
7697 0.122375226836
7709 0.122375218938
7721 0.122375200633
7733 0.122375170701
8037 0.12236872487
8049 0.122368710152
8176 0.122367367103
8188 0.122367360828
8200 0.122367360319
8212 0.122367336268
8224 0.122367335108
8236 0.122367330169
8248 0.122367325777
8260 0.122367311335
8272 0.122367290801
8284 0.12236725381
8296 0.122367245492
8308 0.122367225379
8320 0.122367224805
8332 0.122367224687
