1 -0.0061436193425
2 0.000478082587066
3 -2.62728174043e-05
4 1.81735849565e-05
5 1.95070591411e-06
6 5.0847162078e-06
7 2.65174215634e-07
8 2.14494167233e-06
9 1.89108293955e-08
10 9.04291644462e-07
11 7.08048029929e-10
12 3.47194059315e-07
13 6.71069237679e-09
14 1.15130909098e-07
15 8.49221758192e-09
16 2.94048577917e-08
17 7.72685414263e-09
18 -1.03625476255e-10
19 7.01186941149e-09
20 -1.09377460492e-08
21 6.82859866569e-09
22 -1.56877788815e-08
23 6.88948460087e-09
24 -1.79955553653e-08
25 6.96651689114e-09
26 -1.90676582718e-08
27 7.00178441615e-09
28 -1.95096576255e-08
29 7.00958723704e-09
30 -1.96715214465e-08
31 7.00897784256e-09
32 -1.97281692302e-08
33 7.00799188819e-09
34 -1.97499114979e-08
35 7.00786751545e-09
36 -1.97597326348e-08
37 7.00807812476e-09
38 -1.9764455475e-08
39 7.00824684396e-09
40 -1.97665853685e-08
41 7.00831249978e-09
42 -1.97674408439e-08
43 7.00832396977e-09
44 -1.97677493194e-08
45 7.0083228873e-09
46 -1.97678597449e-08
47 7.00832099992e-09
48 -1.97679030922e-08
49 7.00832158973e-09
50 -1.9767924922e-08
51 7.00832161749e-09
52 -1.97679336719e-08
53 7.0083220477e-09
