5.59091630587 0.0 0.0 -0.860571596247
4.88326409296 0.0 0.0 -0.792906933889
1.89015793391 0.0361947990014 0.0191467470864 -0.318421849328
1.89015793391 -0.0361947990014 -0.0191467470864 -0.318421849328
1.76880868576 0.0 0.0 -0.285153130542
1.5638687626 0.0 0.0 -0.223581363611
1.50821317695 0.0 0.0 -0.20546281181
1.00795870757 0.0 0.0 -0.00396360205103
0.974102255803 0.0 0.0 0.013119497713
0.921185935481 0.066781133036 0.0723681385741 0.039736258089
0.921185935481 -0.066781133036 -0.0723681385741 0.039736258089
0.814478419963 0.0 0.0 0.102603673059
0.648823328812 0.0 0.0 0.216297409983
0.610448530925 0.0 0.0 0.246780647708
0.587406281996 0.0 0.0 0.266019282848
0.584074681146 0.02076449785 0.0355361346725 0.268547442142
0.584074681146 -0.02076449785 -0.0355361346725 0.268547442142
0.535011916606 0.0 0.0 0.312733129152
0.390723338809 0.0292764785955 0.0747891669601 0.468478110993
0.390723338809 -0.0292764785955 -0.0747891669601 0.468478110993
0.388203551442 0.00431516822072 0.0111152782891 0.473081841913
0.388203551442 -0.00431516822072 -0.0111152782891 0.473081841913
0.357948472074 0.0439670450919 0.122218456367 0.509939446025
0.357948472074 -0.0439670450919 -0.122218456367 0.509939446025
0.376883251649 0.0 0.0 0.487909908409
0.373957183326 0.0 0.0 0.491806985603
0.345612078552 0.0363034002752 0.10465710142 0.528475855931
0.345612078552 -0.0363034002752 -0.10465710142 0.528475855931
0.318202859814 0.0386864341626 0.120984131208 0.568864835886
0.318202859814 -0.0386864341626 -0.120984131208 0.568864835886
0.351744423631 0.0105039596578 0.029853604659 0.522202375633
0.351744423631 -0.0105039596578 -0.029853604659 0.522202375633
0.349247751671 0.0120747213839 0.0345597464567 0.525688205753
0.349247751671 -0.0120747213839 -0.0345597464567 0.525688205753
0.347677580823 0.0 0.0 0.528239860277
0.339730442807 0.0 0.0 0.539801395545
0.332204469078 0.0 0.0 0.55100231446
0.323074471262 0.00381386180335 0.0118043516165 0.564901374088
0.323074471262 -0.00381386180335 -0.0118043516165 0.564901374088
0.292720307708 0.0203712929049 0.0694810037515 0.613060978737
0.292720307708 -0.0203712929049 -0.0694810037515 0.613060978737
0.289623738552 0.0 0.0 0.619586325847
0.261995754866 0.0 0.0 0.669713489077
0.260804784227 0.0 0.0 0.671991552335
0.256160850684 0.0 0.0 0.680974854415
0.2371960219 0.0206114114866 0.0866783794771 0.717553549479
0.2371960219 -0.0206114114866 -0.0866783794771 0.717553549479
0.238419617031 0.0 0.0 0.716861530487
0.216134917636 0.0144268884109 0.066650587419 0.764814825374
0.216134917636 -0.0144268884109 -0.066650587419 0.764814825374
0.222612668828 0.0 0.0 0.751160964394
0.21738688762 0.0 0.0 0.763038310326
0.213461167158 0.0 0.0 0.772150174853
0.205574096034 0.0 0.0 0.790974372695
0.198741189518 0.010379199908 0.0521773025505 0.807195001172
0.198741189518 -0.010379199908 -0.0521773025505 0.807195001172
0.197605409065 0.0111937821148 0.0565866690037 0.809940619761
0.197605409065 -0.0111937821148 -0.0565866690037 0.809940619761
0.193036674489 0.0 0.0 0.822437542436
0.189975718444 0.0 0.0 0.830429506325
0.179351868055 0.0 0.0 0.859202829681
0.162621498711 0.0111029816191 0.0681692009358 0.90700227521
0.162621498711 -0.0111029816191 -0.0681692009358 0.90700227521
0.174015493511 0.0 0.0 0.874305470282
0.171652373682 0.0 0.0 0.881141965278
0.170229289026 0.0 0.0 0.885304495858
0.166775418908 0.0 0.0 0.895553584288
0.157284983577 0.00487857792863 0.0310075010975 0.924607563724
0.157284983577 -0.00487857792863 -0.0310075010975 0.924607563724
0.159436855372 0.0 0.0 0.918053663115
0.150866066202 0.0 0.0 0.945681407279
0.148001885236 0.0 0.0 0.95526513361
0.12896338424 0.0128039585717 0.0989593684341 1.02166113347
0.12896338424 -0.0128039585717 -0.0989593684341 1.02166113347
0.142692467349 0.0 0.0 0.973531771258
0.131737214151 0.00643667719731 0.0488211510746 1.01287695822
0.131737214151 -0.00643667719731 -0.0488211510746 1.01287695822
0.1380129829 0.000399729206965 0.00289630787511 0.990201662478
0.1380129829 -0.000399729206965 -0.00289630787511 0.990201662478
0.13763494384 0.0 0.0 0.991575216698
0.133878861583 0.0 0.0 1.00540995297
0.124956965144 0.00310875579438 0.0248734806068 1.03973825144
0.124956965144 -0.00310875579438 -0.0248734806068 1.03973825144
0.127556634349 0.0 0.0 1.02959741102
0.125772053839 0.0 0.0 1.03664205347
0.108872236212 0.0220349119053 0.199694871296 1.09875363012
0.108872236212 -0.0220349119053 -0.199694871296 1.09875363012
0.120677970821 0.0 0.0 1.05731483969
0.106268267597 0.00565230619285 0.0531389575439 1.12018800813
0.106268267597 -0.00565230619285 -0.0531389575439 1.12018800813
0.112365491819 0.00137354423571 0.0122232885405 1.09296184735
0.112365491819 -0.00137354423571 -0.0122232885405 1.09296184735
0.11249405289 0.0 0.0 1.09242746097
0.111993783543 0.0 0.0 1.09465595665
0.110803715563 0.000930303379042 0.00839576105867 1.09997986323
0.110803715563 -0.000930303379042 -0.00839576105867 1.09997986323
0.106565482831 0.0 0.0 1.11949781026
0.0973647515815 0.00848564034755 0.0869334426108 1.16275377318
0.0973647515815 -0.00848564034755 -0.0869334426108 1.16275377318
0.0929434165825 0.0106534168181 0.114124544832 1.1846190017
0.0929434165825 -0.0106534168181 -0.114124544832 1.1846190017
0.105141345397 0.0 0.0 1.12622484371
0.100939612584 7.62052176385e-05 0.000754958347964 1.14661627559
0.100939612584 -7.62052176385e-05 -0.000754958347964 1.14661627559
0.0938555595665 0.00147586371108 0.0157235446683 1.18293732941
0.0938555595665 -0.00147586371108 -0.0157235446683 1.18293732941
0.0887391963986 0.00881941399904 0.0990604741591 1.20856952719
0.0887391963986 -0.00881941399904 -0.0990604741591 1.20856952719
0.090268294003 0.0 0.0 1.20248449934
0.0738159841421 0.0089788664662 0.121043863867 1.29941810784
0.0738159841421 -0.0089788664662 -0.121043863867 1.29941810784
0.0703790298663 0.00696083093769 0.0985842782915 1.32449630482
0.0703790298663 -0.00696083093769 -0.0985842782915 1.32449630482
0.0845801572799 0.00478967690906 0.0565684316984 1.23422736981
0.0845801572799 -0.00478967690906 -0.0565684316984 1.23422736981
0.0860443229787 0.0 0.0 1.22644636601
0.0844350068712 0.0 0.0 1.23588659501
0.0805378069228 0.0 0.0 1.2595142768
0.079483791335 0.0 0.0 1.26610108034
0.0722745533115 0.0 0.0 1.31364158575
0.0749309664787 0.0 0.0 1.29559401813
0.069698095524 0.00469979328279 0.0673288050349 1.33065699348
0.069698095524 -0.00469979328279 -0.0673288050349 1.33065699348
0.0554853754485 0.0114754610321 0.203944148825 1.43534670234
0.0554853754485 -0.0114754610321 -0.203944148825 1.43534670234
0.0595803283203 0.00840639636546 0.140168248141 1.4052869576
0.0595803283203 -0.00840639636546 -0.140168248141 1.4052869576
0.0605629429164 0.00444242074848 0.0732209933211 1.40069451016
0.0605629429164 -0.00444242074848 -0.0732209933211 1.40069451016
0.061868678449 0.0 0.0 1.3913706149
-0.006778282132 0.00525377750393 2.48222646969 2.37939550046
-0.006778282132 -0.00525377750393 -2.48222646969 2.37939550046
0.0576702914595 0.0 0.0 1.42650655872
0.0531462868393 0.0 0.0 1.46735351927
0.0480174322741 0.0 0.0 1.51809558081
-0.00653962762014 0.00447874393961 2.54109868035 2.41878588005
-0.00653962762014 -0.00447874393961 -2.54109868035 2.41878588005
0.0124340284784 0.0156620100071 0.899787596478 1.95607174643
0.0124340284784 -0.0156620100071 -0.899787596478 1.95607174643
0.0262231981058 0.0142154256151 0.496752713453 1.75614687923
0.0262231981058 -0.0142154256151 -0.496752713453 1.75614687923
0.0457601580483 0.00322154367989 0.0702846609799 1.54093473751
0.0457601580483 -0.00322154367989 -0.0702846609799 1.54093473751
0.0417238534199 0.00609432579903 0.145037717377 1.58306361772
0.0417238534199 -0.00609432579903 -0.145037717377 1.58306361772
0.0426295021814 0.00554432402293 0.129332414064 1.57341093452
0.0426295021814 -0.00554432402293 -0.129332414064 1.57341093452
0.00629772504649 0.0121881996416 1.09387282047 2.1444833322
0.00629772504649 -0.0121881996416 -1.09387282047 2.1444833322
0.0371619713727 0.00620676145495 0.165491629843 1.63935630462
0.0371619713727 -0.00620676145495 -0.165491629843 1.63935630462
0.0376351007271 0.00302862391141 0.0803003415532 1.6382952954
0.0376351007271 -0.00302862391141 -0.0803003415532 1.6382952954
-0.00316093774146 0.0 3.14159265359 2.87844327089
0.0330529088983 0.003721443198 0.112118320255 1.70167361507
0.0330529088983 -0.003721443198 -0.112118320255 1.70167361507
0.0244414624216 0.00854178358414 0.3362108107 1.82692871057
0.0244414624216 -0.00854178358414 -0.3362108107 1.82692871057
0.0286397724064 0.00553452159785 0.190892979448 1.76731353729
0.0286397724064 -0.00553452159785 -0.190892979448 1.76731353729
0.00780370936128 0.00924368778957 0.869667230373 2.20738824441
0.00780370936128 -0.00924368778957 -0.869667230373 2.20738824441
0.0073631137164 0.00869377644632 0.868080986625 2.23738434584
0.0073631137164 -0.00869377644632 -0.868080986625 2.23738434584
0.0194101573522 0.00780918425033 0.382508755183 1.93347274726
0.0194101573522 -0.00780918425033 -0.382508755183 1.93347274726
-0.0014098122423 0.00396163995014 1.91268723188 2.7357385607
-0.0014098122423 -0.00396163995014 -1.91268723188 2.7357385607
0.0217973755311 0.00646074932194 0.288151082783 1.89193130931
0.0217973755311 -0.00646074932194 -0.288151082783 1.89193130931
-0.00171311076457 0.0 3.14159265359 3.18472220028
0.00798232682393 0.00704631274803 0.723196485157 2.27121770531
0.00798232682393 -0.00704631274803 -0.723196485157 2.27121770531
0.00103163783896 0.00466782289663 1.35328238359 2.67160871084
0.00103163783896 -0.00466782289663 -1.35328238359 2.67160871084
0.00484953772347 0.00604739442451 0.894884623038 2.42992095927
0.00484953772347 -0.00604739442451 -0.894884623038 2.42992095927
-0.00139708394106 0.000968082529202 2.53562687447 3.18864766984
-0.00139708394106 -0.000968082529202 -2.53562687447 3.18864766984
0.0173310999172 0.00209242466169 0.1201508309 2.02400858151
0.0173310999172 -0.00209242466169 -0.1201508309 2.02400858151
0.012338604554 0.00432771272272 0.337339002276 2.16850523405
0.012338604554 -0.00432771272272 -0.337339002276 2.16850523405
0.00140392166689 0.0035962270375 1.19860405505 2.77847283196
0.00140392166689 -0.0035962270375 -1.19860405505 2.77847283196
-0.000193967520957 0.00198810040736 1.66805276646 3.10791939157
-0.000193967520957 -0.00198810040736 -1.66805276646 3.10791939157
0.00356440941647 0.00411692636665 0.857204295104 2.60647756417
0.00356440941647 -0.00411692636665 -0.857204295104 2.60647756417
0.00824919879673 0.00522004794964 0.564184752106 2.31462495764
0.00824919879673 -0.00522004794964 -0.564184752106 2.31462495764
0.0248601742355 0.00183988453424 0.0738746344008 1.84587848392
0.0248601742355 -0.00183988453424 -0.0738746344008 1.84587848392
0.00953379602043 0.0 0.0 2.3264561587
0.00373303545158 0.00212069972497 0.516625647725 2.72534307673
0.00373303545158 -0.00212069972497 -0.516625647725 2.72534307673
-0.000499424259662 0.0 3.14159265359 3.80102730184
3.26826384912e-05 0.0 0.0 5.16433327702
0.0010071733397 0.000893021956603 0.725396771741 3.3052855181
0.0010071733397 -0.000893021956603 -0.725396771741 3.3052855181
