1.0 -3.49935153664
2.0 -3.52038041618
3.0 -3.53666348317
4.0 -3.54989250429
5.0 -3.55981561297
6.0 -3.56832197203
7.0 -3.57514490629
8.0 -3.58032359273
9.0 -3.58556107218
10.0 -3.58894605485
11.0 -3.59174554455
12.0 -3.59460539023
13.0 -3.59673623597
14.0 -3.59873336107
15.0 -3.60039927674
16.0 -3.60165960502
17.0 -3.60284181968
18.0 -3.60386551828
19.0 -3.60469013095
20.0 -3.60548128158
21.0 -3.60592938906
22.0 -3.60705897667
23.0 -3.60761682306
24.0 -3.60819298272
25.0 -3.60859948389
26.0 -3.60890564008
27.0 -3.60831573545
28.0 -3.60887734563
29.0 -3.60905947332
30.0 -3.609306544
31.0 -3.60858417131
32.0 -3.60891254673
33.0 -3.60959026429
34.0 -3.61007575314
35.0 -3.61048495118
36.0 -3.6110954076
37.0 -3.6103973387
38.0 -3.61032432687
39.0 -3.61077500054
40.0 -3.6101824561
41.0 -3.61034673679
42.0 -3.61068724222
43.0 -3.6096411431
44.0 -3.61039601133
45.0 -3.61015885663
46.0 -3.61059243595
47.0 -3.61004705239
48.0 -3.61034431809
49.0 -3.61003430132
50.0 -3.61079355388
51.0 -3.61096046159
52.0 -3.61101297229
53.0 -3.61159937639
54.0 -3.61177431105
55.0 -3.61113471864
56.0 -3.61141519391
57.0 -3.61060448531
58.0 -3.61008367635
59.0 -3.61085624815
60.0 -3.61092214948
