40 1.14666076694 0.000240678062403 0.000711901948149 0.000872889173379 0.000909585020887 0.00105225614811
60 1.21260016819 0.000858661342316 0.00109674740108 0.00119236179615 0.00125924104419 0.00140188704213
80 1.24155141719 0.00114818017844 0.00136841247 0.00158999844965 0.00171594954183 0.00180027595068
100 1.26119851157 0.000229101333486 0.00119095699039 0.00123128005068 0.00140555591077 0.00214608131767
120 1.27704494106 0.00114766592766 0.00156260429341 0.00162332631071 0.0022009192933 0.00228403556429
140 1.293423896 0.000285400565197 0.000984654011802 0.00202445300338 0.00239702242614 0.00284543049274
160 1.30219690616 0.000575786739925 0.00151742910047 0.00223187014212 0.00274540007993 0.00283997792967
180 1.3091512942 0.000858708687043 0.00115176612995 0.00271611307822 0.00287093091736 0.00376691586219
200 1.31420044098 0.00154843951151 0.00180451774947 0.0025531503812 0.00308719542884 0.00349802887906
#220 1.31942038949 0.000447364122068 0.00149516291051 0.00236975882768 0.00295044379925 0.00349380790976
240 1.32355942566 0.000275656024993 0.00263320776353 0.00295589637883 0.00307397410379 0.00414393569061
260 1.32609177949 0.000766781756763 0.00168500804673 0.00272297873242 0.00288758250538 0.003325762561
280 1.3315743634 0.00145287022184 0.0030443752082 0.00343195233418 0.00355452099516 0.003927679638
#300 1.32469637213 0.00126295770634 0.00130687590244 0.00311129870034 0.00321973974163 0.00332038821899
320 1.33356564701 0.000896867567427 0.00151547329093 0.00255493266939 0.00314517811666 0.00646326986702
#340 1.33535269041 0.00109378745353 0.00200313736108 0.00201478012359 0.00409938380927 0.00437845562637
360 1.33702615354 0.00159222211278 0.00211983040382 0.00364079297543 0.00370995687263 0.00519557739632
380 1.34414059696 0.0027042851463 0.00328866252853 0.00425639434485 0.00461086235159 0.00498535569311
#400 1.33683761929 0.00143437911901 0.00366348434225 0.00376728768042 0.00582526857864 0.0060874430951
420 1.34918246075 0.000859956592509 0.00386909275488 0.00505800012295 0.00554793081817 0.00592489844663
#440 1.33764802186 0.00207721670992 0.00238633170576 0.00323313029135 0.00352477385435 0.00357967567048
#460 1.33302861305 0.000595968075074 0.00112445597902 0.00325131592605 0.00340729648096 0.00405529853758
#480 1.33941063313 0.00138848311465 0.00241803366678 0.00278475673722 0.00387039833129 0.00394430965558
#500 1.33263576485 0.00135135169274 0.00192862538226 0.00393610946891 0.00394477428193 0.00395883140298


