60 1.50845737567 0.0013247271447 0.00203276562211 0.00258239026523 0.0026624934713 0.0026996007461
80 1.63998576294 0.0011686856732 0.00245534449182 0.00252320946581 0.00253739493469 0.00317214971882
100 1.71429358598 0.000612059987012 0.00351751116304 0.00380297268544 0.00458453910683 0.00497525661258
120 1.76321220804 0.000912544378382 0.00187701260234 0.00348904101297 0.00478665983725 0.00482596240949
140 1.80320987921 0.00364292687318 0.00388998529202 0.0050309367287 0.00567564036304 0.00648267189425
160 1.84018467552 0.00266781566356 0.00371876017597 0.00457348410328 0.00619586895888 0.00654460955702
180 1.8679508238 0.00376435560749 0.00450975060697 0.00502489961355 0.00605765804309 0.00884432404034
200 1.89003588165 0.00435987274181 0.00552767799581 0.00666878701801 0.00686790218962 0.00769634576352
220 1.9075229799 0.00563561356191 0.00598202100869 0.0081393096487 0.0085291544629 0.00885220480005
240 1.92189498915 0.00160171999485 0.00617951199163 0.00667688604549 0.00758326360294 0.00975528507
260 1.93381684101 0.00191686399081 0.00565300102479 0.0095380545849 0.0098070350662 0.0100275348798
280 1.94314396639 0.000460436866072 0.000603978435084 0.000623201173237 0.000669944847738 0.000684660153309


