0 0.353585544374 
0 0.371968645642 
1 0.391790806426 
2 0.412657570262 
3 0.434649605445 
4 0.457795077604 
5 0.482191228773 
6 0.507867844642 
7 0.534932236407 
8 0.563417247546 
9 0.593441861141 
10 0.625042491085 
11 0.658351130975 
12 0.693408189193 
13 0.730360148732 
14 0.769252027218 
15 0.81024703603 
16 0.853397629166 
17 0.898893716381 
18 0.946801298596 
19 0.996415478237 
20 0.996415478237 
21 0.996415478237 
22 0.996415478237 
23 0.996415478237 
24 0.996415478237 
25 0.996415478237 
26 0.996415478237 
27 0.996415478237 
28 0.996415478237 
29 0.996415478237 
30 0.998903667371 
31 0.99890397314 
32 0.998904491309 
33 0.998905009318 
34 0.998905527304 
35 0.998906045288 
36 0.998906563273 
37 0.998907081266 
38 0.998907599324 
39 0.998908117705 
40 0.998908417225 
41 0.999040843263 
42 0.999161860807 
43 0.999233195047 
44 0.999354225254 
45 0.99942580819 
46 0.999546861749 
47 0.999618332637 
48 0.999739424579 
49 0.999800582959 
50 0.999800613035 
51 0.999800667659 
52 0.999800697136 
53 0.999800744781 
54 0.99980077426 
55 0.999800821969 
56 0.99980085143 
57 0.999800899108 
58 0.99980092842 
59 0.999800944778 
60 0.9998009457 
61 0.999802585816 
62 0.999848997423 
63 0.999850823251 
64 0.999898111574 
65 0.999899827639 
66 0.999947226695 
67 0.999948681628 
68 0.999996691591 
69 0.999996691696 
70 0.999996691921 
71 0.999996707596 
72 0.999996708521 
73 0.999996722305 
74 0.999996723259 
75 0.999996737174 
76 0.999996738124 
77 0.999996752071 
78 0.999996752984 
79 0.999996753068 
80 0.99999821864 
81 0.999998404304 
82 0.999998780242 
83 0.999998792056 
84 0.999999286022 
85 0.999999307883 
86 0.999999776557 
87 0.999999797397 
88 0.999999797419 
89 0.999999797466 
90 0.99999979823 
91 0.999999798271 
92 0.999999798452 
93 0.999999798496 
94 0.999999798755 
95 0.999999798798 
96 0.99999979906 
97 0.999999799079 
98 0.9999997991 
99 0.999999825284 
100 0.999999829663 
101 0.999999830677 
102 0.999999830854 
103 0.999999832221 
104 0.999999832408 
105 0.999999833721 
106 0.99999983391 
107 0.999999833919 
108 0.999999833939 
109 0.999999833999 
110 0.999999834018 
111 0.999999834055 
112 0.999999834075 
113 0.999999834118 
114 0.999999834138 
115 0.999999834179 
116 0.999999834186 
117 0.999999834195 
118 0.999999834973 
119 0.999999835119 
120 0.999999835162 
121 0.999999835179 
122 0.999999835225 
123 0.999999835243 
124 0.999999835289 
125 0.999999835308 
126 0.999999835313 
127 0.999999835328 
128 0.999999835347 
129 0.99999983536 
130 0.999999835376 
131 0.99999983539 
132 0.999999835408 
133 0.999999835421 
134 0.999999835438 
135 0.999999835442 
136 0.999999835449 
137 0.999999835492 
138 0.999999835504 
139 0.999999835523 
140 0.99999983553 
141 0.99999983555 
142 0.999999835557 
143 0.999999835577 
