0 0.353585544374 
0 0.371968645642 
1 0.391790806426 
2 0.412657570262 
3 0.434649605445 
4 0.457795077604 
5 0.482191228773 
6 0.507867844642 
7 0.534932236407 
8 0.563417247546 
9 0.593441861141 
10 0.625042491085 
11 0.658351130975 
12 0.693408189193 
13 0.730360148732 
14 0.769252027218 
15 0.81024703603 
16 0.853397629166 
17 0.898893716381 
18 0.946801298596 
19 0.996415478237 
20 0.996415478237 
21 0.996415478237 
22 0.996415478237 
23 0.996415478237 
24 0.996415478237 
25 0.996415478237 
26 0.996415478237 
27 0.996415478237 
28 0.996415478237 
29 0.996415478237 
30 0.998903667371 
31 0.998903723845 
32 0.998903930854 
33 0.998904207592 
34 0.998904386786 
35 0.998904663411 
36 0.998904842573 
37 0.99890511918 
38 0.99890529834 
39 0.998905574945 
40 0.998905754105 
41 0.998906030711 
42 0.99890620987 
43 0.998906486478 
44 0.998906665644 
45 0.998906942266 
46 0.99890712148 
47 0.99890739816 
48 0.998907577622 
49 0.998907815867 
50 0.99890783476 
51 0.998919143189 
52 0.999017429364 
53 0.999029652965 
54 0.99912783289 
55 0.999140055141 
56 0.999238238936 
57 0.999250462125 
58 0.99934865605 
59 0.999360880547 
60 0.999459085258 
61 0.999471311101 
62 0.999569526752 
63 0.999581753951 
64 0.999679981377 
65 0.99969220998 
66 0.999790457207 
67 0.999802689881 
68 0.999901051963 
69 0.999903267336 
70 0.999903269431 
71 0.999903332124 
72 0.999903353054 
73 0.999903412565 
74 0.999903433452 
75 0.999903492971 
76 0.999903513856 
77 0.999903573374 
78 0.999903594259 
79 0.999903653777 
80 0.999903674661 
81 0.999903734179 
82 0.999903755063 
83 0.999903814578 
84 0.999903835452 
85 0.999903894951 
86 0.999903915734 
87 0.999903973755 
88 0.99990399955 
89 0.999903999762 
90 0.999904992929 
91 0.999905081799 
92 0.999906070951 
93 0.999906159875 
94 0.999907148818 
95 0.999907237719 
96 0.999908226642 
97 0.99990831554 
98 0.999909304462 
99 0.99990939336 
100 0.999910382285 
101 0.999910471184 
102 0.999911460128 
103 0.999911549029 
104 0.999912538149 
105 0.999912627073 
106 0.999913616884 
107 0.99991371545 
108 0.999913717442 
109 0.999913717494 
110 0.99991372401 
111 0.999913726847 
112 0.999913733404 
113 0.999913736247 
114 0.999913742802 
115 0.999913745645 
116 0.999913752199 
117 0.999913755042 
118 0.999913761596 
119 0.999913764439 
120 0.999913770993 
121 0.999913773837 
122 0.999913780391 
123 0.999913783234 
124 0.99991378979 
125 0.999913792634 
126 0.999913798938 
127 0.999913801289 
128 0.999913801306 
129 0.999913801978 
130 0.999913810157 
131 0.999913811002 
132 0.999913819228 
133 0.999913820073 
134 0.999913828297 
135 0.999913829142 
136 0.999913837366 
137 0.999913838211 
138 0.999913846435 
139 0.99991384728 
140 0.999913855503 
141 0.999913856348 
142 0.999913864572 
143 0.999913865418 
144 0.999913873644 
145 0.999913874488 
146 0.999913882678 
147 0.999913882782 
148 0.999913882806 
149 0.999913888614 
150 0.999913890658 
151 0.999913896519 
152 0.999913898569 
153 0.999913904429 
154 0.999913906479 
155 0.999913912338 
156 0.999913914388 
157 0.999913920248 
158 0.999913922298 
159 0.999913928157 
160 0.999913930207 
161 0.999913936066 
162 0.999913938116 
163 0.999913943977 
164 0.999913946028 
165 0.999913951866 
166 0.99991395381 
167 0.999913953815 
168 0.999913953834 
169 0.99991396131 
170 0.999913961506 
171 0.999913969032 
172 0.999913969228 
173 0.999913976751 
174 0.999913976947 
175 0.99991398447 
176 0.999913984666 
177 0.99991399219 
178 0.999913992386 
179 0.999913999909 
180 0.999914000105 
181 0.999914007628 
182 0.999914007824 
183 0.99991401535 
184 0.999914015546 
185 0.999914023045 
186 0.999914023128 
187 0.999914023145 
188 0.999914028552 
189 0.99991403043 
190 0.999914035891 
191 0.999914037775 
192 0.999914043234 
193 0.999914045118 
194 0.999914050576 
195 0.99991405246 
196 0.999914057919 
197 0.999914059803 
198 0.999914065262 
199 0.999914067146 
200 0.999914072605 
201 0.999914074489 
202 0.999914079949 
203 0.999914081834 
204 0.999914087277 
205 0.999914089069 
206 0.999914089071 
207 0.999914089086 
208 0.999914096055 
209 0.999914096236 
210 0.999914103251 
211 0.999914103432 
212 0.999914110446 
213 0.999914110627 
214 0.99991411764 
215 0.999914117821 
216 0.999914124834 
217 0.999914125015 
218 0.999914132028 
219 0.999914132209 
220 0.999914139223 
221 0.999914139404 
222 0.999914146419 
223 0.9999141466 
224 0.999914153591 
225 0.999914153664 
226 0.999914153678 
227 0.999914158723 
228 0.99991416047 
229 0.999914165566 
230 0.99991416732 
231 0.999914172413 
232 0.999914174167 
233 0.999914179261 
234 0.999914181014 
235 0.999914186108 
236 0.999914187861 
237 0.999914192955 
238 0.999914194709 
239 0.999914199802 
240 0.999914201556 
241 0.999914206651 
242 0.999914208406 
243 0.999914213485 
244 0.999914215154 
245 0.999914215154 
246 0.999914215168 
247 0.999914221669 
248 0.999914221836 
249 0.999914228382 
250 0.999914228549 
251 0.999914235093 
252 0.99991423526 
253 0.999914241803 
254 0.99991424197 
255 0.999914248514 
256 0.999914248681 
257 0.999914255224 
258 0.999914255391 
259 0.999914261935 
260 0.999914262102 
261 0.999914268648 
262 0.999914268815 
263 0.999914275337 
