1.0 0.0 0.0 5.55111512313e-17
0.158964116624 0.0 0.0 0.91953839192
0.1336082968 0.0 0.0 1.006421459
0.126891514622 0.0 0.0 1.03221138657
0.108661334196 0.0 0.0 1.10975962965
0.0970103022296 0.0 0.0 1.16646904878
0.0961613420503 0.0 0.0 1.17086392593
0.0802704150065 0.0 0.0 1.26117707836
0.0628717545562 0.0 0.0 1.38332913465
0.0612052073177 0.000528636894119 0.00863690807459 1.39674285382
0.0612052073177 -0.000528636894119 -0.00863690807459 1.39674285382
0.0551071400899 0.0 0.0 1.44923799351
0.0533399375768 0.00304906388941 0.0571007295802 1.46471939859
0.0533399375768 -0.00304906388941 -0.0571007295802 1.46471939859
0.0515883082474 0.0 0.0 1.48223010826
0.0454499006862 0.00489549446575 0.107298208246 1.54268855556
0.0454499006862 -0.00489549446575 -0.107298208246 1.54268855556
0.0433775776732 0.00616990324288 0.141289413924 1.56389893932
0.0433775776732 -0.00616990324288 -0.141289413924 1.56389893932
0.0444016239205 0.00316509782217 0.0711630086918 1.55597250424
0.0444016239205 -0.00316509782217 -0.0711630086918 1.55597250424
0.0427895681096 0.0 0.0 1.57573047093
0.0407828341078 0.0 0.0 1.59974700938
0.0406734318106 0.0 0.0 1.60109009038
0.0355772331824 0.0 0.0 1.66802468153
0.034289237143 0.00372942512 0.108337867196 1.68352184861
0.034289237143 -0.00372942512 -0.108337867196 1.68352184861
0.0344604638668 0.00355673634653 0.102847913456 1.68132219497
0.0344604638668 -0.00355673634653 -0.102847913456 1.68132219497
0.0312167142334 0.00354406335856 0.113046914894 1.73019907805
0.0312167142334 -0.00354406335856 -0.113046914894 1.73019907805
0.0332155754644 0.0 0.0 1.70236818629
0.0331465674398 0.0 0.0 1.70340805701
0.0318819329579 0.000944091095731 0.0296034525757 1.72263877419
0.0318819329579 -0.000944091095731 -0.0296034525757 1.72263877419
0.0309282794005 0.0 0.0 1.73804216133
0.0274125986652 0.0 0.0 1.79837628298
0.026191523098 0.0 0.0 1.82115973322
0.0258863057409 0.0 0.0 1.82702059299
0.0246094972654 0.0 0.0 1.85231142143
0.0238925759297 0.0 0.0 1.86709374943
0.0219497087679 0.0 0.0 1.90950070376
0.0218201097036 0.0 0.0 1.91246163546
0.0208273989988 0.0 0.0 1.93574294977
0.0192125121214 0.0 0.0 1.9760967696
0.0152232159579 0.00668539692577 0.413801218578 2.0483784335
0.0152232159579 -0.00668539692577 -0.413801218578 2.0483784335
0.0170999126416 0.0 0.0 2.03434096208
0.0167908077229 0.00131653516145 0.0782480001787 2.0419295989
0.0167908077229 -0.00131653516145 -0.0782480001787 2.0419295989
0.0161565410866 0.0 0.0 2.06271514524
0.0154159675084 0.0 0.0 2.08617572776
0.0140518600514 0.000895709129344 0.0636569772058 2.13148651437
0.0140518600514 -0.000895709129344 -0.0636569772058 2.13148651437
0.0128150113396 0.00345693573789 0.263485093359 2.16100829774
0.0128150113396 -0.00345693573789 -0.263485093359 2.16100829774
0.00844203797411 0.00517980657945 0.550339916775 2.3073848719
0.00844203797411 -0.00517980657945 -0.550339916775 2.3073848719
0.0101197218447 0.00470068259287 0.434852321697 2.24779079496
0.0101197218447 -0.00470068259287 -0.434852321697 2.24779079496
0.0133015134111 0.000693260569033 0.0520718093112 2.15926055507
0.0133015134111 -0.000693260569033 -0.0520718093112 2.15926055507
0.0129382349162 0.0 0.0 2.17378420223
0.0109992047038 0.00352036185415 0.309753774423 2.23058561541
0.0109992047038 -0.00352036185415 -0.309753774423 2.23058561541
0.0103989082545 0.00345966723286 0.321176156644 2.25678273935
0.0103989082545 -0.00345966723286 -0.321176156644 2.25678273935
0.0085928926851 0.00404448897049 0.439916396872 2.3283822128
0.0085928926851 -0.00404448897049 -0.439916396872 2.3283822128
0.00933980006883 0.00368694571654 0.37597786249 2.30052997808
0.00933980006883 -0.00368694571654 -0.37597786249 2.30052997808
0.0119001038865 0.00157176648434 0.131319952664 2.21128039355
0.0119001038865 -0.00157176648434 -0.131319952664 2.21128039355
0.0116303235088 0.00170909224387 0.14590709997 2.22172853567
0.0116303235088 -0.00170909224387 -0.14590709997 2.22172853567
0.0114628835143 0.00166975279955 0.144648680607 2.22907133835
0.0114628835143 -0.00166975279955 -0.144648680607 2.22907133835
0.0113902505815 0.000471051297531 0.0413321045545 2.23707154344
0.0113902505815 -0.000471051297531 -0.0413321045545 2.23707154344
0.00921082951484 0.00273532605746 0.288673269866 2.32255867748
0.00921082951484 -0.00273532605746 -0.288673269866 2.32255867748
0.00600260602353 0.00428727931038 0.620216786324 2.45473126267
0.00600260602353 -0.00428727931038 -0.620216786324 2.45473126267
0.0109036188027 0.0 0.0 2.2593302723
0.0107031680567 0.000568080588198 0.0530261738462 2.26790447719
0.0107031680567 -0.000568080588198 -0.0530261738462 2.26790447719
0.00977910837217 0.00199003757351 0.200757589971 2.30360916232
0.00977910837217 -0.00199003757351 -0.200757589971 2.30360916232
0.00731158790838 0.00325036160267 0.418311922066 2.41406247909
0.00731158790838 -0.00325036160267 -0.418311922066 2.41406247909
0.00783577764513 0.00280152069529 0.343366693829 2.39445432803
0.00783577764513 -0.00280152069529 -0.343366693829 2.39445432803
0.00877732062491 0.00203791713993 0.228137745864 2.35466587378
0.00877732062491 -0.00203791713993 -0.228137745864 2.35466587378
0.00896337362487 0.00190313145386 0.209216149026 2.34628067685
0.00896337362487 -0.00190313145386 -0.209216149026 2.34628067685
0.0103339523205 0.0 0.0 2.28616023149
0.010168542538 0.0 0.0 2.29422819456
0.00919362220543 0.000927375315475 0.100531540982 2.34209172178
0.00919362220543 -0.000927375315475 -0.100531540982 2.34209172178
0.00968836106257 0.0 0.0 2.31841500219
0.00955612601154 0.0 0.0 2.32528643148
0.00936315678386 0.000394719133827 0.0421316830189 2.33504249003
0.00936315678386 -0.000394719133827 -0.0421316830189 2.33504249003
-0.00201515999071 0.0 3.14159265359 3.10352834344
0.00880996358144 0.000143340630051 0.0162688508586 2.36586981461
0.00880996358144 -0.000143340630051 -0.0162688508586 2.36586981461
0.00552809788219 0.00304474212312 0.503438582637 2.5327205267
0.00552809788219 -0.00304474212312 -0.503438582637 2.5327205267
0.00726371802407 0.00223284672559 0.298229342402 2.43985890619
0.00726371802407 -0.00223284672559 -0.298229342402 2.43985890619
0.00613839382173 0.00249378581978 0.385891524848 2.50840562889
0.00613839382173 -0.00249378581978 -0.385891524848 2.50840562889
0.00857650984971 0.000580642447315 0.0675983314946 2.37822085814
0.00857650984971 -0.000580642447315 -0.0675983314946 2.37822085814
0.00774402437536 0.00129956279502 0.166265683896 2.42347374263
0.00774402437536 -0.00129956279502 -0.166265683896 2.42347374263
0.00694643253286 0.00183088355498 0.257710750394 2.46797270937
0.00694643253286 -0.00183088355498 -0.257710750394 2.46797270937
0.0079497696143 0.000869740301676 0.108971074839 2.41433159723
0.0079497696143 -0.000869740301676 -0.108971074839 2.41433159723
0.00733043274124 0.000685337222775 0.0932210776148 2.45568466764
0.00733043274124 -0.000685337222775 -0.0932210776148 2.45568466764
0.0056033288491 0.00149935298369 0.26145726804 2.5749088982
0.0056033288491 -0.00149935298369 -0.26145726804 2.5749088982
0.00635842328212 0.000799341920824 0.125057808132 2.52506732408
0.00635842328212 -0.000799341920824 -0.125057808132 2.52506732408
0.00556168601811 0.00136109564915 0.240009870661 2.58138537902
0.00556168601811 -0.00136109564915 -0.240009870661 2.58138537902
0.0057970458249 0.0 0.0 2.57520341586
0.00389846677206 0.00187330717839 0.447945834875 2.72164887719
0.00389846677206 -0.00187330717839 -0.447945834875 2.72164887719
0.00433471956458 0.00146086610187 0.325060508361 2.69365434748
0.00433471956458 -0.00146086610187 -0.325060508361 2.69365434748
0.00459091073738 0.00141688931252 0.299354610481 2.66909230757
0.00459091073738 -0.00141688931252 -0.299354610481 2.66909230757
0.00505289549046 0.000940316317312 0.183989888291 2.63538566348
0.00505289549046 -0.000940316317312 -0.183989888291 2.63538566348
-1.14650609972e-07 0.00133637794692 1.57088211885 3.3088961729
-1.14650609972e-07 -0.00133637794692 -1.57088211885 3.3088961729
0.0027255335831 0.00187631152597 0.602911723838 2.85556382072
0.0027255335831 -0.00187631152597 -0.602911723838 2.85556382072
0.00261758602332 0.00182879853578 0.60982501279 2.87337237637
0.00261758602332 -0.00182879853578 -0.60982501279 2.87337237637
0.00482184257922 0.000586878599117 0.121116789756 2.66362325249
0.00482184257922 -0.000586878599117 -0.121116789756 2.66362325249
0.00380375482347 0.00058608306706 0.152877894197 2.78001747909
0.00380375482347 -0.00058608306706 -0.152877894197 2.78001747909
0.000869145828221 0.00144860968029 1.03038696813 3.19170737937
0.000869145828221 -0.00144860968029 -1.03038696813 3.19170737937
0.00153645280921 0.00164003039355 0.817994242538 3.04901142462
0.00153645280921 -0.00164003039355 -0.817994242538 3.04901142462
0.00262535288951 0.00113269867266 0.40731798893 2.92859265714
0.00262535288951 -0.00113269867266 -0.40731798893 2.92859265714
0.00297641848703 0.000845011665292 0.276623505359 2.88913806282
0.00297641848703 -0.000845011665292 -0.276623505359 2.88913806282
0.00201832327841 0.00130926540528 0.575453503543 3.01493937051
0.00201832327841 -0.00130926540528 -0.575453503543 3.01493937051
-0.000519732028784 0.000242130945922 2.70561453799 3.73199299362
-0.000519732028784 -0.000242130945922 -2.70561453799 3.73199299362
0.0019445350919 0.000991205492522 0.471408468268 3.06362120506
0.0019445350919 -0.000991205492522 -0.471408468268 3.06362120506
0.00163127338972 0.00106850489012 0.579891063569 3.11994615086
0.00163127338972 -0.00106850489012 -0.579891063569 3.11994615086
-0.000474698681306 0.0 3.14159265359 3.82641515518
-0.000398372772737 8.25492749166e-05 2.9372682079 3.90355062708
-0.000398372772737 -8.25492749166e-05 -2.9372682079 3.90355062708
0.000890355312072 0.000885193976366 0.782491276384 3.34010740547
0.000890355312072 -0.000885193976366 -0.782491276384 3.34010740547
0.00134204037255 0.000745121368154 0.506838471676 3.23960680284
0.00134204037255 -0.000745121368154 -0.506838471676 3.23960680284
0.000643431472689 0.000793325610589 0.889350202522 3.4432637743
0.000643431472689 -0.000793325610589 -0.889350202522 3.4432637743
5.82891680864e-05 0.000604913040256 1.47473333193 3.70290234095
5.82891680864e-05 -0.000604913040256 -1.47473333193 3.70290234095
0.000194872062985 0.000615773561577 1.26430141146 3.67245367339
0.000194872062985 -0.000615773561577 -1.26430141146 3.67245367339
-0.000318687582584 0.0 3.14159265359 4.02564965001
-0.000146184577486 0.000352506557473 1.96391079923 3.93554778983
-0.000146184577486 -0.000352506557473 -1.96391079923 3.93554778983
3.04527035324e-05 0.000452253144796 1.50356229259 3.84950328373
3.04527035324e-05 -0.000452253144796 -1.50356229259 3.84950328373
-0.000247607251383 7.78598624113e-05 2.83693313425 4.12826090547
-0.000247607251383 -7.78598624113e-05 -2.83693313425 4.12826090547
-0.000162093364455 0.000191078427258 2.27430729554 4.14588651879
-0.000162093364455 -0.000191078427258 -2.27430729554 4.14588651879
0.000576861602437 0.000642657580199 0.839298297968 3.52720944232
0.000576861602437 -0.000642657580199 -0.839298297968 3.52720944232
0.00213865911878 0.000937370191333 0.413080111383 3.02985790627
0.00213865911878 -0.000937370191333 -0.413080111383 3.02985790627
0.00236215235742 0.000206789161538 0.0873200742207 3.02218240369
0.00236215235742 -0.000206789161538 -0.0873200742207 3.02218240369
0.00079808796594 0.000684841091928 0.709179080914 3.42870107657
0.00079808796594 -0.000684841091928 -0.709179080914 3.42870107657
0.000628186533403 0.000368857812515 0.530938800283 3.6122792935
0.000628186533403 -0.000368857812515 -0.530938800283 3.6122792935
4.49393132591e-07 0.0 0.0 7.3076838793
4.232673093e-05 0.000257279529204 1.40774041773 4.12599722968
4.232673093e-05 -0.000257279529204 -1.40774041773 4.12599722968
0.000186435862956 0.0 0.0 4.29371163819
