1.0 0.0 0.0 5.55111512313e-17
0.16552330025 0.0 0.0 0.899321653533
0.143742168745 0.0 0.0 0.969867039542
0.127959946099 0.0 0.0 1.02801899257
0.101863449395 0.0 0.0 1.14206104701
0.0916720930127 0.0 0.0 1.19476863762
0.084878384024 0.0 0.0 1.23326791161
0.0776747724663 0.0 0.0 1.27761237651
0.0725278151512 0.0 0.0 1.31189256672
0.0662208852829 0.00141851704016 0.0214177162905 1.35726500066
0.0662208852829 -0.00141851704016 -0.0214177162905 1.35726500066
0.0608450611116 0.0 0.0 1.39971231391
0.0581193571424 0.0 0.0 1.4226282506
0.0558483774106 0.00384531099831 0.0687441949536 1.44137503047
0.0558483774106 -0.00384531099831 -0.0687441949536 1.44137503047
0.0544783839852 0.0 0.0 1.45497564006
0.0537665739713 0.00286618350017 0.0532574968507 1.46084222757
0.0537665739713 -0.00286618350017 -0.0532574968507 1.46084222757
0.0465944950477 0.00501819875174 0.10728585798 1.53025333734
0.0465944950477 -0.00501819875174 -0.10728585798 1.53025333734
0.0478037052315 0.00236908219974 0.0495180345036 1.51971280397
0.0478037052315 -0.00236908219974 -0.0495180345036 1.51971280397
0.0465080662672 0.00100884578187 0.0216884440632 1.53394715029
0.0465080662672 -0.00100884578187 -0.0216884440632 1.53394715029
0.0456998244207 0.00246677012788 0.0539253404221 1.54210307335
0.0456998244207 -0.00246677012788 -0.0539253404221 1.54210307335
0.0417665231877 0.0 0.0 1.5878300705
0.0405507770068 0.0 0.0 1.60260016845
0.0394708308698 0.0 0.0 1.61609666943
0.0346283329937 0.0 0.0 1.68154152968
0.0322939543271 0.0 0.0 1.7164376194
0.0309945823595 0.00163653365296 0.0527516498945 1.73627541915
0.0309945823595 -0.00163653365296 -0.0527516498945 1.73627541915
0.029181076151 0.00469941218471 0.15967220029 1.76071635638
0.029181076151 -0.00469941218471 -0.15967220029 1.76071635638
0.0299541243522 0.00315370880439 0.10489817234 1.75128816151
0.0299541243522 -0.00315370880439 -0.10489817234 1.75128816151
0.029826979942 0.00141358869846 0.0473575191006 1.75561007059
0.029826979942 -0.00141358869846 -0.0473575191006 1.75561007059
0.0280423439401 0.0 0.0 1.78701981379
0.0258924807429 0.00261811409647 0.10077233407 1.82435826123
0.0258924807429 -0.00261811409647 -0.10077233407 1.82435826123
0.0259299345479 0.0 0.0 1.82617860181
0.025124549678 0.0 0.0 1.84195491801
-0.00988127934498 0.0 3.14159265359 2.30855664362
0.0228042865803 0.0 0.0 1.89040337639
0.0212880970698 0.0 0.0 1.92480359274
0.0202492946805 0.0 0.0 1.94981765831
0.0198163648293 0.0 0.0 1.96062358806
0.0180641246819 0.000917527706209 0.050749200155 2.00626953778
0.0180641246819 -0.000917527706209 -0.050749200155 2.00626953778
0.0181294653889 0.0 0.0 2.00510837115
0.01648569317 0.00123510490818 0.0747801002402 2.05123185665
0.01648569317 -0.00123510490818 -0.0747801002402 2.05123185665
0.0160664761235 0.000895052234948 0.0556517813204 2.0647355229
0.0160664761235 -0.000895052234948 -0.0556517813204 2.0647355229
-0.00940808152799 0.0 3.14159265359 2.33309311102
0.0148148016907 0.00452725424174 0.296577249781 2.08374459747
0.0148148016907 -0.00452725424174 -0.296577249781 2.08374459747
0.0154657167927 0.00147994194857 0.0954012924574 2.08228595075
0.0154657167927 -0.00147994194857 -0.0954012924574 2.08228595075
0.0152460215271 0.00122288303914 0.0800386241225 2.09011508849
0.0152460215271 -0.00122288303914 -0.0800386241225 2.09011508849
0.0154147636276 0.0 0.0 2.08621477584
0.0138895805962 0.00168535401519 0.120749147875 2.13465417711
0.0138895805962 -0.00168535401519 -0.120749147875 2.13465417711
0.0148980644873 0.000150322936291 0.0100897559725 2.1032365361
0.0148980644873 -0.000150322936291 -0.0100897559725 2.1032365361
0.0147071086015 0.0 0.0 2.10971216187
0.0136118170234 0.000836271640569 0.0613600549424 2.14746662704
0.0136118170234 -0.000836271640569 -0.0613600549424 2.14746662704
0.0137849495972 0.0 0.0 2.14208894543
0.0134659084161 0.0 0.0 2.153797045
0.0129961221814 0.0 0.0 2.17155212988
0.0127699076759 0.0 0.0 2.18033191937
-0.00639292601129 0.000245266690563 3.10324613426 2.52591390131
-0.00639292601129 -0.000245266690563 -3.10324613426 2.52591390131
0.0126388576841 0.0 0.0 2.18548963372
0.0118504998441 0.000854229933011 0.0719594101093 2.21639695773
0.0118504998441 -0.000854229933011 -0.0719594101093 2.21639695773
0.0118484931689 0.0 0.0 2.21777728912
0.01141599743 0.000577085120568 0.0505075726452 2.2357317869
0.01141599743 -0.000577085120568 -0.0505075726452 2.2357317869
0.0114094310938 0.000169067279971 0.0148171197722 2.23660259957
0.0114094310938 -0.000169067279971 -0.0148171197722 2.23660259957
0.0102737423933 0.000842232642971 0.081796235338 2.2874074359
0.0102737423933 -0.000842232642971 -0.081796235338 2.2874074359
0.0105102021287 0.000393129699774 0.0373871506739 2.27735489992
0.0105102021287 -0.000393129699774 -0.0373871506739 2.27735489992
0.00970114588473 0.000607178574984 0.0625068014599 2.31677822222
0.00970114588473 -0.000607178574984 -0.0625068014599 2.31677822222
0.010267166921 0.0 0.0 2.28940207639
0.0101374847049 0.0 0.0 2.29575768415
0.00998090311469 0.0 0.0 2.30354085015
0.00976524515697 0.0 0.0 2.31446280464
0.00944464435371 0.000265217152849 0.0280738440869 2.33095665553
0.00944464435371 -0.000265217152849 -0.0280738440869 2.33095665553
0.00848896085046 0.000872125476272 0.102377242131 2.38186947653
0.00848896085046 -0.000872125476272 -0.102377242131 2.38186947653
0.00857771760338 0.000851987353337 0.0990009320706 2.37683939797
0.00857771760338 -0.000851987353337 -0.0990009320706 2.37683939797
0.00913157848665 0.000192311328972 0.0210569186033 2.34789749796
0.00913157848665 -0.000192311328972 -0.0210569186033 2.34789749796
0.00876890980471 0.000499691416593 0.0569228796598 2.36746090357
0.00876890980471 -0.000499691416593 -0.0569228796598 2.36746090357
0.00866090795022 0.000408487678661 0.0471296071904 2.37391235322
0.00866090795022 -0.000408487678661 -0.0471296071904 2.37391235322
0.00860258407068 0.0 0.0 2.37784632376
0.00767667007336 0.00060478401946 0.0786196921269 2.4332378465
0.00767667007336 -0.00060478401946 -0.0786196921269 2.4332378465
0.00767331652863 0.000187505542347 0.0244311874634 2.43485394161
0.00767331652863 -0.000187505542347 -0.0244311874634 2.43485394161
0.00723387251743 0.000539174021445 0.0743970661055 2.46310537493
0.00723387251743 -0.000539174021445 -0.0743970661055 2.46310537493
0.00705008029818 0.000692635108042 0.0979307241581 2.47495668735
0.00705008029818 -0.000692635108042 -0.0979307241581 2.47495668735
0.00642687322142 0.000819159300245 0.126774885475 2.5196047924
0.00642687322142 -0.000819159300245 -0.126774885475 2.5196047924
0.00631467527255 0.000663190301665 0.104640058445 2.52969707744
0.00631467527255 -0.000663190301665 -0.104640058445 2.52969707744
0.00643156593866 0.0 0.0 2.52326861702
0.00676752121207 0.0 0.0 2.49781020104
0.00583720837202 0.000721590281951 0.122995081288 2.56795978589
0.00583720837202 -0.000721590281951 -0.122995081288 2.56795978589
-0.00229020283258 0.0 3.14159265359 3.03955744608
-0.00215144832806 0.0 3.14159265359 3.07080701134
0.00512388074749 0.000673379884095 0.130671050041 2.6326406498
0.00512388074749 -0.000673379884095 -0.130671050041 2.6326406498
0.00552171570171 0.000378688679468 0.0684744842592 2.59836021982
0.00552171570171 -0.000378688679468 -0.0684744842592 2.59836021982
0.00503457678981 0.0 0.0 2.645712905
-0.00178415574649 0.0 3.14159265359 3.16440497339
0.00434152966813 0.000708978671547 0.161872766957 2.71318476
0.00434152966813 -0.000708978671547 -0.161872766957 2.71318476
0.00465404627518 0.000540933218261 0.115709407251 2.681654473
0.00465404627518 -0.000540933218261 -0.115709407251 2.681654473
0.0046351270274 0.0 0.0 2.68704583711
-0.00165549083459 0.0 3.14159265359 3.20182886867
0.00301183097836 0.00132223630238 0.413680595904 2.85854163336
0.00301183097836 -0.00132223630238 -0.413680595904 2.85854163336
0.00357898888594 0.00085383130686 0.234190290784 2.80249900642
0.00357898888594 -0.00085383130686 -0.234190290784 2.80249900642
0.00383213034955 0.000671091333684 0.17336429262 2.7746154647
0.00383213034955 -0.000671091333684 -0.17336429262 2.7746154647
0.00291582820194 0.00063950390544 0.215903065855 2.90705547951
0.00291582820194 -0.00063950390544 -0.215903065855 2.90705547951
0.00349174034235 0.000436883670593 0.124472334263 2.82479411695
0.00349174034235 -0.000436883670593 -0.124472334263 2.82479411695
0.00354237771874 0.0 0.0 2.82147855267
-0.00124684239781 0.000235471086483 2.95493707789 3.33480937481
-0.00124684239781 -0.000235471086483 -2.95493707789 3.33480937481
-0.00131604210272 0.000101669672495 3.06449167643 3.3150756119
-0.00131604210272 -0.000101669672495 -3.06449167643 3.3150756119
-0.00129844233867 0.0 3.14159265359 3.32329496698
0.00214999324806 0.000824091587056 0.366027118259 3.03687557257
0.00214999324806 -0.000824091587056 -0.366027118259 3.03687557257
0.00224434457537 0.000721474875571 0.311029943404 3.02508566393
0.00224434457537 -0.000721474875571 -0.311029943404 3.02508566393
0.00256193181443 0.000290502302283 0.11290962258 2.98030290427
0.00256193181443 -0.000290502302283 -0.11290962258 2.98030290427
-0.000927048604506 0.000472098137716 2.67057362569 3.43410651575
-0.000927048604506 -0.000472098137716 -2.67057362569 3.43410651575
-0.00104086163788 0.000241906003416 2.91323714997 3.42070174429
-0.00104086163788 -0.000241906003416 -2.91323714997 3.42070174429
-0.00123309004739 0.0 3.14159265359 3.34911601316
-0.00110741971236 1.1797498566e-05 3.13093991537 3.40283290583
-0.00110741971236 -1.1797498566e-05 -3.13093991537 3.40283290583
0.00173574050748 0.000509608054176 0.285572099531 3.15748943023
0.00173574050748 -0.000509608054176 -0.285572099531 3.15748943023
0.0012995659109 0.000557655911226 0.405346166764 3.28060938603
0.0012995659109 -0.000557655911226 -0.405346166764 3.28060938603
0.000611717443598 0.000685484576633 0.842203325765 3.49625246738
0.000611717443598 -0.000685484576633 -0.842203325765 3.49625246738
-0.000201522013794 0.000523519419876 1.93825033191 3.7429244534
-0.000201522013794 -0.000523519419876 -1.93825033191 3.7429244534
0.000953207058318 0.000413532066619 0.409327886221 3.43472710222
0.000953207058318 -0.000413532066619 -0.409327886221 3.43472710222
0.000496062597303 0.000494587480464 0.783909125259 3.63186083389
0.000496062597303 -0.000494587480464 -0.783909125259 3.63186083389
0.000117827157749 0.000416557675148 1.29513829031 3.87250039988
0.000117827157749 -0.000416557675148 -1.29513829031 3.87250039988
-0.000589654025389 0.000256909973953 2.73069728656 3.67453445148
-0.000589654025389 -0.000256909973953 -2.73069728656 3.67453445148
-0.000823605429813 0.000151709858159 2.95943248301 3.54256762521
-0.000823605429813 -0.000151709858159 -2.95943248301 3.54256762521
-0.000912253685009 5.30580953328e-05 3.08349654543 3.49895195706
-0.000912253685009 -5.30580953328e-05 -3.08349654543 3.49895195706
-0.00031740120668 0.000236350388029 2.50152925259 3.91738473039
-0.00031740120668 -0.000236350388029 -2.50152925259 3.91738473039
0.00184785467977 0.000346417266225 0.185318942257 3.13822959655
0.00184785467977 -0.000346417266225 -0.185318942257 3.13822959655
0.00112705191427 0.000178905023519 0.157423704932 3.38785367437
0.00112705191427 -0.000178905023519 -0.157423704932 3.38785367437
0.000450509443362 0.000232622338074 0.476645021852 3.79347749573
0.000450509443362 -0.000232622338074 -0.476645021852 3.79347749573
-6.11906522726e-05 5.59212469303e-05 2.40115878241 4.69897151623
-6.11906522726e-05 -5.59212469303e-05 -2.40115878241 4.69897151623
8.79223905193e-05 0.0 0.0 4.66952802926
-0.000461042364826 0.0 3.14159265359 3.84101031076
-0.000427516711583 0.0 3.14159265359 3.87875858947
