0.0590949978169 0.0 0.0 1.41430449873
0.0560962153871 0.0 0.0 1.44034346532
0.0515493538267 0.00629664886517 0.121545862121 1.47890532272
0.0515493538267 -0.00629664886517 -0.121545862121 1.47890532272
0.0469191640769 0.0 0.0 1.52966453564
0.0456938317552 0.00252828762998 0.0552746863978 1.54213176936
0.0456938317552 -0.00252828762998 -0.0552746863978 1.54213176936
0.0406472394641 0.0 0.0 1.60141217758
0.0382690304412 0.00439778663935 0.114415740382 1.62827725129
0.0382690304412 -0.00439778663935 -0.114415740382 1.62827725129
0.0347971350377 0.0 0.0 1.67911011105
0.0299286430699 0.00366080984018 0.121713326954 1.75075693358
0.0299286430699 -0.00366080984018 -0.121713326954 1.75075693358
0.0302211656494 0.000504313165886 0.0166858673669 1.74953676761
0.0302211656494 -0.000504313165886 -0.0166858673669 1.74953676761
0.0200211673124 0.00118923771935 0.05932930953 1.95460209126
0.0200211673124 -0.00118923771935 -0.05932930953 1.95460209126
0.0156662992998 0.0 0.0 2.07812170758
0.0152016903572 0.000669325424353 0.0440012518531 2.09269014099
0.0152016903572 -0.000669325424353 -0.0440012518531 2.09269014099
0.0134674309805 0.0 0.0 2.15374051416
0.0111932523352 0.00441280981653 0.37552962819 2.21010525142
0.0111932523352 -0.00441280981653 -0.37552962819 2.21010525142
0.0127130186143 0.000888871071864 0.0698045760669 2.18134520112
0.0127130186143 -0.000888871071864 -0.0698045760669 2.18134520112
0.0123465410054 0.0 0.0 2.19718966784
0.0115695528085 0.0 0.0 2.22968919474
0.010281333233 0.00156028079469 0.15060940995 2.28302029991
0.010281333233 -0.00156028079469 -0.15060940995 2.28302029991
0.0098482460509 0.000193241895137 0.0196194428038 2.31013471597
0.0098482460509 -0.000193241895137 -0.0196194428038 2.31013471597
0.0086849405611 0.00198471350453 0.224665672708 2.36035609056
0.0086849405611 -0.00198471350453 -0.224665672708 2.36035609056
0.00945373321407 0.0 0.0 2.33067278319
0.00861762875552 0.000285207573275 0.0330837539228 2.37669897563
0.00861762875552 -0.000285207573275 -0.0330837539228 2.37669897563
0.00862077522162 0.0 0.0 2.37679013272
0.00829797278293 0.0 0.0 2.39587201852
0.00772025809765 0.00086371632622 0.111413323846 2.42884406804
0.00772025809765 -0.00086371632622 -0.111413323846 2.42884406804
0.00758856520177 0.0 0.0 2.44055637171
0.00767355376788 0.0 0.0 2.43498771871
0.00707243619541 0.0 0.0 2.47577513817
0.00674861707375 0.0 0.0 2.49920883653
0.00646490616098 0.000501370277661 0.0773976804662 2.51918429306
0.00646490616098 -0.000501370277661 -0.0773976804662 2.51918429306
0.0056769702914 0.00110054700601 0.19148642372 2.57644545775
0.0056769702914 -0.00110054700601 -0.19148642372 2.57644545775
0.00645900758771 0.0 0.0 2.52113979859
0.00589806819288 0.000613141398498 0.103584236129 2.56387796912
0.00589806819288 -0.000613141398498 -0.103584236129 2.56387796912
0.00619219144548 0.0 0.0 2.54223311249
0.00603951212847 0.0 0.0 2.55471602186
0.00572451134062 0.000358126089775 0.062478691207 2.58052251198
0.00572451134062 -0.000358126089775 -0.062478691207 2.58052251198
0.00562548250173 0.0 0.0 2.59022427824
0.00555600776576 0.0 0.0 2.59643772818
0.00547899493559 0.000324584096175 0.0591723813908 2.60254094641
0.00547899493559 -0.000324584096175 -0.0591723813908 2.60254094641
0.0053237693165 0.000452606621512 0.0848122554138 2.6159864145
0.0053237693165 -0.000452606621512 -0.0848122554138 2.6159864145
-0.0026945393868 0.000150581734519 3.08576668516 2.95748446188
-0.0026945393868 -0.000150581734519 -3.08576668516 2.95748446188
0.00510424796531 2.94878912694e-05 0.00577706322686 2.63883273213
0.00510424796531 -2.94878912694e-05 -0.00577706322686 2.63883273213
0.0048588391498 0.000404136652626 0.0829845416165 2.6617542757
0.0048588391498 -0.000404136652626 -0.0829845416165 2.6617542757
0.00491709137656 0.0 0.0 2.65751905346
0.00472681901357 0.000131738547383 0.0278632317155 2.67705729281
0.00472681901357 -0.000131738547383 -0.0278632317155 2.67705729281
0.00452102255217 0.000176091813975 0.0389298759675 2.69912956163
0.00452102255217 -0.000176091813975 -0.0389298759675 2.69912956163
0.00456571149793 6.35292231441e-05 0.0139135211812 2.69454206079
0.00456571149793 -6.35292231441e-05 -0.0139135211812 2.69454206079
0.0044767787502 0.000369858839004 0.0824299762141 2.70272515767
0.0044767787502 -0.000369858839004 -0.0824299762141 2.70272515767
0.00441350446583 0.000310110066594 0.0701486167958 2.71031190345
0.00441350446583 -0.000310110066594 -0.0701486167958 2.71031190345
0.00406681412198 0.000382018566398 0.0936607467501 2.75025138073
0.00406681412198 -0.000382018566398 -0.0936607467501 2.75025138073
0.00441054303734 0.0 0.0 2.71187872969
0.0041467111514 0.00018827172133 0.0453715019818 2.74220505632
0.0041467111514 -0.00018827172133 -0.0453715019818 2.74220505632
0.00414584504322 0.0 0.0 2.74282432034
0.00374681232836 0.000588242163485 0.155726863659 2.78733754514
0.00374681232836 -0.000588242163485 -0.155726863659 2.78733754514
0.00391245166834 0.000458765341396 0.116724748788 2.76838160855
0.00391245166834 -0.000458765341396 -0.116724748788 2.76838160855
0.00388050372425 0.000179514504863 0.0462276615154 2.77536071441
0.00388050372425 -0.000179514504863 -0.0462276615154 2.77536071441
0.00358600654699 0.000387581685834 0.107663768285 2.81245455149
0.00358600654699 -0.000387581685834 -0.107663768285 2.81245455149
0.00370007944753 0.000196238818462 0.0529867355207 2.79899826641
0.00370007944753 -0.000196238818462 -0.0529867355207 2.79899826641
-0.00120846206947 0.000459686716229 2.77810502101 3.32541850034
-0.00120846206947 -0.000459686716229 -2.77810502101 3.32541850034
0.00285232586021 0.000808645447122 0.276254884895 2.91048333967
0.00285232586021 -0.000808645447122 -0.276254884895 2.91048333967
0.00343452790347 0.000415241188661 0.120317996675 2.83331002905
0.00343452790347 -0.000415241188661 -0.120317996675 2.83331002905
0.00354568210617 0.0 0.0 2.82101236196
0.00344463376248 0.000272705766327 0.0790035108363 2.83390683043
0.00344463376248 -0.000272705766327 -0.0790035108363 2.83390683043
-0.0011710135195 0.0 3.14159265359 3.37494282459
-0.000830922358171 0.000748610179696 2.40825912817 3.39792197603
-0.000830922358171 -0.000748610179696 -2.40825912817 3.39792197603
0.00317800123659 0.000416891248263 0.130435541512 2.87148593755
0.00317800123659 -0.000416891248263 -0.130435541512 2.87148593755
0.00317887752102 0.0 0.0 2.87561356266
0.00301051923856 0.000383542566486 0.126718158801 2.89879619267
0.00301051923856 -0.000383542566486 -0.126718158801 2.89879619267
0.00282960024273 0.000526307471423 0.18389912443 2.92530710604
0.00282960024273 -0.000526307471423 -0.18389912443 2.92530710604
0.00229392949243 0.00074106004679 0.312469598535 3.01392731744
0.00229392949243 -0.00074106004679 -0.312469598535 3.01392731744
0.00284734603893 0.00040232186825 0.140367924665 2.92574191682
0.00284734603893 -0.00040232186825 -0.140367924665 2.92574191682
0.00235298145729 0.000566808146769 0.236385713372 3.0119344025
0.00235298145729 -0.000566808146769 -0.236385713372 3.0119344025
0.00259377444995 0.0 0.0 2.97732057377
-0.00105466439474 0.000234664051048 2.9226579123 3.41518625915
-0.00105466439474 -0.000234664051048 -2.9226579123 3.41518625915
0.00251664362436 0.000267556591692 0.105916992081 2.98960471825
0.00251664362436 -0.000267556591692 -0.105916992081 2.98960471825
0.00222088351623 0.00045657043147 0.202755659487 3.04457642739
0.00222088351623 -0.00045657043147 -0.202755659487 3.04457642739
-0.000897380481222 4.63054024699e-05 3.09003774351 3.50735053576
-0.000897380481222 -4.63054024699e-05 -3.09003774351 3.50735053576
0.00205938021486 0.000448241219841 0.214315627306 3.08110331199
0.00205938021486 -0.000448241219841 -0.214315627306 3.08110331199
0.00181226593564 0.00063422527817 0.336641490407 3.12770490637
0.00181226593564 -0.00063422527817 -0.336641490407 3.12770490637
0.00207775893103 0.000219432921545 0.105220348608 3.08545974874
0.00207775893103 -0.000219432921545 -0.105220348608 3.08545974874
0.00159618951661 0.000627426211014 0.374524510988 3.18414903255
0.00159618951661 -0.000627426211014 -0.374524510988 3.18414903255
0.00152837864996 0.000537001637706 0.337880362699 3.21267294249
0.00152837864996 -0.000537001637706 -0.337880362699 3.21267294249
0.00175110637819 0.000336942305014 0.190093512945 3.16466491394
0.00175110637819 -0.000336942305014 -0.190093512945 3.16466491394
0.00151380099872 0.000480498557245 0.307353551491 3.22256776379
0.00151380099872 -0.000480498557245 -0.307353551491 3.22256776379
-0.00083640903389 0.0 3.14159265359 3.54319639477
-1.85502708667e-05 0.000744113655199 1.59572051592 3.60150306633
-1.85502708667e-05 -0.000744113655199 -1.59572051592 3.60150306633
0.00125697949675 0.00041507757069 0.318944365009 3.31364721364
0.00125697949675 -0.00041507757069 -0.318944365009 3.31364721364
-0.000757198169171 0.0 3.14159265359 3.59294277826
-0.00067310212973 0.000243311315792 2.79472965076 3.62110502763
-0.00067310212973 -0.000243311315792 -2.79472965076 3.62110502763
0.0014806046632 0.000232528291027 0.155777138209 3.25156103407
0.0014806046632 -0.000232528291027 -0.155777138209 3.25156103407
0.00110551045888 0.000367880957333 0.321243665766 3.37746832963
0.00110551045888 -0.000367880957333 -0.321243665766 3.37746832963
0.00100656039755 0.000376687954234 0.358097920344 3.41784007572
0.00100656039755 -0.000376687954234 -0.358097920344 3.41784007572
0.000647227926823 0.000455447173729 0.613197516029 3.57084467033
0.000647227926823 -0.000455447173729 -0.613197516029 3.57084467033
0.000804789695364 0.000346068113649 0.406107018733 3.52004825911
0.000804789695364 -0.000346068113649 -0.406107018733 3.52004825911
0.000746648910263 0.000352562433236 0.441155634711 3.54963791919
0.000746648910263 -0.000352562433236 -0.441155634711 3.54963791919
-0.000631974845243 9.74780716056e-05 2.98855509737 3.67745236107
-0.000631974845243 -9.74780716056e-05 -2.98855509737 3.67745236107
-0.000617583028506 0.0 3.14159265359 3.69484851969
-0.000524830193392 0.000193142691095 2.78896435558 3.74446475762
-0.000524830193392 -0.000193142691095 -2.78896435558 3.74446475762
0.000634586430847 0.000266194829665 0.397183891197 3.64074700178
0.000634586430847 -0.000266194829665 -0.397183891197 3.64074700178
0.000426096738133 0.00033267143496 0.662887186775 3.76143226864
0.000426096738133 -0.00033267143496 -0.662887186775 3.76143226864
0.000151625214086 0.000441909371023 1.24026930838 3.83437855871
0.000151625214086 -0.000441909371023 -1.24026930838 3.83437855871
0.00040339688873 0.000290917022394 0.624792012627 3.80310348531
0.00040339688873 -0.000290917022394 -0.624792012627 3.80310348531
-0.000390545033849 0.000230336687657 2.60871978063 3.84935714368
-0.000390545033849 -0.000230336687657 -2.60871978063 3.84935714368
-0.00021390888725 0.000274363182492 2.2330086757 3.98180236896
-0.00021390888725 -0.000274363182492 -2.2330086757 3.98180236896
-0.00058788523449 1.83035396606e-05 3.1104681623 3.71924718168
-0.00058788523449 -1.83035396606e-05 -3.1104681623 3.71924718168
0.000203260955262 0.000328273058999 1.01639127594 3.92969868027
0.000203260955262 -0.000328273058999 -1.01639127594 3.92969868027
0.000145265124581 0.000303739891936 1.12469554792 3.99817457862
0.000145265124581 -0.000303739891936 -1.12469554792 3.99817457862
-0.000186273977812 0.000190664527105 2.34454709761 4.11496712931
-0.000186273977812 -0.000190664527105 -2.34454709761 4.11496712931
-0.000426334953763 0.000116284634179 2.87531557443 3.86220323254
-0.000426334953763 -0.000116284634179 -2.87531557443 3.86220323254
-0.000480486804776 9.04728458004e-05 2.95547765269 3.81164523701
-0.000480486804776 -9.04728458004e-05 -2.95547765269 3.81164523701
4.15095573446e-05 0.000163800818923 1.32260629356 4.34286937596
4.15095573446e-05 -0.000163800818923 -1.32260629356 4.34286937596
-0.000506124199569 0.0 3.14159265359 3.79436423255
0.000287987217986 0.0 0.0 4.0762972304
-0.000332473197004 4.90133487186e-05 2.99522644175 3.99910065604
-0.000332473197004 -4.90133487186e-05 -2.99522644175 3.99910065604
-0.000273477586268 0.0 3.14159265359 4.10214544547
-5.49115954561e-05 0.0 3.14159265359 4.90489301063
-2.06938052819e-05 0.0 3.14159265359 5.39283808211
