0.00159610093575 0.0 0.0 3.2200957695
0.00110673493389 0.0 0.0 3.40317054969
0.000976211287552 1.55697555833e-05 0.0159478135453 3.46585217003
0.000976211287552 -1.55697555833e-05 -0.0159478135453 3.46585217003
0.0007923860693 0.0 0.0 3.57023091184
0.00069685115769 0.000204310357024 0.285198185729 3.61385306519
0.00069685115769 -0.000204310357024 -0.285198185729 3.61385306519
0.000685025223987 0.000118067188984 0.170677642278 3.63570909838
0.000685025223987 -0.000118067188984 -0.170677642278 3.63570909838
0.000706327742966 4.57318735072e-05 0.0646557223987 3.62666978195
0.000706327742966 -4.57318735072e-05 -0.0646557223987 3.62666978195
0.00060303409536 0.000195370444461 0.313308254497 3.68181556998
0.00060303409536 -0.000195370444461 -0.313308254497 3.68181556998
0.000643147014467 0.0 0.0 3.67456861075
0.00053530380413 0.00021394837928 0.380227512456 3.72928880613
0.00053530380413 -0.00021394837928 -0.380227512456 3.72928880613
0.000586271603146 3.84486552533e-05 0.065487864188 3.71979076226
0.000586271603146 -3.84486552533e-05 -0.065487864188 3.71979076226
0.000483408765745 0.000219503208412 0.426236451632 3.77045878609
0.000483408765745 -0.000219503208412 -0.426236451632 3.77045878609
0.000539675618769 0.0 0.0 3.76227115244
0.000415471603083 0.000131248380471 0.305981343961 3.86926738163
0.000415471603083 -0.000131248380471 -0.305981343961 3.86926738163
0.000430841853648 0.000102186864631 0.232876411945 3.86120253071
0.000430841853648 -0.000102186864631 -0.232876411945 3.86120253071
0.000447320414448 6.64857224045e-05 0.147550895773 3.85065502301
0.000447320414448 -6.64857224045e-05 -0.147550895773 3.85065502301
0.000454843893264 0.0 0.0 3.8477781448
0.000364903971441 0.000161896163216 0.417575652613 3.913016734
0.000364903971441 -0.000161896163216 -0.417575652613 3.913016734
0.00042833130666 5.67718176015e-05 0.131773779298 3.87345308638
0.00042833130666 -5.67718176015e-05 -0.131773779298 3.87345308638
0.000384175851108 9.7391804782e-05 0.248277949746 3.91663362302
0.000384175851108 -9.7391804782e-05 -0.248277949746 3.91663362302
0.000395145737834 0.0 0.0 3.91812795228
0.000383473305748 0.0 0.0 3.93312027325
0.000353524520194 6.27073714037e-05 0.17555179204 3.96603434527
0.000353524520194 -6.27073714037e-05 -0.17555179204 3.96603434527
0.000329763592262 6.16972067559e-05 0.184956932285 3.99996579663
0.000329763592262 -6.16972067559e-05 -0.184956932285 3.99996579663
0.000288491119652 0.000108260603313 0.359002928043 4.04248547363
0.000288491119652 -0.000108260603313 -0.359002928043 4.04248547363
0.000326406068 0.0 0.0 4.01368417218
0.000305082649943 6.5879843588e-05 0.212675382058 4.03606992751
0.000305082649943 -6.5879843588e-05 -0.212675382058 4.03606992751
0.000286972307187 7.68608708273e-05 0.261691680792 4.06074272959
0.000286972307187 -7.68608708273e-05 -0.261691680792 4.06074272959
0.000309784441754 0.0 0.0 4.03981692577
0.000251848400795 9.30054545175e-05 0.353756522588 4.11138052069
0.000251848400795 -9.30054545175e-05 -0.353756522588 4.11138052069
0.000283186857697 4.62909800281e-05 0.162031385044 4.07810933665
0.000283186857697 -4.62909800281e-05 -0.162031385044 4.07810933665
0.000285609217391 2.11261060386e-05 0.0738341107685 4.07907891806
0.000285609217391 -2.11261060386e-05 -0.0738341107685 4.07907891806
0.000254623052372 7.49263456694e-05 0.286185948296 4.11710180648
0.000254623052372 -7.49263456694e-05 -0.286185948296 4.11710180648
0.000257395293229 0.0 0.0 4.1324487744
0.000202451760304 7.72638764085e-05 0.364580098905 4.21851146502
0.000202451760304 -7.72638764085e-05 -0.364580098905 4.21851146502
0.000218301581642 5.80727609354e-05 0.259999305352 4.1977227059
0.000218301581642 -5.80727609354e-05 -0.259999305352 4.1977227059
0.000174959248728 6.60272562383e-05 0.360861289465 4.29219141026
0.000174959248728 -6.60272562383e-05 -0.360861289465 4.29219141026
0.000232603105704 0.0 0.0 4.18308848292
0.000224990442506 1.24422412485e-05 0.0552449278225 4.19896292826
0.000224990442506 -1.24422412485e-05 -0.0552449278225 4.19896292826
0.000171965215241 5.64569710116e-05 0.31721788631 4.30851878381
0.000171965215241 -5.64569710116e-05 -0.31721788631 4.30851878381
0.00018595224076 4.85694813401e-05 0.255485483815 4.27851146042
0.00018595224076 -4.85694813401e-05 -0.255485483815 4.27851146042
0.000200758708211 3.63425703984e-05 0.179086679109 4.24864217504
0.000200758708211 -3.63425703984e-05 -0.179086679109 4.24864217504
0.000208924139304 2.13646714169e-05 0.101906193197 4.23416894676
0.000208924139304 -2.13646714169e-05 -0.101906193197 4.23416894676
0.000209133090517 9.90822727609e-06 0.0473422152236 4.2357093252
0.000209133090517 -9.90822727609e-06 -0.0473422152236 4.2357093252
0.000186284331086 2.62845549154e-05 0.140173768345 4.28918985245
0.000186284331086 -2.62845549154e-05 -0.140173768345 4.28918985245
0.000195811082992 1.1410980949e-06 0.00582748004041 4.26917162299
0.000195811082992 -1.1410980949e-06 -0.00582748004041 4.26917162299
0.000139851294894 8.68882091994e-05 0.555926991354 4.35585973929
0.000139851294894 -8.68882091994e-05 -0.555926991354 4.35585973929
0.00012453988249 8.46544538276e-05 0.59699727652 4.40048352358
0.00012453988249 -8.46544538276e-05 -0.59699727652 4.40048352358
0.00015157171576 7.84381295876e-05 0.477548180446 4.33790413983
0.00015157171576 -7.84381295876e-05 -0.477548180446 4.33790413983
0.000178726419089 3.88076623957e-05 0.213815405367 4.30330973434
0.000178726419089 -3.88076623957e-05 -0.213815405367 4.30330973434
0.000180584679557 2.52394406121e-05 0.138865575745 4.30481888939
0.000180584679557 -2.52394406121e-05 -0.138865575745 4.30481888939
0.000164035422935 4.17433106954e-05 0.249188242761 4.34202701673
0.000164035422935 -4.17433106954e-05 -0.249188242761 4.34202701673
0.000178796787641 0.0 0.0 4.3146303308
2.02346306352e-05 9.60634166568e-05 1.3631929125 4.614397904
2.02346306352e-05 -9.60634166568e-05 -1.3631929125 4.614397904
0.000107717585742 8.68500598454e-05 0.678555823712 4.44279285921
0.000107717585742 -8.68500598454e-05 -0.678555823712 4.44279285921
0.000138746688778 6.56044899843e-05 0.441681583699 4.39098625354
0.000138746688778 -6.56044899843e-05 -0.441681583699 4.39098625354
0.000103151502479 7.46480615994e-05 0.626438500078 4.48436981081
0.000103151502479 -7.46480615994e-05 -0.626438500078 4.48436981081
0.000149568454973 4.02692383679e-05 0.262999769908 4.38638286564
0.000149568454973 -4.02692383679e-05 -0.262999769908 4.38638286564
0.000159238559187 1.26820087806e-05 0.0794738244591 4.37097286676
0.000159238559187 -1.26820087806e-05 -0.0794738244591 4.37097286676
0.000114202599168 6.49754641006e-05 0.517274965247 4.46865996138
0.000114202599168 -6.49754641006e-05 -0.517274965247 4.46865996138
0.00012364051362 5.75920941315e-05 0.435917523484 4.44997464576
0.00012364051362 -5.75920941315e-05 -0.435917523484 4.44997464576
0.0001455719036 2.79362994622e-05 0.189602070002 4.40837860022
0.0001455719036 -2.79362994622e-05 -0.189602070002 4.40837860022
0.000144235670705 0.0 0.0 4.42203099702
0.000126056230297 4.46749567507e-05 0.340593682 4.45981153942
0.000126056230297 -4.46749567507e-05 -0.340593682 4.45981153942
7.34327055453e-05 7.1200385286e-05 0.769965021432 4.59388246256
7.34327055453e-05 -7.1200385286e-05 -0.769965021432 4.59388246256
9.25737149501e-05 6.2481165219e-05 0.593704453797 4.54990907442
9.25737149501e-05 -6.2481165219e-05 -0.593704453797 4.54990907442
0.000115972977018 4.1390868043e-05 0.342809400038 4.50110296261
0.000115972977018 -4.1390868043e-05 -0.342809400038 4.50110296261
4.13192062836e-05 7.25704304001e-05 1.05320572077 4.69527839296
4.13192062836e-05 -7.25704304001e-05 -1.05320572077 4.69527839296
7.8983564589e-06 6.44811957996e-05 1.44891263846 4.82084531696
7.8983564589e-06 -6.44811957996e-05 -1.44891263846 4.82084531696
0.00011853980842 1.88554682193e-05 0.157742921589 4.51388418094
0.00011853980842 -1.88554682193e-05 -0.157742921589 4.51388418094
5.90713061455e-05 6.76018643991e-05 0.852639692013 4.65910571093
5.90713061455e-05 -6.76018643991e-05 -0.852639692013 4.65910571093
7.95611779165e-05 6.08547041771e-05 0.652956097649 4.60433966575
7.95611779165e-05 -6.08547041771e-05 -0.652956097649 4.60433966575
2.7248202828e-05 6.35916440332e-05 1.16597573674 4.78937381641
2.7248202828e-05 -6.35916440332e-05 -1.16597573674 4.78937381641
0.000100303567204 4.84462320178e-05 0.449952191238 4.55123426626
0.000100303567204 -4.84462320178e-05 -0.449952191238 4.55123426626
8.9587374311e-05 5.02586594003e-05 0.51125047323 4.5917416217
8.9587374311e-05 -5.02586594003e-05 -0.51125047323 4.5917416217
6.65762184012e-05 5.32475084231e-05 0.674617595364 4.68495683467
6.65762184012e-05 -5.32475084231e-05 -0.674617595364 4.68495683467
4.59727407641e-05 5.68247376859e-05 0.890575369373 4.76189098697
4.59727407641e-05 -5.68247376859e-05 -0.890575369373 4.76189098697
-3.02262750781e-05 0.0 3.14159265359 5.20339948807
6.66664048595e-06 5.19350299464e-05 1.44312947826 4.92867269911
6.66664048595e-06 -5.19350299464e-05 -1.44312947826 4.92867269911
7.61620866629e-05 3.98824122665e-05 0.482389505997 4.68074155716
7.61620866629e-05 -3.98824122665e-05 -0.482389505997 4.68074155716
6.91919621585e-05 4.07430540633e-05 0.532173836905 4.71489241078
6.91919621585e-05 -4.07430540633e-05 -0.532173836905 4.71489241078
4.44418624465e-05 4.93477863908e-05 0.837658268554 4.80983173527
4.44418624465e-05 -4.93477863908e-05 -0.837658268554 4.80983173527
1.85762069309e-05 5.13962243376e-05 1.22397419153 4.9072785924
1.85762069309e-05 -5.13962243376e-05 -1.22397419153 4.9072785924
3.65544495171e-07 4.44360281638e-05 1.56257020342 5.01071306875
3.65544495171e-07 -4.44360281638e-05 -1.56257020342 5.01071306875
2.44294400944e-05 4.74534213745e-05 1.09537196554 4.91910737632
2.44294400944e-05 -4.74534213745e-05 -1.09537196554 4.91910737632
8.36053917337e-06 4.26097966128e-05 1.37704603551 5.02226907721
8.36053917337e-06 -4.26097966128e-05 -1.37704603551 5.02226907721
-2.2465568923e-05 7.37612079145e-06 2.82435181581 5.32616919229
-2.2465568923e-05 -7.37612079145e-06 -2.82435181581 5.32616919229
-1.44206112497e-05 2.53785026786e-05 2.08752147432 5.22085206666
-1.44206112497e-05 -2.53785026786e-05 -2.08752147432 5.22085206666
3.26648224175e-05 4.2926550332e-05 0.920325979652 4.91380573797
3.26648224175e-05 -4.2926550332e-05 -0.920325979652 4.91380573797
-1.0630419239e-05 2.8452146309e-05 1.92836054352 5.20097518506
-1.0630419239e-05 -2.8452146309e-05 -1.92836054352 5.20097518506
6.61440139522e-05 0.0 0.0 4.81183808176
-1.28884262918e-06 3.36626285034e-05 1.60906468162 5.14919493507
-1.28884262918e-06 -3.36626285034e-05 -1.60906468162 5.14919493507
-2.11479782128e-05 4.3591804318e-06 2.93831224423 5.37158045037
-2.11479782128e-05 -4.3591804318e-06 -2.93831224423 5.37158045037
-1.70338404783e-05 1.33848104178e-05 2.47558426577 5.36994212828
-1.70338404783e-05 -1.33848104178e-05 -2.47558426577 5.36994212828
-2.0234315399e-05 0.0 3.14159265359 5.40406530636
8.00788528445e-06 3.42064227883e-05 1.34083295399 5.12820958087
8.00788528445e-06 -3.42064227883e-05 -1.34083295399 5.12820958087
2.14287072928e-05 3.94010027268e-05 1.07267781924 5.00608030947
2.14287072928e-05 -3.94010027268e-05 -1.07267781924 5.00608030947
-8.40354634548e-06 2.3828478713e-05 1.90984616828 5.29300775619
-8.40354634548e-06 -2.3828478713e-05 -1.90984616828 5.29300775619
-1.42762384309e-05 5.81951407256e-06 2.75452057879 5.54002636121
-1.42762384309e-05 -5.81951407256e-06 -2.75452057879 5.54002636121
2.01395294557e-05 3.71629908475e-05 1.07417437013 5.03572547766
2.01395294557e-05 -3.71629908475e-05 -1.07417437013 5.03572547766
-1.1989940303e-05 1.18055904677e-05 2.3639415814 5.49627817947
-1.1989940303e-05 -1.18055904677e-05 -2.3639415814 5.49627817947
2.2743911802e-06 2.62325578133e-05 1.48431151515 5.27238238567
2.2743911802e-06 -2.62325578133e-05 -1.48431151515 5.27238238567
-7.94804830593e-06 2.07399400005e-05 1.93675774629 5.3574674979
-7.94804830593e-06 -2.07399400005e-05 -1.93675774629 5.3574674979
-8.46683418061e-06 1.64206751143e-05 2.04686198042 5.44954587912
-8.46683418061e-06 -1.64206751143e-05 -2.04686198042 5.44954587912
4.9616660812e-05 2.15877043273e-05 0.410385686774 4.91225005031
4.9616660812e-05 -2.15877043273e-05 -0.410385686774 4.91225005031
-1.11677585925e-05 7.1292106367e-06 2.57343358399 5.61578216976
-1.11677585925e-05 -7.1292106367e-06 -2.57343358399 5.61578216976
5.2020284932e-06 2.00721864908e-05 1.31720960848 5.3918358556
5.2020284932e-06 -2.00721864908e-05 -1.31720960848 5.3918358556
1.44130377377e-05 1.50467821507e-05 0.806907007732 5.38941275898
1.44130377377e-05 -1.50467821507e-05 -0.806907007732 5.38941275898
-5.50111952958e-07 0.0 3.14159265359 7.2065720143
