2 0.0214939797979
4 0.0033938252827
6 0.000856407363179
8 0.000233623387845
10 6.57244311019e-05
12 1.87841943342e-05
14 5.41421248969e-06
16 1.56722299654e-06
18 4.5437395621e-07
20 1.316880981e-07
22 3.80924435953e-08
24 1.09806822454e-08
26 3.14915974547e-09
28 8.96743013179e-10
30 2.52879037155e-10
32 7.03677116576e-11
34 1.92197924243e-11
36 5.11533176928e-12
38 1.30905702944e-12
40 3.15733550416e-13
42 7.07697789259e-14
3 -0.00683347468106
5 -0.00155793772054
7 -0.000408876494814
9 -0.000112589851383
11 -3.17729735997e-05
13 -9.08801342794e-06
15 -2.61822513035e-06
17 -7.56787687822e-07
19 -2.18881974406e-07
21 -6.32148286495e-08
23 -1.81969602164e-08
25 -5.21098822426e-09
27 -1.48118027565e-09
29 -4.16691708915e-10
31 -1.15566702041e-10
33 -3.14251749622e-11
35 -8.29933344271e-12
37 -2.10063910711e-12
39 -4.98011354377e-13
41 -1.06394060229e-13
43 -2.25097718243e-14
45 -8.84015083358e-15
