2 0.0793912786714
4 0.0214740329793
6 0.0071341741555
8 0.00264278758043
10 0.00104594251639
12 0.000431121656594
14 0.00018212498983
16 7.80748352351e-05
18 3.3762443696e-05
20 1.46759268551e-05
22 6.39919133824e-06
24 2.79551422176e-06
26 1.22264468766e-06
28 5.35120629577e-07
30 2.34315527424e-07
32 1.02630766232e-07
34 4.49610989899e-08
36 1.96993111315e-08
38 8.63181017939e-09
40 3.78248899606e-09
42 1.65756586863e-09
3 -0.0454701001035
5 -0.0128875453095
7 -0.00443639672637
9 -0.00168512787887
11 -0.000677656109765
13 -0.000282001319239
15 -0.000119786447522
17 -5.15098567261e-05
19 -2.23130282581e-05
21 -9.7083132556e-06
23 -4.23539788694e-06
25 -1.85080819595e-06
27 -8.09609115176e-07
29 -3.54381996055e-07
31 -1.55184622782e-07
33 -6.79740278277e-08
35 -2.97792929983e-08
37 -1.30477915208e-08
39 -5.71734149802e-09
41 -2.50538644366e-09
43 -1.09792252156e-09
