127 3.3764210209
254 3.12988647851
381 2.63628564786
508 2.39363436034
635 1.89013479385
762 1.68982319577
889 1.20806444545
1016 0.97779708215
1143 0.50233884982
1234 0.364883184602
1350 0.138061863084
1477 0.137847112534
1527 0.137828113546
1654 0.135526134099
1729 0.135503192648
1856 0.133594266875
1983 0.126454111566
2110 0.125673634878
2237 0.124321095733
2364 0.121467191723
2419 0.121071543114
2454 0.121069740627
2464 0.121069709891
2474 0.121069693722
2601 0.120948252672
2621 0.120948045088
2748 0.120625153608
2834 0.120593107427
2961 0.120585076101
3021 0.120583165495
3148 0.120560263396
3163 0.120559378669
3173 0.120559370976
3188 0.120559283836
3203 0.120559210252
3330 0.120554565828
3340 0.120554556379
3467 0.120528679885
3477 0.120528659678
3502 0.120528415425
3512 0.120528407273
3603 0.120526575445
3623 0.120526376424
3633 0.120526363967
3643 0.120526351781
3653 0.120526346137
3663 0.120526329037
3673 0.120526311452
3774 0.120523275609
3784 0.120523248445
3794 0.120523238026
3804 0.120523229821
3814 0.120523209957
3824 0.120523207356
3834 0.120523203006
