930 3.37655329751
1877 3.1300212503
2763 2.6372374576
3706 2.39461707127
4598 1.89310535471
5528 1.69352997811
6434 1.21358258667
7354 0.98342121496
8264 0.510690285413
8850 0.377274864353
9763 0.149806556262
10694 0.149463576293
11185 0.149450892009
12078 0.146588703575
12761 0.14656168335
13667 0.143553061362
14616 0.135162909554
15535 0.132359499532
16465 0.131155194227
17375 0.121831215804
17705 0.121710179345
17891 0.121709269092
18642 0.121702164532
18718 0.121702139856
19617 0.121400093386
19692 0.12140006587
20598 0.121027905946
21503 0.12096261818
22422 0.120943446122
22758 0.12094128876
23669 0.120820831529
23778 0.120820401734
23853 0.12082036098
23928 0.120820347052
24003 0.120820330445
24897 0.120724249968
24971 0.120724236821
25882 0.120572590154
26222 0.120571845084
26296 0.120571805355
26371 0.120571781293
27024 0.120560202557
27134 0.120560095699
27208 0.120560080461
27282 0.12056007136
27358 0.120560051593
28258 0.120547001476
28333 0.120546967276
29242 0.120534520173
29317 0.120534509961
29975 0.12053212341
30050 0.120532101941
30122 0.12053208243
30195 0.120532081253
30269 0.120532069072
30343 0.120532061493
30418 0.120532051583
30671 0.1205308738
30748 0.120530861622
31655 0.120526167024
31731 0.120526156826
31804 0.120526130111
31878 0.120526112983
31985 0.120525973718
32058 0.120525972734
32132 0.120525962559
32206 0.120525949923
32281 0.120525932828
32353 0.120525915232
32427 0.120525902053
32574 0.120525724268
32649 0.120525704404
32722 0.120525696362
32796 0.120525681614
32902 0.120525598683
32975 0.120525598255
33049 0.1205255848
