1 0.0412077429565
2 -0.000551810662446
3 -0.000231895094692
4 -6.05926470796e-05
5 -9.07382830573e-06
6 -5.63506624618e-06
7 4.67163869286e-06
8 7.50707642244e-07
9 -2.10751349217e-06
10 -2.22617838777e-06
11 -1.18891849527e-06
12 -2.39332568058e-06
13 2.64953315732e-07
14 -1.93502823945e-06
15 4.05922325752e-07
16 -1.87309306734e-06
17 3.30481262079e-07
18 -1.90621051496e-06
19 3.40461337095e-07
20 -1.9076299683e-06
21 3.55831970444e-07
22 -1.90268582631e-06
23 3.57119816774e-07
24 -1.90209989956e-06
25 3.56304600102e-07
26 -1.90246145557e-06
27 3.56428209669e-07
28 -1.90246972173e-06
29 3.56590471012e-07
30 -1.90241678513e-06
31 3.56601540574e-07
32 -1.90241144074e-06
33 3.56592790796e-07
34 -1.90241535905e-06
35 3.56594306083e-07
36 -1.90241537062e-06
37 3.56596012496e-07
38 -1.90241480524e-06
39 3.56596101425e-07
40 -1.90241475828e-06
41 3.56596008638e-07
42 -1.90241480008e-06
43 3.56596027429e-07
1 0.0425365870464
2 -0.000690280826038
3 -0.000353527549121
4 -7.74038008985e-05
5 -1.49097989483e-05
6 -3.39861782236e-06
7 8.36524131909e-06
8 2.64980520387e-06
9 -5.46733592455e-07
10 -1.76211290631e-06
11 -9.76968676042e-07
12 -1.95292179242e-06
13 4.51391489159e-07
14 -1.4167184445e-06
15 6.73009596108e-07
16 -1.3626534679e-06
17 5.88211969466e-07
18 -1.40400145815e-06
19 5.83111688907e-07
20 -1.40593017917e-06
21 5.96331618502e-07
22 -1.40092092646e-06
23 5.98334006036e-07
24 -1.40043790334e-06
25 5.97521148865e-07
26 -1.40082976491e-06
27 5.97474246911e-07
28 -1.40084658154e-06
29 5.97597535484e-07
30 -1.40079972089e-06
31 5.97615397918e-07
32 -1.4007954911e-06
33 5.97607613312e-07
34 -1.40079919841e-06
35 5.97607196229e-07
36 -1.40079934066e-06
37 5.9760834617e-07
38 -1.4007989021e-06
39 5.97608503516e-07
40 -1.40079886629e-06
41 5.97608429131e-07
42 -1.40079890179e-06
43 5.97608426661e-07
1 0.0435843568133
2 -0.000776968880207
3 -0.000437082510873
4 -8.72637722748e-05
5 -2.05327220186e-05
6 -3.48048216608e-06
7 1.01234547205e-05
8 3.89156116265e-06
9 1.0325060586e-06
10 -1.10193707711e-06
11 -6.22503164627e-07
12 -1.49619234141e-06
13 5.63568344381e-07
14 -9.7344798608e-07
15 8.51318389811e-07
16 -9.05155442738e-07
17 7.82466761329e-07
18 -9.44151560683e-07
19 7.65588777735e-07
20 -9.48630899111e-07
21 7.74589346358e-07
22 -9.44509537693e-07
23 7.77095315402e-07
24 -9.43868782521e-07
25 7.76565375893e-07
26 -9.44179447376e-07
27 7.76408553338e-07
28 -9.44224434224e-07
29 7.76477310144e-07
30 -9.44191921842e-07
31 7.76498885718e-07
32 -9.441860645e-07
33 7.76494844562e-07
34 -9.44188526558e-07
35 7.76493423671e-07
36 -9.44188957408e-07
37 7.76493944143e-07
38 -9.44188702334e-07
39 7.76494128829e-07
40 -9.44188649377e-07
41 7.76494099214e-07
42 -9.44188669194e-07
43 7.76494085669e-07
1 0.0444994608916
2 -0.00084008866052
3 -0.000496806595122
4 -8.97416096682e-05
5 -2.29853941972e-05
6 -4.09887872582e-06
7 1.03975262332e-05
8 4.40664884599e-06
9 2.22106180731e-06
10 -5.47808318541e-07
11 -2.21904296605e-07
12 -1.13057986315e-06
13 5.98820420722e-07
14 -6.96276071216e-07
15 8.9017270577e-07
16 -6.21937825379e-07
17 8.47886484495e-07
18 -6.51722787237e-07
19 8.27513647189e-07
20 -6.57460530434e-07
21 8.31857431938e-07
22 -6.5481682307e-07
23 8.34026996271e-07
24 -6.54189484944e-07
25 8.33824579299e-07
26 -6.54368514236e-07
27 8.336695341e-07
28 -6.54417701279e-07
29 8.33690870589e-07
30 -6.54402081135e-07
31 8.33706523512e-07
32 -6.54397092681e-07
33 8.33705773584e-07
34 -6.54398113337e-07
35 8.33704642628e-07
36 -6.54398508465e-07
37 8.33704727921e-07
38 -6.54398421701e-07
39 8.33704837722e-07
40 -6.54398382705e-07
41 8.33704838554e-07
42 -6.54398389421e-07
43 8.33704830255e-07
1 0.0452111394964
2 -0.000867629240059
3 -0.000523932193273
4 -8.27895453371e-05
5 -1.93545805157e-05
6 -3.65396850718e-06
7 9.9697239711e-06
8 4.54348220855e-06
9 2.95251902185e-06
10 4.44016096113e-08
11 2.65959610085e-07
12 -6.11926699673e-07
13 7.18461487914e-07
14 -3.08328871906e-07
15 9.49515797655e-07
16 -2.46605473653e-07
17 9.2846332278e-07
18 -2.65700870417e-07
19 9.11648092183e-07
20 -2.70629152421e-07
21 9.12853000995e-07
22 -2.69336131814e-07
23 9.14185118606e-07
24 -2.68918053242e-07
25 9.14155146359e-07
26 -2.68995509783e-07
27 9.14060294094e-07
28 -2.6902767189e-07
29 9.14060438728e-07
30 -2.69022762095e-07
31 9.14067668001e-07
32 -2.69020175914e-07
33 9.14067958685e-07
34 -2.69020435234e-07
35 9.14067456309e-07
36 -2.69020628274e-07
37 9.14067422919e-07
38 -2.69020615423e-07
39 9.14067460861e-07
40 -2.69020597327e-07
41 9.14067465746e-07
42 -2.69020600852e-07
43 9.14067461888e-07
1 0.0454483584296
2 -0.000778158762272
3 -0.000478937177472
4 -6.41413625526e-05
5 -5.81250358239e-06
6 -9.65484722254e-07
7 1.0158800573e-05
8 4.34235015048e-06
9 3.25695330536e-06
10 2.75177703707e-07
11 7.12698539213e-07
12 -3.26014050311e-07
13 9.10604080001e-07
14 -1.43174533174e-07
15 1.05488518762e-06
16 -1.06903042335e-07
17 1.04123991751e-06
18 -1.18918417003e-07
19 1.02985917527e-06
20 -1.22105030503e-07
21 1.02990581033e-06
22 -1.21571747863e-07
23 1.0305310327e-06
24 -1.21378938678e-07
25 1.03052577735e-06
26 -1.21412758847e-07
27 1.03048005293e-06
28 -1.21427769784e-07
29 1.03047739347e-06
30 -1.21426530275e-07
31 1.03047986427e-06
32 -1.21425630023e-07
33 1.03048003661e-06
34 -1.21425699329e-07
35 1.03047986497e-06
36 -1.21425764166e-07
37 1.03047984329e-06
38 -1.21425762473e-07
39 1.03047985348e-06
40 -1.21425760696e-07
41 1.03047985311e-06
42 -1.21425758171e-07
43 1.03047985348e-06
1 0.0452390597725
2 -0.000584597442956
3 -0.000366977073884
4 -3.49128592026e-05
5 1.28570844157e-05
6 2.85611941633e-06
7 9.78321829453e-06
8 3.38877106595e-06
9 2.99785165303e-06
10 1.43498849858e-07
11 9.82561821045e-07
12 -3.13516914735e-07
13 1.00356563668e-06
14 -2.4345730712e-07
15 1.06377869005e-06
16 -2.31120114158e-07
17 1.05426849359e-06
18 -2.37273562076e-07
19 1.04826514744e-06
20 -2.3882390085e-07
21 1.04801323342e-06
22 -2.38705824357e-07
23 1.04820489658e-06
24 -2.38652643619e-07
25 1.0481991681e-06
26 -2.38664225494e-07
27 1.04818311938e-06
28 -2.38669032732e-07
29 1.04818160776e-06
30 -2.38668936059e-07
31 1.04818213106e-06
32 -2.3866875562e-07
33 1.04818216981e-06
34 -2.38668770108e-07
35 1.04818213023e-06
36 -2.38668784208e-07
37 1.04818212379e-06
38 -2.38668786567e-07
39 1.04818212499e-06
40 -2.38668784958e-07
41 1.0481821254e-06
42 -2.38668784597e-07
43 1.0481821261e-06
1 0.0443724476722
2 -0.000201343706317
3 -0.000184006246465
4 -4.92167648697e-06
5 2.90904346269e-05
6 7.08198160732e-06
7 8.88344807506e-06
8 2.77395759893e-06
9 2.49265978472e-06
10 5.08992121867e-07
11 1.11564097344e-06
12 1.98433783488e-07
13 1.03092102396e-06
14 1.93137705912e-07
15 1.03545104199e-06
16 1.91933457322e-07
17 1.02952411923e-06
18 1.89534306361e-07
19 1.02714617167e-06
20 1.88961070041e-07
21 1.02691579917e-06
22 1.88933014206e-07
23 1.02693089285e-06
24 1.88935264434e-07
25 1.02692636211e-06
26 1.88932518935e-07
27 1.02692267695e-06
28 1.88931534861e-07
29 1.02692215745e-06
30 1.88931456785e-07
31 1.02692218143e-06
32 1.88931464778e-07
33 1.02692218121e-06
34 1.88931462058e-07
35 1.02692217566e-06
36 1.8893146167e-07
37 1.02692217588e-06
38 1.88931460782e-07
39 1.02692217574e-06
40 1.88931460365e-07
41 1.02692217469e-06
42 1.88931461392e-07
43 1.0269221761e-06
1 0.0428158801521
2 0.000335816446189
3 6.11687401571e-05
4 1.51363133757e-05
5 3.69075628347e-05
6 9.52184540454e-06
7 7.51730304627e-06
8 1.94481720817e-06
9 1.8921845984e-06
10 3.53916541296e-07
11 9.80190408228e-07
12 1.44419027737e-07
13 8.60827251814e-07
14 1.168883349e-07
15 8.45994720944e-07
16 1.12172050259e-07
17 8.42540658796e-07
18 1.11129252911e-07
19 8.4169340786e-07
20 1.10925386709e-07
21 8.41561760834e-07
22 1.10895325811e-07
23 8.41547190655e-07
24 1.10891054173e-07
25 8.41544500585e-07
26 1.10890186922e-07
27 8.41543769947e-07
28 1.10890000404e-07
29 8.41543634666e-07
30 1.10889969873e-07
31 8.41543620789e-07
32 1.10889964489e-07
33 8.41543616792e-07
34 1.10889964378e-07
35 8.41543616459e-07
36 1.10889963933e-07
37 8.41543615959e-07
38 1.10889965876e-07
39 8.41543616514e-07
40 1.10889962546e-07
41 8.41543615682e-07
42 1.10889964711e-07
43 8.41543616237e-07
1 0.0406620931702
2 0.000899791732515
3 0.000289038360373
4 2.30258011687e-05
5 3.37290250672e-05
6 9.85961218597e-06
7 5.98204707175e-06
8 1.58868275307e-06
9 1.50661427722e-06
10 3.06704120989e-07
11 8.02666436373e-07
12 1.40290625283e-07
13 6.88307935093e-07
14 1.1603193617e-07
15 6.74215352936e-07
16 1.12365231675e-07
17 6.72313775818e-07
18 1.11761612742e-07
19 6.7193369141e-07
20 1.11658846613e-07
21 6.71863334412e-07
22 1.11642844469e-07
23 6.71853640333e-07
24 1.11640512945e-07
25 6.71852400325e-07
26 1.11640149014e-07
27 6.71852185274e-07
28 1.11640088285e-07
29 6.71852143974e-07
30 1.11640078515e-07
31 6.71852137923e-07
32 1.11640075962e-07
33 6.71852138312e-07
34 1.11640075129e-07
35 6.71852137313e-07
36 1.11640075517e-07
37 6.71852137424e-07
38 1.11640074796e-07
39 6.71852135203e-07
40 1.11640074074e-07
41 6.71852135092e-07
42 1.11640075573e-07
43 6.71852138201e-07
1 0.038363308486
2 0.00135625130214
3 0.00041362435908
4 2.54199144752e-05
5 2.47626103859e-05
6 8.6485329171e-06
7 4.31279613999e-06
8 1.29438209312e-06
9 9.54487859306e-07
10 1.46380298938e-07
11 3.57360509406e-07
12 -1.91882415512e-09
13 2.64608580158e-07
14 -2.09327689071e-08
15 2.54534771871e-07
16 -2.35665369996e-08
17 2.53312639975e-07
18 -2.39907275157e-08
19 2.53084998625e-07
20 -2.40584692723e-08
21 2.53045308873e-07
22 -2.40681870545e-08
23 2.53039923515e-07
24 -2.40695375298e-08
25 2.53039237952e-07
26 -2.40697386467e-08
27 2.53039133147e-07
28 -2.40697689002e-08
29 2.53039116882e-07
30 -2.40697748399e-08
31 2.5303911283e-07
32 -2.40697764498e-08
33 2.53039111886e-07
34 -2.40697756726e-08
35 2.53039112552e-07
36 -2.40697766718e-08
37 2.5303911233e-07
38 -2.40697745069e-08
39 2.53039112386e-07
40 -2.4069775062e-08
41 2.53039113052e-07
42 -2.40697761722e-08
43 2.53039110665e-07
1 0.0364813801652
2 0.00164543775933
3 0.000420590005309
4 2.96736433548e-05
5 1.6030807312e-05
6 7.56142680125e-06
7 2.99414629956e-06
8 1.04683207397e-06
9 3.04461444722e-07
10 -5.22294936189e-08
11 -2.18800888518e-07
12 -1.98655037975e-07
13 -2.93622827441e-07
14 -2.17393586188e-07
15 -3.01977120309e-07
16 -2.20012614571e-07
17 -3.03100508525e-07
18 -2.20420637465e-07
19 -3.0329025269e-07
20 -2.20483473035e-07
21 -3.03320321748e-07
22 -2.20492646585e-07
23 -3.03324587059e-07
24 -2.2049397197e-07
25 -3.03325192075e-07
26 -2.2049416476e-07
27 -3.03325280449e-07
28 -2.20494195402e-07
29 -3.03325295714e-07
30 -2.20494200509e-07
31 -3.03325298101e-07
32 -2.20494200454e-07
33 -3.03325297824e-07
34 -2.20494201952e-07
35 -3.03325298046e-07
36 -2.2049420012e-07
37 -3.03325295326e-07
38 -2.20494198955e-07
39 -3.03325296158e-07
40 -2.20494199621e-07
41 -3.03325295159e-07
42 -2.20494199454e-07
43 -3.03325296436e-07
1 0.0352586869782
2 0.00179563171006
3 0.000376275557296
4 3.81356265645e-05
5 1.05614046703e-05
6 7.14980894323e-06
7 2.37387262841e-06
8 7.60031631908e-07
9 -1.13576389349e-07
10 -3.94446771024e-07
11 -6.00949823681e-07
12 -5.63260764253e-07
13 -6.69965351363e-07
14 -5.87022099818e-07
15 -6.78892697781e-07
16 -5.90567782455e-07
17 -6.80239007733e-07
18 -5.91128110683e-07
19 -6.80459232516e-07
20 -5.91216684165e-07
21 -6.80494124439e-07
22 -5.91230437053e-07
23 -6.80499481431e-07
24 -5.91232560576e-07
25 -6.80500306272e-07
26 -5.91232887703e-07
27 -6.80500430561e-07
28 -5.9123293672e-07
29 -6.8050045321e-07
30 -5.91232946878e-07
31 -6.80500455097e-07
32 -5.91232945268e-07
33 -6.80500453931e-07
34 -5.91232947378e-07
35 -6.80500455374e-07
36 -5.91232945824e-07
37 -6.8050045432e-07
38 -5.91232945213e-07
39 -6.80500454375e-07
40 -5.9123294921e-07
41 -6.80500454209e-07
42 -5.91232945713e-07
43 -6.80500454542e-07
1 0.0345805641987
2 0.00186094195545
3 0.000340760999073
4 4.9854925265e-05
5 8.69848671342e-06
6 8.01601996908e-06
7 2.59344281267e-06
8 7.83351916944e-07
9 -1.02746175012e-07
10 -5.83449256519e-07
11 -6.34593252558e-07
12 -8.04878207472e-07
13 -7.14327908713e-07
14 -8.39580229561e-07
15 -7.26353110603e-07
16 -8.45240510861e-07
17 -7.28358539592e-07
18 -8.46196779536e-07
19 -7.2870139689e-07
20 -8.46358327367e-07
21 -7.28759052993e-07
22 -8.46385364128e-07
23 -7.28768656366e-07
24 -8.46389873355e-07
25 -7.28770256642e-07
26 -8.46390628195e-07
27 -7.2877052365e-07
28 -8.46390752818e-07
29 -7.28770571168e-07
30 -8.46390772968e-07
31 -7.28770577496e-07
32 -8.46390776466e-07
33 -7.28770578884e-07
34 -8.46390775355e-07
35 -7.28770576608e-07
36 -8.46390778131e-07
37 -7.28770577219e-07
38 -8.46390779019e-07
39 -7.28770580105e-07
40 -8.46390776132e-07
41 -7.28770575831e-07
42 -8.46390777742e-07
43 -7.28770580161e-07
1 0.0342601876896
2 0.00189460961713
3 0.00033977463776
4 6.64518650922e-05
5 1.0659523602e-05
6 1.10900201476e-05
7 3.92865347748e-06
8 1.59169947139e-06
9 4.4533683291e-07
10 -2.43728812299e-07
11 -2.7501380695e-07
12 -5.69754733448e-07
13 -3.9310724953e-07
14 -6.27414164067e-07
15 -4.13763144913e-07
16 -6.379056815e-07
17 -4.17603461589e-07
18 -6.39844995709e-07
19 -4.18313624573e-07
20 -6.40201876068e-07
21 -4.18443564743e-07
22 -6.40267196261e-07
23 -4.18467315355e-07
24 -6.40279139874e-07
25 -4.18471660657e-07
26 -6.40281327291e-07
27 -4.18472457631e-07
28 -6.40281724196e-07
29 -4.18472600905e-07
30 -6.40281797193e-07
31 -4.18472625774e-07
32 -6.4028180935e-07
33 -4.18472631714e-07
34 -6.40281813791e-07
35 -4.18472632935e-07
36 -6.40281812514e-07
37 -4.18472632824e-07
38 -6.4028181368e-07
39 -4.18472633434e-07
40 -6.40281814124e-07
41 -4.18472633212e-07
42 -6.40281815734e-07
43 -4.18472631492e-07
1 0.0340078761077
2 0.00187818158624
3 0.000345087750119
4 8.02860594768e-05
5 1.55784942825e-05
6 1.50182637602e-05
7 5.8080134e-06
8 2.37414577542e-06
9 8.97631260099e-07
10 -1.02482111741e-07
11 -1.45226461523e-07
12 -5.71425347984e-07
13 -3.28073616274e-07
14 -6.6457375858e-07
15 -3.64486090254e-07
16 -6.83314398231e-07
17 -3.71964075707e-07
18 -6.87068326843e-07
19 -3.73451792435e-07
20 -6.87816686273e-07
21 -3.73746768367e-07
22 -6.87965709789e-07
23 -3.73805592757e-07
24 -6.87995395376e-07
25 -3.73817317822e-07
26 -6.88001310867e-07
27 -3.73819658617e-07
28 -6.88002492977e-07
29 -3.73820123023e-07
30 -6.88002725069e-07
31 -3.73820214616e-07
32 -6.88002770421e-07
33 -3.73820232269e-07
34 -6.88002780691e-07
35 -3.73820236488e-07
36 -6.88002783522e-07
37 -3.73820237987e-07
38 -6.88002782856e-07
39 -3.73820235489e-07
40 -6.88002783744e-07
41 -3.73820236099e-07
42 -6.88002783189e-07
43 -3.73820234933e-07
1 0.0338113299175
2 0.00182749549117
3 0.000357399556913
4 9.343821075e-05
5 2.32980771983e-05
6 1.99811926895e-05
7 8.41534005819e-06
8 3.25932198747e-06
9 1.39894347706e-06
10 -2.86154824281e-08
11 -1.26994745719e-07
12 -6.88177526131e-07
13 -4.11194845451e-07
14 -8.36643322732e-07
15 -4.75350813378e-07
16 -8.69095688749e-07
17 -4.89669839288e-07
18 -8.76038005082e-07
19 -4.92700919841e-07
20 -8.77537132793e-07
21 -4.93352597275e-07
22 -8.77861299098e-07
23 -4.93494053233e-07
24 -8.77931170873e-07
25 -4.93524542677e-07
26 -8.77946238154e-07
27 -4.93531110146e-07
28 -8.77949487721e-07
29 -4.93532526402e-07
30 -8.77950193434e-07
31 -4.93532834656e-07
32 -8.77950340206e-07
33 -4.93532898549e-07
34 -8.77950375067e-07
35 -4.93532914814e-07
36 -8.77950381062e-07
37 -4.93532916035e-07
38 -8.77950382727e-07
39 -4.93532916535e-07
40 -8.77950382616e-07
41 -4.93532917589e-07
42 -8.77950380673e-07
43 -4.93532916868e-07
1 0.0336315338591
2 0.00174986265394
3 0.000375182502261
4 0.000107269791367
5 3.38014968462e-05
6 2.61841080973e-05
7 1.20128806087e-05
8 4.66449996478e-06
9 2.29463024837e-06
10 4.99382529384e-07
11 1.52767625328e-07
12 -3.98069924745e-07
13 -2.72889757014e-07
14 -6.27784082385e-07
15 -3.81482395229e-07
16 -6.80601011382e-07
17 -4.0713757854e-07
18 -6.92551928527e-07
19 -4.1286264213e-07
20 -6.95363378656e-07
21 -4.1420357727e-07
22 -6.96016901836e-07
23 -4.14517326852e-07
24 -6.96167517023e-07
25 -4.14589531983e-07
26 -6.96202491823e-07
27 -4.14606270371e-07
28 -6.96210606166e-07
29 -4.14610155541e-07
30 -6.96212487772e-07
31 -4.14611057709e-07
32 -6.96212921647e-07
33 -4.14611267152e-07
34 -6.962130224e-07
35 -4.14611312394e-07
36 -6.9621304627e-07
37 -4.14611325827e-07
38 -6.96213049656e-07
39 -4.14611327715e-07
40 -6.96213050155e-07
41 -4.14611327715e-07
42 -6.96213053208e-07
43 -4.14611327326e-07
1 0.0334344934429
2 0.00164695357212
3 0.000395940393203
4 0.000120909519396
5 4.63917656607e-05
6 3.26184866719e-05
7 1.62217344828e-05
8 6.11789000426e-06
9 3.3945571179e-06
10 1.12683772674e-06
11 5.56203327284e-07
12 -6.9910613687e-08
13 -5.85086835647e-08
14 -4.12127337479e-07
15 -2.33187659682e-07
16 -4.91919858236e-07
17 -2.75568829644e-07
18 -5.11262988834e-07
19 -2.85609202233e-07
20 -5.16236092429e-07
21 -2.88181137231e-07
22 -5.17450726267e-07
23 -2.88816578597e-07
24 -5.17748848128e-07
25 -2.88971713502e-07
26 -5.17823371904e-07
27 -2.89010425203e-07
28 -5.17841755088e-07
29 -2.89020005595e-07
30 -5.17846292014e-07
31 -2.8902236715e-07
32 -5.17847416559e-07
33 -2.89022951849e-07
34 -5.17847695114e-07
35 -2.89023097122e-07
36 -5.17847766168e-07
37 -2.8902313387e-07
38 -5.17847782266e-07
39 -2.89023142419e-07
40 -5.17847787429e-07
41 -2.89023144973e-07
42 -5.17847789316e-07
43 -2.89023148248e-07
1 0.0331964163654
2 0.00151973084857
3 0.000417809353988
4 0.000133472607205
5 5.98027106525e-05
6 3.83406110903e-05
7 2.05141297073e-05
8 7.43251607488e-06
9 4.51710390481e-06
10 1.81296166318e-06
11 9.87698253574e-07
12 2.46483519428e-07
13 1.31597114206e-07
14 -2.31032304454e-07
15 -1.3032667423e-07
16 -3.41286636507e-07
17 -1.94199408221e-07
18 -3.7100282152e-07
19 -2.10677447154e-07
20 -3.79153489549e-07
21 -2.15221841793e-07
22 -3.81197899746e-07
23 -2.16380628471e-07
24 -3.81740997701e-07
25 -2.16683865406e-07
26 -3.81885292833e-07
27 -2.16764689975e-07
28 -3.81922559134e-07
29 -2.16785664808e-07
30 -3.81932387994e-07
31 -2.16791168905e-07
32 -3.81934973148e-07
33 -2.16792620522e-07
34 -3.81935646776e-07
35 -2.16792997831e-07
36 -3.81935827021e-07
37 -2.1679309864e-07
38 -3.8193587254e-07
39 -2.16793124064e-07
40 -3.81935883809e-07
41 -2.16793130503e-07
42 -3.81935887528e-07
43 -2.16793132113e-07
1 0.0329103558426
2 0.00136937180099
3 0.000439027552923
4 0.000143251002757
5 7.27375011744e-05
6 4.24176865759e-05
7 2.42544543907e-05
8 8.3787727912e-06
9 5.52479724669e-06
10 2.34112070813e-06
11 1.38908819763e-06
12 3.31960369415e-07
13 2.43737920014e-07
14 -2.77888836886e-07
15 -1.14690369868e-07
16 -4.19136675478e-07
17 -2.02754479373e-07
18 -4.62652434974e-07
19 -2.28057445928e-07
20 -4.7465394426e-07
21 -2.35244775104e-07
22 -4.77781173069e-07
23 -2.37135189984e-07
24 -4.78690850125e-07
25 -2.37671693548e-07
26 -4.78937674131e-07
27 -2.37819803073e-07
28 -4.79004861109e-07
29 -2.37860016183e-07
30 -4.79023789579e-07
31 -2.37871263353e-07
32 -4.79028949008e-07
33 -2.37874354103e-07
34 -4.79030368483e-07
35 -2.37875204645e-07
36 -4.79030764833e-07
37 -2.37875438958e-07
38 -4.79030873635e-07
39 -2.37875503906e-07
40 -4.79030900447e-07
41 -2.37875519393e-07
42 -4.79030912603e-07
43 -2.37875524223e-07
1 0.0325863222205
2 0.00119717402758
3 0.000456756397672
4 0.000149228754593
5 8.3990054378e-05
6 4.49503856084e-05
7 2.72327039092e-05
8 9.56172803007e-06
9 6.68756944644e-06
10 3.2557365543e-06
11 2.05899514716e-06
12 7.78405741697e-07
13 6.02392043025e-07
14 7.45633714772e-08
15 1.58689642538e-07
16 -9.91486376334e-08
17 4.48249736218e-08
18 -1.58582759036e-07
19 8.8903344686e-09
20 -1.74229868255e-07
21 -1.17182569204e-09
22 -1.78722587507e-07
23 -3.99968136389e-09
24 -1.80091824231e-07
25 -4.84892354047e-09
26 -1.80462786659e-07
27 -5.08573066993e-09
28 -1.80572903075e-07
29 -5.1544671309e-09
30 -1.80604683597e-07
31 -5.17443538017e-09
32 -1.80613626388e-07
33 -5.18008974604e-09
34 -1.8061625795e-07
35 -5.1817377611e-09
36 -1.80617006296e-07
37 -5.18220749646e-09
38 -1.80617221401e-07
39 -5.18234388736e-09
40 -1.8061728263e-07
41 -5.1823844105e-09
42 -1.80617299728e-07
43 -5.18239356984e-09
1 0.0322478199217
2 0.00100428534317
3 0.000468977849597
4 0.000149800839737
5 9.1787076868e-05
6 4.52586510012e-05
7 2.88747750776e-05
8 1.05332678744e-05
9 7.68168479615e-06
10 4.06161468919e-06
11 2.68244865353e-06
12 1.20480524896e-06
13 9.57044642758e-07
14 4.70468352776e-07
15 4.57802824816e-07
16 2.6134632708e-07
17 3.17470092881e-07
18 1.88845763582e-07
19 2.71646012795e-07
20 1.70411957157e-07
21 2.58993687052e-07
22 1.64343343823e-07
23 2.55090067292e-07
24 1.62568412787e-07
25 2.5392084918e-07
26 1.62061526143e-07
27 2.53583218868e-07
28 1.61900929663e-07
29 2.53479292334e-07
30 1.61855485625e-07
31 2.5344903043e-07
32 1.6184165369e-07
33 2.53439974451e-07
34 1.6183751933e-07
35 2.53437261011e-07
36 1.61836309742e-07
37 2.53436463371e-07
38 1.61835944923e-07
39 2.53436222009e-07
40 1.61835836066e-07
41 2.53436152009e-07
42 1.61835807144e-07
43 2.53436132192e-07
1 0.0319233216709
2 0.000792788845337
3 0.000472854301004
4 0.000144392064589
5 9.54120889308e-05
6 4.35710333732e-05
7 2.92723277874e-05
8 1.11960241876e-05
9 8.55747958434e-06
10 4.61417272873e-06
11 3.30727641762e-06
12 1.57301231923e-06
13 1.4196640547e-06
14 8.58857564567e-07
15 8.95520456512e-07
16 6.14325814718e-07
17 7.30562042028e-07
18 5.36381184912e-07
19 6.78374419083e-07
20 5.15432535597e-07
21 6.63405985202e-07
22 5.07990337184e-07
23 6.58509416662e-07
24 5.05962328479e-07
25 6.57080975131e-07
26 5.05303411225e-07
27 6.56635174456e-07
28 5.0510224453e-07
29 6.56498142904e-07
30 5.05043089627e-07
31 6.56457115555e-07
32 5.05023987019e-07
33 6.56444244573e-07
34 5.05018428854e-07
35 6.56440394264e-07
36 5.05016676811e-07
37 6.56439205327e-07
38 5.0501614407e-07
39 6.56438839286e-07
40 5.05015981089e-07
41 6.56438728819e-07
42 5.0501592963e-07
43 6.56438693902e-07
1 0.0316333168854
2 0.000564408378923
3 0.000466244483229
4 0.000133189369629
5 9.45346409727e-05
6 4.01006391213e-05
7 2.84523018833e-05
8 1.1225473013e-05
9 9.11912444929e-06
10 4.63549236579e-06
11 3.7718031457e-06
12 1.65936658947e-06
13 1.86896507715e-06
14 9.89591666001e-07
15 1.34262752177e-06
16 7.22364938477e-07
17 1.1622217711e-06
18 6.47629730233e-07
19 1.1084222411e-06
20 6.24158446705e-07
21 1.09152761668e-06
22 6.16267337328e-07
23 1.08611162936e-06
24 6.1407668045e-07
25 1.08449394887e-06
26 6.13303778818e-07
27 1.08396448123e-06
28 6.13085419598e-07
29 1.08380569203e-06
30 6.13012806128e-07
31 1.08375483815e-06
32 6.12990652737e-07
33 1.08373913305e-06
34 6.12983824588e-07
35 1.08373425006e-06
36 6.12981618964e-07
37 1.08373270724e-06
38 6.12980962877e-07
39 1.08373223473e-06
40 6.12980748049e-07
41 1.08373208224e-06
42 6.1298068299e-07
43 1.08373203861e-06
