0.25 0.0276672506239
0.23 0.0374069639556
0.21 0.0479584095971
0.19 0.0608113790983
0.17 0.0772990022028
0.15 0.0987075774002
0.13 0.12398734375
0.11 0.150508549025
0.09 0.17785514894
0.07 0.202133436022
0.05 0.220657443309
0.03 0.232630623889
0.01 0.238890722748
-0.01 0.240969052187
-0.03 0.239990633827
-0.05 0.237127817826
-0.07 0.232361851539
-0.09 0.225727729022
-0.11 0.217386412709
-0.13 0.207573954987
-0.15 0.196586730108
-0.17 0.184770593768
-0.19 0.172509619385
-0.21 0.160208079793
-0.23 0.148251605582
