0.25 0.0187149671481
0.23 0.0201989616137
0.21 0.0218530311083
0.19 0.0238388055297
0.17 0.0261652524793
0.15 0.0282052784157
0.13 0.0306915321203
0.11 0.0339769105364
0.09 0.0376570329221
0.07 0.0413490574947
0.05 0.0446541527555
0.03 0.0472318035014
0.01 0.0488619974691
-0.01 0.0494518536093
-0.03 0.0488140143895
-0.05 0.0475967264659
-0.07 0.0458646069594
-0.09 0.0436767082099
-0.11 0.0411528816575
-0.13 0.0384150609955
-0.15 0.0355776507586
-0.17 0.0327443287668
-0.19 0.030006000585
-0.21 0.0274398463613
-0.23 0.0251075628475
