2 0.0215157481419
4 0.00339069194202
6 0.000860543283135
8 0.000237092699081
10 6.75502436308e-05
12 1.95864181745e-05
14 5.73383110876e-06
16 1.68696059219e-06
18 4.97369051541e-07
20 1.46652587199e-07
22 4.31760277184e-08
24 1.26736340728e-08
26 3.70339526407e-09
28 1.07537934113e-09
30 3.0959049907e-10
32 8.81082012905e-11
34 2.46762124623e-11
36 6.75556832697e-12
38 1.78429493403e-12
40 4.44144721001e-13
42 9.51530521043e-14
3 -0.0068289865909
5 -0.00156319427538
7 -0.00041421478458
9 -0.00011553528128
11 -3.30936832183e-05
13 -9.61981730795e-06
15 -2.81864756153e-06
17 -8.29001861991e-07
19 -2.44064283138e-07
21 -7.17777933618e-08
23 -2.10496780839e-08
25 -6.14483582767e-09
27 -1.78206143592e-09
29 -5.12182088408e-10
31 -1.45408254881e-10
33 -4.05820030358e-11
35 -1.10479195237e-11
37 -2.89985396806e-12
39 -7.128880819e-13
41 -1.53828338956e-13
43 -2.12052597703e-14
45 3.43475248243e-15
