2 0.0212862711898
4 0.00323325223515
6 0.000745438734092
8 0.000185479905143
10 4.7701547616e-05
12 1.24943129984e-05
14 3.30703536904e-06
16 8.8046028307e-07
18 2.35114791976e-07
20 6.28516815607e-08
22 1.67957429284e-08
24 4.48114774454e-09
26 1.19221996858e-09
28 3.15856750477e-10
30 8.31880189733e-11
32 2.17281193038e-11
34 5.61320434578e-12
36 1.42959949434e-12
38 3.56735474494e-13
40 8.83390582906e-14
42 2.2239154962e-14
44 6.73072708679e-15
46 3.23352455922e-15
48 2.00534033823e-15
50 2.1302404285e-15
52 2.41473507856e-15
3 -0.00685491860284
5 -0.00144462350134
7 -0.000347182219215
9 -8.76930866537e-05
11 -2.27354605745e-05
13 -5.98280240489e-06
15 -1.58773299275e-06
17 -4.23286859022e-07
19 -1.13084503643e-07
21 -3.02230181784e-08
23 -8.06960094579e-09
25 -2.14985682034e-09
27 -5.70728631022e-10
29 -1.50749232541e-10
31 -3.95414881393e-11
33 -1.0272102613e-11
35 -2.63261634714e-12
37 -6.61436183602e-13
39 -1.63237479089e-13
41 -3.91006671485e-14
43 -1.03944630681e-14
45 -2.53963516883e-15
47 -9.92261828259e-16
49 -6.45317133063e-16
51 -7.07767178199e-16
53 -7.21644966006e-16
55 -7.00828284295e-16
