1.0 -3.58127629486
2.0 -3.62806039619
3.0 -3.6455037694
4.0 -3.65312843316
5.0 -3.65591729328
6.0 -3.65655886179
7.0 -3.65706339287
8.0 -3.65809189699
9.0 -3.65829377901
10.0 -3.65806935108
11.0 -3.65792011353
12.0 -3.6583151794
13.0 -3.65788760095
14.0 -3.65833345131
15.0 -3.65886674566
16.0 -3.65808844429
17.0 -3.6576905224
18.0 -3.6577791997
19.0 -3.65828736767
20.0 -3.65800435841
21.0 -3.65756900095
22.0 -3.65768093059
23.0 -3.65818320514
24.0 -3.65818949053
25.0 -3.65822615617
26.0 -3.6575868415
27.0 -3.65794015766
28.0 -3.65724647971
29.0 -3.65757700737
30.0 -3.65844208337
31.0 -3.65807732761
32.0 -3.65783005108
33.0 -3.6580719631
34.0 -3.65823183711
35.0 -3.65871303603
36.0 -3.65772069477
37.0 -3.65769177462
38.0 -3.65854890565
39.0 -3.65844095175
40.0 -3.65853996725
41.0 -3.65822653406
42.0 -3.65767802744
43.0 -3.65833458914
44.0 -3.65867768533
45.0 -3.65793230584
46.0 -3.65774902608
47.0 -3.65819979664
48.0 -3.65781644022
49.0 -3.65853129994
50.0 -3.65696675946
51.0 -3.63277611245
52.0 -3.63183065753
53.0 -3.63182061379
54.0 -3.63182978542
55.0 -3.63140787267
56.0 -3.6313285356
57.0 -3.63137614305
58.0 -3.63130131721
59.0 -3.63127450186
60.0 -3.6315226551
61.0 -3.63167343007

